-2609.962646	0
-2605.531494	0
-2601.100342	0
-2596.669189	0
-2592.238037	0
-2587.806641	0
-2583.375488	0
-2578.944336	39
-2574.513184	106
-2570.082031	171
-2565.650879	266
-2561.219727	354
-2556.788574	423
-2552.357422	453
-2547.926270	472
-2543.494873	444
-2539.063721	447
-2534.632568	456
-2530.201416	478
-2525.770264	459
-2521.339111	425
-2516.907959	405
-2512.476807	403
-2508.045654	404
-2503.614502	409
-2499.183105	440
-2494.751953	427
-2490.320801	422
-2485.889648	423
-2481.458496	452
-2477.027344	421
-2472.596191	401
-2468.165039	419
-2463.733887	429
-2459.302734	447
-2454.871582	473
-2450.440186	466
-2446.009033	455
-2441.577881	422
-2437.146729	402
-2432.715576	431
-2428.284424	444
-2423.853271	476
-2419.422119	487
-2414.990967	461
-2410.559814	436
-2406.128418	406
-2401.697266	385
-2397.266113	393
-2392.834961	425
-2388.403809	403
-2383.972656	406
-2379.541504	432
-2375.110352	453
-2370.679199	424
-2366.248047	405
-2361.816895	430
-2357.385498	441
-2352.954346	447
-2348.523193	473
-2344.092041	448
-2339.660889	437
-2335.229736	448
-2330.798584	458
-2326.367432	432
-2321.936279	446
-2317.505127	451
-2313.073730	458
-2308.642578	452
-2304.211426	439
-2299.780273	446
-2295.349121	439
-2290.917969	441
-2286.486816	429
-2282.055664	421
-2277.624512	412
-2273.193359	401
-2268.761963	438
-2264.330811	421
-2259.899658	395
-2255.468506	421
-2251.037354	422
-2246.606201	431
-2242.175049	451
-2237.743896	440
-2233.312744	407
-2228.881592	419
-2224.450439	428
-2220.019043	420
-2215.587891	413
-2211.156738	418
-2206.725586	407
-2202.294434	410
-2197.863281	398
-2193.432129	388
-2189.000977	407
-2184.569824	404
-2180.138672	381
-2175.707275	381
-2171.276123	365
-2166.844971	413
-2162.413818	442
-2157.982666	442
-2153.551514	459
-2149.120361	453
-2144.689209	422
-2140.258057	413
-2135.826904	418
-2131.395508	457
-2126.964355	456
-2122.533203	426
-2118.102051	397
-2113.670898	424
-2109.239746	421
-2104.808594	390
-2100.377441	374
-2095.946289	389
-2091.515137	437
-2087.083984	449
-2082.652588	411
-2078.221436	393
-2073.790283	435
-2069.359131	453
-2064.927979	438
-2060.496826	432
-2056.065674	415
-2051.634521	470
-2047.203247	462
-2042.772095	463
-2038.340942	436
-2033.909790	409
-2029.478638	410
-2025.047363	420
-2020.616211	439
-2016.185059	462
-2011.753906	455
-2007.322754	437
-2002.891479	480
-1998.460327	445
-1994.029175	414
-1989.598022	427
-1985.166870	402
-1980.735596	413
-1976.304443	432
-1971.873291	441
-1967.442139	443
-1963.010986	399
-1958.579712	404
-1954.148560	408
-1949.717407	421
-1945.286255	404
-1940.855103	422
-1936.423828	434
-1931.992676	406
-1927.561523	410
-1923.130371	426
-1918.699219	420
-1914.267944	429
-1909.836792	439
-1905.405640	431
-1900.974487	413
-1896.543335	441
-1892.112183	465
-1887.680908	491
-1883.249756	482
-1878.818604	442
-1874.387451	427
-1869.956299	457
-1865.525024	451
-1861.093872	434
-1856.662720	417
-1852.231567	399
-1847.800415	442
-1843.369141	458
-1838.937988	427
-1834.506836	402
-1830.075684	402
-1825.644531	441
-1821.213257	447
-1816.782104	424
-1812.350952	408
-1807.919800	420
-1803.488647	454
-1799.057373	449
-1794.626221	420
-1790.195068	411
-1785.763916	408
-1781.332764	410
-1776.901489	398
-1772.470337	395
-1768.039185	403
-1763.608032	419
-1759.176880	431
-1754.745728	429
-1750.314453	435
-1745.883301	443
-1741.452148	442
-1737.020996	401
-1732.589844	369
-1728.158569	409
-1723.727417	434
-1719.296265	432
-1714.865112	439
-1710.433960	415
-1706.002686	413
-1701.571533	408
-1697.140381	413
-1692.709229	400
-1688.278076	418
-1683.846802	427
-1679.415649	423
-1674.984497	425
-1670.553345	403
-1666.122192	406
-1661.690918	435
-1657.259766	426
-1652.828613	396
-1648.397461	409
-1643.966309	424
-1639.535156	405
-1635.103882	406
-1630.672729	391
-1626.241577	403
-1621.810425	406
-1617.379272	412
-1612.947998	436
-1608.516846	424
-1604.085693	429
-1599.654541	424
-1595.223389	404
-1590.792114	470
-1586.360962	473
-1581.929810	457
-1577.498657	442
-1573.067505	433
-1568.636230	428
-1564.205078	455
-1559.773926	439
-1555.342773	437
-1550.911621	460
-1546.480347	454
-1542.049194	429
-1537.618042	400
-1533.186890	421
-1528.755737	392
-1524.324463	386
-1519.893311	392
-1515.462158	428
-1511.031006	463
-1506.599854	459
-1502.168701	440
-1497.737427	407
-1493.306274	400
-1488.875122	431
-1484.443970	449
-1480.012817	393
-1475.581543	391
-1471.150391	424
-1466.719238	444
-1462.288086	414
-1457.856934	420
-1453.425659	422
-1448.994507	400
-1444.563354	380
-1440.132202	411
-1435.701050	436
-1431.269775	421
-1426.838623	413
-1422.407471	423
-1417.976318	456
-1413.545166	467
-1409.113892	477
-1404.682739	467
-1400.251587	449
-1395.820435	418
-1391.389282	387
-1386.958008	402
-1382.526855	400
-1378.095703	388
-1373.664551	421
-1369.233398	469
-1364.802246	456
-1360.370972	412
-1355.939819	426
-1351.508667	439
-1347.077515	432
-1342.646362	431
-1338.215088	393
-1333.783936	411
-1329.352783	451
-1324.921631	458
-1320.490479	413
-1316.059204	446
-1311.628052	486
-1307.196899	457
-1302.765747	417
-1298.334595	414
-1293.903320	414
-1289.472168	420
-1285.041016	445
-1280.609863	440
-1276.178711	408
-1271.747437	397
-1267.316284	413
-1262.885132	391
-1258.453979	359
-1254.022827	393
-1249.591553	403
-1245.160400	406
-1240.729248	408
-1236.298096	426
-1231.866943	415
-1227.435791	424
-1223.004517	447
-1218.573364	440
-1214.142212	403
-1209.711060	390
-1205.279907	415
-1200.848633	455
-1196.417480	446
-1191.986328	395
-1187.555176	378
-1183.124023	383
-1178.692749	448
-1174.261597	472
-1169.830444	489
-1165.399292	465
-1160.968140	428
-1156.536865	402
-1152.105713	421
-1147.674561	440
-1143.243408	450
-1138.812256	486
-1134.380981	492
-1129.949829	453
-1125.518677	412
-1121.087524	426
-1116.656372	440
-1112.225220	414
-1107.793945	401
-1103.362793	422
-1098.931641	387
-1094.500488	390
-1090.069336	430
-1085.638062	424
-1081.206909	397
-1076.775757	413
-1072.344604	443
-1067.913452	406
-1063.482178	414
-1059.051025	428
-1054.619873	398
-1050.188721	402
-1045.757568	413
-1041.326294	437
-1036.895142	433
-1032.463989	438
-1028.032837	457
-1023.601624	462
-1019.170471	451
-1014.739319	416
-1010.308105	424
-1005.876953	441
-1001.445740	406
-997.014587	400
-992.583435	413
-988.152222	411
-983.721069	431
-979.289856	417
-974.858704	406
-970.427551	416
-965.996338	438
-961.565186	444
-957.133972	405
-952.702820	394
-948.271667	383
-943.840454	420
-939.409302	410
-934.978149	417
-930.546936	445
-926.115784	432
-921.684570	453
-917.253418	453
-912.822266	433
-908.391052	401
-903.959900	421
-899.528687	425
-895.097534	445
-890.666382	439
-886.235168	419
-881.804016	405
-877.372864	415
-872.941650	401
-868.510498	380
-864.079285	393
-859.648132	445
-855.216980	436
-850.785767	419
-846.354614	464
-841.923401	490
-837.492249	433
-833.061096	382
-828.629883	363
-824.198730	375
-819.767578	401
-815.336365	420
-810.905212	409
-806.473999	409
-802.042847	438
-797.611694	429
-793.180481	425
-788.749329	380
-784.318115	405
-779.886963	414
-775.455811	431
-771.024597	439
-766.593445	426
-762.162231	434
-757.731079	441
-753.299927	434
-748.868713	424
-744.437561	416
-740.006409	444
-735.575195	485
-731.144043	453
-726.712830	486
-722.281677	494
-717.850525	456
-713.419312	471
-708.988159	450
-704.556946	387
-700.125793	397
-695.694641	443
-691.263428	479
-686.832275	508
-682.401123	452
-677.969910	446
-673.538757	426
-669.107544	417
-664.676392	414
-660.245239	391
-655.814026	386
-651.382874	420
-646.951660	490
-642.520508	464
-638.089355	422
-633.658142	411
-629.226990	383
-624.795776	388
-620.364624	415
-615.933472	426
-611.502258	421
-607.071106	463
-602.639954	438
-598.208740	427
-593.777588	436
-589.346375	428
-584.915222	419
-580.484070	394
-576.052856	408
-571.621704	407
-567.190491	400
-562.759338	416
-558.328186	423
-553.896973	427
-549.465820	439
-545.034668	432
-540.603455	408
-536.172302	462
-531.741089	448
-527.309937	431
-522.878784	424
-518.447571	403
-514.016418	408
-509.585236	432
-505.154053	428
-500.722870	400
-496.291718	407
-491.860535	433
-487.429352	443
-482.998169	458
-478.566986	426
-474.135834	396
-469.704651	413
-465.273468	411
-460.842285	393
-456.411133	426
-451.979950	428
-447.548767	402
-443.117584	396
-438.686432	413
-434.255249	407
-429.824066	434
-425.392883	454
-420.961700	450
-416.530548	432
-412.099365	407
-407.668182	418
-403.237000	469
-398.805847	483
-394.374664	473
-389.943481	450
-385.512299	473
-381.081116	471
-376.649963	454
-372.218781	452
-367.787598	429
-363.356415	420
-358.925262	445
-354.494080	440
-350.062897	442
-345.631714	446
-341.200562	441
-336.769379	432
-332.338196	444
-327.907013	461
-323.475830	465
-319.044678	487
-314.613495	492
-310.182312	470
-305.751129	486
-301.319977	478
-296.888794	448
-292.457611	419
-288.026428	461
-283.595245	463
-279.164093	457
-274.732910	426
-270.301727	474
-265.870544	498
-261.439392	485
-257.008209	488
-252.577026	493
-248.145859	500
-243.714676	512
-239.283493	469
-234.852325	458
-230.421143	455
-225.989975	465
-221.558792	471
-217.127625	437
-212.696442	471
-208.265274	512
-203.834091	508
-199.402924	487
-194.971741	511
-190.540558	548
-186.109390	535
-181.678207	557
-177.247040	527
-172.815857	522
-168.384689	554
-163.953506	601
-159.522339	584
-155.091156	559
-150.659988	511
-146.228806	535
-141.797623	589
-137.366455	640
-132.935272	629
-128.504105	644
-124.072929	691
-119.641747	728
-115.210571	741
-110.779396	751
-106.348221	826
-101.917046	887
-97.485870	942
-93.054695	985
-88.623520	1037
-84.192345	1172
-79.761169	1282
-75.329994	1405
-70.898811	1733
-66.467636	1952
-62.036465	2179
-57.605286	2707
-53.174110	3408
-48.742935	4108
-44.311760	4773
-39.880585	5437
-35.449406	6111
-31.018232	6318
-26.587055	6541
-22.155880	6988
-17.724703	7340
-13.293528	7566
-8.862351	7689
-4.431176	7853
0.000000	7892
4.431176	7724
8.862351	7574
13.293528	7337
17.724703	7107
22.155880	6967
26.587055	6801
31.018232	6613
35.449406	6255
39.880585	5753
44.311760	5335
48.742935	4705
53.174110	4029
57.605286	3322
62.036465	2594
66.467636	2238
70.898811	1888
75.329994	1678
79.761169	1492
84.192345	1287
88.623520	1168
93.054695	1110
97.485870	1058
101.917046	907
106.348221	777
110.779396	739
115.210571	736
119.641747	729
124.072929	677
128.504105	685
132.935272	622
137.366455	618
141.797623	603
146.228806	569
150.659988	565
155.091156	577
159.522339	605
163.953506	561
168.384689	533
172.815857	551
177.247040	569
181.678207	544
186.109390	512
190.540558	505
194.971741	523
199.402924	531
203.834091	520
208.265274	500
212.696442	479
217.127625	491
221.558792	488
225.989975	463
230.421143	473
234.852325	462
239.283493	506
243.714676	511
248.145859	525
252.577026	464
257.008209	433
261.439392	413
265.870544	462
270.301727	513
274.732910	517
279.164093	530
283.595245	469
288.026428	435
292.457611	434
296.888794	429
301.319977	417
305.751129	451
310.182312	449
314.613495	421
319.044678	416
323.475830	412
327.907013	417
332.338196	441
336.769379	464
341.200562	461
345.631714	470
350.062897	468
354.494080	417
358.925262	419
363.356415	453
367.787598	453
372.218781	454
376.649963	466
381.081116	473
385.512299	406
389.943481	397
394.374664	410
398.805847	431
403.237000	437
407.668182	425
412.099365	421
416.530548	442
420.961700	423
425.392883	412
429.824066	442
434.255249	443
438.686432	435
443.117584	440
447.548767	444
451.979950	454
456.411133	441
460.842285	453
465.273468	454
469.704651	448
474.135834	419
478.566986	414
482.998169	461
487.429352	465
491.860535	455
496.291718	411
500.722870	421
505.154053	452
509.585236	447
514.016418	439
518.447571	418
522.878784	390
527.309937	374
531.741089	400
536.172302	377
540.603455	408
545.034668	467
549.465820	442
553.896973	435
558.328186	454
562.759338	462
567.190491	435
571.621704	428
576.052856	420
580.484070	438
584.915222	465
589.346375	459
593.777588	460
598.208740	421
602.639954	414
607.071106	411
611.502258	427
615.933472	457
620.364624	459
624.795776	464
629.226990	436
633.658142	434
638.089355	481
642.520508	459
646.951660	455
651.382874	411
655.814026	406
660.245239	446
664.676392	441
669.107544	425
673.538757	409
677.969910	411
682.401123	435
686.832275	464
691.263428	443
695.694641	405
700.125793	417
704.556946	441
708.988159	447
713.419312	440
717.850525	441
722.281677	437
726.712830	437
731.144043	465
735.575195	454
740.006409	417
744.437561	440
748.868713	466
753.299927	434
757.731079	400
762.162231	450
766.593445	457
771.024597	451
775.455811	442
779.886963	440
784.318115	460
788.749329	454
793.180481	443
797.611694	450
802.042847	447
806.473999	435
810.905212	417
815.336365	416
819.767578	409
824.198730	427
828.629883	421
833.061096	410
837.492249	413
841.923401	413
846.354614	427
850.785767	463
855.216980	476
859.648132	432
864.079285	399
868.510498	437
872.941650	427
877.372864	419
881.804016	410
886.235168	410
890.666382	447
895.097534	447
899.528687	472
903.959900	455
908.391052	437
912.822266	473
917.253418	456
921.684570	421
926.115784	401
930.546936	402
934.978149	413
939.409302	438
943.840454	451
948.271667	440
952.702820	405
957.133972	391
961.565186	408
965.996338	447
970.427551	467
974.858704	481
979.289856	447
983.721069	443
988.152222	470
992.583435	483
997.014587	462
1001.445740	462
1005.876953	461
1010.308105	469
1014.739319	487
1019.170471	461
1023.601624	428
1028.032837	438
1032.463989	425
1036.895142	469
1041.326294	466
1045.757568	443
1050.188721	436
1054.619873	429
1059.051025	432
1063.482178	414
1067.913452	422
1072.344604	436
1076.775757	424
1081.206909	462
1085.638062	458
1090.069336	433
1094.500488	408
1098.931641	399
1103.362793	410
1107.793945	405
1112.225220	405
1116.656372	425
1121.087524	452
1125.518677	431
1129.949829	429
1134.380981	436
1138.812256	460
1143.243408	438
1147.674561	411
1152.105713	420
1156.536865	432
1160.968140	391
1165.399292	407
1169.830444	419
1174.261597	404
1178.692749	423
1183.124023	448
1187.555176	452
1191.986328	476
1196.417480	470
1200.848633	470
1205.279907	483
1209.711060	473
1214.142212	454
1218.573364	417
1223.004517	419
1227.435791	416
1231.866943	404
1236.298096	372
1240.729248	387
1245.160400	425
1249.591553	452
1254.022827	454
1258.453979	426
1262.885132	440
1267.316284	464
1271.747437	467
1276.178711	451
1280.609863	437
1285.041016	453
1289.472168	455
1293.903320	442
1298.334595	436
1302.765747	434
1307.196899	493
1311.628052	487
1316.059204	425
1320.490479	425
1324.921631	421
1329.352783	440
1333.783936	443
1338.215088	440
1342.646362	432
1347.077515	455
1351.508667	460
1355.939819	457
1360.370972	485
1364.802246	474
1369.233398	459
1373.664551	476
1378.095703	485
1382.526855	431
1386.958008	411
1391.389282	427
1395.820435	446
1400.251587	483
1404.682739	480
1409.113892	465
1413.545166	487
1417.976318	505
1422.407471	489
1426.838623	462
1431.269775	435
1435.701050	432
1440.132202	439
1444.563354	422
1448.994507	464
1453.425659	450
1457.856934	414
1462.288086	420
1466.719238	415
1471.150391	408
1475.581543	428
1480.012817	419
1484.443970	430
1488.875122	460
1493.306274	441
1497.737427	444
1502.168701	425
1506.599854	446
1511.031006	454
1515.462158	450
1519.893311	399
1524.324463	399
1528.755737	444
1533.186890	436
1537.618042	441
1542.049194	449
1546.480347	408
1550.911621	438
1555.342773	439
1559.773926	408
1564.205078	476
1568.636230	468
1573.067505	443
1577.498657	443
1581.929810	416
1586.360962	461
1590.792114	474
1595.223389	447
1599.654541	465
1604.085693	461
1608.516846	438
1612.947998	437
1617.379272	459
1621.810425	438
1626.241577	431
1630.672729	430
1635.103882	453
1639.535156	478
1643.966309	486
1648.397461	452
1652.828613	436
1657.259766	428
1661.690918	431
1666.122192	420
1670.553345	428
1674.984497	432
1679.415649	417
1683.846802	445
1688.278076	445
1692.709229	463
1697.140381	456
1701.571533	457
1706.002686	445
1710.433960	462
1714.865112	462
1719.296265	474
1723.727417	435
1728.158569	414
1732.589844	446
1737.020996	453
1741.452148	481
1745.883301	451
1750.314453	415
1754.745728	430
1759.176880	447
1763.608032	423
1768.039185	435
1772.470337	504
1776.901489	472
1781.332764	453
1785.763916	464
1790.195068	483
1794.626221	447
1799.057373	425
1803.488647	442
1807.919800	445
1812.350952	438
1816.782104	481
1821.213257	470
1825.644531	440
1830.075684	437
1834.506836	449
1838.937988	437
1843.369141	410
1847.800415	390
1852.231567	406
1856.662720	457
1861.093872	408
1865.525024	401
1869.956299	418
1874.387451	410
1878.818604	425
1883.249756	417
1887.680908	409
1892.112183	415
1896.543335	385
1900.974487	355
1905.405640	383
1909.836792	468
1914.267944	482
1918.699219	489
1923.130371	466
1927.561523	445
1931.992676	487
1936.423828	533
1940.855103	457
1945.286255	406
1949.717407	464
1954.148560	488
1958.579712	451
1963.010986	438
1967.442139	435
1971.873291	460
1976.304443	429
1980.735596	431
1985.166870	424
1989.598022	414
1994.029175	423
1998.460327	420
2002.891479	432
2007.322754	446
2011.753906	457
2016.185059	460
2020.616211	449
2025.047363	460
2029.478638	445
2033.909790	436
2038.340942	449
2042.772095	448
2047.203247	475
2051.634521	505
2056.065674	477
2060.496826	463
2064.927979	452
2069.359131	468
2073.790283	465
2078.221436	451
2082.652588	492
2087.083984	522
2091.515137	500
2095.946289	482
2100.377441	476
2104.808594	483
2109.239746	491
2113.670898	457
2118.102051	452
2122.533203	446
2126.964355	460
2131.395508	454
2135.826904	465
2140.258057	482
2144.689209	459
2149.120361	463
2153.551514	470
2157.982666	443
2162.413818	452
2166.844971	466
2171.276123	471
2175.707275	447
2180.138672	457
2184.569824	465
2189.000977	421
2193.432129	453
2197.863281	449
2202.294434	438
2206.725586	416
2211.156738	430
2215.587891	440
2220.019043	424
2224.450439	409
2228.881592	449
2233.312744	455
2237.743896	444
2242.175049	492
2246.606201	499
2251.037354	459
2255.468506	439
2259.899658	447
2264.330811	431
2268.761963	389
2273.193359	408
2277.624512	457
2282.055664	441
2286.486816	457
2290.917969	430
2295.349121	426
2299.780273	453
2304.211426	467
2308.642578	442
2313.073730	450
2317.505127	468
2321.936279	473
2326.367432	486
2330.798584	497
2335.229736	453
2339.660889	457
2344.092041	433
2348.523193	367
2352.954346	379
2357.385498	436
2361.816895	467
2366.248047	475
2370.679199	431
2375.110352	416
2379.541504	443
2383.972656	476
2388.403809	471
2392.834961	460
2397.266113	447
2401.697266	462
2406.128418	487
2410.559814	483
2414.990967	469
2419.422119	455
2423.853271	455
2428.284424	434
2432.715576	445
2437.146729	447
2441.577881	452
2446.009033	454
2450.440186	468
2454.871582	442
2459.302734	424
2463.733887	446
2468.165039	444
2472.596191	463
2477.027344	455
2481.458496	457
2485.889648	462
2490.320801	457
2494.751953	461
2499.183105	456
2503.614502	437
2508.045654	443
2512.476807	473
2516.907959	476
2521.339111	484
2525.770264	495
2530.201416	448
2534.632568	482
2539.063721	506
2543.494873	460
2547.926270	433
2552.357422	442
2556.788574	473
2561.219727	447
2565.650879	434
2570.082031	448
2574.513184	431
2578.944336	422
2583.375488	460
2587.806641	461
2592.238037	466
2596.669189	464
2601.100342	478
2605.531494	508
2609.962646	493
2614.393799	487
2618.824951	488
2623.256104	447
2627.687256	436
2632.118408	440
2636.549561	444
2640.980957	450
2645.412109	466
2649.843262	472
2654.274414	446
2658.705566	437
2663.136719	430
2667.567871	427
2671.999023	451
2676.430176	455
2680.861328	476
2685.292725	457
2689.723877	477
2694.155029	489
2698.586182	464
2703.017334	439
2707.448486	422
2711.879639	455
2716.310791	464
2720.741943	438
2725.173096	414
2729.604492	446
2734.035645	455
2738.466797	448
2742.897949	439
2747.329102	458
2751.760254	434
2756.191406	422
2760.622559	404
2765.053711	408
2769.484863	420
2773.916016	472
2778.347412	483
2782.778564	469
2787.209717	476
2791.640869	471
2796.072021	456
2800.503174	486
2804.934326	480
2809.365479	450
2813.796631	458
2818.227783	481
2822.659180	466
2827.090332	455
2831.521484	443
2835.952637	449
2840.383789	468
2844.814941	473
2849.246094	451
2853.677246	439
2858.108398	449
2862.539551	450
2866.970947	489
2871.402100	453
2875.833252	466
2880.264404	492
2884.695557	526
2889.126709	464
2893.557861	426
2897.989014	441
2902.420166	457
2906.851318	461
2911.282471	506
2915.713867	504
2920.145020	477
2924.576172	462
2929.007324	454
2933.438477	528
2937.869629	497
2942.300781	476
2946.731934	487
2951.163086	468
2955.594238	456
2960.025635	480
2964.456787	476
2968.887939	474
2973.319092	484
2977.750244	464
2982.181396	485
2986.612549	504
2991.043701	487
2995.474854	448
2999.906006	449
3004.337402	451
3008.768555	448
3013.199707	460
3017.630859	479
3022.062012	471
3026.493164	498
3030.924316	496
3035.355469	493
3039.786621	477
3044.217773	472
3048.648926	494
3053.080322	506
3057.511475	469
3061.942627	474
3066.373779	460
3070.804932	418
3075.236084	442
3079.667236	495
3084.098389	491
3088.529541	458
3092.960693	419
3097.392090	505
3101.823242	519
3106.254395	500
3110.685547	472
3115.116699	439
3119.547852	446
3123.979004	436
3128.410156	427
3132.841309	468
3137.272461	476
3141.703857	444
3146.135010	426
3150.566162	414
3154.997314	408
3159.428467	425
3163.859619	432
3168.290771	470
3172.721924	486
3177.153076	494
3181.584229	476
3186.015381	474
3190.446777	448
3194.877930	426
3199.309082	439
3203.740234	480
3208.171387	505
3212.602539	503
3217.033691	470
3221.464844	463
3225.895996	444
3230.327148	454
3234.758545	440
3239.189697	448
3243.620850	450
3248.052002	435
3252.483154	445
3256.914307	473
3261.345459	475
3265.776611	447
3270.207764	459
3274.638916	459
3279.070313	443
3283.501465	462
3287.932617	485
3292.363770	471
3296.794922	438
3301.226074	452
3305.657227	486
3310.088379	494
3314.519531	443
3318.950684	450
3323.381836	442
3327.813232	438
3332.244385	469
3336.675537	495
3341.106689	529
3345.537842	491
3349.968994	445
3354.400146	424
3358.831299	419
3363.262451	465
3367.693604	486
3372.125000	477
3376.556152	456
3380.987305	492
3385.418457	481
3389.849609	484
3394.280762	503
3398.711914	492
3403.143066	488
3407.574219	485
3412.005371	490
3416.436523	434
3420.867920	443
3425.299072	465
3429.730225	459
3434.161377	456
3438.592529	461
3443.023682	484
3447.454834	468
3451.885986	485
3456.317139	473
3460.748291	462
3465.179688	462
3469.610840	506
3474.041992	512
3478.473145	496
3482.904297	538
3487.335449	515
3491.766602	466
3496.197754	441
3500.628906	458
3505.060059	489
3509.491455	453
3513.922607	453
3518.353760	453
3522.784912	437
3527.216064	459
3531.647217	475
3536.078369	505
3540.509521	487
3544.940674	516
3549.371826	529
3553.802979	511
3558.234375	461
3562.665527	472
3567.096680	490
3571.527832	461
3575.958984	477
3580.390137	478
3584.821289	496
3589.252441	477
3593.683594	461
3598.114746	489
3602.546143	523
3606.977295	536
3611.408447	460
3615.839600	416
3620.270752	462
3624.701904	493
3629.133057	508
3633.564209	493
3637.995361	519
3642.426514	555
3646.857910	515
3651.289063	480
3655.720215	411
3660.151367	437
3664.582520	475
3669.013672	510
3673.444824	474
3677.875977	492
3682.307129	541
3686.738281	496
3691.169434	538
3695.600830	557
3700.031982	501
3704.463135	508
3708.894287	535
3713.325439	525
3717.756592	539
3722.187744	634
3726.618896	685
3731.050049	666
3735.481201	638
3739.912598	653
3744.343750	682
3748.774902	675
3753.206055	625
3757.637207	605
3762.068359	637
3766.499512	699
3770.930664	689
3775.361816	677
3779.792969	711
3784.224365	749
3788.655518	738
3793.086670	692
3797.517822	729
3801.948975	776
3806.380127	808
3810.811279	828
3815.242432	870
3819.673584	799
3824.104736	773
3828.535889	851
3832.967285	917
3837.398438	903
3841.829590	921
3846.260742	1019
3850.691895	1043
3855.123047	1017
3859.554199	993
3863.985352	1015
3868.416504	1129
3872.847656	1074
3877.279053	1050
3881.710205	1037
3886.141357	1065
3890.572510	1173
3895.003662	1165
3899.434814	1038
3903.865967	1023
3908.297119	1128
3912.728271	1074
3917.159424	986
3921.590820	952
3926.021973	938
3930.453125	1015
3934.884277	1031
3939.315430	1006
3943.746582	1050
3948.177734	1133
3952.608887	1183
3957.040039	1159
3961.471191	1154
3965.902344	1227
3970.333740	1207
3974.764893	1274
3979.196045	1414
3983.627197	1531
3988.058350	1590
3992.489502	1620
3996.920654	1599
4001.351807	1639
4005.782959	1747
4010.214111	1789
4014.645508	1776
4019.076660	1799
4023.507813	1869
4027.938965	1988
4032.370117	1959
4036.801270	1936
4041.232422	2070
4045.663574	2013
4050.094727	1893
4054.525879	1772
4058.957275	1745
4063.388428	1814
4067.819580	1909
4072.250732	1930
4076.681885	1970
4081.113037	1939
4085.544189	1916
4089.975342	1900
4094.406494	1983
4098.837891	2006
4103.269043	1902
4107.700195	1960
4112.131348	2027
4116.562500	1952
4120.993652	1910
4125.424805	1875
4129.855957	1787
4134.287109	1826
4138.718262	1990
4143.149414	1988
4147.580566	1999
4152.011719	1960
4156.442871	1941
4160.874023	1920
4165.305176	1913
4169.736328	1928
4174.167969	1910
4178.599121	1837
4183.030273	1896
4187.461426	1974
4191.892578	2081
4196.323730	2082
4200.754883	1932
4205.186035	1915
4209.617188	1962
4214.048340	1933
4218.479492	1999
4222.910645	2094
4227.341797	2055
4231.772949	2109
4236.204102	2106
4240.635254	2008
4245.066406	1944
4249.497559	1983
4253.928711	2032
4258.359863	2073
4262.791016	2016
4267.222656	1975
4271.653809	2019
4276.084961	1979
4280.516113	1972
4284.947266	1962
4289.378418	1848
4293.809570	1813
4298.240723	1838
4302.671875	1899
4307.103027	1932
4311.534180	1909
4315.965332	1923
4320.396484	1923
4324.827637	1813
4329.258789	1841
4333.689941	1865
4338.121094	1885
4342.552246	1827
4346.983398	1938
4351.414551	2030
4355.845703	1991
4360.277344	2013
4364.708496	1959
4369.139648	1963
4373.570801	2027
4378.001953	2077
4382.433105	2084
4386.864258	2055
4391.295410	2070
4395.726563	2091
4400.157715	2000
4404.588867	2021
4409.020020	2078
4413.451172	2046
4417.882324	1996
4422.313477	2016
4426.744629	2116
4431.175781	2088
4435.606934	1980
4440.038086	1937
4444.469238	2000
4448.900879	2057
4453.332031	2071
4457.763184	2061
4462.194336	2051
4466.625488	2090
4471.056641	2035
4475.487793	2067
4479.918945	2078
4484.350098	2087
4488.781250	2219
4493.212402	2226
4497.643555	2182
4502.074707	2159
4506.505859	2127
4510.937012	2137
4515.368164	2086
4519.799316	2078
4524.230469	2084
4528.661621	2026
4533.092773	2020
4537.523926	2052
4541.955566	2080
4546.386719	2098
4550.817871	2088
4555.249023	2038
4559.680176	2047
4564.111328	2089
4568.542480	2128
4572.973633	2151
4577.404785	2208
4581.835938	2166
4586.267090	2075
4590.698242	2014
4595.129395	2094
4599.560547	2084
4603.991699	2158
4608.422852	2276
4612.854004	2301
4617.285156	2230
4621.716309	2240
4626.147461	2365
4630.578613	2404
4635.010254	2419
4639.441406	2374
4643.872559	2409
4648.303711	2517
4652.734863	2474
4657.166016	2486
4661.597168	2600
4666.028320	2600
4670.459473	2520
4674.890625	2575
4679.321777	2559
4683.752930	2580
4688.184082	2709
4692.615234	2783
4697.046387	2767
4701.477539	2841
4705.908691	2895
4710.339844	2979
4714.770996	3024
4719.202148	2958
4723.633789	2989
4728.064941	2981
4732.496094	2953
4736.927246	3081
4741.358398	3071
4745.789551	3138
4750.220703	3211
4754.651855	3133
4759.083008	3149
4763.514160	3248
4767.945313	3215
4772.376465	3250
4776.807617	3275
4781.238770	3364
4785.669922	3355
4790.101074	3344
4794.532227	3323
4798.963379	3332
4803.394531	3409
4807.825684	3372
4812.256836	3403
4816.688477	3366
4821.119629	3323
4825.550781	3298
4829.981934	3298
4834.413086	3333
4838.844238	3372
4843.275391	3328
4847.706543	3313
4852.137695	3375
4856.568848	3246
4861.000000	3216
4865.431152	3214
4869.862305	3216
4874.293457	3198
4878.724609	3218
4883.155762	3258
4887.586914	3269
4892.018066	3331
4896.449219	3211
4900.880371	3203
4905.311523	3268
4909.743164	3332
4914.174316	3358
4918.605469	3387
4923.036621	3462
4927.467773	3328
4931.898926	3244
4936.330078	3343
4940.761230	3291
4945.192383	3232
4949.623535	3243
4954.054688	3339
4958.485840	3389
4962.916992	3409
4967.348145	3333
4971.779297	3262
4976.210449	3256
4980.641602	3284
4985.072754	3391
4989.503906	3282
4993.935059	3209
4998.366211	3244
5002.797852	3265
5007.229004	3186
5011.660156	3053
5016.091309	3139
5020.522461	3249
5024.953613	3198
5029.384766	3170
5033.815918	3249
5038.247070	3352
5042.678223	3349
5047.109375	3325
5051.540527	3334
5055.971680	3288
5060.402832	3247
5064.833984	3248
5069.265137	3231
5073.696289	3225
5078.127441	3238
5082.558594	3230
5086.989746	3160
5091.421387	3162
5095.852539	3207
5100.283691	3171
5104.714844	3116
5109.145996	3125
5113.577148	3126
5118.008301	3224
5122.439453	3212
5126.870605	3097
5131.301758	3137
5135.732910	2975
5140.164063	3057
5144.595215	3036
5149.026367	3061
5153.457520	3083
5157.888672	3001
5162.319824	3011
5166.750977	2994
5171.182129	2912
5175.613281	2904
5180.044434	2992
5184.476074	3056
5188.907227	2962
5193.338379	2996
5197.769531	3069
5202.200684	2908
5206.631836	2902
5211.062988	2912
5215.494141	2861
5219.925293	2894
5224.356445	2963
5228.787598	2917
5233.218750	2972
5237.649902	2999
5242.081055	2987
5246.512207	2957
5250.943359	2949
5255.374512	2867
5259.805664	2792
5264.236816	2707
5268.667969	2737
5273.099121	2763
5277.530762	2754
5281.961914	2884
5286.393066	2913
5290.824219	2877
5295.255371	2830
5299.686523	2826
5304.117676	2844
5308.548828	2976
5312.979980	2981
5317.411133	2863
5321.842285	2800
5326.273438	2822
5330.704590	2746
5335.135742	2747
5339.566895	2683
5343.998047	2779
5348.429199	2866
5352.860352	2941
5357.291504	2942
5361.722656	2866
5366.154297	2807
5370.585449	2773
5375.016602	2793
5379.447754	2900
5383.878906	2781
5388.310059	2785
5392.741211	2786
5397.172363	2740
5401.603516	2744
5406.034668	2731
5410.465820	2712
5414.896973	2744
5419.328125	2733
5423.759277	2649
5428.190430	2595
5432.621582	2676
5437.052734	2700
5441.483887	2643
5445.915039	2615
5450.346191	2664
5454.777344	2763
5459.208984	2722
5463.640137	2621
5468.071289	2718
5472.502441	2776
5476.933594	2797
5481.364746	2690
5485.795898	2618
5490.227051	2656
5494.658203	2645
5499.089355	2682
5503.520508	2763
5507.951660	2728
5512.382813	2650
5516.813965	2636
5521.245117	2564
5525.676270	2600
5530.107422	2640
5534.538574	2657
5538.969727	2611
5543.400879	2561
5547.832031	2548
5552.263672	2537
5556.694824	2658
5561.125977	2624
5565.557129	2672
5569.988281	2693
5574.419434	2676
5578.850586	2580
5583.281738	2585
5587.712891	2562
5592.144043	2690
5596.575195	2698
5601.006348	2636
5605.437500	2534
5609.868652	2571
5614.299805	2650
5618.730957	2584
5623.162109	2555
5627.593262	2609
5632.024414	2626
5636.455566	2646
5640.887207	2574
5645.318359	2540
5649.749512	2510
5654.180664	2481
5658.611816	2544
5663.042969	2487
5667.474121	2418
5671.905273	2463
5676.336426	2483
5680.767578	2394
5685.198730	2453
5689.629883	2497
5694.061035	2438
5698.492188	2477
5702.923340	2509
5707.354492	2502
5711.785645	2446
5716.216797	2480
5720.647949	2506
5725.079102	2491
5729.510254	2532
5733.941895	2538
5738.373047	2432
5742.804199	2482
5747.235352	2539
5751.666504	2532
5756.097656	2461
5760.528809	2476
5764.959961	2539
5769.391113	2512
5773.822266	2489
5778.253418	2530
5782.684570	2608
5787.115723	2530
5791.546875	2562
5795.978027	2579
5800.409180	2675
5804.840332	2685
5809.271484	2669
5813.702637	2689
5818.133789	2772
5822.564941	2788
5826.996582	2729
5831.427734	2613
5835.858887	2616
5840.290039	2656
5844.721191	2597
5849.152344	2684
5853.583496	2742
5858.014648	2653
5862.445801	2563
5866.876953	2564
5871.308105	2634
5875.739258	2666
5880.170410	2603
5884.601563	2658
5889.032715	2610
5893.463867	2684
5897.895020	2683
5902.326172	2651
5906.757324	2642
5911.188477	2649
5915.619629	2578
5920.051270	2583
5924.482422	2639
5928.913574	2623
5933.344727	2587
5937.775879	2526
5942.207031	2548
5946.638184	2625
5951.069336	2628
5955.500488	2644
5959.931641	2686
5964.362793	2566
5968.793945	2491
5973.225098	2520
5977.656250	2591
5982.087402	2493
5986.518555	2566
5990.949707	2594
5995.380859	2487
5999.812012	2418
6004.243164	2418
6008.674805	2412
6013.105957	2496
6017.537109	2519
6021.968262	2501
6026.399414	2509
6030.830566	2502
6035.261719	2422
6039.692871	2414
6044.124023	2443
6048.555176	2382
6052.986328	2364
6057.417480	2405
6061.848633	2350
6066.279785	2319
6070.710938	2386
6075.142090	2429
6079.573242	2382
6084.004395	2345
6088.435547	2323
6092.866699	2271
6097.297852	2312
6101.729492	2261
6106.160645	2256
6110.591797	2225
6115.022949	2270
6119.454102	2300
6123.885254	2292
6128.316406	2245
6132.747559	2146
6137.178711	2283
6141.609863	2203
6146.041016	2153
6150.472168	2206
6154.903320	2278
6159.334473	2136
6163.765625	2103
6168.196777	2104
6172.627930	2127
6177.059082	2135
6181.490234	2146
6185.921387	2168
6190.352539	2124
6194.784180	2114
6199.215332	2121
6203.646484	2168
6208.077637	2178
6212.508789	2107
6216.939941	2033
6221.371094	2082
6225.802246	2095
6230.233398	2129
6234.664551	2063
6239.095703	2070
6243.526855	1978
6247.958008	2048
6252.389160	2022
6256.820313	1930
6261.251465	1911
6265.682617	1988
6270.113770	1960
6274.544922	1972
6278.976074	1900
6283.407715	1865
6287.838867	1864
6292.270020	1949
6296.701172	1871
6301.132324	1817
6305.563477	1861
6309.994629	1841
6314.425781	1841
6318.856934	1796
6323.288086	1860
6327.719238	1876
6332.150391	1826
6336.581543	1891
6341.012695	1824
6345.443848	1872
6349.875000	1959
6354.306152	1828
6358.737305	1845
6363.168457	1915
6367.599609	1859
6372.030762	1798
6376.462402	1828
6380.893555	1797
6385.324707	1794
6389.755859	1924
6394.187012	2013
6398.618164	1987
6403.049316	1870
6407.480469	1847
6411.911621	1814
6416.342773	1834
6420.773926	1869
6425.205078	1854
6429.636230	1780
6434.067383	1762
6438.498535	1689
6442.929688	1694
6447.360840	1825
6451.791992	1757
6456.223145	1771
6460.654297	1722
6465.085449	1751
6469.517090	1787
6473.948242	1843
6478.379395	1792
6482.810547	1698
6487.241699	1688
6491.672852	1707
6496.104004	1646
6500.535156	1704
6504.966309	1665
6509.397461	1690
6513.828613	1776
6518.259766	1788
6522.690918	1831
6527.122070	1767
6531.553223	1681
6535.984375	1697
6540.415527	1633
6544.846680	1694
6549.277832	1679
6553.708984	1669
6558.140625	1668
6562.571777	1615
6567.002930	1591
6571.434082	1693
6575.865234	1644
6580.296387	1721
6584.727539	1720
6589.158691	1732
6593.589844	1679
6598.020996	1648
6602.452148	1685
6606.883301	1706
6611.314453	1713
6615.745605	1768
6620.176758	1793
6624.607910	1825
6629.039063	1800
6633.470215	1721
6637.901367	1705
6642.332520	1731
6646.763672	1658
6651.195313	1650
6655.626465	1633
6660.057617	1704
6664.488770	1753
6668.919922	1810
6673.351074	1747
6677.782227	1755
6682.213379	1763
6686.644531	1706
6691.075684	1737
6695.506836	1700
6699.937988	1698
6704.369141	1770
6708.800293	1787
6713.231445	1758
6717.662598	1733
6722.093750	1793
6726.524902	1810
6730.956055	1696
6735.387207	1584
6739.818359	1558
6744.250000	1583
6748.681152	1708
6753.112305	1741
6757.543457	1650
6761.974609	1547
6766.405762	1529
6770.836914	1639
6775.268066	1700
6779.699219	1696
6784.130371	1661
6788.561523	1644
6792.992676	1648
6797.423828	1707
6801.854980	1636
6806.286133	1616
6810.717285	1658
6815.148438	1656
6819.579590	1682
6824.010742	1654
6828.441895	1670
6832.873047	1679
6837.304688	1609
6841.735840	1591
6846.166992	1594
6850.598145	1589
6855.029297	1592
6859.460449	1597
6863.891602	1562
6868.322754	1549
6872.753906	1481
6877.185059	1481
6881.616211	1525
6886.047363	1519
6890.478516	1501
6894.909668	1448
6899.340820	1499
6903.771973	1483
6908.203125	1478
6912.634277	1544
6917.065430	1600
6921.496582	1546
6925.928223	1498
6930.359375	1406
6934.790527	1433
6939.221680	1459
6943.652832	1480
6948.083984	1402
6952.515137	1427
6956.946289	1501
6961.377441	1459
6965.808594	1455
6970.239746	1459
6974.670898	1458
6979.102051	1407
6983.533203	1393
6987.964355	1394
6992.395508	1398
6996.826660	1392
7001.257813	1363
7005.688965	1409
7010.120117	1360
7014.551270	1300
7018.982910	1274
7023.414063	1306
7027.845215	1347
7032.276367	1357
7036.707520	1397
7041.138672	1375
7045.569824	1331
7050.000977	1353
7054.432129	1321
7058.863281	1294
7063.294434	1346
7067.725586	1330
7072.156738	1308
7076.587891	1229
7081.019043	1233
7085.450195	1314
7089.881348	1354
7094.312500	1302
7098.743652	1290
7103.174805	1229
7107.605957	1232
7112.037598	1218
7116.468750	1192
7120.899902	1212
7125.331055	1251
7129.762207	1225
7134.193359	1140
7138.624512	1141
7143.055664	1120
7147.486816	1108
7151.917969	1116
7156.349121	1142
7160.780273	1137
7165.211426	1160
7169.642578	1145
7174.073730	1036
7178.504883	957
7182.936035	1007
7187.367188	1049
7191.798340	1046
7196.229492	1011
7200.661133	1018
7205.092285	1088
7209.523438	1036
7213.954590	952
7218.385742	980
7222.816895	1032
7227.248047	968
7231.679199	954
7236.110352	996
7240.541504	1018
7244.972656	922
7249.403809	929
7253.834961	958
7258.266113	902
7262.697266	913
7267.128418	908
7271.559570	908
7275.990723	898
7280.421875	887
7284.853027	906
7289.284180	903
7293.715820	911
7298.146973	864
7302.578125	826
7307.009277	810
7311.440430	825
7315.871582	840
7320.302734	833
7324.733887	797
7329.165039	771
7333.596191	768
7338.027344	755
7342.458496	771
7346.889648	752
7351.320801	686
7355.751953	682
7360.183105	677
7364.614258	681
7369.045410	722
7373.476563	725
7377.907715	647
7382.338867	682
7386.770508	700
7391.201660	699
7395.632813	677
7400.063965	677
7404.495117	646
7408.926270	634
7413.357422	631
7417.788574	622
7422.219727	642
7426.650879	711
7431.082031	720
7435.513184	726
7439.944336	686
7444.375488	696
7448.806641	743
7453.237793	760
7457.668945	752
7462.100098	743
7466.531250	752
7470.962402	810
7475.394043	794
7479.825195	808
7484.256348	882
7488.687500	841
7493.118652	861
7497.549805	815
7501.980957	742
7506.412109	809
7510.843262	877
7515.274414	844
7519.705566	794
7524.136719	772
7528.567871	786
7532.999023	810
7537.430176	898
7541.861328	919
7546.292480	871
7550.723633	791
7555.154785	768
7559.585938	807
7564.017090	772
7568.448730	770
7572.879883	788
7577.311035	837
7581.742188	760
7586.173340	699
7590.604492	735
7595.035645	717
7599.466797	642
7603.897949	605
7608.329102	627
7612.760254	612
7617.191406	598
7621.622559	568
7626.053711	569
7630.484863	612
7634.916016	633
7639.347168	630
7643.778320	651
7648.209473	652
7652.640625	618
7657.071777	638
7661.503418	619
7665.934570	579
7670.365723	582
7674.796875	606
7679.228027	617
7683.659180	585
7688.090332	575
7692.521484	621
7696.952637	617
7701.383789	594
7705.814941	589
7710.246094	568
7714.677246	572
7719.108398	534
7723.539551	567
7727.970703	611
7732.401855	669
7736.833008	634
7741.264160	595
7745.695313	583
7750.126953	578
7754.558105	557
7758.989258	555
7763.420410	543
7767.851563	532
7772.282715	558
7776.713867	547
7781.145020	528
7785.576172	536
7790.007324	556
7794.438477	550
7798.869629	558
7803.300781	535
7807.731934	497
7812.163086	511
7816.594238	449
7821.025391	473
7825.456543	473
7829.887695	477
7834.318848	490
7838.750000	457
7843.181641	463
7847.612793	532
7852.043945	571
7856.475098	533
7860.906250	509
7865.337402	538
7869.768555	536
7874.199707	564
7878.630859	553
7883.062012	560
7887.493164	571
7891.924316	586
7896.355469	577
7900.786621	563
7905.217773	559
7909.648926	613
7914.080078	602
7918.511230	632
7922.942383	639
7927.373535	631
7931.804688	567
7936.236328	600
7940.667480	663
7945.098633	675
7949.529785	727
7953.960938	700
7958.392090	688
7962.823242	695
7967.254395	702
7971.685547	748
7976.116699	719
7980.547852	699
7984.979004	680
7989.410156	698
7993.841309	666
7998.272461	716
8002.703613	705
8007.134766	730
8011.565918	736
8015.997070	763
8020.428223	791
8024.859375	774
8029.291016	731
8033.722168	717
8038.153320	716
8042.584473	714
8047.015625	663
8051.446777	701
8055.877930	719
8060.309082	708
8064.740234	674
8069.171387	709
8073.602539	687
8078.033691	708
8082.464844	706
8086.895996	703
8091.327148	686
8095.758301	681
8100.189453	635
8104.620605	644
8109.051758	689
8113.482910	658
8117.914551	632
8122.345703	614
8126.776855	579
8131.208008	626
8135.639160	639
8140.070313	606
8144.501465	619
8148.932617	659
8153.363770	646
8157.794922	639
8162.226074	591
8166.657227	639
8171.088379	619
8175.519531	594
8179.950684	556
8184.381836	557
8188.812988	617
8193.244141	616
8197.675781	605
8202.106445	540
8206.538086	590
8210.968750	627
8215.400391	607
8219.831055	574
8224.262695	544
8228.693359	527
8233.125000	510
8237.555664	493
8241.987305	530
8246.417969	529
8250.849609	532
8255.281250	556
8259.711914	584
8264.143555	533
8268.574219	486
8273.005859	471
8277.436523	499
8281.868164	519
8286.298828	519
8290.730469	559
8295.161133	559
8299.592773	571
8304.023438	551
8308.455078	526
8312.885742	520
8317.317383	507
8321.748047	492
8326.179688	493
8330.610352	478
8335.041992	507
8339.472656	526
8343.904297	549
8348.335938	540
8352.766602	531
8357.198242	513
8361.628906	478
8366.060547	475
8370.491211	497
8374.922852	508
8379.353516	551
8383.785156	547
8388.215820	542
8392.647461	509
8397.078125	471
8401.509766	504
8405.940430	525
8410.372070	507
8414.802734	536
8419.234375	506
8423.665039	496
8428.096680	552
8432.527344	550
8436.958984	572
8441.390625	586
8445.821289	531
8450.252930	512
8454.683594	535
8459.115234	567
8463.545898	560
8467.977539	547
8472.408203	557
8476.839844	582
8481.270508	629
8485.702148	618
8490.132813	533
8494.564453	504
8498.995117	571
8503.426758	582
8507.857422	534
8512.289063	539
8516.719727	561
8521.151367	602
8525.582031	659
8530.013672	666
8534.445313	618
8538.875977	598
8543.307617	585
8547.738281	531
8552.169922	557
8556.600586	585
8561.032227	531
8565.462891	528
8569.894531	551
8574.325195	568
8578.756836	587
8583.187500	580
8587.619141	546
8592.049805	565
8596.481445	609
8600.912109	607
8605.343750	596
8609.774414	592
8614.206055	620
8618.636719	670
8623.068359	643
8627.500000	595
8631.930664	615
8636.362305	602
8640.792969	560
8645.224609	553
8649.655273	578
8654.086914	584
8658.517578	617
8662.949219	583
8667.379883	587
8671.811523	559
8676.242188	529
8680.673828	573
8685.104492	606
8689.536133	573
8693.966797	568
8698.398438	585
8702.829102	545
8707.260742	566
8711.691406	563
8716.123047	507
8720.554688	493
8724.985352	538
8729.416992	573
8733.847656	593
8738.279297	544
8742.709961	505
8747.141602	559
8751.572266	591
8756.003906	543
8760.434570	533
8764.866211	538
8769.296875	515
8773.728516	503
8778.159180	497
8782.590820	529
8787.021484	536
8791.453125	560
8795.883789	548
8800.315430	533
8804.746094	517
8809.177734	525
8813.609375	537
8818.040039	516
8822.471680	548
8826.902344	546
8831.333984	520
8835.764648	517
8840.196289	524
8844.626953	483
8849.058594	457
8853.489258	439
8857.920898	470
8862.351563	485
8866.783203	455
8871.213867	448
8875.645508	462
8880.076172	473
8884.507813	480
8888.938477	482
8893.370117	485
8897.801758	423
8902.232422	504
8906.664063	508
8911.094727	493
8915.526367	484
8919.957031	484
8924.388672	469
8928.819336	465
8933.250977	462
8937.681641	456
8942.113281	463
8946.543945	406
8950.975586	426
8955.406250	482
8959.837891	449
8964.268555	457
8968.700195	473
8973.130859	504
8977.562500	478
8981.993164	449
8986.424805	456
8990.856445	477
8995.287109	453
8999.718750	447
9004.149414	445
9008.581055	460
9013.011719	427
9017.443359	429
9021.874023	470
9026.305664	455
9030.736328	442
9035.167969	460
9039.598633	484
9044.030273	468
9048.460938	484
9052.892578	473
9057.323242	483
9061.754883	492
9066.185547	478
9070.617188	496
9075.047852	495
9079.479492	463
9083.911133	442
9088.341797	489
9092.773438	486
9097.204102	451
9101.635742	433
9106.066406	417
9110.498047	453
9114.928711	491
9119.360352	563
9123.791016	548
9128.222656	519
9132.653320	497
9137.084961	501
9141.515625	458
9145.947266	448
9150.377930	467
9154.809570	473
9159.240234	492
9163.671875	487
9168.102539	475
9172.534180	462
9176.965820	479
9181.396484	490
9185.828125	442
9190.258789	473
9194.690430	504
9199.121094	534
9203.552734	514
9207.983398	475
9212.415039	509
9216.845703	517
9221.277344	493
9225.708008	492
9230.139648	499
9234.570313	474
9239.001953	459
9243.432617	509
9247.864258	539
9252.294922	494
9256.726563	488
9261.157227	496
9265.588867	481
9270.020508	474
9274.451172	475
9278.882813	482
9283.313477	469
9287.745117	491
9292.175781	493
9296.607422	499
9301.038086	516
9305.469727	531
9309.900391	489
9314.332031	512
9318.762695	493
9323.194336	491
9327.625000	493
9332.056641	479
9336.487305	478
9340.918945	498
9345.349609	506
9349.781250	483
9354.211914	475
9358.643555	495
9363.075195	544
9367.505859	540
9371.937500	492
9376.368164	505
9380.799805	530
9385.230469	515
9389.662109	488
9394.092773	471
9398.524414	469
9402.955078	456
9407.386719	483
9411.817383	489
9416.249023	485
9420.679688	519
9425.111328	520
9429.541992	506
9433.973633	493
9438.404297	511
9442.835938	509
9447.267578	479
9451.698242	473
9456.129883	488
9460.560547	494
9464.992188	481
9469.422852	483
9473.854492	496
9478.285156	487
9482.716797	497
9487.147461	504
9491.579102	481
9496.009766	488
9500.441406	492
9504.872070	486
9509.303711	517
9513.734375	566
9518.166016	537
9522.596680	509
9527.028320	496
9531.458984	493
9535.890625	481
9540.322266	444
9544.752930	481
9549.184570	512
9553.615234	525
9558.046875	499
9562.477539	457
9566.909180	473
9571.339844	532
9575.771484	500
9580.202148	489
9584.633789	502
9589.064453	509
9593.496094	493
9597.926758	482
9602.358398	470
9606.789063	492
9611.220703	500
9615.651367	523
9620.083008	481
9624.513672	460
9628.945313	496
9633.376953	469
9637.807617	431
9642.239258	440
9646.669922	406
9651.101563	465
9655.532227	500
9659.963867	496
9664.394531	516
9668.826172	577
9673.256836	551
9677.688477	487
9682.119141	491
9686.550781	496
9690.981445	465
9695.413086	435
9699.843750	458
9704.275391	462
9708.706055	485
9713.137695	498
9717.568359	504
9722.000000	497
9726.431641	472
9730.862305	473
9735.293945	477
9739.724609	508
9744.156250	519
9748.586914	532
9753.018555	510
9757.449219	447
9761.880859	434
9766.311523	445
9770.743164	510
9775.173828	540
9779.605469	535
9784.036133	511
9788.467773	506
9792.898438	477
9797.330078	480
9801.760742	460
9806.192383	464
9810.623047	462
9815.054688	495
9819.486328	525
9823.916992	500
9828.348633	485
9832.779297	494
9837.210938	527
9841.641602	525
9846.073242	519
9850.503906	504
9854.935547	477
9859.366211	497
9863.797852	508
9868.228516	502
9872.660156	507
9877.090820	529
9881.522461	529
9885.953125	475
9890.384766	484
9894.815430	521
9899.247070	501
9903.677734	453
9908.109375	424
9912.541016	471
9916.971680	472
9921.403320	477
9925.833984	486
9930.265625	505
9934.696289	510
9939.127930	474
9943.558594	491
9947.990234	508
9952.420898	475
9956.852539	492
9961.283203	514
9965.714844	484
9970.145508	488
9974.577148	478
9979.007813	485
9983.439453	512
9987.870117	514
9992.301758	513
9996.732422	527
10001.164063	518
10005.595703	536
10010.026367	506
10014.458008	454
10018.888672	491
10023.320313	501
10027.750977	432
10032.182617	420
10036.613281	457
10041.044922	515
10045.475586	526
10049.907227	483
10054.337891	473
10058.769531	492
10063.200195	473
10067.631836	458
10072.062500	443
10076.494141	437
10080.924805	470
10085.356445	472
10089.788086	491
10094.218750	512
10098.650391	523
10103.081055	488
10107.512695	471
10111.943359	485
10116.375000	476
10120.805664	461
10125.237305	486
10129.667969	486
10134.099609	524
10138.530273	548
10142.961914	497
10147.392578	477
10151.824219	520
10156.254883	557
10160.686523	560
10165.117188	516
10169.548828	454
10173.979492	466
10178.411133	457
10182.842773	435
10187.273438	466
10191.705078	506
10196.135742	478
10200.567383	519
10204.998047	569
10209.429688	526
10213.860352	496
10218.291992	486
10222.722656	486
10227.154297	512
10231.584961	531
10236.016602	559
10240.447266	542
10244.878906	482
10249.309570	454
10253.741211	475
10258.171875	500
10262.603516	523
10267.034180	518
10271.465820	488
10275.897461	473
10280.328125	477
10284.759766	489
10289.190430	501
10293.622070	467
10298.052734	463
10302.484375	471
10306.915039	502
10311.346680	520
10315.777344	503
10320.208984	454
10324.639648	482
10329.071289	469
10333.501953	500
10337.933594	528
10342.364258	504
10346.795898	550
10351.226563	536
10355.658203	492
10360.088867	449
10364.520508	488
10368.952148	512
10373.382813	486
10377.814453	490
10382.245117	487
10386.676758	505
10391.107422	519
10395.539063	543
10399.969727	494
10404.401367	469
10408.832031	509
10413.263672	499
10417.694336	541
10422.125977	521
10426.556641	483
10430.988281	508
10435.418945	505
10439.850586	520
10444.281250	543
10448.712891	496
10453.143555	491
10457.575195	501
10462.006836	510
10466.437500	504
10470.869141	491
10475.299805	477
10479.731445	470
10484.162109	509
10488.593750	523
10493.024414	517
10497.456055	473
10501.886719	481
10506.318359	510
10510.749023	464
10515.180664	467
10519.611328	467
10524.042969	484
10528.473633	491
10532.905273	523
10537.335938	537
10541.767578	473
10546.198242	429
10550.629883	466
10555.061523	482
10559.492188	488
10563.923828	523
10568.354492	538
10572.786133	520
10577.216797	518
10581.648438	525
10586.079102	498
10590.510742	473
10594.941406	459
10599.373047	465
10603.803711	434
10608.235352	415
10612.666016	426
10617.097656	472
10621.528320	493
10625.959961	495
10630.390625	461
10634.822266	498
10639.253906	489
10643.684570	477
10648.116211	484
10652.546875	460
10656.978516	497
10661.409180	476
10665.840820	453
10670.271484	479
10674.703125	530
10679.133789	553
10683.565430	550
10687.996094	550
10692.427734	582
10696.858398	526
10701.290039	481
10705.720703	449
10710.152344	471
10714.583008	521
10719.014648	535
10723.445313	482
10727.876953	458
10732.308594	488
10736.739258	507
10741.170898	461
10745.601563	472
10750.033203	497
10754.463867	503
10758.895508	498
10763.326172	513
10767.757813	490
10772.188477	510
10776.620117	514
10781.050781	538
10785.482422	561
10789.913086	532
10794.344727	463
10798.775391	480
10803.207031	528
10807.637695	500
10812.069336	483
10816.500000	485
10820.931641	471
10825.363281	478
10829.793945	506
10834.225586	509
10838.656250	517
10843.087891	489
10847.518555	515
10851.950195	518
10856.380859	507
10860.812500	512
10865.243164	508
10869.674805	478
10874.105469	451
10878.537109	446
10882.967773	506
10887.399414	554
10891.830078	489
10896.261719	483
10900.692383	506
10905.124023	520
10909.554688	523
10913.986328	534
10918.417969	539
10922.848633	478
10927.280273	455
10931.710938	421
10936.142578	484
10940.573242	555
10945.004883	593
10949.435547	551
10953.867188	536
10958.297852	512
10962.729492	491
10967.160156	502
10971.591797	474
10976.022461	457
10980.454102	441
10984.884766	467
10989.316406	475
10993.747070	496
10998.178711	514
11002.609375	523
11007.041016	495
11011.472656	456
11015.903320	445
11020.334961	456
11024.765625	497
11029.197266	467
11033.627930	476
11038.059570	487
11042.490234	493
11046.921875	487
11051.352539	492
11055.784180	477
11060.214844	456
11064.646484	460
11069.077148	447
11073.508789	449
11077.939453	468
11082.371094	485
11086.801758	493
11091.233398	501
11095.664063	512
11100.095703	485
11104.527344	479
11108.958008	459
11113.389648	435
11117.820313	456
11122.251953	477
11126.682617	471
11131.114258	457
11135.544922	463
11139.976563	469
11144.407227	493
11148.838867	527
11153.269531	530
11157.701172	501
11162.131836	485
11166.563477	485
11170.994141	520
11175.425781	550
11179.856445	525
11184.288086	496
11188.718750	461
11193.150391	473
11197.582031	462
11202.012695	493
11206.444336	548
11210.875000	512
11215.306641	521
11219.737305	486
11224.168945	451
11228.599609	458
11233.031250	471
11237.461914	457
11241.893555	480
11246.324219	500
11250.755859	485
11255.186523	493
11259.618164	497
11264.048828	509
11268.480469	516
11272.911133	497
11277.342773	505
11281.774414	510
11286.205078	496
11290.636719	500
11295.067383	472
11299.499023	491
11303.929688	510
11308.361328	504
11312.791992	520
11317.223633	535
11321.654297	501
11326.085938	496
11330.516602	525
11334.948242	518
11339.378906	528
11343.810547	508
11348.241211	478
11352.672852	475
11357.103516	470
11361.535156	470
11365.965820	442
11370.397461	430
11374.829102	446
11379.259766	485
11383.691406	516
11388.122070	510
11392.553711	482
11396.984375	499
11401.416016	525
11405.846680	505
11410.278320	487
11414.708984	476
11419.140625	492
11423.571289	502
11428.002930	507
11432.433594	511
11436.865234	452
11441.295898	415
11445.727539	464
11450.158203	469
11454.589844	482
11459.020508	472
11463.452148	465
11467.883789	476
11472.314453	484
11476.746094	503
11481.176758	471
11485.608398	453
11490.039063	453
11494.470703	533
11498.901367	567
11503.333008	536
11507.763672	515
11512.195313	512
11516.625977	519
11521.057617	480
11525.488281	481
11529.919922	476
11534.350586	501
11538.782227	458
11543.212891	473
11547.644531	488
11552.075195	496
11556.506836	490
11560.938477	521
11565.369141	512
11569.800781	486
11574.231445	525
11578.663086	527
11583.093750	477
11587.525391	508
11591.956055	512
11596.387695	512
11600.818359	479
11605.250000	447
11609.680664	471
11614.112305	454
11618.542969	474
11622.974609	489
11627.405273	476
11631.836914	458
11636.267578	467
11640.699219	495
11645.129883	508
11649.561523	559
11653.993164	563
11658.423828	559
11662.855469	565
11667.286133	563
11671.717773	496
11676.148438	491
11680.580078	535
11685.010742	529
11689.442383	529
11693.873047	490
11698.304688	488
11702.735352	484
11707.166992	493
11711.597656	504
11716.029297	524
11720.459961	506
11724.891602	481
11729.322266	487
11733.753906	503
11738.184570	509
11742.616211	514
11747.047852	521
11751.478516	527
11755.910156	500
11760.340820	466
11764.772461	523
11769.203125	568
11773.634766	532
11778.065430	483
11782.497070	504
11786.927734	500
11791.359375	517
11795.790039	490
11800.221680	469
11804.652344	510
11809.083984	515
11813.514648	508
11817.946289	484
11822.376953	476
11826.808594	502
11831.239258	532
11835.670898	468
11840.102539	476
11844.533203	506
11848.964844	523
11853.395508	487
11857.827148	459
11862.257813	489
11866.689453	484
11871.120117	505
11875.551758	527
11879.982422	510
11884.414063	518
11888.844727	494
11893.276367	484
11897.707031	523
11902.138672	493
11906.569336	491
11911.000977	471
11915.431641	472
11919.863281	520
11924.294922	538
11928.725586	538
11933.157227	520
11937.587891	526
11942.019531	483
11946.450195	497
11950.881836	516
11955.312500	534
11959.744141	580
11964.174805	563
11968.606445	505
11973.037109	500
11977.468750	474
11981.899414	470
11986.331055	485
11990.761719	501
11995.193359	544
11999.624023	473
12004.055664	460
12008.486328	494
12012.917969	485
12017.349609	477
12021.780273	460
12026.211914	466
12030.642578	472
12035.074219	531
12039.504883	503
12043.936523	465
12048.367188	508
12052.798828	561
12057.229492	562
12061.661133	531
12066.091797	494
12070.523438	485
12074.954102	478
12079.385742	502
12083.816406	534
12088.248047	511
12092.678711	505
12097.110352	466
12101.541016	457
12105.972656	508
12110.404297	540
12114.834961	530
12119.266602	492
12123.697266	505
12128.128906	493
12132.559570	472
12136.991211	535
12141.421875	518
12145.853516	482
12150.284180	495
12154.715820	502
12159.146484	466
12163.578125	506
12168.008789	535
12172.440430	507
12176.871094	426
12181.302734	477
12185.733398	510
12190.165039	497
12194.595703	494
12199.027344	485
12203.458984	512
12207.889648	482
12212.321289	449
12216.751953	486
12221.183594	517
12225.614258	512
12230.045898	460
12234.476563	475
12238.908203	480
12243.338867	517
12247.770508	528
12252.201172	475
12256.632813	474
12261.063477	522
12265.495117	524
12269.925781	489
12274.357422	457
12278.788086	464
12283.219727	508
12287.650391	476
12292.082031	461
12296.513672	432
12300.944336	440
12305.375977	495
12309.806641	520
12314.238281	514
12318.668945	514
12323.100586	519
12327.531250	492
12331.962891	504
12336.393555	511
12340.825195	490
12345.255859	482
12349.687500	466
12354.118164	454
12358.549805	494
12362.980469	503
12367.412109	467
12371.842773	459
12376.274414	454
12380.705078	457
12385.136719	472
12389.568359	451
12393.999023	484
12398.430664	502
12402.861328	482
12407.292969	439
12411.723633	468
12416.155273	474
12420.585938	513
12425.017578	502
12429.448242	459
12433.879883	456
12438.310547	489
12442.742188	476
12447.172852	480
12451.604492	487
12456.035156	500
12460.466797	467
12464.897461	446
12469.329102	438
12473.760742	446
12478.191406	472
12482.623047	483
12487.053711	469
12491.485352	449
12495.916016	460
12500.347656	460
12504.778320	468
12509.209961	472
12513.640625	482
12518.072266	506
12522.502930	519
12526.934570	505
12531.365234	476
12535.796875	461
12540.227539	462
12544.659180	454
12549.089844	455
12553.521484	485
12557.952148	445
12562.383789	439
12566.815430	456
12571.246094	462
12575.677734	455
12580.108398	449
12584.540039	478
12588.970703	461
12593.402344	470
12597.833008	512
12602.264648	516
12606.695313	516
12611.126953	503
12615.557617	470
12619.989258	475
12624.419922	432
12628.851563	444
12633.282227	437
12637.713867	436
12642.144531	431
12646.576172	477
12651.006836	483
12655.438477	466
12659.870117	493
12664.300781	475
12668.732422	463
12673.163086	463
12677.594727	496
12682.025391	483
12686.457031	495
12690.887695	483
12695.319336	498
12699.750000	476
12704.181641	484
12708.612305	489
12713.043945	508
12717.474609	465
12721.906250	431
12726.336914	458
12730.768555	432
12735.199219	473
12739.630859	465
12744.061523	484
12748.493164	475
12752.924805	456
12757.355469	473
12761.787109	449
12766.217773	452
12770.649414	465
12775.080078	463
12779.511719	475
12783.942383	486
12788.374023	509
12792.804688	521
12797.236328	500
12801.666992	506
12806.098633	487
12810.529297	458
12814.960938	464
12819.391602	507
12823.823242	513
12828.253906	453
12832.685547	456
12837.116211	445
12841.547852	461
12845.979492	466
12850.410156	491
12854.841797	474
12859.272461	489
12863.704102	507
12868.134766	509
12872.566406	486
12876.997070	467
12881.428711	489
12885.859375	489
12890.291016	481
12894.721680	492
12899.153320	476
12903.583984	438
12908.015625	445
12912.446289	461
12916.877930	452
12921.308594	463
12925.740234	458
12930.170898	441
12934.602539	421
12939.034180	433
12943.464844	419
12947.896484	455
12952.327148	462
12956.758789	425
12961.189453	453
12965.621094	534
12970.051758	525
12974.483398	474
12978.914063	448
12983.345703	431
12987.776367	426
12992.208008	428
12996.638672	497
13001.070313	540
13005.500977	512
13009.932617	478
13014.363281	462
13018.794922	454
13023.225586	458
13027.657227	467
13032.088867	477
13036.519531	440
13040.951172	496
13045.381836	542
13049.813477	520
13054.244141	463
13058.675781	473
13063.106445	480
13067.538086	487
13071.968750	497
13076.400391	477
13080.831055	452
13085.262695	468
13089.693359	481
13094.125000	459
13098.555664	450
13102.987305	476
13107.417969	441
13111.849609	464
13116.281250	453
13120.711914	469
13125.143555	462
13129.574219	440
13134.005859	489
13138.436523	506
13142.868164	463
13147.298828	470
13151.730469	451
13156.161133	442
13160.592773	436
13165.023438	447
13169.455078	451
13173.885742	471
13178.317383	480
13182.748047	478
13187.179688	442
13191.610352	472
13196.041992	539
13200.472656	540
13204.904297	479
13209.335938	443
13213.766602	460
13218.198242	490
13222.628906	478
13227.060547	463
13231.491211	460
13235.922852	457
13240.353516	476
13244.785156	459
13249.215820	457
13253.647461	461
13258.078125	466
13262.509766	480
13266.940430	483
13271.372070	434
13275.802734	447
13280.234375	478
13284.665039	489
13289.096680	478
13293.527344	485
13297.958984	468
13302.390625	466
13306.821289	470
13311.252930	496
13315.683594	471
13320.115234	435
13324.545898	438
13328.977539	459
13333.408203	492
13337.839844	513
13342.270508	499
13346.702148	447
13351.132813	446
13355.564453	421
13359.995117	421
13364.426758	426
13368.857422	458
13373.289063	431
13377.719727	438
13382.151367	466
13386.582031	486
13391.013672	484
13395.445313	475
13399.875977	449
13404.307617	443
13408.738281	479
13413.169922	488
13417.600586	506
13422.032227	479
13426.462891	476
13430.894531	469
13435.325195	472
13439.756836	454
13444.187500	448
13448.619141	456
13453.049805	478
13457.481445	461
13461.912109	473
13466.343750	465
13470.774414	466
13475.206055	469
13479.636719	477
13484.068359	475
13488.500000	515
13492.930664	547
13497.362305	515
13501.792969	488
13506.224609	502
13510.655273	496
13515.086914	514
13519.517578	464
13523.949219	448
13528.379883	447
13532.811523	496
13537.242188	496
13541.673828	470
13546.104492	487
13550.536133	480
13554.966797	449
13559.398438	465
13563.829102	462
13568.260742	437
13572.691406	413
13577.123047	427
13581.554688	429
13585.985352	441
13590.416992	468
13594.847656	488
13599.279297	464
13603.709961	447
13608.141602	424
13612.572266	435
13617.003906	479
13621.434570	452
13625.866211	423
13630.296875	422
13634.728516	483
13639.159180	488
13643.590820	538
13648.021484	514
13652.453125	463
13656.883789	485
13661.315430	457
13665.746094	429
13670.177734	434
13674.609375	471
13679.040039	509
13683.471680	519
13687.902344	496
13692.333984	454
13696.764648	456
13701.196289	463
13705.626953	467
13710.058594	485
13714.489258	472
13718.920898	487
13723.351563	462
13727.783203	444
13732.213867	472
13736.645508	444
13741.076172	461
13745.507813	491
13749.938477	466
13754.370117	435
13758.801758	410
13763.232422	411
13767.664063	436
13772.094727	439
13776.526367	429
13780.957031	473
13785.388672	494
13789.819336	465
13794.250977	477
13798.681641	487
13803.113281	448
13807.543945	450
13811.975586	460
13816.406250	471
13820.837891	460
13825.268555	457
13829.700195	468
13834.130859	499
13838.562500	472
13842.993164	421
13847.424805	407
13851.856445	419
13856.287109	471
13860.718750	470
13865.149414	456
13869.581055	471
13874.011719	492
13878.443359	484
13882.874023	468
13887.305664	469
13891.736328	442
13896.167969	453
13900.598633	475
13905.030273	441
13909.460938	451
13913.892578	475
13918.323242	492
13922.754883	489
13927.185547	462
13931.617188	460
13936.047852	448
13940.479492	441
13944.911133	463
13949.341797	455
13953.773438	453
13958.204102	458
13962.635742	416
13967.066406	416
13971.498047	444
13975.928711	476
13980.360352	464
13984.791016	437
13989.222656	451
13993.653320	440
13998.084961	437
14002.515625	475
14006.947266	470
14011.377930	500
14015.809570	483
14020.240234	476
14024.671875	466
14029.102539	452
14033.534180	460
14037.965820	475
14042.396484	477
14046.828125	466
14051.258789	442
14055.690430	471
14060.121094	484
14064.552734	454
14068.983398	454
14073.415039	469
14077.845703	483
14082.277344	481
14086.708008	462
14091.139648	430
14095.570313	433
14100.001953	462
14104.432617	473
14108.864258	449
14113.294922	460
14117.726563	466
14122.157227	465
14126.588867	490
14131.020508	471
14135.451172	499
14139.882813	483
14144.313477	429
14148.745117	440
14153.175781	461
14157.607422	453
14162.038086	452
14166.469727	473
14170.900391	461
14175.332031	459
14179.762695	494
14184.194336	483
14188.625000	477
14193.056641	465
14197.487305	512
14201.918945	527
14206.349609	524
14210.781250	474
14215.211914	475
14219.643555	436
14224.075195	489
14228.505859	483
14232.937500	484
14237.368164	433
14241.799805	418
14246.230469	444
14250.662109	476
14255.092773	461
14259.524414	452
14263.955078	435
14268.386719	448
14272.817383	445
14277.249023	436
14281.679688	451
14286.111328	445
14290.541992	441
14294.973633	458
14299.404297	433
14303.835938	422
14308.267578	419
14312.698242	475
14317.129883	503
14321.560547	482
14325.992188	444
14330.422852	462
14334.854492	452
14339.285156	467
14343.716797	440
14348.147461	423
14352.579102	477
14357.009766	480
14361.441406	457
14365.872070	461
14370.303711	477
14374.734375	471
14379.166016	450
14383.596680	449
14388.028320	453
14392.458984	460
14396.890625	443
14401.322266	480
