-2794.852783	0
-2790.409424	0
-2785.966064	0
-2781.522949	0
-2777.079590	0
-2772.636230	0
-2768.192871	0
-2763.749512	0
-2759.306152	0
-2754.862793	0
-2750.419678	0
-2745.976318	0
-2741.532959	0
-2737.089600	0
-2732.646240	0
-2728.202881	0
-2723.759521	0
-2719.316162	0
-2714.873047	0
-2710.429688	0
-2705.986328	0
-2701.542969	0
-2697.099609	0
-2692.656250	0
-2688.212891	0
-2683.769531	0
-2679.326416	0
-2674.883057	0
-2670.439697	0
-2665.996338	0
-2661.552979	0
-2657.109619	0
-2652.666260	0
-2648.223145	0
-2643.779785	0
-2639.336426	0
-2634.893066	0
-2630.449707	0
-2626.006348	0
-2621.562988	0
-2617.119629	0
-2612.676514	0
-2608.233154	0
-2603.789795	0
-2599.346436	0
-2594.903076	0
-2590.459717	0
-2586.016357	0
-2581.573242	0
-2577.129883	0
-2572.686523	0
-2568.243164	0
-2563.799805	0
-2559.356445	0
-2554.913086	0
-2550.469727	0
-2546.026611	0
-2541.583252	0
-2537.139893	0
-2532.696533	0
-2528.253174	0
-2523.809814	0
-2519.366455	0
-2514.923096	0
-2510.479980	0
-2506.036621	0
-2501.593262	0
-2497.149902	0
-2492.706543	0
-2488.263184	0
-2483.819824	0
-2479.376709	0
-2474.933350	0
-2470.489990	0
-2466.046631	0
-2461.603271	0
-2457.159912	0
-2452.716553	0
-2448.273193	0
-2443.830078	0
-2439.386719	0
-2434.943359	0
-2430.500000	0
-2426.056641	0
-2421.613281	0
-2417.169922	0
-2412.726807	0
-2408.283447	0
-2403.840088	0
-2399.396729	0
-2394.953369	0
-2390.510010	0
-2386.066650	0
-2381.623291	0
-2377.180176	0
-2372.736816	0
-2368.293457	0
-2363.850098	0
-2359.406738	0
-2354.963379	0
-2350.520020	0
-2346.076904	0
-2341.633545	0
-2337.190186	0
-2332.746826	0
-2328.303467	0
-2323.860107	0
-2319.416748	0
-2314.973389	0
-2310.530273	0
-2306.086914	0
-2301.643555	0
-2297.200195	0
-2292.756836	0
-2288.313477	0
-2283.870117	0
-2279.426758	0
-2274.983643	0
-2270.540283	0
-2266.096924	0
-2261.653564	0
-2257.210205	0
-2252.766846	0
-2248.323486	1
-2243.880371	2
-2239.437012	3
-2234.993652	5
-2230.550293	4
-2226.106934	7
-2221.663574	7
-2217.220215	6
-2212.776855	12
-2208.333740	13
-2203.890381	11
-2199.447021	14
-2195.003662	19
-2190.560303	17
-2186.116943	14
-2181.673584	15
-2177.230469	16
-2172.787109	23
-2168.343750	24
-2163.900391	24
-2159.457031	21
-2155.013672	18
-2150.570313	16
-2146.126953	25
-2141.683838	19
-2137.240479	22
-2132.797119	31
-2128.353760	32
-2123.910400	29
-2119.467041	32
-2115.023682	33
-2110.580322	38
-2106.137207	38
-2101.693848	36
-2097.250488	37
-2092.807129	29
-2088.363770	35
-2083.920410	34
-2079.477051	31
-2075.033936	38
-2070.590576	40
-2066.147217	39
-2061.703857	44
-2057.260498	40
-2052.817139	43
-2048.373779	34
-2043.930542	35
-2039.487183	42
-2035.043823	36
-2030.600586	38
-2026.157227	36
-2021.713867	43
-2017.270508	43
-2012.827271	52
-2008.383911	56
-2003.940552	57
-1999.497314	52
-1995.053955	47
-1990.610596	57
-1986.167236	56
-1981.723999	62
-1977.280640	59
-1972.837280	62
-1968.393921	67
-1963.950684	61
-1959.507324	66
-1955.063965	67
-1950.620605	60
-1946.177368	67
-1941.734009	66
-1937.290649	60
-1932.847290	59
-1928.404053	64
-1923.960693	61
-1919.517334	64
-1915.074097	67
-1910.630737	68
-1906.187378	63
-1901.744019	62
-1897.300781	69
-1892.857422	78
-1888.414063	81
-1883.970703	78
-1879.527466	74
-1875.084106	75
-1870.640747	80
-1866.197388	78
-1861.754150	84
-1857.310791	82
-1852.867432	70
-1848.424072	75
-1843.980835	93
-1839.537476	85
-1835.094116	84
-1830.650879	92
-1826.207520	102
-1821.764160	94
-1817.320801	84
-1812.877563	84
-1808.434204	86
-1803.990845	88
-1799.547485	79
-1795.104248	86
-1790.660889	90
-1786.217529	98
-1781.774170	110
-1777.330933	116
-1772.887573	114
-1768.444214	99
-1764.000854	108
-1759.557617	88
-1755.114258	83
-1750.670898	91
-1746.227661	92
-1741.784302	105
-1737.340942	108
-1732.897583	100
-1728.454346	111
-1724.010986	111
-1719.567627	109
-1715.124268	111
-1710.681030	120
-1706.237671	117
-1701.794312	117
-1697.350952	117
-1692.907715	116
-1688.464355	117
-1684.020996	119
-1679.577637	121
-1675.134399	122
-1670.691040	130
-1666.247681	126
-1661.804443	126
-1657.361084	122
-1652.917725	107
-1648.474365	127
-1644.031128	135
-1639.587769	125
-1635.144409	124
-1630.701050	132
-1626.257813	143
-1621.814453	127
-1617.371094	136
-1612.927734	139
-1608.484497	140
-1604.041138	136
-1599.597778	129
-1595.154419	131
-1590.711182	133
-1586.267822	134
-1581.824463	142
-1577.381226	126
-1572.937866	136
-1568.494507	140
-1564.051147	153
-1559.607910	157
-1555.164551	146
-1550.721191	135
-1546.277832	150
-1541.834595	158
-1537.391235	161
-1532.947876	161
-1528.504517	157
-1524.061279	150
-1519.617920	159
-1515.174561	149
-1510.731201	142
-1506.287964	143
-1501.844604	158
-1497.401245	153
-1492.958008	169
-1488.514648	167
-1484.071289	160
-1479.627930	172
-1475.184692	150
-1470.741333	151
-1466.297974	158
-1461.854614	162
-1457.411377	170
-1452.968018	180
-1448.524658	164
-1444.081299	156
-1439.638062	169
-1435.194702	178
-1430.751343	187
-1426.307983	182
-1421.864746	171
-1417.421387	172
-1412.978027	171
-1408.534790	188
-1404.091431	174
-1399.648071	174
-1395.204712	182
-1390.761475	195
-1386.318115	191
-1381.874756	196
-1377.431396	203
-1372.988159	190
-1368.544800	177
-1364.101440	171
-1359.658081	206
-1355.214844	194
-1350.771484	176
-1346.328125	187
-1341.884766	191
-1337.441528	188
-1332.998169	195
-1328.554810	211
-1324.111572	208
-1319.668213	201
-1315.224854	192
-1310.781494	211
-1306.338257	210
-1301.894897	202
-1297.451538	214
-1293.008179	207
-1288.564941	209
-1284.121582	212
-1279.678223	192
-1275.234863	202
-1270.791626	218
-1266.348267	216
-1261.904907	232
-1257.461548	218
-1253.018311	218
-1248.574951	217
-1244.131592	226
-1239.688354	220
-1235.244995	219
-1230.801636	209
-1226.358276	217
-1221.915039	218
-1217.471680	230
-1213.028320	211
-1208.584961	205
-1204.141724	213
-1199.698364	234
-1195.255005	244
-1190.811646	231
-1186.368408	212
-1181.925049	235
-1177.481689	244
-1173.038452	242
-1168.595093	228
-1164.151733	240
-1159.708374	248
-1155.265137	260
-1150.821777	248
-1146.378418	247
-1141.935059	241
-1137.491821	263
-1133.048462	253
-1128.605103	225
-1124.161743	238
-1119.718506	256
-1115.275146	254
-1110.831787	252
-1106.388428	255
-1101.945190	261
-1097.501831	274
-1093.058472	264
-1088.615234	258
-1084.171875	233
-1079.728516	241
-1075.285156	263
-1070.841919	266
-1066.398560	269
-1061.955200	261
-1057.511841	244
-1053.068604	245
-1048.625244	246
-1044.181885	247
-1039.738525	236
-1035.295288	240
-1030.851929	235
-1026.408569	243
-1021.965271	261
-1017.521912	258
-1013.078613	246
-1008.635254	251
-1004.191956	259
-999.748657	268
-995.305298	268
-990.862000	254
-986.418640	244
-981.975342	235
-977.531982	243
-973.088684	252
-968.645325	238
-964.202026	228
-959.758667	238
-955.315369	244
-950.872009	268
-946.428711	254
-941.985352	237
-937.542053	280
-933.098694	283
-928.655396	266
-924.212036	247
-919.768738	267
-915.325439	265
-910.882080	260
-906.438782	258
-901.995422	255
-897.552124	270
-893.108765	268
-888.665466	249
-884.222107	247
-879.778809	269
-875.335449	278
-870.892151	272
-866.448792	254
-862.005493	260
-857.562134	262
-853.118835	258
-848.675476	258
-844.232178	263
-839.788818	271
-835.345520	272
-830.902222	279
-826.458862	240
-822.015564	255
-817.572205	278
-813.128906	274
-808.685547	268
-804.242249	271
-799.798889	260
-795.355591	253
-790.912231	255
-786.468933	255
-782.025574	266
-777.582275	256
-773.138916	286
-768.695618	263
-764.252258	259
-759.808960	256
-755.365601	253
-750.922302	261
-746.479004	283
-742.035645	272
-737.592346	268
-733.148987	275
-728.705688	251
-724.262329	268
-719.819031	256
-715.375671	257
-710.932373	260
-706.489014	272
-702.045715	262
-697.602356	269
-693.159058	275
-688.715698	272
-684.272400	278
-679.829041	288
-675.385742	271
-670.942383	259
-666.499084	263
-662.055786	284
-657.612427	297
-653.169128	278
-648.725769	250
-644.282471	266
-639.839111	279
-635.395813	273
-630.952454	294
-626.509155	283
-622.065796	290
-617.622498	282
-613.179138	268
-608.735840	265
-604.292480	284
-599.849182	284
-595.405823	273
-590.962524	276
-586.519226	279
-582.075867	303
-577.632568	309
-573.189209	279
-568.745911	281
-564.302551	279
-559.859253	290
-555.415894	294
-550.972595	290
-546.529236	281
-542.085938	272
-537.642578	280
-533.199280	298
-528.755920	304
-524.312622	321
-519.869263	295
-515.425964	282
-510.982635	277
-506.539307	302
-502.095978	316
-497.652649	295
-493.209320	288
-488.765991	300
-484.322662	316
-479.879333	317
-475.436005	298
-470.992676	277
-466.549347	292
-462.106018	299
-457.662720	311
-453.219391	327
-448.776062	325
-444.332733	301
-439.889404	323
-435.446075	311
-431.002747	299
-426.559418	300
-422.116089	308
-417.672760	292
-413.229431	279
-408.786102	304
-404.342773	290
-399.899445	311
-395.456116	314
-391.012787	294
-386.569458	296
-382.126129	316
-377.682800	336
-373.239502	336
-368.796173	316
-364.352844	320
-359.909515	324
-355.466187	303
-351.022858	318
-346.579529	337
-342.136200	342
-337.692871	351
-333.249542	352
-328.806213	356
-324.362885	347
-319.919556	348
-315.476227	331
-311.032898	332
-306.589569	349
-302.146240	352
-297.702911	348
-293.259613	350
-288.816284	366
-284.372955	388
-279.929626	409
-275.486298	396
-271.042969	383
-266.599640	369
-262.156311	382
-257.712982	381
-253.269653	410
-248.826324	405
-244.382996	382
-239.939667	420
-235.496338	428
-231.053009	422
-226.609695	400
-222.166367	395
-217.723038	425
-213.279709	430
-208.836380	447
-204.393051	480
-199.949722	496
-195.506393	488
-191.063065	477
-186.619751	485
-182.176422	545
-177.733093	553
-173.289764	560
-168.846436	561
-164.403107	579
-159.959778	580
-155.516449	627
-151.073120	674
-146.629807	713
-142.186478	759
-137.743149	797
-133.299820	860
-128.856491	908
-124.413162	971
-119.969833	1083
-115.526505	1162
-111.083183	1239
-106.639854	1341
-102.196526	1536
-97.753197	1744
-93.309875	1976
-88.866547	2243
-84.423218	2633
-79.979889	3200
-75.536560	3775
-71.093239	4504
-66.649910	5566
-62.206581	6816
-57.763252	7992
-53.319927	8757
-48.876598	9260
-44.433273	9669
-39.989944	9893
-35.546619	10106
-31.103291	10299
-26.659964	10341
-22.216637	10336
-17.773310	10464
-13.329982	10558
-8.886655	10674
-4.443327	10891
0.000000	10964
4.443327	10893
8.886655	10756
13.329982	10528
17.773310	10249
22.216637	9934
26.659964	9732
31.103291	9579
35.546619	9473
39.989944	9345
44.433273	9150
48.876598	8900
53.319927	8636
57.763252	8334
62.206581	8028
66.649910	7705
71.093239	7366
75.536560	6843
79.979889	6125
84.423218	5301
88.866547	4583
93.309875	4004
97.753197	3488
102.196526	3023
106.639854	2665
111.083183	2352
115.526505	2096
119.969833	1882
124.413162	1700
128.856491	1527
133.299820	1418
137.743149	1329
142.186478	1194
146.629807	1088
151.073120	1052
155.516449	988
159.959778	938
164.403107	884
168.846436	822
173.289764	766
177.733093	733
182.176422	698
186.619751	677
191.063065	678
195.506393	655
199.949722	613
204.393051	596
208.836380	592
213.279709	590
217.723038	543
222.166367	500
226.609695	517
231.053009	502
235.496338	497
239.939667	484
244.382996	466
248.826324	481
253.269653	465
257.712982	458
262.156311	432
266.599640	439
271.042969	446
275.486298	420
279.929626	405
284.372955	412
288.816284	420
293.259613	411
297.702911	415
302.146240	403
306.589569	389
311.032898	385
315.476227	401
319.919556	395
324.362885	369
328.806213	383
333.249542	377
337.692871	355
342.136200	354
346.579529	373
351.022858	355
355.466187	341
359.909515	342
364.352844	365
368.796173	346
373.239502	342
377.682800	339
382.126129	348
386.569458	350
391.012787	342
395.456116	350
399.899445	351
404.342773	353
408.786102	342
413.229431	334
417.672760	358
422.116089	355
426.559418	355
431.002747	349
435.446075	366
439.889404	360
444.332733	354
448.776062	330
453.219391	347
457.662720	354
462.106018	331
466.549347	326
470.992676	335
475.436005	342
479.879333	323
484.322662	312
488.765991	324
493.209320	308
497.652649	305
502.095978	308
506.539307	311
510.982635	326
515.425964	327
519.869263	322
524.312622	334
528.755920	334
533.199280	332
537.642578	338
542.085938	331
546.529236	309
550.972595	325
555.415894	331
559.859253	322
564.302551	308
568.745911	319
573.189209	310
577.632568	319
582.075867	331
586.519226	329
590.962524	342
595.405823	319
599.849182	290
604.292480	307
608.735840	323
613.179138	316
617.622498	301
622.065796	302
626.509155	311
630.952454	295
635.395813	303
639.839111	332
644.282471	340
648.725769	306
653.169128	320
657.612427	333
662.055786	326
666.499084	325
670.942383	309
675.385742	302
679.829041	296
684.272400	289
688.715698	291
693.159058	305
697.602356	310
702.045715	316
706.489014	314
710.932373	316
715.375671	302
719.819031	295
724.262329	306
728.705688	304
733.148987	320
737.592346	333
742.035645	329
746.479004	323
750.922302	322
755.365601	302
759.808960	301
764.252258	312
768.695618	322
773.138916	333
777.582275	317
782.025574	291
786.468933	295
790.912231	321
795.355591	314
799.798889	298
804.242249	296
808.685547	311
813.128906	306
817.572205	302
822.015564	304
826.458862	310
830.902222	328
835.345520	310
839.788818	303
844.232178	308
848.675476	334
853.118835	312
857.562134	303
862.005493	303
866.448792	298
870.892151	308
875.335449	302
879.778809	296
884.222107	300
888.665466	295
893.108765	288
897.552124	325
901.995422	325
906.438782	314
910.882080	330
915.325439	324
919.768738	302
924.212036	296
928.655396	320
933.098694	299
937.542053	315
941.985352	344
946.428711	339
950.872009	322
955.315369	318
959.758667	316
964.202026	292
968.645325	301
973.088684	317
977.531982	309
981.975342	304
986.418640	311
990.862000	301
995.305298	296
999.748657	299
1004.191956	328
1008.635254	338
1013.078613	302
1017.521912	308
1021.965271	319
1026.408569	320
1030.851929	334
1035.295288	309
1039.738525	301
1044.181885	315
1048.625244	312
1053.068604	307
1057.511841	312
1061.955200	273
1066.398560	298
1070.841919	313
1075.285156	326
1079.728516	323
1084.171875	323
1088.615234	333
1093.058472	328
1097.501831	329
1101.945190	320
1106.388428	314
1110.831787	307
1115.275146	306
1119.718506	302
1124.161743	314
1128.605103	299
1133.048462	301
1137.491821	302
1141.935059	314
1146.378418	325
1150.821777	318
1155.265137	321
1159.708374	335
1164.151733	331
1168.595093	324
1173.038452	341
1177.481689	335
1181.925049	321
1186.368408	308
1190.811646	361
1195.255005	358
1199.698364	325
1204.141724	320
1208.584961	309
1213.028320	301
1217.471680	305
1221.915039	312
1226.358276	334
1230.801636	317
1235.244995	311
1239.688354	317
1244.131592	323
1248.574951	307
1253.018311	293
1257.461548	305
1261.904907	313
1266.348267	306
1270.791626	324
1275.234863	319
1279.678223	336
1284.121582	309
1288.564941	320
1293.008179	307
1297.451538	315
1301.894897	316
1306.338257	320
1310.781494	318
1315.224854	316
1319.668213	321
1324.111572	319
1328.554810	309
1332.998169	304
1337.441528	320
1341.884766	316
1346.328125	310
1350.771484	326
1355.214844	340
1359.658081	322
1364.101440	310
1368.544800	304
1372.988159	308
1377.431396	327
1381.874756	331
1386.318115	315
1390.761475	309
1395.204712	313
1399.648071	302
1404.091431	311
1408.534790	299
1412.978027	328
1417.421387	316
1421.864746	312
1426.307983	321
1430.751343	325
1435.194702	332
1439.638062	320
1444.081299	327
1448.524658	305
1452.968018	315
1457.411377	299
1461.854614	293
1466.297974	299
1470.741333	298
1475.184692	305
1479.627930	296
1484.071289	321
1488.514648	326
1492.958008	304
1497.401245	293
1501.844604	314
1506.287964	303
1510.731201	308
1515.174561	328
1519.617920	297
1524.061279	309
1528.504517	330
1532.947876	326
1537.391235	338
1541.834595	338
1546.277832	330
1550.721191	316
1555.164551	325
1559.607910	332
1564.051147	340
1568.494507	338
1572.937866	335
1577.381226	325
1581.824463	318
1586.267822	317
1590.711182	311
1595.154419	315
1599.597778	324
1604.041138	342
1608.484497	337
1612.927734	310
1617.371094	300
1621.814453	329
1626.257813	342
1630.701050	339
1635.144409	332
1639.587769	323
1644.031128	321
1648.474365	338
1652.917725	323
1657.361084	326
1661.804443	321
1666.247681	330
1670.691040	336
1675.134399	327
1679.577637	329
1684.020996	335
1688.464355	344
1692.907715	345
1697.350952	337
1701.794312	346
1706.237671	336
1710.681030	327
1715.124268	325
1719.567627	339
1724.010986	340
1728.454346	340
1732.897583	344
1737.340942	347
1741.784302	324
1746.227661	332
1750.670898	333
1755.114258	301
1759.557617	314
1764.000854	319
1768.444214	332
1772.887573	323
1777.330933	318
1781.774170	335
1786.217529	311
1790.660889	303
1795.104248	323
1799.547485	325
1803.990845	342
1808.434204	362
1812.877563	360
1817.320801	342
1821.764160	337
1826.207520	335
1830.650879	317
1835.094116	330
1839.537476	324
1843.980835	333
1848.424072	328
1852.867432	325
1857.310791	355
1861.754150	358
1866.197388	356
1870.640747	337
1875.084106	323
1879.527466	333
1883.970703	345
1888.414063	324
1892.857422	335
1897.300781	329
1901.744019	324
1906.187378	323
1910.630737	338
1915.074097	349
1919.517334	323
1923.960693	316
1928.404053	352
1932.847290	344
1937.290649	339
1941.734009	326
1946.177368	337
1950.620605	332
1955.063965	328
1959.507324	324
1963.950684	321
1968.393921	320
1972.837280	341
1977.280640	342
1981.723999	342
1986.167236	331
1990.610596	321
1995.053955	315
1999.497314	329
2003.940552	343
2008.383911	347
2012.827271	365
2017.270508	346
2021.713867	329
2026.157227	323
2030.600586	330
2035.043823	352
2039.487183	351
2043.930542	352
2048.373779	350
2052.817139	340
2057.260498	340
2061.703857	319
2066.147217	341
2070.590576	331
2075.033936	344
2079.477051	367
2083.920410	384
2088.363770	370
2092.807129	371
2097.250488	357
2101.693848	335
2106.137207	339
2110.580322	335
2115.023682	317
2119.467041	332
2123.910400	374
2128.353760	380
2132.797119	361
2137.240479	347
2141.683838	345
2146.126953	346
2150.570313	341
2155.013672	339
2159.457031	340
2163.900391	341
2168.343750	335
2172.787109	354
2177.230469	373
2181.673584	363
2186.116943	358
2190.560303	365
2195.003662	361
2199.447021	360
2203.890381	350
2208.333740	355
2212.776855	344
2217.220215	328
2221.663574	307
2226.106934	321
2230.550293	359
2234.993652	352
2239.437012	357
2243.880371	354
2248.323486	339
2252.766846	346
2257.210205	365
2261.653564	360
2266.096924	359
2270.540283	353
2274.983643	354
2279.426758	326
2283.870117	348
2288.313477	364
2292.756836	357
2297.200195	361
2301.643555	375
2306.086914	352
2310.530273	323
2314.973389	343
2319.416748	364
2323.860107	364
2328.303467	350
2332.746826	356
2337.190186	362
2341.633545	350
2346.076904	363
2350.520020	366
2354.963379	338
2359.406738	333
2363.850098	352
2368.293457	350
2372.736816	354
2377.180176	360
2381.623291	343
2386.066650	353
2390.510010	358
2394.953369	370
2399.396729	358
2403.840088	343
2408.283447	334
2412.726807	359
2417.169922	375
2421.613281	380
2426.056641	363
2430.500000	354
2434.943359	347
2439.386719	351
2443.830078	346
2448.273193	365
2452.716553	361
2457.159912	373
2461.603271	363
2466.046631	332
2470.489990	345
2474.933350	356
2479.376709	358
2483.819824	382
2488.263184	366
2492.706543	338
2497.149902	352
2501.593262	371
2506.036621	365
2510.479980	368
2514.923096	356
2519.366455	367
2523.809814	366
2528.253174	359
2532.696533	370
2537.139893	366
2541.583252	352
2546.026611	366
2550.469727	370
2554.913086	367
2559.356445	363
2563.799805	372
2568.243164	357
2572.686523	353
2577.129883	364
2581.573242	377
2586.016357	359
2590.459717	340
2594.903076	383
2599.346436	381
2603.789795	372
2608.233154	366
2612.676514	351
2617.119629	341
2621.562988	345
2626.006348	346
2630.449707	365
2634.893066	375
2639.336426	388
2643.779785	374
2648.223145	353
2652.666260	345
2657.109619	358
2661.552979	358
2665.996338	364
2670.439697	330
2674.883057	354
2679.326416	360
2683.769531	359
2688.212891	365
2692.656250	378
2697.099609	356
2701.542969	340
2705.986328	350
2710.429688	361
2714.873047	356
2719.316162	370
2723.759521	348
2728.202881	333
2732.646240	361
2737.089600	370
2741.532959	378
2745.976318	380
2750.419678	356
2754.862793	340
2759.306152	351
2763.749512	369
2768.192871	366
2772.636230	367
2777.079590	367
2781.522949	363
2785.966064	349
2790.409424	372
2794.852783	352
2799.296143	366
2803.739502	370
2808.182861	367
2812.626221	356
2817.069580	341
2821.512695	356
2825.956055	370
2830.399414	356
2834.842773	362
2839.286133	368
2843.729492	353
2848.172852	355
2852.615967	366
2857.059326	360
2861.502686	364
2865.946045	364
2870.389404	361
2874.832764	383
2879.276123	382
2883.719482	361
2888.162598	368
2892.605957	368
2897.049316	343
2901.492676	354
2905.936035	360
2910.379395	383
2914.822754	396
2919.266113	382
2923.709229	382
2928.152588	380
2932.595947	382
2937.039307	368
2941.482666	357
2945.926025	370
2950.369385	376
2954.812500	365
2959.255859	363
2963.699219	380
2968.142578	390
2972.585938	367
2977.029297	354
2981.472656	384
2985.916016	384
2990.359131	387
2994.802490	393
2999.245850	393
3003.689209	381
3008.132568	369
3012.575928	362
3017.019287	360
3021.462402	354
3025.905762	382
3030.349121	395
3034.792480	387
3039.235840	358
3043.679199	352
3048.122559	377
3052.565918	364
3057.009033	380
3061.452393	404
3065.895752	391
3070.339111	367
3074.782471	360
3079.225830	385
3083.669189	407
3088.112549	384
3092.555664	368
3096.999023	379
3101.442383	388
3105.885742	401
3110.329102	379
3114.772461	370
3119.215820	378
3123.658936	391
3128.102295	396
3132.545654	390
3136.989014	367
3141.432373	367
3145.875732	378
3150.319092	361
3154.762451	352
3159.205566	372
3163.648926	382
3168.092285	383
3172.535645	376
3176.979004	389
3181.422363	373
3185.865723	360
3190.308838	363
3194.752197	371
3199.195557	389
3203.638916	364
3208.082275	371
3212.525635	384
3216.968994	371
3221.412354	371
3225.855469	392
3230.298828	382
3234.742188	381
3239.185547	381
3243.628906	387
3248.072266	371
3252.515625	371
3256.958984	364
3261.402100	399
3265.845459	404
3270.288818	415
3274.732178	419
3279.175537	425
3283.618896	420
3288.062256	426
3292.505371	445
3296.948730	443
3301.392090	440
3305.835449	420
3310.278809	399
3314.722168	393
3319.165527	383
3323.608887	386
3328.052002	378
3332.495361	393
3336.938721	390
3341.382080	366
3345.825439	374
3350.268799	365
3354.712158	382
3359.155273	394
3363.598633	399
3368.041992	407
3372.485352	391
3376.928711	411
3381.372070	403
3385.815430	401
3390.258789	375
3394.701904	358
3399.145264	348
3403.588623	367
3408.031982	382
3412.475342	406
3416.918701	402
3421.362061	395
3425.805420	389
3430.248535	374
3434.691895	372
3439.135254	384
3443.578613	398
3448.021973	425
3452.465332	418
3456.908691	407
3461.351807	393
3465.795166	400
3470.238525	420
3474.681885	411
3479.125244	382
3483.568604	380
3488.011963	395
3492.455322	402
3496.898438	436
3501.341797	445
3505.785156	424
3510.228516	443
3514.671875	455
3519.115234	447
3523.558594	442
3528.001709	435
3532.445068	444
3536.888428	448
3541.331787	438
3545.775146	432
3550.218506	428
3554.661865	454
3559.105225	431
3563.548340	438
3567.991699	470
3572.435059	491
3576.878418	483
3581.321777	478
3585.765137	490
3590.208496	479
3594.651855	491
3599.094971	489
3603.538330	506
3607.981689	523
3612.425049	524
3616.868408	499
3621.311768	521
3625.755127	543
3630.198242	549
3634.641602	560
3639.084961	553
3643.528320	566
3647.971680	609
3652.415039	602
3656.858398	590
3661.301758	652
3665.744873	659
3670.188232	649
3674.631592	688
3679.074951	718
3683.518311	716
3687.961670	718
3692.405029	779
3696.848145	801
3701.291504	841
3705.734863	865
3710.178223	855
3714.621582	873
3719.064941	915
3723.508301	985
3727.951660	1038
3732.394775	1051
3736.838135	1106
3741.281494	1195
3745.724854	1253
3750.168213	1258
3754.611572	1307
3759.054932	1382
3763.498291	1481
3767.941406	1588
3772.384766	1679
3776.828125	1806
3781.271484	1904
3785.714844	2023
3790.158203	2122
3794.601563	2225
3799.044678	2353
3803.488037	2457
3807.931396	2529
3812.374756	2681
3816.818115	2846
3821.261475	2987
3825.704834	3155
3830.148193	3335
3834.591309	3526
3839.034668	3687
3843.478027	3778
3847.921387	3877
3852.364746	3983
3856.808105	4098
3861.251465	4171
3865.694580	4194
3870.137939	4246
3874.581299	4353
3879.024658	4489
3883.468018	4629
3887.911377	4781
3892.354736	4941
3896.798096	5134
3901.241211	5349
3905.684570	5419
3910.127930	5475
3914.571289	5573
3919.014648	5571
3923.458008	5627
3927.901367	5616
3932.344727	5536
3936.787842	5535
3941.231201	5598
3945.674561	5618
3950.117920	5555
3954.561279	5469
3959.004639	5444
3963.447998	5464
3967.891113	5523
3972.334473	5658
3976.777832	5736
3981.221191	5812
3985.664551	5853
3990.107910	5842
3994.551270	5880
3998.994629	5906
4003.437744	5903
4007.881104	5925
4012.324463	5971
4016.767822	5943
4021.211182	5896
4025.654541	5976
4030.097900	5948
4034.541016	5911
4038.984375	5913
4043.427734	5868
4047.871094	5864
4052.314453	5834
4056.757813	5752
4061.201172	5692
4065.644531	5680
4070.087646	5580
4074.531006	5486
4078.974365	5421
4083.417725	5346
4087.861084	5183
4092.304443	5098
4096.747559	5032
4101.190918	5044
4105.634277	5118
4110.077637	5156
4114.520996	5180
4118.964355	5279
4123.407715	5298
4127.851074	5302
4132.294434	5261
4136.737793	5271
4141.181152	5306
4145.624512	5299
4150.067871	5290
4154.510742	5274
4158.954102	5313
4163.397461	5348
4167.840820	5368
4172.284180	5319
4176.727539	5239
4181.170898	5216
4185.614258	5201
4190.057617	5124
4194.500977	5152
4198.944336	5142
4203.387695	5101
4207.831055	5094
4212.274414	5079
4216.717773	5102
4221.160645	5090
4225.604004	5033
4230.047363	4983
4234.490723	4958
4238.934082	4898
4243.377441	4884
4247.820801	4841
4252.264160	4795
4256.707520	4764
4261.150879	4792
4265.594238	4750
4270.037598	4661
4274.480957	4629
4278.924316	4682
4283.367676	4644
4287.810547	4587
4292.253906	4558
4296.697266	4541
4301.140625	4466
4305.583984	4401
4310.027344	4381
4314.470703	4349
4318.914063	4258
4323.357422	4148
4327.800781	4090
4332.244141	4109
4336.687500	4055
4341.130859	3992
4345.574219	4035
4350.017578	4107
4354.460938	4157
4358.903809	4221
4363.347168	4309
4367.790527	4423
4372.233887	4459
4376.677246	4482
4381.120605	4521
4385.563965	4541
4390.007324	4579
4394.450684	4582
4398.894043	4572
4403.337402	4602
4407.780762	4675
4412.224121	4702
4416.667480	4663
4421.110840	4641
4425.553711	4650
4429.997070	4695
4434.440430	4646
4438.883789	4648
4443.327148	4671
4447.770508	4712
4452.213867	4717
4456.657227	4724
4461.100586	4704
4465.543945	4702
4469.987305	4640
4474.430664	4624
4478.874023	4675
4483.317383	4673
4487.760742	4658
4492.203613	4624
4496.646973	4632
4501.090332	4608
4505.533691	4561
4509.977051	4539
4514.420410	4538
4518.863770	4565
4523.307129	4559
4527.750488	4519
4532.193848	4515
4536.637207	4484
4541.080566	4475
4545.523926	4496
4549.967285	4485
4554.410645	4442
4558.853516	4386
4563.296875	4388
4567.740234	4410
4572.183594	4421
4576.626953	4462
4581.070313	4406
4585.513672	4414
4589.957031	4453
4594.400391	4439
4598.843750	4452
4603.287109	4522
4607.730469	4560
4612.173828	4540
4616.617188	4540
4621.060547	4619
4625.503418	4690
4629.946777	4664
4634.390137	4698
4638.833496	4740
4643.276855	4767
4647.720215	4790
4652.163574	4826
4656.606934	4823
4661.050293	4821
4665.493652	4871
4669.937012	4947
4674.380371	5037
4678.823730	5027
4683.267090	5009
4687.710449	5060
4692.153809	5151
4696.596680	5217
4701.040039	5276
4705.483398	5313
4709.926758	5277
4714.370117	5287
4718.813477	5375
4723.256836	5380
4727.700195	5393
4732.143555	5468
4736.586914	5466
4741.030273	5429
4745.473633	5507
4749.916992	5566
4754.360352	5579
4758.803711	5541
4763.246582	5581
4767.689941	5634
4772.133301	5625
4776.576660	5653
4781.020020	5697
4785.463379	5708
4789.906738	5689
4794.350098	5711
4798.793457	5771
4803.236816	5798
4807.680176	5780
4812.123535	5736
4816.566895	5710
4821.010254	5730
4825.453613	5762
4829.896484	5718
4834.339844	5676
4838.783203	5631
4843.226563	5598
4847.669922	5583
4852.113281	5554
4856.556641	5516
4861.000000	5497
4865.443359	5498
4869.886719	5544
4874.330078	5558
4878.773438	5568
4883.216797	5548
4887.660156	5514
4892.103516	5509
4896.546387	5538
4900.989746	5580
4905.433105	5582
4909.876465	5577
4914.319824	5605
4918.763184	5606
4923.206543	5629
4927.649902	5664
4932.093262	5678
4936.536621	5676
4940.979980	5646
4945.423340	5656
4949.866699	5663
4954.310059	5678
4958.753418	5692
4963.196289	5745
4967.639648	5768
4972.083008	5711
4976.526367	5731
4980.969727	5688
4985.413086	5632
4989.856445	5688
4994.299805	5743
4998.743164	5755
5003.186523	5782
5007.629883	5731
5012.073242	5689
5016.516602	5722
5020.959961	5727
5025.403320	5707
5029.846191	5638
5034.289551	5681
5038.732910	5653
5043.176270	5561
5047.619629	5597
5052.062988	5651
5056.506348	5645
5060.949707	5579
5065.393066	5538
5069.836426	5548
5074.279785	5557
5078.723145	5574
5083.166504	5569
5087.609863	5617
5092.053223	5623
5096.496582	5551
5100.939453	5551
5105.382813	5516
5109.826172	5488
5114.269531	5547
5118.712891	5513
5123.156250	5497
5127.599609	5486
5132.042969	5468
5136.486328	5460
5140.929688	5410
5145.373047	5408
5149.816406	5407
5154.259766	5423
5158.703125	5437
5163.146484	5431
5167.589355	5396
5172.032715	5385
5176.476074	5382
5180.919434	5385
5185.362793	5383
5189.806152	5333
5194.249512	5312
5198.692871	5336
5203.136230	5329
5207.579590	5338
5212.022949	5348
5216.466309	5349
5220.909668	5359
5225.353027	5305
5229.796387	5330
5234.239258	5329
5238.682617	5290
5243.125977	5257
5247.569336	5273
5252.012695	5310
5256.456055	5313
5260.899414	5276
5265.342773	5225
5269.786133	5181
5274.229492	5178
5278.672852	5177
5283.116211	5202
5287.559570	5186
5292.002930	5136
5296.446289	5153
5300.889160	5163
5305.332520	5110
5309.775879	5102
5314.219238	5095
5318.662598	5075
5323.105957	5101
5327.549316	5094
5331.992676	5059
5336.436035	5054
5340.879395	5044
5345.322754	5054
5349.766113	5023
5354.209473	5043
5358.652832	5069
5363.096191	5051
5367.539063	4974
5371.982422	4980
5376.425781	4972
5380.869141	4983
5385.312500	4992
5389.755859	4976
5394.199219	4905
5398.642578	4911
5403.085938	4870
5407.529297	4833
5411.972656	4852
5416.416016	4835
5420.859375	4827
5425.302734	4858
5429.746094	4866
5434.189453	4824
5438.632324	4801
5443.075684	4803
5447.519043	4811
5451.962402	4812
5456.405762	4809
5460.849121	4808
5465.292480	4795
5469.735840	4783
5474.179199	4733
5478.622559	4751
5483.065918	4732
5487.509277	4706
5491.952637	4704
5496.395996	4722
5500.839355	4736
5505.282227	4738
5509.725586	4734
5514.168945	4759
5518.612305	4754
5523.055664	4764
5527.499023	4738
5531.942383	4660
5536.385742	4629
5540.829102	4641
5545.272461	4638
5549.715820	4651
5554.159180	4673
5558.602539	4686
5563.045898	4680
5567.489258	4625
5571.932129	4589
5576.375488	4609
5580.818848	4607
5585.262207	4580
5589.705566	4556
5594.148926	4577
5598.592285	4573
5603.035645	4537
5607.479004	4508
5611.922363	4535
5616.365723	4532
5620.809082	4517
5625.252441	4486
5629.695801	4499
5634.139160	4504
5638.582031	4443
5643.025391	4447
5647.468750	4517
5651.912109	4508
5656.355469	4467
5660.798828	4452
5665.242188	4459
5669.685547	4472
5674.128906	4417
5678.572266	4403
5683.015625	4408
5687.458984	4399
5691.902344	4376
5696.345703	4353
5700.789063	4378
5705.231934	4371
5709.675293	4369
5714.118652	4392
5718.562012	4363
5723.005371	4331
5727.448730	4335
5731.892090	4347
5736.335449	4365
5740.778809	4359
5745.222168	4286
5749.665527	4288
5754.108887	4309
5758.552246	4319
5762.995605	4323
5767.438965	4327
5771.882324	4293
5776.325195	4344
5780.768555	4358
5785.211914	4307
5789.655273	4280
5794.098633	4298
5798.541992	4338
5802.985352	4350
5807.428711	4371
5811.872070	4436
5816.315430	4443
5820.758789	4389
5825.202148	4357
5829.645508	4370
5834.088867	4406
5838.532227	4411
5842.975098	4455
5847.418457	4456
5851.861816	4461
5856.305176	4483
5860.748535	4468
5865.191895	4442
5869.635254	4452
5874.078613	4428
5878.521973	4430
5882.965332	4424
5887.408691	4379
5891.852051	4352
5896.295410	4362
5900.738770	4359
5905.182129	4330
5909.625000	4384
5914.068359	4433
5918.511719	4397
5922.955078	4385
5927.398438	4357
5931.841797	4365
5936.285156	4370
5940.728516	4346
5945.171875	4338
5949.615234	4335
5954.058594	4270
5958.501953	4306
5962.945313	4261
5967.388672	4251
5971.832031	4267
5976.274902	4251
5980.718262	4260
5985.161621	4241
5989.604980	4224
5994.048340	4235
5998.491699	4181
6002.935059	4177
6007.378418	4176
6011.821777	4179
6016.265137	4182
6020.708496	4168
6025.151855	4122
6029.595215	4067
6034.038574	4035
6038.481934	4040
6042.924805	4042
6047.368164	4075
6051.811523	4035
6056.254883	3993
6060.698242	4002
6065.141602	4006
6069.584961	3908
6074.028320	3874
6078.471680	3899
6082.915039	3874
6087.358398	3897
6091.801758	3862
6096.245117	3812
6100.688477	3823
6105.131836	3859
6109.575195	3821
6114.018066	3768
6118.461426	3719
6122.904785	3707
6127.348145	3773
6131.791504	3738
6136.234863	3711
6140.678223	3679
6145.121582	3608
6149.564941	3618
6154.008301	3649
6158.451660	3609
6162.895020	3588
6167.338379	3593
6171.781738	3587
6176.225098	3577
6180.667969	3559
6185.111328	3557
6189.554688	3526
6193.998047	3557
6198.441406	3530
6202.884766	3500
6207.328125	3531
6211.771484	3517
6216.214844	3478
6220.658203	3465
6225.101563	3435
6229.544922	3450
6233.988281	3463
6238.431641	3439
6242.875000	3375
6247.317871	3352
6251.761230	3393
6256.204590	3367
6260.647949	3347
6265.091309	3366
6269.534668	3358
6273.978027	3337
6278.421387	3324
6282.864746	3311
6287.308105	3321
6291.751465	3315
6296.194824	3270
6300.638184	3272
6305.081543	3308
6309.524902	3312
6313.967773	3282
6318.411133	3254
6322.854492	3255
6327.297852	3264
6331.741211	3272
6336.184570	3299
6340.627930	3297
6345.071289	3265
6349.514648	3259
6353.958008	3261
6358.401367	3223
6362.844727	3194
6367.288086	3222
6371.731445	3277
6376.174805	3278
6380.617676	3232
6385.061035	3228
6389.504395	3241
6393.947754	3228
6398.391113	3160
6402.834473	3207
6407.277832	3247
6411.721191	3227
6416.164551	3214
6420.607910	3210
6425.051270	3218
6429.494629	3235
6433.937988	3212
6438.381348	3193
6442.824707	3190
6447.268066	3189
6451.710938	3185
6456.154297	3182
6460.597656	3127
6465.041016	3143
6469.484375	3184
6473.927734	3181
6478.371094	3163
6482.814453	3134
6487.257813	3180
6491.701172	3206
6496.144531	3137
6500.587891	3124
6505.031250	3093
6509.474609	3121
6513.917969	3141
6518.360840	3141
6522.804199	3114
6527.247559	3104
6531.690918	3116
6536.134277	3099
6540.577637	3074
6545.020996	3054
6549.464355	3023
6553.907715	2969
6558.351074	2950
6562.794434	2928
6567.237793	2862
6571.681152	2735
6576.124512	2675
6580.567871	2669
6585.010742	2681
6589.454102	2674
6593.897461	2723
6598.340820	2777
6602.784180	2788
6607.227539	2835
6611.670898	2874
6616.114258	2953
6620.557617	2991
6625.000977	2957
6629.444336	2928
6633.887695	2943
6638.331055	2950
6642.774414	2970
6647.217773	2975
6651.660645	2996
6656.104004	3001
6660.547363	2965
6664.990723	2992
6669.434082	3011
6673.877441	3032
6678.320801	3020
6682.764160	2969
6687.207520	3010
6691.650879	3094
6696.094238	3055
6700.537598	3025
6704.980957	3060
6709.424316	3130
6713.867676	3114
6718.310547	3101
6722.753906	3122
6727.197266	3117
6731.640625	3122
6736.083984	3112
6740.527344	3090
6744.970703	3132
6749.414063	3164
6753.857422	3163
6758.300781	3102
6762.744141	3124
6767.187500	3148
6771.630859	3175
6776.074219	3180
6780.517578	3141
6784.960938	3137
6789.403809	3169
6793.847168	3209
6798.290527	3180
6802.733887	3165
6807.177246	3116
6811.620605	3113
6816.063965	3128
6820.507324	3134
6824.950684	3177
6829.394043	3188
6833.837402	3182
6838.280762	3210
6842.724121	3125
6847.167480	3118
6851.610840	3115
6856.053711	3103
6860.497070	3151
6864.940430	3210
6869.383789	3136
6873.827148	3024
6878.270508	2997
6882.713867	3006
6887.157227	2958
6891.600586	2929
6896.043945	2934
6900.487305	2930
6904.930664	2907
6909.374023	2940
6913.817383	2957
6918.260742	2990
6922.703613	2969
6927.146973	2951
6931.590332	2974
6936.033691	3028
6940.477051	3057
6944.920410	3088
6949.363770	3050
6953.807129	3074
6958.250488	3120
6962.693848	3091
6967.137207	3064
6971.580566	3105
6976.023926	3129
6980.467285	3131
6984.910645	3154
6989.353516	3188
6993.796875	3185
6998.240234	3115
7002.683594	3144
7007.126953	3165
7011.570313	3168
7016.013672	3163
7020.457031	3183
7024.900391	3179
7029.343750	3149
7033.787109	3154
7038.230469	3206
7042.673828	3253
7047.117188	3248
7051.560547	3199
7056.003418	3210
7060.446777	3219
7064.890137	3209
7069.333496	3206
7073.776855	3179
7078.220215	3132
7082.663574	3179
7087.106934	3191
7091.550293	3179
7095.993652	3203
7100.437012	3167
7104.880371	3146
7109.323730	3181
7113.767090	3182
7118.210449	3171
7122.653809	3200
7127.096680	3193
7131.540039	3179
7135.983398	3213
7140.426758	3162
7144.870117	3065
7149.313477	3098
7153.756836	3120
7158.200195	3100
7162.643555	3061
7167.086914	3018
7171.530273	3035
7175.973633	3080
7180.416992	3029
7184.860352	3001
7189.303711	3018
7193.746582	2981
7198.189941	2935
7202.633301	2912
7207.076660	2883
7211.520020	2863
7215.963379	2883
7220.406738	2872
7224.850098	2875
7229.293457	2909
7233.736816	2899
7238.180176	2860
7242.623535	2821
7247.066895	2794
7251.510254	2776
7255.953613	2788
7260.396484	2803
7264.839844	2753
7269.283203	2706
7273.726563	2687
7278.169922	2686
7282.613281	2675
7287.056641	2707
7291.500000	2693
7295.943359	2674
7300.386719	2680
7304.830078	2703
7309.273438	2710
7313.716797	2649
7318.160156	2647
7322.603516	2648
7327.046387	2640
7331.489746	2634
7335.933105	2619
7340.376465	2619
7344.819824	2586
7349.263184	2557
7353.706543	2622
7358.149902	2624
7362.593262	2604
7367.036621	2631
7371.479980	2606
7375.923340	2576
7380.366699	2559
7384.810059	2597
7389.253418	2590
7393.696289	2584
7398.139648	2595
7402.583008	2577
7407.026367	2572
7411.469727	2549
7415.913086	2536
7420.356445	2565
7424.799805	2546
7429.243164	2514
7433.686523	2515
7438.129883	2502
7442.573242	2522
7447.016602	2481
7451.459961	2426
7455.903320	2416
7460.346191	2423
7464.789551	2361
7469.232910	2387
7473.676270	2441
7478.119629	2408
7482.562988	2347
7487.006348	2335
7491.449707	2386
7495.893066	2361
7500.336426	2318
7504.779785	2283
7509.223145	2272
7513.666504	2247
7518.109863	2247
7522.553223	2263
7526.996582	2209
7531.439453	2167
7535.882813	2146
7540.326172	2133
7544.769531	2110
7549.212891	2102
7553.656250	2088
7558.099609	2043
7562.542969	1988
7566.986328	1962
7571.429688	1962
7575.873047	1960
7580.316406	1970
7584.759766	1915
7589.203125	1855
7593.646484	1821
7598.089355	1776
7602.532715	1749
7606.976074	1689
7611.419434	1567
7615.862793	1425
7620.306152	1293
7624.749512	1205
7629.192871	1179
7633.636230	1167
7638.079590	1118
7642.522949	1076
7646.966309	1078
7651.409668	1052
7655.853027	1057
7660.296387	1072
7664.739258	1105
7669.182617	1103
7673.625977	1099
7678.069336	1140
7682.512695	1178
7686.956055	1237
7691.399414	1282
7695.842773	1315
7700.286133	1319
7704.729492	1334
7709.172852	1346
7713.616211	1343
7718.059570	1368
7722.502930	1402
7726.946289	1410
7731.389160	1382
7735.832520	1391
7740.275879	1369
7744.719238	1366
7749.162598	1347
7753.605957	1305
7758.049316	1314
7762.492676	1366
7766.936035	1398
7771.379395	1396
7775.822754	1363
7780.266113	1296
7784.709473	1307
7789.152832	1343
7793.596191	1344
7798.039063	1346
7802.482422	1340
7806.925781	1316
7811.369141	1278
7815.812500	1281
7820.255859	1286
7824.699219	1299
7829.142578	1265
7833.585938	1210
7838.029297	1186
7842.472656	1174
7846.916016	1151
7851.359375	1119
7855.802734	1071
7860.246094	1056
7864.689453	1039
7869.132324	1016
7873.575684	984
7878.019043	942
7882.462402	919
7886.905762	918
7891.349121	931
7895.792480	911
7900.235840	862
7904.679199	847
7909.122559	852
7913.565918	856
7918.009277	797
7922.452637	788
7926.895996	796
7931.339355	778
7935.782227	786
7940.225586	776
7944.668945	777
7949.112305	796
7953.555664	802
7957.999023	829
7962.442383	848
7966.885742	861
7971.329102	853
7975.772461	836
7980.215820	872
7984.659180	909
7989.102539	922
7993.545898	917
7997.989258	915
8002.432129	915
8006.875488	941
8011.318848	982
8015.762207	997
8020.205566	963
8024.648926	931
8029.092285	945
8033.535645	971
8037.979004	959
8042.422363	956
8046.865723	975
8051.309082	975
8055.752441	940
8060.195801	960
8064.639160	975
8069.082031	994
8073.525391	983
8077.968750	962
8082.412109	957
8086.855469	987
8091.298828	996
8095.742188	1013
8100.185547	1003
8104.628906	979
8109.072266	987
8113.515625	951
8117.958984	955
8122.402344	943
8126.845703	941
8131.289063	965
8135.731934	942
8140.175293	901
8144.618652	882
8149.062012	865
8153.505371	839
8157.948730	811
8162.392090	828
8166.835449	834
8171.278809	817
8175.722168	818
8180.165527	829
8184.608887	806
8189.052246	756
8193.495117	763
8197.938477	768
8202.381836	765
8206.825195	755
8211.268555	724
8215.711914	707
8220.155273	678
8224.598633	664
8229.041992	665
8233.485352	654
8237.928711	626
8242.372070	616
8246.815430	619
8251.258789	632
8255.702148	605
8260.145508	603
8264.588867	589
8269.032227	603
8273.475586	595
8277.918945	588
8282.362305	571
8286.805664	564
8291.249023	561
8295.692383	542
8300.135742	547
8304.578125	578
8309.021484	560
8313.464844	554
8317.908203	555
8322.351563	560
8326.794922	581
8331.238281	588
8335.681641	595
8340.125000	589
8344.568359	553
8349.011719	550
8353.455078	608
8357.898438	617
8362.341797	621
8366.785156	616
8371.228516	604
8375.671875	634
8380.115234	641
8384.558594	660
8389.001953	699
8393.445313	682
8397.888672	691
8402.332031	717
8406.775391	688
8411.218750	702
8415.662109	712
8420.105469	716
8424.548828	741
8428.992188	756
8433.435547	765
8437.878906	767
8442.321289	736
8446.764648	774
8451.208008	768
8455.651367	756
8460.094727	779
8464.538086	794
8468.981445	805
8473.424805	833
8477.868164	801
8482.311523	801
8486.754883	788
8491.198242	779
8495.641602	785
8500.084961	800
8504.528320	822
8508.971680	835
8513.415039	811
8517.858398	785
8522.301758	814
8526.745117	813
8531.188477	792
8535.631836	793
8540.075195	807
8544.518555	818
8548.961914	796
8553.405273	788
8557.848633	779
8562.291992	775
8566.735352	771
8571.178711	771
8575.621094	766
8580.064453	791
8584.507813	765
8588.951172	775
8593.394531	797
8597.837891	782
8602.281250	762
8606.724609	750
8611.167969	753
8615.611328	752
8620.054688	730
8624.498047	728
8628.941406	737
8633.384766	731
8637.828125	699
8642.271484	713
8646.714844	720
8651.158203	676
8655.601563	676
8660.044922	647
8664.488281	616
8668.931641	642
8673.375000	626
8677.818359	604
8682.261719	599
8686.705078	598
8691.148438	598
8695.591797	601
8700.035156	588
8704.478516	585
8708.921875	580
8713.364258	619
8717.807617	618
8722.250977	593
8726.694336	597
8731.137695	571
8735.581055	552
8740.024414	526
8744.467773	539
8748.911133	527
8753.354492	533
8757.797852	552
8762.241211	567
8766.684570	564
8771.127930	554
8775.571289	528
8780.014648	522
8784.458008	555
8788.901367	539
8793.344727	540
8797.788086	516
8802.231445	521
8806.674805	532
8811.118164	505
8815.561523	503
8820.004883	492
8824.448242	492
8828.891602	489
8833.334961	512
8837.778320	511
8842.221680	493
8846.664063	469
8851.107422	438
8855.550781	438
8859.994141	449
8864.437500	445
8868.880859	447
8873.324219	453
8877.767578	442
8882.210938	437
8886.654297	444
8891.097656	452
8895.541016	465
8899.984375	432
8904.427734	418
8908.871094	437
8913.314453	451
8917.757813	437
8922.201172	430
8926.644531	435
8931.087891	430
8935.531250	428
8939.974609	410
8944.417969	416
8948.861328	439
8953.304688	436
8957.748047	444
8962.191406	448
8966.634766	441
8971.078125	440
8975.521484	449
8979.963867	432
8984.407227	428
8988.850586	431
8993.293945	440
8997.737305	455
9002.180664	467
9006.624023	458
9011.067383	461
9015.510742	462
9019.954102	471
9024.397461	494
9028.840820	498
9033.284180	514
9037.727539	489
9042.170898	478
9046.614258	486
9051.057617	476
9055.500977	456
9059.944336	456
9064.387695	467
9068.831055	466
9073.274414	483
9077.717773	467
9082.161133	467
9086.604492	476
9091.047852	484
9095.491211	466
9099.934570	453
9104.377930	479
9108.821289	477
9113.264648	479
9117.707031	472
9122.150391	485
9126.593750	506
9131.037109	501
9135.480469	483
9139.923828	484
9144.367188	471
9148.810547	484
9153.253906	499
9157.697266	498
9162.140625	505
9166.583984	503
9171.027344	497
9175.470703	498
9179.914063	494
9184.357422	463
9188.800781	471
9193.244141	504
9197.687500	516
9202.130859	518
9206.574219	515
9211.017578	495
9215.460938	488
9219.904297	503
9224.347656	511
9228.791016	499
9233.234375	490
9237.677734	498
9242.121094	471
9246.564453	484
9251.006836	517
9255.450195	514
9259.893555	503
9264.336914	471
9268.780273	466
9273.223633	471
9277.666992	458
9282.110352	463
9286.553711	483
9290.997070	488
9295.440430	482
9299.883789	485
9304.327148	462
9308.770508	474
9313.213867	465
9317.657227	462
9322.100586	478
9326.543945	487
9330.987305	473
9335.430664	497
9339.874023	479
9344.317383	472
9348.760742	485
9353.204102	490
9357.647461	474
9362.090820	472
9366.534180	482
9370.977539	459
9375.420898	470
9379.864258	486
9384.307617	490
9388.750000	485
9393.193359	493
9397.636719	457
9402.080078	460
9406.523438	475
9410.966797	490
9415.410156	496
9419.853516	474
9424.296875	475
9428.740234	495
9433.183594	504
9437.626953	500
9442.070313	497
9446.513672	453
9450.957031	458
9455.400391	503
9459.843750	494
9464.287109	509
9468.730469	521
9473.173828	515
9477.617188	491
9482.060547	511
9486.503906	523
9490.947266	521
9495.390625	473
9499.833984	499
9504.277344	522
9508.720703	506
9513.164063	512
9517.607422	495
9522.049805	498
9526.493164	511
9530.936523	525
9535.379883	527
9539.823242	507
9544.266602	505
9548.709961	515
9553.153320	534
9557.596680	566
9562.040039	539
9566.483398	526
9570.926758	524
9575.370117	519
9579.813477	500
9584.256836	492
9588.700195	519
9593.143555	521
9597.586914	527
9602.030273	528
9606.473633	546
9610.916992	556
9615.360352	563
9619.803711	541
9624.247070	543
9628.690430	550
9633.133789	534
9637.577148	539
9642.020508	567
9646.463867	571
9650.907227	585
9655.349609	576
9659.792969	548
9664.236328	577
9668.679688	590
9673.123047	580
9677.566406	553
9682.009766	538
9686.453125	551
9690.896484	574
9695.339844	586
9699.783203	579
9704.226563	550
9708.669922	540
9713.113281	543
9717.556641	539
9722.000000	517
9726.443359	526
9730.886719	510
9735.330078	514
9739.773438	526
9744.216797	514
9748.660156	499
9753.103516	510
9757.546875	512
9761.990234	512
9766.433594	485
9770.876953	511
9775.320313	520
9779.763672	510
9784.207031	506
9788.650391	544
9793.092773	551
9797.536133	537
9801.979492	545
9806.422852	568
9810.866211	559
9815.309570	563
9819.752930	569
9824.196289	560
9828.639648	549
9833.083008	551
9837.526367	568
9841.969727	562
9846.413086	564
9850.856445	554
9855.299805	568
9859.743164	567
9864.186523	550
9868.629883	558
9873.073242	567
9877.516602	581
9881.959961	587
9886.403320	570
9890.846680	565
9895.290039	573
9899.733398	577
9904.176758	583
9908.620117	591
9913.063477	580
9917.506836	570
9921.950195	590
9926.392578	590
9930.835938	560
9935.279297	558
9939.722656	581
9944.166016	579
9948.609375	575
9953.052734	592
9957.496094	607
9961.939453	610
9966.382813	572
9970.826172	579
9975.269531	584
9979.712891	586
9984.156250	577
9988.599609	583
9993.042969	589
9997.486328	616
10001.929688	611
10006.373047	583
10010.816406	539
10015.259766	546
10019.703125	560
10024.146484	550
10028.589844	568
10033.033203	572
10037.476563	577
10041.919922	566
10046.363281	571
10050.806641	600
10055.250000	613
10059.692383	589
10064.135742	585
10068.579102	569
10073.022461	530
10077.465820	552
10081.909180	576
10086.352539	561
10090.795898	562
10095.239258	570
10099.682617	573
10104.125977	562
10108.569336	562
10113.012695	577
10117.456055	561
10121.899414	551
10126.342773	555
10130.786133	589
10135.229492	590
10139.672852	577
10144.116211	537
10148.559570	544
10153.002930	546
10157.446289	545
10161.889648	568
10166.333008	560
10170.776367	556
10175.219727	551
10179.663086	540
10184.106445	525
10188.549805	531
10192.993164	549
10197.435547	533
10201.878906	523
10206.322266	541
10210.765625	551
10215.208984	565
10219.652344	566
10224.095703	546
10228.539063	563
10232.982422	544
10237.425781	525
10241.869141	540
10246.312500	559
10250.755859	561
10255.199219	551
10259.642578	540
10264.085938	537
10268.529297	558
10272.972656	568
10277.416016	576
10281.859375	564
10286.302734	551
10290.746094	545
10295.189453	544
10299.632813	544
10304.076172	542
10308.519531	535
10312.962891	547
10317.406250	525
10321.849609	522
10326.292969	546
10330.735352	532
10335.178711	532
10339.622070	524
10344.065430	525
10348.508789	546
10352.952148	525
10357.395508	522
10361.838867	549
10366.282227	556
10370.725586	515
10375.168945	509
10379.612305	522
10384.055664	544
10388.499023	555
10392.942383	527
10397.385742	538
10401.829102	525
10406.272461	516
10410.715820	501
10415.159180	516
10419.602539	502
10424.045898	505
10428.489258	509
10432.932617	528
10437.375977	533
10441.819336	541
10446.262695	519
10450.706055	519
10455.149414	524
10459.592773	511
10464.036133	491
10468.478516	516
10472.921875	514
10477.365234	503
10481.808594	521
10486.251953	519
10490.695313	533
10495.138672	515
10499.582031	504
10504.025391	520
10508.468750	535
10512.912109	538
10517.355469	540
10521.798828	519
10526.242188	534
10530.685547	513
10535.128906	502
10539.572266	507
10544.015625	495
10548.458984	503
10552.902344	499
10557.345703	506
10561.789063	507
10566.232422	504
10570.675781	520
10575.119141	491
10579.562500	501
10584.005859	507
10588.449219	513
10592.892578	497
10597.335938	505
10601.778320	504
10606.221680	497
10610.665039	510
10615.108398	536
10619.551758	513
10623.995117	511
10628.438477	504
10632.881836	502
10637.325195	493
10641.768555	499
10646.211914	485
10650.655273	486
10655.098633	520
10659.541992	514
10663.985352	481
10668.428711	491
10672.872070	492
10677.315430	500
10681.758789	508
10686.202148	512
10690.645508	503
10695.088867	493
10699.532227	486
10703.975586	492
10708.418945	512
10712.862305	488
10717.305664	478
10721.749023	481
10726.192383	466
10730.635742	480
10735.078125	503
10739.521484	512
10743.964844	510
10748.408203	519
10752.851563	501
10757.294922	483
10761.738281	489
10766.181641	491
10770.625000	477
10775.068359	512
10779.511719	495
10783.955078	472
10788.398438	495
10792.841797	508
10797.285156	497
10801.728516	515
10806.171875	511
10810.615234	500
10815.058594	484
10819.501953	505
10823.945313	512
10828.388672	505
10832.832031	509
10837.275391	505
10841.718750	469
10846.162109	456
10850.605469	467
10855.048828	498
10859.492188	483
10863.935547	502
10868.378906	513
10872.821289	513
10877.264648	485
10881.708008	476
10886.151367	492
10890.594727	456
10895.038086	470
10899.481445	467
10903.924805	459
10908.368164	465
10912.811523	463
10917.254883	463
10921.698242	489
10926.141602	490
10930.584961	456
10935.028320	464
10939.471680	448
10943.915039	446
10948.358398	451
10952.801758	486
10957.245117	472
10961.688477	440
10966.131836	437
10970.575195	450
10975.018555	453
10979.461914	423
10983.905273	438
10988.348633	455
10992.791992	429
10997.235352	447
11001.678711	450
11006.121094	440
11010.564453	439
11015.007813	435
11019.451172	440
11023.894531	444
11028.337891	437
11032.781250	438
11037.224609	429
11041.667969	430
11046.111328	434
11050.554688	428
11054.998047	431
11059.441406	434
11063.884766	455
11068.328125	461
11072.771484	439
11077.214844	431
11081.658203	432
11086.101563	427
11090.544922	427
11094.988281	423
11099.431641	412
11103.875000	424
11108.318359	397
11112.761719	420
11117.205078	427
11121.648438	416
11126.091797	435
11130.535156	433
11134.978516	431
11139.421875	420
11143.864258	419
11148.307617	405
11152.750977	396
11157.194336	398
11161.637695	414
11166.081055	423
11170.524414	412
11174.967773	398
11179.411133	426
11183.854492	411
11188.297852	396
11192.741211	403
11197.184570	399
11201.627930	405
11206.071289	401
11210.514648	398
11214.958008	407
11219.401367	382
11223.844727	369
11228.288086	378
11232.731445	379
11237.174805	369
11241.618164	376
11246.061523	374
11250.504883	363
11254.948242	386
11259.391602	388
11263.834961	382
11268.278320	372
11272.721680	363
11277.164063	373
11281.607422	377
11286.050781	359
11290.494141	346
11294.937500	365
11299.380859	374
11303.824219	373
11308.267578	368
11312.710938	366
11317.154297	370
11321.597656	374
11326.041016	349
11330.484375	318
11334.927734	339
11339.371094	341
11343.814453	349
11348.257813	362
11352.701172	349
11357.144531	355
11361.587891	381
11366.031250	363
11370.474609	333
11374.917969	305
11379.361328	334
11383.804688	345
11388.248047	338
11392.691406	337
11397.134766	336
11401.578125	309
11406.021484	313
11410.463867	353
11414.907227	361
11419.350586	324
11423.793945	318
11428.237305	332
11432.680664	336
11437.124023	335
11441.567383	324
11446.010742	324
11450.454102	320
11454.897461	312
11459.340820	311
11463.784180	325
11468.227539	317
11472.670898	300
11477.114258	313
11481.557617	303
11486.000977	293
11490.444336	286
11494.887695	305
11499.331055	273
11503.774414	239
11508.217773	233
11512.661133	215
11517.104492	194
11521.547852	184
11525.991211	175
11530.434570	154
11534.877930	149
11539.321289	141
11543.764648	132
11548.207031	122
11552.650391	115
11557.093750	119
11561.537109	115
11565.980469	113
11570.423828	99
11574.867188	93
11579.310547	101
11583.753906	100
11588.197266	90
11592.640625	107
11597.083984	106
11601.527344	89
11605.970703	88
11610.414063	89
11614.857422	96
11619.300781	88
11623.744141	90
11628.187500	95
11632.630859	90
11637.074219	75
11641.517578	79
11645.960938	94
11650.404297	88
11654.847656	73
11659.291016	85
11663.734375	96
11668.177734	79
11672.621094	76
11677.064453	77
11681.506836	77
11685.950195	67
11690.393555	55
11694.836914	67
11699.280273	75
11703.723633	74
11708.166992	71
11712.610352	74
11717.053711	67
11721.497070	75
11725.940430	70
11730.383789	79
11734.827148	74
11739.270508	69
11743.713867	72
11748.157227	73
11752.600586	63
11757.043945	67
11761.487305	71
11765.930664	70
11770.374023	64
11774.817383	63
11779.260742	59
11783.704102	52
11788.147461	48
11792.590820	52
11797.034180	59
11801.477539	57
11805.920898	53
11810.364258	54
11814.807617	61
11819.250000	57
11823.693359	52
11828.136719	57
11832.580078	49
11837.023438	38
11841.466797	45
11845.910156	42
11850.353516	44
11854.796875	44
11859.240234	44
11863.683594	44
11868.126953	46
11872.570313	44
11877.013672	40
11881.457031	41
11885.900391	41
11890.343750	37
11894.787109	34
11899.230469	29
11903.673828	25
11908.117188	36
11912.560547	37
11917.003906	33
11921.447266	31
11925.890625	33
11930.333984	33
11934.777344	32
11939.220703	24
11943.664063	18
11948.107422	18
11952.549805	22
11956.993164	23
11961.436523	19
11965.879883	19
11970.323242	19
11974.766602	17
11979.209961	21
11983.653320	17
11988.096680	10
11992.540039	15
11996.983398	15
12001.426758	14
12005.870117	8
12010.313477	12
12014.756836	17
12019.200195	15
12023.643555	6
12028.086914	9
12032.530273	9
12036.973633	9
12041.416992	10
12045.860352	7
12050.303711	6
12054.747070	6
12059.190430	3
12063.633789	1
12068.077148	1
12072.520508	0
12076.963867	0
12081.407227	0
12085.849609	0
12090.292969	0
12094.736328	0
12099.179688	0
12103.623047	0
12108.066406	0
12112.509766	0
12116.953125	0
12121.396484	0
12125.839844	0
12130.283203	0
12134.726563	0
12139.169922	0
12143.613281	0
12148.056641	0
12152.500000	0
12156.943359	0
12161.386719	0
12165.830078	0
12170.273438	0
12174.716797	0
12179.160156	0
12183.603516	0
12188.046875	0
12192.490234	0
12196.933594	0
12201.376953	0
12205.820313	0
12210.263672	0
12214.707031	0
12219.150391	0
12223.592773	0
12228.036133	0
12232.479492	0
12236.922852	0
12241.366211	0
12245.809570	0
12250.252930	0
12254.696289	0
12259.139648	0
12263.583008	0
12268.026367	0
12272.469727	0
12276.913086	0
12281.356445	0
12285.799805	0
12290.243164	0
12294.686523	0
12299.129883	0
12303.573242	0
12308.016602	0
12312.459961	0
12316.903320	0
12321.346680	0
12325.790039	0
12330.233398	0
12334.676758	0
12339.120117	0
12343.563477	0
12348.006836	0
12352.450195	0
12356.892578	0
12361.335938	0
12365.779297	0
12370.222656	0
12374.666016	0
12379.109375	0
12383.552734	0
12387.996094	0
12392.439453	0
12396.882813	0
12401.326172	0
12405.769531	0
12410.212891	0
12414.656250	0
12419.099609	0
12423.542969	0
12427.986328	0
12432.429688	0
12436.873047	0
12441.316406	0
12445.759766	0
12450.203125	0
12454.646484	0
12459.089844	0
12463.533203	0
12467.976563	0
12472.419922	0
12476.863281	0
12481.306641	0
12485.750000	0
12490.192383	0
12494.635742	0
12499.079102	0
12503.522461	0
12507.965820	0
12512.409180	0
12516.852539	0
12521.295898	0
12525.739258	0
12530.182617	0
12534.625977	0
12539.069336	0
12543.512695	0
12547.956055	0
12552.399414	0
12556.842773	0
12561.286133	0
12565.729492	0
12570.172852	0
12574.616211	0
12579.059570	0
12583.502930	0
12587.946289	0
12592.389648	0
12596.833008	0
12601.276367	0
12605.719727	0
12610.163086	0
12614.606445	0
12619.049805	0
12623.493164	0
12627.935547	0
12632.378906	0
12636.822266	0
12641.265625	0
12645.708984	0
12650.152344	0
12654.595703	0
12659.039063	0
12663.482422	0
12667.925781	0
12672.369141	0
12676.812500	0
12681.255859	0
12685.699219	0
12690.142578	0
12694.585938	0
12699.029297	0
12703.472656	0
12707.916016	0
12712.359375	0
12716.802734	0
12721.246094	0
12725.689453	0
12730.132813	0
12734.576172	0
12739.019531	0
12743.462891	0
12747.906250	0
12752.349609	0
12756.792969	0
12761.235352	0
12765.678711	0
12770.122070	0
12774.565430	0
12779.008789	0
12783.452148	0
12787.895508	0
12792.338867	0
12796.782227	0
12801.225586	0
12805.668945	0
12810.112305	0
12814.555664	0
12818.999023	0
12823.442383	0
12827.885742	0
12832.329102	0
12836.772461	0
12841.215820	0
12845.659180	0
12850.102539	0
12854.545898	0
12858.989258	0
12863.432617	0
12867.875977	0
12872.319336	0
12876.762695	0
12881.206055	0
12885.649414	0
12890.092773	0
12894.536133	0
12898.978516	0
12903.421875	0
12907.865234	0
12912.308594	0
12916.751953	0
12921.195313	0
12925.638672	0
12930.082031	0
12934.525391	0
12938.968750	0
12943.412109	0
12947.855469	0
12952.298828	0
12956.742188	0
12961.185547	0
12965.628906	0
12970.072266	0
12974.515625	0
12978.958984	0
12983.402344	0
12987.845703	0
12992.289063	0
12996.732422	0
13001.175781	0
13005.619141	0
13010.062500	0
13014.505859	0
13018.949219	0
13023.392578	0
13027.835938	0
13032.278320	0
13036.721680	0
13041.165039	0
13045.608398	0
13050.051758	0
13054.495117	0
13058.938477	0
13063.381836	0
13067.825195	0
13072.268555	0
13076.711914	0
13081.155273	0
13085.598633	0
13090.041992	0
13094.485352	0
13098.928711	0
13103.372070	0
13107.815430	0
13112.258789	0
13116.702148	0
13121.145508	0
13125.588867	0
13130.032227	0
13134.475586	0
13138.918945	0
13143.362305	0
13147.805664	0
13152.249023	0
13156.692383	0
13161.135742	0
13165.578125	0
13170.021484	0
13174.464844	0
13178.908203	0
13183.351563	0
13187.794922	0
13192.238281	0
13196.681641	0
13201.125000	0
13205.568359	0
13210.011719	0
13214.455078	0
13218.898438	0
13223.341797	0
13227.785156	0
13232.228516	0
13236.671875	0
13241.115234	0
13245.558594	0
13250.001953	0
13254.445313	0
13258.888672	0
13263.332031	0
13267.775391	0
13272.218750	0
13276.662109	0
13281.105469	0
13285.548828	0
13289.992188	0
13294.435547	0
13298.878906	0
13303.321289	0
13307.764648	0
13312.208008	0
13316.651367	0
13321.094727	0
13325.538086	0
13329.981445	0
13334.424805	0
13338.868164	0
13343.311523	0
13347.754883	0
13352.198242	0
13356.641602	0
13361.084961	0
13365.528320	0
13369.971680	0
13374.415039	0
13378.858398	0
13383.301758	0
13387.745117	0
13392.188477	0
13396.631836	0
13401.075195	0
13405.518555	0
13409.961914	0
13414.405273	0
13418.848633	0
13423.291992	0
13427.735352	0
13432.178711	0
13436.621094	0
13441.064453	0
13445.507813	0
13449.951172	0
13454.394531	0
13458.837891	0
13463.281250	0
13467.724609	0
13472.167969	0
13476.611328	0
13481.054688	0
13485.498047	0
13489.941406	0
13494.384766	0
13498.828125	0
13503.271484	0
13507.714844	0
13512.158203	0
13516.601563	0
13521.044922	0
13525.488281	0
13529.931641	0
13534.375000	0
13538.818359	0
13543.261719	0
13547.705078	0
13552.148438	0
13556.591797	0
13561.035156	0
13565.478516	0
13569.921875	0
13574.364258	0
13578.807617	0
13583.250977	0
13587.694336	0
13592.137695	0
13596.581055	0
13601.024414	0
13605.467773	0
13609.911133	0
13614.354492	0
13618.797852	0
13623.241211	0
13627.684570	0
13632.127930	0
13636.571289	0
13641.014648	0
13645.458008	0
13649.901367	0
13654.344727	0
13658.788086	0
13663.231445	0
13667.674805	0
13672.118164	0
13676.561523	0
13681.004883	0
13685.448242	0
13689.891602	0
13694.334961	0
13698.778320	0
13703.221680	0
13707.664063	0
13712.107422	0
13716.550781	0
13720.994141	0
13725.437500	0
13729.880859	0
13734.324219	0
13738.767578	0
13743.210938	0
13747.654297	0
13752.097656	0
13756.541016	0
13760.984375	0
13765.427734	0
13769.871094	0
13774.314453	0
13778.757813	0
13783.201172	0
13787.644531	0
13792.087891	0
13796.531250	0
13800.974609	0
13805.417969	0
13809.861328	0
13814.304688	0
13818.748047	0
13823.191406	0
13827.634766	0
13832.078125	0
13836.521484	0
13840.963867	0
13845.407227	0
13849.850586	0
13854.293945	0
13858.737305	0
13863.180664	0
13867.624023	0
13872.067383	0
13876.510742	0
13880.954102	0
13885.397461	0
13889.840820	0
13894.284180	0
13898.727539	0
13903.170898	0
13907.614258	0
13912.057617	0
13916.500977	0
13920.944336	0
13925.387695	0
13929.831055	0
13934.274414	0
13938.717773	0
13943.161133	0
13947.604492	0
13952.047852	0
13956.491211	0
13960.934570	0
13965.377930	0
13969.821289	0
13974.264648	0
13978.707031	0
13983.150391	0
13987.593750	0
13992.037109	0
13996.480469	0
14000.923828	0
14005.367188	0
14009.810547	0
14014.253906	0
14018.697266	0
14023.140625	0
14027.583984	0
14032.027344	0
14036.470703	0
14040.914063	0
14045.357422	0
14049.800781	0
14054.244141	0
14058.687500	0
14063.130859	0
14067.574219	0
14072.017578	0
14076.460938	0
14080.904297	0
14085.347656	0
14089.791016	0
14094.234375	0
14098.677734	0
14103.121094	0
14107.564453	0
14112.006836	0
14116.450195	0
14120.893555	0
14125.336914	0
14129.780273	0
14134.223633	0
14138.666992	0
14143.110352	0
14147.553711	0
14151.997070	0
14156.440430	0
14160.883789	0
14165.327148	0
14169.770508	0
14174.213867	0
14178.657227	0
14183.100586	0
14187.543945	0
14191.987305	0
14196.430664	0
14200.874023	0
14205.317383	0
14209.760742	0
14214.204102	0
14218.647461	0
14223.090820	0
14227.534180	0
14231.977539	0
14236.420898	0
14240.864258	0
14245.307617	0
14249.750000	0
14254.193359	0
14258.636719	0
14263.080078	0
