-2938.695557	0
-2934.276367	0
-2929.857178	0
-2925.438232	0
-2921.019043	0
-2916.600098	0
-2912.180908	0
-2907.761719	0
-2903.342773	0
-2898.923584	0
-2894.504639	0
-2890.085449	0
-2885.666260	0
-2881.247314	0
-2876.828125	0
-2872.409180	0
-2867.989990	0
-2863.570801	0
-2859.151855	0
-2854.732666	0
-2850.313721	0
-2845.894531	0
-2841.475342	0
-2837.056396	0
-2832.637207	0
-2828.218262	0
-2823.799072	0
-2819.379883	0
-2814.960938	0
-2810.541748	0
-2806.122803	0
-2801.703613	0
-2797.284424	0
-2792.865479	0
-2788.446289	0
-2784.027344	0
-2779.608154	0
-2775.189209	0
-2770.770020	0
-2766.350830	0
-2761.931885	0
-2757.512695	0
-2753.093750	0
-2748.674561	0
-2744.255371	0
-2739.836426	0
-2735.417236	0
-2730.998291	0
-2726.579102	0
-2722.159912	0
-2717.740967	0
-2713.321777	0
-2708.902832	0
-2704.483643	0
-2700.064453	0
-2695.645508	0
-2691.226318	0
-2686.807373	0
-2682.388184	0
-2677.968994	0
-2673.550049	0
-2669.130859	0
-2664.711914	0
-2660.292725	0
-2655.873535	0
-2651.454590	0
-2647.035400	0
-2642.616455	0
-2638.197266	0
-2633.778076	0
-2629.359131	0
-2624.939941	0
-2620.520996	0
-2616.101807	0
-2611.682617	0
-2607.263672	0
-2602.844482	0
-2598.425537	0
-2594.006348	0
-2589.587158	0
-2585.168213	0
-2580.749023	0
-2576.330078	0
-2571.910889	0
-2567.491699	0
-2563.072754	0
-2558.653564	0
-2554.234619	0
-2549.815430	0
-2545.396484	0
-2540.977295	0
-2536.558105	0
-2532.139160	0
-2527.719971	0
-2523.301025	0
-2518.881836	0
-2514.462646	0
-2510.043701	0
-2505.624512	0
-2501.205566	0
-2496.786377	0
-2492.367188	0
-2487.948242	0
-2483.529053	0
-2479.110107	0
-2474.690918	0
-2470.271729	0
-2465.852783	0
-2461.433594	0
-2457.014648	0
-2452.595459	0
-2448.176270	0
-2443.757324	0
-2439.338135	0
-2434.919189	0
-2430.500000	0
-2426.080811	0
-2421.661865	0
-2417.242676	0
-2412.823730	0
-2408.404541	0
-2403.985352	0
-2399.566406	0
-2395.147217	0
-2390.728271	2
-2386.309082	3
-2381.889893	5
-2377.470947	5
-2373.051758	8
-2368.632813	9
-2364.213623	6
-2359.794434	6
-2355.375488	7
-2350.956299	7
-2346.537354	12
-2342.118164	17
-2337.698975	14
-2333.280029	13
-2328.860840	14
-2324.441895	14
-2320.022705	12
-2315.603516	14
-2311.184570	15
-2306.765381	27
-2302.346436	23
-2297.927246	17
-2293.508301	22
-2289.089111	24
-2284.669922	21
-2280.250977	24
-2275.831787	21
-2271.412842	29
-2266.993652	31
-2262.574463	25
-2258.155518	18
-2253.736328	25
-2249.317383	29
-2244.898193	27
-2240.479004	31
-2236.060059	39
-2231.640869	25
-2227.221924	29
-2222.802734	30
-2218.383545	38
-2213.964600	35
-2209.545410	42
-2205.126465	42
-2200.707275	38
-2196.288086	30
-2191.869141	37
-2187.449951	40
-2183.031006	40
-2178.611816	36
-2174.192627	50
-2169.773682	51
-2165.354492	54
-2160.935547	50
-2156.516357	52
-2152.097168	57
-2147.678223	53
-2143.259033	59
-2138.840088	63
-2134.420898	54
-2130.001709	59
-2125.582764	54
-2121.163574	50
-2116.744629	51
-2112.325439	64
-2107.906250	65
-2103.487305	62
-2099.068115	66
-2094.649170	59
-2090.229980	60
-2085.810791	59
-2081.391846	54
-2076.972656	65
-2072.553711	72
-2068.134521	67
-2063.715576	62
-2059.296387	64
-2054.877197	54
-2050.458252	66
-2046.039063	71
-2041.619995	65
-2037.200928	83
-2032.781860	73
-2028.362671	68
-2023.943604	70
-2019.524536	76
-2015.105469	81
-2010.686401	72
-2006.267212	80
-2001.848145	77
-1997.429077	72
-1993.010010	82
-1988.590942	75
-1984.171875	75
-1979.752686	79
-1975.333618	84
-1970.914551	83
-1966.495483	82
-1962.076416	86
-1957.657227	97
-1953.238159	95
-1948.819092	91
-1944.400024	83
-1939.980957	82
-1935.561768	89
-1931.142700	95
-1926.723633	98
-1922.304565	106
-1917.885498	99
-1913.466309	94
-1909.047241	88
-1904.628174	88
-1900.209106	101
-1895.790039	106
-1891.370850	117
-1886.951782	107
-1882.532715	104
-1878.113647	103
-1873.694580	104
-1869.275513	107
-1864.856323	109
-1860.437256	108
-1856.018188	107
-1851.599121	116
-1847.180054	106
-1842.760864	100
-1838.341797	113
-1833.922729	110
-1829.503662	100
-1825.084595	103
-1820.665405	115
-1816.246338	123
-1811.827271	125
-1807.408203	130
-1802.989136	114
-1798.569946	119
-1794.150879	105
-1789.731812	118
-1785.312744	125
-1780.893677	128
-1776.474487	133
-1772.055420	125
-1767.636353	136
-1763.217285	138
-1758.798218	141
-1754.379150	135
-1749.959961	128
-1745.540894	139
-1741.121826	126
-1736.702759	133
-1732.283691	127
-1727.864502	129
-1723.445435	123
-1719.026367	136
-1714.607300	137
-1710.188232	140
-1705.769043	150
-1701.349976	144
-1696.930908	142
-1692.511841	136
-1688.092773	128
-1683.673584	141
-1679.254517	162
-1674.835449	148
-1670.416382	150
-1665.997314	158
-1661.578125	155
-1657.159058	143
-1652.739990	147
-1648.320923	153
-1643.901855	162
-1639.482788	151
-1635.063599	137
-1630.644531	155
-1626.225464	150
-1621.806396	152
-1617.387329	150
-1612.968140	157
-1608.549072	156
-1604.130005	158
-1599.710938	154
-1595.291870	165
-1590.872681	157
-1586.453613	158
-1582.034546	162
-1577.615479	178
-1573.196411	172
-1568.777222	165
-1564.358154	161
-1559.939087	165
-1555.520020	157
-1551.100952	162
-1546.681763	176
-1542.262695	176
-1537.843628	171
-1533.424561	179
-1529.005493	187
-1524.586304	190
-1520.167236	184
-1515.748169	182
-1511.329102	174
-1506.910034	171
-1502.490967	167
-1498.071777	176
-1493.652710	190
-1489.233643	189
-1484.814575	192
-1480.395508	183
-1475.976318	192
-1471.557251	196
-1467.138184	199
-1462.719116	209
-1458.300049	198
-1453.880859	192
-1449.461792	187
-1445.042725	163
-1440.623657	181
-1436.204590	191
-1431.785400	196
-1427.366333	202
-1422.947266	200
-1418.528198	179
-1414.109131	184
-1409.689941	186
-1405.270874	195
-1400.851807	195
-1396.432739	198
-1392.013672	202
-1387.594604	204
-1383.175415	205
-1378.756348	192
-1374.337280	216
-1369.918213	206
-1365.499146	200
-1361.079956	201
-1356.660889	204
-1352.241821	211
-1347.822754	208
-1343.403687	208
-1338.984497	211
-1334.565430	217
-1330.146362	228
-1325.727295	228
-1321.308228	232
-1316.889038	217
-1312.469971	224
-1308.050903	240
-1303.631836	238
-1299.212769	229
-1294.793579	203
-1290.374512	219
-1285.955444	217
-1281.536377	234
-1277.117310	246
-1272.698242	234
-1268.279053	244
-1263.859985	240
-1259.440918	234
-1255.021851	211
-1250.602783	206
-1246.183594	221
-1241.764526	215
-1237.345459	209
-1232.926392	218
-1228.507324	213
-1224.088135	226
-1219.669067	219
-1215.250000	213
-1210.830933	210
-1206.411865	218
-1201.992676	211
-1197.573608	222
-1193.154541	243
-1188.735474	249
-1184.316406	233
-1179.897217	253
-1175.478149	260
-1171.059082	242
-1166.640015	246
-1162.220947	231
-1157.801758	239
-1153.382690	252
-1148.963623	250
-1144.544556	246
-1140.125488	257
-1135.706421	267
-1131.287231	241
-1126.868164	228
-1122.449097	232
-1118.030029	234
-1113.610962	243
-1109.191772	236
-1104.772705	229
-1100.353638	227
-1095.934570	245
-1091.515503	254
-1087.096313	246
-1082.677246	242
-1078.258179	240
-1073.839111	256
-1069.420044	262
-1065.000854	240
-1060.581787	254
-1056.162720	248
-1051.743652	239
-1047.324585	236
-1042.905396	251
-1038.486328	236
-1034.067261	236
-1029.648193	236
-1025.229126	241
-1020.809998	233
-1016.390930	222
-1011.971802	221
-1007.552734	224
-1003.133606	242
-998.714539	252
-994.295471	254
-989.876343	224
-985.457275	236
-981.038208	217
-976.619080	226
-972.200012	219
-967.780884	206
-963.361816	234
-958.942749	257
-954.523621	256
-950.104553	252
-945.685425	243
-941.266357	241
-936.847290	245
-932.428162	238
-928.009094	248
-923.590027	247
-919.170898	236
-914.751831	256
-910.332703	238
-905.913635	226
-901.494568	234
-897.075439	247
-892.656372	237
-888.237244	240
-883.818176	251
-879.399109	246
-874.979980	228
-870.560913	245
-866.141846	240
-861.722717	252
-857.303650	255
-852.884521	252
-848.465454	269
-844.046387	258
-839.627258	246
-835.208191	231
-830.789063	233
-826.369995	260
-821.950928	264
-817.531799	250
-813.112732	238
-808.693665	242
-804.274536	234
-799.855469	238
-795.436340	248
-791.017273	262
-786.598206	280
-782.179077	260
-777.760010	244
-773.340881	236
-768.921814	238
-764.502747	242
-760.083618	220
-755.664551	221
-751.245483	218
-746.826355	236
-742.407288	259
-737.988159	262
-733.569092	243
-729.150024	241
-724.730896	244
-720.311829	269
-715.892700	264
-711.473633	233
-707.054565	228
-702.635437	250
-698.216370	243
-693.797302	248
-689.378174	248
-684.959106	264
-680.539978	245
-676.120911	238
-671.701843	263
-667.282715	263
-662.863647	251
-658.444519	260
-654.025452	265
-649.606384	269
-645.187256	280
-640.768188	266
-636.349121	255
-631.929993	263
-627.510925	269
-623.091797	257
-618.672729	235
-614.253662	248
-609.834534	245
-605.415466	266
-600.996338	276
-596.577271	277
-592.158203	260
-587.739075	257
-583.320007	262
-578.900879	260
-574.481812	243
-570.062744	255
-565.643616	254
-561.224548	262
-556.805481	252
-552.386353	246
-547.967285	259
-543.548157	259
-539.129089	263
-534.710022	269
-530.290894	283
-525.871826	262
-521.452698	246
-517.033630	244
-512.614563	262
-508.195465	269
-503.776367	270
-499.357269	280
-494.938171	270
-490.519104	273
-486.100006	269
-481.680908	253
-477.261810	261
-472.842712	270
-468.423645	265
-464.004547	267
-459.585449	268
-455.166351	285
-450.747284	269
-446.328186	291
-441.909088	288
-437.489990	264
-433.070923	278
-428.651825	280
-424.232727	270
-419.813629	253
-415.394531	266
-410.975464	273
-406.556366	258
-402.137268	279
-397.718170	267
-393.299103	268
-388.880005	278
-384.460907	291
-380.041809	292
-375.622742	268
-371.203644	268
-366.784546	249
-362.365448	256
-357.946350	261
-353.527283	293
-349.108185	297
-344.689087	279
-340.269989	300
-335.850922	308
-331.431824	297
-327.012726	286
-322.593628	291
-318.174561	287
-313.755463	288
-309.336365	305
-304.917267	290
-300.498169	299
-296.079102	316
-291.660004	308
-287.240906	293
-282.821808	316
-278.402740	325
-273.983643	311
-269.564545	304
-265.145447	300
-260.726349	302
-256.307281	308
-251.888184	344
-247.469086	332
-243.050003	333
-238.630905	337
-234.211823	346
-229.792725	356
-225.373642	332
-220.954544	320
-216.535461	340
-212.116364	358
-207.697266	358
-203.278183	370
-198.859085	375
-194.440002	381
-190.020905	375
-185.601822	384
-181.182724	403
-176.763641	377
-172.344543	386
-167.925461	407
-163.506363	406
-159.087280	419
-154.668182	447
-150.249084	455
-145.830002	495
-141.410904	496
-136.991821	511
-132.572723	547
-128.153641	573
-123.734543	591
-119.315453	605
-114.896362	640
-110.477272	705
-106.058182	744
-101.639091	774
-97.220001	828
-92.800911	943
-88.381821	1053
-83.962730	1104
-79.543640	1196
-75.124542	1370
-70.705452	1574
-66.286362	1793
-61.867271	2078
-57.448181	2385
-53.029091	2721
-48.610001	3116
-44.190910	3839
-39.771820	4830
-35.352726	5722
-30.933636	6415
-26.514545	6913
-22.095455	7415
-17.676363	7757
-13.257273	8099
-8.838181	8463
-4.419091	8677
0.000000	8745
4.419091	8691
8.838181	8515
13.257273	8253
17.676363	8085
22.095455	7989
26.514545	7878
30.933636	7833
35.352726	7696
39.771820	7525
44.190910	7198
48.610001	6827
53.029091	6336
57.448181	5640
61.867271	4744
66.286362	3881
70.705452	3156
75.124542	2682
79.543640	2282
83.962730	1960
88.381821	1640
92.800911	1450
97.220001	1270
101.639091	1097
106.058182	978
110.477272	888
114.896362	810
119.315453	763
123.734543	701
128.153641	663
132.572723	623
136.991821	610
141.410904	560
145.830002	537
150.249084	522
154.668182	498
159.087280	469
163.506363	444
167.925461	449
172.344543	424
176.763641	416
181.182724	403
185.601822	406
190.020905	379
194.440002	382
198.859085	387
203.278183	384
207.697266	391
212.116364	383
216.535461	358
220.954544	355
225.373642	357
229.792725	349
234.211823	346
238.630905	355
243.050003	347
247.469086	339
251.888184	327
256.307281	331
260.726349	312
265.145447	335
269.564545	341
273.983643	339
278.402740	331
282.821808	335
287.240906	313
291.660004	301
296.079102	305
300.498169	291
304.917267	298
309.336365	317
313.755463	299
318.174561	308
322.593628	306
327.012726	309
331.431824	306
335.850922	297
340.269989	322
344.689087	308
349.108185	302
353.527283	298
357.946350	284
362.365448	290
366.784546	306
371.203644	329
375.622742	303
380.041809	286
384.460907	295
388.880005	299
393.299103	296
397.718170	277
402.137268	287
406.556366	282
410.975464	277
415.394531	275
419.813629	275
424.232727	277
428.651825	265
433.070923	288
437.489990	290
441.909088	309
446.328186	302
450.747284	298
455.166351	280
459.585449	279
464.004547	266
468.423645	282
472.842712	276
477.261810	270
481.680908	272
486.100006	274
490.519104	264
494.938171	275
499.357269	288
503.776367	297
508.195465	289
512.614563	278
517.033630	273
521.452698	290
525.871826	277
530.290894	276
534.710022	269
539.129089	267
543.548157	265
547.967285	253
552.386353	261
556.805481	284
561.224548	292
565.643616	295
570.062744	280
574.481812	279
578.900879	269
583.320007	275
587.739075	292
592.158203	288
596.577271	281
600.996338	284
605.415466	285
609.834534	305
614.253662	292
618.672729	282
623.091797	282
627.510925	274
631.929993	274
636.349121	285
640.768188	290
645.187256	300
649.606384	302
654.025452	275
658.444519	277
662.863647	278
667.282715	298
671.701843	282
676.120911	280
680.539978	281
684.959106	263
689.378174	252
693.797302	253
698.216370	247
702.635437	255
707.054565	249
711.473633	273
715.892700	261
720.311829	259
724.730896	270
729.150024	266
733.569092	274
737.988159	291
742.407288	290
746.826355	290
751.245483	259
755.664551	264
760.083618	274
764.502747	276
768.921814	277
773.340881	283
777.760010	291
782.179077	298
786.598206	290
791.017273	273
795.436340	276
799.855469	308
804.274536	299
808.693665	280
813.112732	267
817.531799	253
821.950928	275
826.369995	262
830.789063	266
835.208191	265
839.627258	263
844.046387	257
848.465454	255
852.884521	247
857.303650	282
861.722717	274
866.141846	261
870.560913	269
874.979980	264
879.399109	261
883.818176	273
888.237244	280
892.656372	279
897.075439	277
901.494568	276
905.913635	274
910.332703	258
914.751831	272
919.170898	280
923.590027	274
928.009094	285
932.428162	297
936.847290	284
941.266357	297
945.685425	267
950.104553	282
954.523621	282
958.942749	296
963.361816	275
967.780884	249
972.200012	257
976.619080	260
981.038208	261
985.457275	275
989.876343	279
994.295471	286
998.714539	261
1003.133606	282
1007.552734	274
1011.971802	258
1016.390930	268
1020.809998	271
1025.229126	265
1029.648193	261
1034.067261	272
1038.486328	285
1042.905396	280
1047.324585	275
1051.743652	276
1056.162720	269
1060.581787	276
1065.000854	260
1069.420044	265
1073.839111	282
1078.258179	279
1082.677246	265
1087.096313	255
1091.515503	256
1095.934570	284
1100.353638	283
1104.772705	277
1109.191772	281
1113.610962	272
1118.030029	281
1122.449097	266
1126.868164	253
1131.287231	272
1135.706421	284
1140.125488	283
1144.544556	276
1148.963623	260
1153.382690	260
1157.801758	279
1162.220947	291
1166.640015	283
1171.059082	270
1175.478149	279
1179.897217	279
1184.316406	294
1188.735474	288
1193.154541	265
1197.573608	280
1201.992676	279
1206.411865	287
1210.830933	277
1215.250000	281
1219.669067	270
1224.088135	266
1228.507324	261
1232.926392	272
1237.345459	269
1241.764526	255
1246.183594	265
1250.602783	263
1255.021851	277
1259.440918	297
1263.859985	276
1268.279053	282
1272.698242	283
1277.117310	261
1281.536377	269
1285.955444	287
1290.374512	282
1294.793579	280
1299.212769	288
1303.631836	287
1308.050903	281
1312.469971	272
1316.889038	274
1321.308228	269
1325.727295	270
1330.146362	281
1334.565430	288
1338.984497	292
1343.403687	296
1347.822754	290
1352.241821	274
1356.660889	287
1361.079956	288
1365.499146	286
1369.918213	280
1374.337280	280
1378.756348	290
1383.175415	277
1387.594604	269
1392.013672	291
1396.432739	284
1400.851807	298
1405.270874	292
1409.689941	277
1414.109131	297
1418.528198	292
1422.947266	282
1427.366333	289
1431.785400	274
1436.204590	291
1440.623657	295
1445.042725	288
1449.461792	286
1453.880859	278
1458.300049	287
1462.719116	280
1467.138184	281
1471.557251	274
1475.976318	289
1480.395508	281
1484.814575	278
1489.233643	287
1493.652710	260
1498.071777	274
1502.490967	302
1506.910034	291
1511.329102	298
1515.748169	301
1520.167236	273
1524.586304	273
1529.005493	284
1533.424561	281
1537.843628	281
1542.262695	277
1546.681763	267
1551.100952	277
1555.520020	292
1559.939087	278
1564.358154	267
1568.777222	279
1573.196411	277
1577.615479	254
1582.034546	265
1586.453613	282
1590.872681	292
1595.291870	283
1599.710938	260
1604.130005	269
1608.549072	303
1612.968140	325
1617.387329	294
1621.806396	276
1626.225464	265
1630.644531	271
1635.063599	288
1639.482788	296
1643.901855	294
1648.320923	288
1652.739990	283
1657.159058	287
1661.578125	270
1665.997314	264
1670.416382	266
1674.835449	266
1679.254517	279
1683.673584	309
1688.092773	297
1692.511841	270
1696.930908	268
1701.349976	272
1705.769043	272
1710.188232	277
1714.607300	279
1719.026367	284
1723.445435	296
1727.864502	292
1732.283691	320
1736.702759	328
1741.121826	300
1745.540894	299
1749.959961	306
1754.379150	298
1758.798218	270
1763.217285	278
1767.636353	292
1772.055420	306
1776.474487	304
1780.893677	276
1785.312744	303
1789.731812	305
1794.150879	287
1798.569946	304
1802.989136	316
1807.408203	297
1811.827271	285
1816.246338	275
1820.665405	275
1825.084595	286
1829.503662	293
1833.922729	291
1838.341797	305
1842.760864	303
1847.180054	304
1851.599121	303
1856.018188	305
1860.437256	288
1864.856323	291
1869.275513	301
1873.694580	318
1878.113647	304
1882.532715	298
1886.951782	301
1891.370850	304
1895.790039	316
1900.209106	317
1904.628174	316
1909.047241	311
1913.466309	305
1917.885498	302
1922.304565	321
1926.723633	313
1931.142700	294
1935.561768	303
1939.980957	317
1944.400024	305
1948.819092	312
1953.238159	320
1957.657227	305
1962.076416	288
1966.495483	282
1970.914551	297
1975.333618	300
1979.752686	300
1984.171875	297
1988.590942	303
1993.010010	304
1997.429077	307
2001.848145	311
2006.267212	329
2010.686401	319
2015.105469	289
2019.524536	290
2023.943604	294
2028.362671	300
2032.781860	325
2037.200928	327
2041.619995	314
2046.039063	300
2050.458252	301
2054.877197	298
2059.296387	295
2063.715576	316
2068.134521	325
2072.553711	305
2076.972656	310
2081.391846	312
2085.810791	305
2090.229980	312
2094.649170	292
2099.068115	290
2103.487305	287
2107.906250	301
2112.325439	305
2116.744629	297
2121.163574	280
2125.582764	283
2130.001709	297
2134.420898	305
2138.840088	317
2143.259033	319
2147.678223	320
2152.097168	318
2156.516357	326
2160.935547	299
2165.354492	287
2169.773682	306
2174.192627	317
2178.611816	307
2183.031006	300
2187.449951	321
2191.869141	311
2196.288086	304
2200.707275	301
2205.126465	327
2209.545410	323
2213.964600	314
2218.383545	303
2222.802734	291
2227.221924	310
2231.640869	300
2236.060059	278
2240.479004	277
2244.898193	294
2249.317383	319
2253.736328	316
2258.155518	287
2262.574463	311
2266.993652	308
2271.412842	310
2275.831787	308
2280.250977	290
2284.669922	297
2289.089111	309
2293.508301	307
2297.927246	309
2302.346436	301
2306.765381	286
2311.184570	307
2315.603516	293
2320.022705	297
2324.441895	314
2328.860840	316
2333.280029	294
2337.698975	297
2342.118164	314
2346.537354	316
2350.956299	300
2355.375488	313
2359.794434	299
2364.213623	292
2368.632813	302
2373.051758	312
2377.470947	301
2381.889893	296
2386.309082	319
2390.728271	321
2395.147217	297
2399.566406	294
2403.985352	285
2408.404541	304
2412.823730	309
2417.242676	307
2421.661865	303
2426.080811	316
2430.500000	297
2434.919189	315
2439.338135	320
2443.757324	319
2448.176270	305
2452.595459	306
2457.014648	324
2461.433594	311
2465.852783	315
2470.271729	315
2474.690918	287
2479.110107	286
2483.529053	308
2487.948242	321
2492.367188	324
2496.786377	332
2501.205566	317
2505.624512	315
2510.043701	322
2514.462646	316
2518.881836	310
2523.301025	291
2527.719971	301
2532.139160	307
2536.558105	310
2540.977295	312
2545.396484	311
2549.815430	299
2554.234619	311
2558.653564	318
2563.072754	315
2567.491699	330
2571.910889	307
2576.330078	312
2580.749023	296
2585.168213	311
2589.587158	327
2594.006348	334
2598.425537	320
2602.844482	314
2607.263672	317
2611.682617	314
2616.101807	299
2620.520996	291
2624.939941	306
2629.359131	318
2633.778076	311
2638.197266	298
2642.616455	306
2647.035400	311
2651.454590	319
2655.873535	309
2660.292725	306
2664.711914	293
2669.130859	299
2673.550049	314
2677.968994	301
2682.388184	318
2686.807373	330
2691.226318	316
2695.645508	314
2700.064453	322
2704.483643	314
2708.902832	333
2713.321777	324
2717.740967	308
2722.159912	286
2726.579102	283
2730.998291	343
2735.417236	341
2739.836426	326
2744.255371	332
2748.674561	321
2753.093750	303
2757.512695	320
2761.931885	342
2766.350830	319
2770.770020	304
2775.189209	315
2779.608154	331
2784.027344	331
2788.446289	324
2792.865479	306
2797.284424	299
2801.703613	305
2806.122803	322
2810.541748	324
2814.960938	317
2819.379883	306
2823.799072	311
2828.218262	327
2832.637207	334
2837.056396	323
2841.475342	313
2845.894531	313
2850.313721	318
2854.732666	307
2859.151855	318
2863.570801	319
2867.989990	328
2872.409180	322
2876.828125	299
2881.247314	292
2885.666260	314
2890.085449	322
2894.504639	305
2898.923584	321
2903.342773	316
2907.761719	309
2912.180908	318
2916.600098	309
2921.019043	316
2925.438232	299
2929.857178	323
2934.276367	322
2938.695557	322
2943.114502	334
2947.533691	343
2951.952637	348
2956.371826	314
2960.791016	305
2965.209961	318
2969.629150	340
2974.048096	317
2978.467285	328
2982.886475	329
2987.305420	326
2991.724609	317
2996.143555	300
3000.562744	309
3004.981934	310
3009.400879	339
3013.820068	327
3018.239014	317
3022.658203	315
3027.077393	311
3031.496338	305
3035.915527	324
3040.334473	333
3044.753662	319
3049.172607	317
3053.591797	325
3058.010986	319
3062.429932	296
3066.849121	316
3071.268066	319
3075.687256	333
3080.106445	321
3084.525391	317
3088.944580	297
3093.363525	296
3097.782715	300
3102.201904	302
3106.620850	303
3111.040039	325
3115.458984	307
3119.878174	310
3124.297363	295
3128.716309	307
3133.135498	324
3137.554443	330
3141.973633	317
3146.392822	299
3150.811768	307
3155.230957	309
3159.649902	319
3164.069092	314
3168.488281	312
3172.907227	326
3177.326416	327
3181.745361	314
3186.164551	324
3190.583740	333
3195.002686	326
3199.421875	330
3203.840820	334
3208.260010	330
3212.679199	336
3217.098145	339
3221.517334	332
3225.936279	322
3230.355469	304
3234.774658	301
3239.193604	312
3243.612793	307
3248.031738	335
3252.450928	356
3256.870117	339
3261.289063	356
3265.708252	338
3270.127197	331
3274.546387	352
3278.965576	348
3283.384521	337
3287.803711	342
3292.222656	327
3296.641846	319
3301.060791	314
3305.479980	324
3309.899170	332
3314.318115	334
3318.737305	308
3323.156250	308
3327.575439	299
3331.994629	319
3336.413574	337
3340.832764	329
3345.251709	316
3349.670898	302
3354.090088	305
3358.509033	310
3362.928223	334
3367.347168	334
3371.766357	343
3376.185547	349
3380.604492	332
3385.023682	325
3389.442627	353
3393.861816	352
3398.281006	340
3402.699951	336
3407.119141	337
3411.538086	317
3415.957275	312
3420.376465	331
3424.795410	336
3429.214600	325
3433.633545	324
3438.052734	324
3442.471924	340
3446.890869	348
3451.310059	322
3455.729004	331
3460.148193	333
3464.567383	299
3468.986328	315
3473.405518	342
3477.824463	344
3482.243652	348
3486.662842	343
3491.081787	352
3495.500977	349
3499.919922	343
3504.339111	343
3508.758301	331
3513.177246	339
3517.596436	364
3522.015381	351
3526.434570	337
3530.853516	332
3535.272705	343
3539.691895	334
3544.110840	354
3548.530029	375
3552.948975	359
3557.368164	362
3561.787354	371
3566.206299	360
3570.625488	362
3575.044434	317
3579.463623	336
3583.882813	357
3588.301758	374
3592.720947	380
3597.139893	364
3601.559082	384
3605.978271	377
3610.397217	368
3614.816406	375
3619.235352	393
3623.654541	404
3628.073730	395
3632.492676	414
3636.911865	427
3641.330811	414
3645.750000	410
3650.169189	423
3654.588135	444
3659.007324	446
3663.426270	435
3667.845459	452
3672.264648	453
3676.683594	453
3681.102783	457
3685.521729	463
3689.940918	483
3694.360107	516
3698.779053	530
3703.198242	547
3707.617188	563
3712.036377	560
3716.455566	593
3720.874512	634
3725.293701	656
3729.712646	660
3734.131836	676
3738.551025	690
3742.969971	730
3747.389160	759
3751.808105	738
3756.227295	767
3760.646484	775
3765.065430	834
3769.484619	891
3773.903564	912
3778.322754	930
3782.741699	986
3787.160889	1072
3791.580078	1198
3795.999023	1320
3800.418213	1442
3804.837158	1536
3809.256348	1533
3813.675537	1478
3818.094482	1514
3822.513672	1577
3826.932617	1698
3831.351807	1809
3835.770996	1927
3840.189941	1999
3844.609131	2115
3849.028076	2205
3853.447266	2224
3857.866455	2218
3862.285400	2251
3866.704590	2256
3871.123535	2276
3875.542725	2340
3879.961914	2483
3884.380859	2661
3888.800049	2791
3893.218994	2957
3897.638184	3079
3902.057373	3122
3906.476318	3175
3910.895508	3195
3915.314453	3211
3919.733643	3204
3924.152832	3217
3928.571777	3181
3932.990967	3137
3937.409912	3100
3941.829102	3050
3946.248291	2975
3950.667236	2906
3955.086426	2957
3959.505371	3065
3963.924561	3127
3968.343750	3205
3972.762695	3323
3977.181885	3402
3981.600830	3478
3986.020020	3489
3990.439209	3507
3994.858154	3548
3999.277344	3576
4003.696289	3625
4008.115479	3604
4012.534424	3640
4016.953613	3650
4021.372803	3584
4025.791748	3590
4030.210938	3589
4034.629883	3550
4039.049072	3518
4043.468262	3513
4047.887207	3485
4052.306396	3456
4056.725342	3387
4061.144531	3359
4065.563721	3288
4069.982666	3154
4074.401855	3052
4078.820801	3006
4083.239990	2944
4087.659180	2851
4092.078125	2878
4096.497070	2977
4100.916504	3006
4105.335449	3090
4109.754395	3156
4114.173828	3185
4118.592773	3290
4123.011719	3303
4127.431152	3298
4131.850098	3378
4136.269043	3396
4140.687988	3341
4145.107422	3311
4149.526367	3326
4153.945313	3336
4158.364746	3348
4162.783691	3302
4167.202637	3306
4171.621582	3260
4176.041016	3259
4180.459961	3283
4184.878906	3262
4189.298340	3227
4193.717285	3254
4198.136230	3247
4202.555664	3201
4206.974609	3172
4211.393555	3178
4215.812500	3150
4220.231934	3113
4224.650879	3150
4229.069824	3124
4233.489258	3101
4237.908203	3099
4242.327148	3061
4246.746582	3042
4251.165527	3013
4255.584473	2969
4260.003418	2956
4264.422852	2947
4268.841797	2970
4273.260742	2928
4277.680176	2892
4282.099121	2894
4286.518066	2848
4290.937500	2851
4295.356445	2866
4299.775391	2830
4304.194336	2822
4308.613770	2809
4313.032715	2766
4317.451660	2657
4321.871094	2594
4326.290039	2569
4330.708984	2525
4335.128418	2539
4339.547363	2554
4343.966309	2606
4348.385254	2699
4352.804688	2776
4357.223633	2842
4361.642578	2856
4366.062012	2888
4370.480957	2958
4374.899902	2981
4379.318848	2974
4383.738281	2991
4388.157227	2995
4392.576172	3002
4396.995605	3031
4401.414551	3050
4405.833496	3047
4410.252930	3066
4414.671875	3070
4419.090820	3087
4423.509766	3087
4427.929199	3082
4432.348145	3102
4436.767090	3038
4441.186523	3037
4445.605469	3076
4450.024414	3065
4454.443848	3072
4458.862793	3056
4463.281738	3016
4467.700684	3043
4472.120117	3019
4476.539063	2972
4480.958008	2955
4485.377441	2950
4489.796387	2965
4494.215332	2946
4498.634766	2929
4503.053711	2958
4507.472656	2962
4511.891602	2922
4516.311035	2879
4520.729980	2882
4525.148926	2854
4529.568359	2882
4533.987305	2895
4538.406250	2862
4542.825684	2828
4547.244629	2827
4551.663574	2817
4556.082520	2824
4560.501953	2876
4564.920898	2912
4569.339844	2939
4573.759277	2902
4578.178223	2862
4582.597168	2906
4587.016602	2938
4591.435547	2879
4595.854492	2875
4600.273438	2915
4604.692871	2925
4609.111816	2990
4613.530762	3018
4617.950195	3043
4622.369141	3091
4626.788086	3088
4631.207031	3062
4635.626465	3122
4640.045410	3137
4644.464355	3159
4648.883789	3218
4653.302734	3264
4657.721680	3300
4662.141113	3308
4666.560059	3298
4670.979004	3352
4675.397949	3388
4679.817383	3391
4684.236328	3401
4688.655273	3434
4693.074707	3479
4697.493652	3510
4701.912598	3532
4706.332031	3574
4710.750977	3551
4715.169922	3551
4719.588867	3592
4724.008301	3614
4728.427246	3629
4732.846191	3643
4737.265625	3667
4741.684570	3704
4746.103516	3709
4750.522949	3707
4754.941895	3761
4759.360840	3767
4763.779785	3762
4768.199219	3784
4772.618164	3740
4777.037109	3748
4781.456543	3796
4785.875488	3799
4790.294434	3847
4794.713867	3852
4799.132813	3787
4803.551758	3791
4807.970703	3791
4812.390137	3811
4816.809082	3835
4821.228027	3770
4825.647461	3755
4830.066406	3766
4834.485352	3702
4838.904785	3676
4843.323730	3692
4847.742676	3629
4852.161621	3628
4856.581055	3570
4861.000000	3532
4865.418945	3552
4869.838379	3552
4874.257324	3625
4878.676270	3675
4883.095215	3710
4887.514648	3734
4891.933594	3736
4896.352539	3737
4900.771973	3761
4905.190918	3776
4909.609863	3839
4914.029297	3845
4918.448242	3804
4922.867188	3820
4927.286133	3862
4931.705566	3863
4936.124512	3832
4940.543457	3840
4944.962891	3794
4949.381836	3814
4953.800781	3807
4958.220215	3712
4962.639160	3787
4967.058105	3776
4971.477051	3729
4975.896484	3784
4980.315430	3821
4984.734375	3816
4989.153809	3806
4993.572754	3808
4997.991699	3754
5002.411133	3732
5006.830078	3737
5011.249023	3768
5015.667969	3763
5020.087402	3743
5024.506348	3721
5028.925293	3712
5033.344727	3709
5037.763672	3709
5042.182617	3724
5046.602051	3741
5051.020996	3719
5055.439941	3679
5059.858887	3662
5064.278320	3664
5068.697266	3656
5073.116211	3669
5077.535645	3650
5081.954590	3618
5086.373535	3647
5090.792969	3656
5095.211914	3660
5099.630859	3607
5104.049805	3574
5108.469238	3639
5112.888184	3588
5117.307129	3522
5121.726563	3584
5126.145508	3580
5130.564453	3568
5134.983398	3576
5139.402832	3530
5143.821777	3510
5148.240723	3507
5152.660156	3529
5157.079102	3515
5161.498047	3485
5165.917480	3424
5170.336426	3407
5174.755371	3412
5179.174316	3436
5183.593750	3436
5188.012695	3415
5192.431641	3431
5196.851074	3399
5201.270020	3434
5205.688965	3452
5210.108398	3449
5214.527344	3397
5218.946289	3403
5223.365234	3381
5227.784668	3366
5232.203613	3366
5236.622559	3384
5241.041992	3394
5245.460938	3379
5249.879883	3360
5254.299316	3322
5258.718262	3314
5263.137207	3317
5267.556152	3324
5271.975586	3298
5276.394531	3291
5280.813477	3286
5285.232910	3256
5289.651855	3257
5294.070801	3264
5298.490234	3275
5302.909180	3289
5307.328125	3314
5311.747070	3311
5316.166504	3302
5320.585449	3231
5325.004395	3196
5329.423828	3183
5333.842773	3225
5338.261719	3210
5342.681152	3137
5347.100098	3179
5351.519043	3208
5355.937988	3205
5360.357422	3202
5364.776367	3158
5369.195313	3155
5373.614746	3163
5378.033691	3145
5382.452637	3157
5386.871582	3182
5391.291016	3186
5395.709961	3119
5400.128906	3096
5404.548340	3087
5408.967285	3060
5413.386230	3068
5417.805664	3052
5422.224609	3054
5426.643555	3102
5431.062500	3088
5435.481934	3060
5439.900879	3029
5444.319824	3028
5448.739258	3063
5453.158203	3071
5457.577148	3018
5461.996582	2981
5466.415527	3000
5470.834473	3059
5475.253418	3027
5479.672852	2940
5484.091797	2980
5488.510742	3008
5492.930176	2985
5497.349121	2965
5501.768066	2950
5506.187500	2909
5510.606445	2984
5515.025391	2967
5519.444336	2942
5523.863770	2968
5528.282715	2939
5532.701660	2884
5537.121094	2908
5541.540039	2908
5545.958984	2901
5550.378418	2895
5554.797363	2882
5559.216309	2889
5563.635254	2883
5568.054688	2854
5572.473633	2861
5576.892578	2890
5581.312012	2882
5585.730957	2912
5590.149902	2859
5594.568848	2862
5598.988281	2883
5603.407227	2879
5607.826172	2870
5612.245605	2826
5616.664551	2797
5621.083496	2837
5625.502930	2843
5629.921875	2832
5634.340820	2804
5638.759766	2785
5643.179199	2758
5647.598145	2776
5652.017090	2803
5656.436523	2764
5660.855469	2749
5665.274414	2737
5669.693848	2738
5674.112793	2742
5678.531738	2753
5682.950684	2723
5687.370117	2705
5691.789063	2712
5696.208008	2722
5700.627441	2708
5705.046387	2735
5709.465332	2755
5713.884766	2734
5718.303711	2743
5722.722656	2692
5727.141602	2655
5731.561035	2700
5735.979980	2690
5740.398926	2709
5744.818359	2683
5749.237305	2643
5753.656250	2697
5758.075684	2689
5762.494629	2660
5766.913574	2704
5771.332520	2732
5775.751953	2719
5780.170898	2743
5784.589844	2712
5789.009277	2733
5793.428223	2779
5797.847168	2758
5802.266602	2756
5806.685547	2804
5811.104492	2783
5815.523438	2781
5819.942871	2810
5824.361816	2783
5828.780762	2803
5833.200195	2754
5837.619141	2749
5842.038086	2797
5846.457031	2779
5850.876465	2767
5855.295410	2792
5859.714355	2739
5864.133789	2786
5868.552734	2816
5872.971680	2794
5877.391113	2769
5881.810059	2779
5886.229004	2751
5890.647949	2750
5895.067383	2756
5899.486328	2729
5903.905273	2712
5908.324707	2697
5912.743652	2720
5917.162598	2726
5921.582031	2745
5926.000977	2738
5930.419922	2723
5934.838867	2730
5939.258301	2708
5943.677246	2681
5948.096191	2699
5952.515625	2664
5956.934570	2643
5961.353516	2638
5965.772949	2630
5970.191895	2623
5974.610840	2624
5979.029785	2596
5983.449219	2607
5987.868164	2624
5992.287109	2589
5996.706543	2592
6001.125488	2597
6005.544434	2582
6009.963867	2606
6014.382813	2592
6018.801758	2515
6023.220703	2505
6027.640137	2517
6032.059082	2539
6036.478027	2535
6040.897461	2484
6045.316406	2477
6049.735352	2498
6054.154785	2482
6058.573730	2463
6062.992676	2447
6067.411621	2385
6071.831055	2374
6076.250000	2392
6080.668945	2372
6085.088379	2336
6089.507324	2348
6093.926270	2319
6098.345215	2330
6102.764648	2298
6107.183594	2283
6111.602539	2284
6116.021973	2285
6120.440918	2251
6124.859863	2240
6129.279297	2226
6133.698242	2234
6138.117188	2199
6142.536133	2179
6146.955566	2207
6151.374512	2213
6155.793457	2197
6160.212891	2210
6164.631836	2210
6169.050781	2185
6173.470215	2150
6177.889160	2122
6182.308105	2171
6186.727051	2131
6191.146484	2054
6195.565430	2065
6199.984375	2101
6204.403809	2118
6208.822754	2128
6213.241699	2090
6217.661133	2066
6222.080078	2060
6226.499023	2057
6230.917969	2062
6235.337402	2058
6239.756348	1995
6244.175293	2032
6248.594727	2073
6253.013672	2037
6257.432617	2014
6261.852051	2008
6266.270996	2005
6270.689941	1966
6275.108887	1965
6279.528320	1986
6283.947266	1986
6288.366211	1985
6292.785645	1992
6297.204590	1975
6301.623535	1916
6306.042969	1949
6310.461914	1961
6314.880859	1936
6319.299805	1979
6323.719238	1998
6328.138184	1965
6332.557129	1939
6336.976563	1914
6341.395508	1977
6345.814453	1963
6350.233398	1973
6354.652832	2009
6359.071777	1966
6363.490723	1916
6367.910156	1923
6372.329102	1924
6376.748047	1942
6381.167480	1982
6385.586426	1973
6390.005371	1961
6394.424316	1950
6398.843750	1904
6403.262695	1907
6407.681641	1942
6412.101074	1959
6416.520020	1943
6420.938965	1922
6425.358398	1936
6429.777344	1936
6434.196289	1885
6438.615234	1849
6443.034668	1856
6447.453613	1894
6451.872559	1897
6456.291992	1905
6460.710938	1864
6465.129883	1867
6469.549316	1867
6473.968262	1862
6478.387207	1875
6482.806152	1871
6487.225586	1838
6491.644531	1842
6496.063477	1848
6500.482910	1847
6504.901855	1830
6509.320801	1835
6513.740234	1833
6518.159180	1809
6522.578125	1766
6526.997070	1778
6531.416504	1733
6535.835449	1704
6540.254395	1675
6544.673828	1641
6549.092773	1629
6553.511719	1624
6557.931152	1632
6562.350098	1630
6566.769043	1648
6571.187988	1658
6575.607422	1690
6580.026367	1726
6584.445313	1740
6588.864746	1799
6593.283691	1758
6597.702637	1726
6602.121582	1729
6606.541016	1764
6610.959961	1775
6615.378906	1795
6619.798340	1805
6624.217285	1856
6628.636230	1861
6633.055664	1841
6637.474609	1873
6641.893555	1874
6646.312500	1854
6650.731934	1828
6655.150879	1860
6659.569824	1908
6663.989258	1874
6668.408203	1892
6672.827148	1896
6677.246582	1857
6681.665527	1843
6686.084473	1882
6690.503418	1868
6694.922852	1897
6699.341797	1910
6703.760742	1876
6708.180176	1858
6712.599121	1854
6717.018066	1852
6721.437500	1887
6725.856445	1914
6730.275391	1896
6734.694336	1900
6739.113770	1888
6743.532715	1910
6747.951660	1917
6752.371094	1905
6756.790039	1903
6761.208984	1907
6765.628418	1883
6770.047363	1906
6774.466309	1880
6778.885254	1858
6783.304688	1883
6787.723633	1867
6792.142578	1890
6796.562012	1934
6800.980957	1945
6805.399902	1948
6809.818848	1938
6814.238281	1911
6818.657227	1911
6823.076172	1891
6827.495605	1938
6831.914551	1927
6836.333496	1882
6840.752930	1886
6845.171875	1905
6849.590820	1928
6854.009766	1903
6858.429199	1848
6862.848145	1812
6867.267090	1771
6871.686523	1763
6876.105469	1794
6880.524414	1783
6884.943848	1736
6889.362793	1753
6893.781738	1822
6898.200684	1884
6902.620117	1895
6907.039063	1843
6911.458008	1824
6915.877441	1865
6920.296387	1872
6924.715332	1854
6929.134766	1863
6933.553711	1849
6937.972656	1879
6942.391602	1907
6946.811035	1951
6951.229980	1959
6955.648926	1953
6960.068359	1901
6964.487305	1948
6968.906250	2014
6973.325684	2016
6977.744629	2003
6982.163574	2001
6986.582520	1990
6991.001953	1996
6995.420898	1955
6999.839844	1952
7004.259277	1996
7008.678223	2014
7013.097168	2024
7017.516602	2028
7021.935547	2055
7026.354492	2051
7030.773438	2007
7035.192871	1938
7039.611816	1921
7044.030762	1924
7048.450195	1959
7052.869141	1963
7057.288086	1935
7061.707031	1970
7066.126465	1984
7070.545410	2002
7074.964355	1998
7079.383789	2004
7083.802734	2011
7088.221680	2002
7092.641113	1995
7097.060059	1986
7101.479004	2003
7105.897949	1994
7110.317383	1980
7114.736328	1936
7119.155273	1919
7123.574707	1922
7127.993652	1895
7132.412598	1913
7136.832031	1912
7141.250977	1914
7145.669922	1932
7150.088867	1882
7154.508301	1831
7158.927246	1849
7163.346191	1815
7167.765625	1790
7172.184570	1785
7176.603516	1796
7181.022949	1728
7185.441895	1737
7189.860840	1756
7194.279785	1762
7198.699219	1767
7203.118164	1762
7207.537109	1707
7211.956543	1699
7216.375488	1676
7220.794434	1705
7225.213867	1685
7229.632813	1632
7234.051758	1638
7238.470703	1675
7242.890137	1659
7247.309082	1620
7251.728027	1628
7256.147461	1644
7260.566406	1660
7264.985352	1617
7269.404785	1622
7273.823730	1632
7278.242676	1613
7282.661621	1576
7287.081055	1520
7291.500000	1539
7295.918945	1585
7300.338379	1626
7304.757324	1619
7309.176270	1606
7313.595215	1584
7318.014648	1583
7322.433594	1589
7326.852539	1571
7331.271973	1552
7335.690918	1563
7340.109863	1603
7344.529297	1620
7348.948242	1589
7353.367188	1570
7357.786133	1596
7362.205566	1623
7366.624512	1633
7371.043457	1648
7375.462891	1605
7379.881836	1553
7384.300781	1557
7388.720215	1590
7393.139160	1556
7397.558105	1509
7401.977051	1540
7406.396484	1520
7410.815430	1518
7415.234375	1520
7419.653809	1499
7424.072754	1486
7428.491699	1534
7432.911133	1520
7437.330078	1482
7441.749023	1491
7446.167969	1503
7450.587402	1488
7455.006348	1477
7459.425293	1468
7463.844727	1439
7468.263672	1452
7472.682617	1427
7477.102051	1394
7481.520996	1420
7485.939941	1450
7490.358887	1396
7494.778320	1368
7499.197266	1352
7503.616211	1314
7508.035645	1284
7512.454590	1295
7516.873535	1268
7521.292969	1245
7525.711914	1236
7530.130859	1202
7534.549805	1197
7538.969238	1221
7543.388184	1196
7547.807129	1153
7552.226563	1105
7556.645508	1092
7561.064453	1071
7565.483398	1035
7569.902832	973
7574.321777	919
7578.740723	915
7583.160156	869
7587.579102	832
7591.998047	815
7596.417480	804
7600.836426	769
7605.255371	757
7609.674316	745
7614.093750	734
7618.512695	742
7622.931641	750
7627.351074	760
7631.770020	750
7636.188965	735
7640.608398	733
7645.027344	749
7649.446289	763
7653.865234	782
7658.284668	793
7662.703613	808
7667.122559	810
7671.541992	810
7675.960938	821
7680.379883	833
7684.799316	830
7689.218262	818
7693.637207	819
7698.056152	838
7702.475586	856
7706.894531	828
7711.313477	823
7715.732910	821
7720.151855	821
7724.570801	842
7728.990234	849
7733.409180	828
7737.828125	866
7742.247070	873
7746.666504	814
7751.085449	831
7755.504395	858
7759.923828	870
7764.342773	853
7768.761719	846
7773.181152	808
7777.600098	806
7782.019043	838
7786.437988	833
7790.857422	803
7795.276367	784
7799.695313	748
7804.114746	742
7808.533691	758
7812.952637	752
7817.371582	721
7821.791016	687
7826.209961	677
7830.628906	674
7835.048340	665
7839.467285	669
7843.886230	645
7848.305664	632
7852.724609	600
7857.143555	580
7861.562500	569
7865.981934	575
7870.400879	571
7874.819824	556
7879.239258	544
7883.658203	540
7888.077148	542
7892.496582	542
7896.915527	539
7901.334473	561
7905.753418	546
7910.172852	534
7914.591797	546
7919.010742	563
7923.430176	551
7927.849121	540
7932.268066	553
7936.687500	542
7941.106445	560
7945.525391	566
7949.944336	580
7954.363770	579
7958.782715	585
7963.201660	614
7967.621094	618
7972.040039	607
7976.458984	618
7980.878418	643
7985.297363	653
7989.716309	621
7994.135254	633
7998.554688	657
8002.973633	664
8007.392578	644
8011.812012	641
8016.230957	644
8020.649902	662
8025.068848	635
8029.488281	643
8033.907227	650
8038.326172	654
8042.745605	639
8047.164551	615
8051.583496	646
8056.002930	657
8060.421875	630
8064.840820	598
8069.259766	615
8073.679199	625
8078.098145	633
8082.517090	621
8086.936523	601
8091.355469	611
8095.774414	596
8100.193848	587
8104.612793	591
8109.031738	584
8113.450684	587
8117.870117	575
8122.289063	572
8126.708008	577
8131.127441	567
8135.546387	555
8139.965332	541
8144.384766	562
8148.803711	566
8153.222656	548
8157.641602	554
8162.061035	509
8166.479980	491
8170.898926	485
8175.318359	468
8179.737305	449
8184.156250	461
8188.575684	485
8192.994141	483
8197.414063	469
8201.833008	458
8206.251953	450
8210.670898	440
8215.089844	414
8219.508789	430
8223.927734	437
8228.347656	416
8232.766602	411
8237.185547	411
8241.604492	420
8246.023438	422
8250.442383	419
8254.862305	438
8259.281250	410
8263.700195	405
8268.119141	415
8272.538086	402
8276.957031	395
8281.375977	389
8285.795898	407
8290.214844	411
8294.633789	401
8299.052734	424
8303.471680	437
8307.890625	434
8312.309570	441
8316.729492	437
8321.148438	449
8325.567383	453
8329.986328	477
8334.405273	470
8338.824219	460
8343.243164	459
8347.663086	472
8352.082031	481
8356.500977	496
8360.919922	496
8365.338867	474
8369.757813	489
8374.177734	494
8378.596680	493
8383.015625	502
8387.434570	525
8391.853516	511
8396.272461	515
8400.691406	496
8405.111328	500
8409.530273	519
8413.949219	492
8418.368164	513
8422.787109	523
8427.206055	518
8431.625000	530
8436.044922	541
8440.463867	550
8444.882813	530
8449.301758	530
8453.720703	514
8458.139648	524
8462.559570	519
8466.978516	549
8471.397461	570
8475.816406	555
8480.235352	547
8484.654297	554
8489.073242	540
8493.493164	536
8497.912109	522
8502.331055	521
8506.750000	535
8511.168945	536
8515.587891	534
8520.006836	514
8524.426758	523
8528.845703	540
8533.264648	546
8537.683594	554
8542.102539	516
8546.521484	511
8550.940430	512
8555.360352	508
8559.779297	501
8564.198242	515
8568.617188	523
8573.036133	512
8577.455078	513
8581.875000	510
8586.293945	504
8590.712891	493
8595.131836	478
8599.550781	471
8603.969727	474
8608.388672	472
8612.808594	470
8617.227539	487
8621.646484	486
8626.065430	484
8630.484375	477
8634.903320	450
8639.322266	452
8643.742188	463
8648.161133	447
8652.580078	439
8656.999023	447
8661.417969	463
8665.836914	446
8670.256836	421
8674.675781	425
8679.094727	443
8683.513672	422
8687.932617	434
8692.351563	427
8696.770508	393
8701.190430	410
8705.609375	440
8710.028320	434
8714.447266	425
8718.866211	407
8723.285156	412
8727.704102	420
8732.124023	404
8736.542969	381
8740.961914	404
8745.380859	400
8749.799805	373
8754.218750	352
8758.637695	354
8763.057617	399
8767.476563	389
8771.895508	380
8776.314453	379
8780.733398	394
8785.152344	385
8789.572266	377
8793.991211	357
8798.410156	349
8802.829102	366
8807.248047	378
8811.666992	358
8816.085938	375
8820.505859	368
8824.924805	377
8829.343750	381
8833.762695	368
8838.181641	356
8842.600586	360
8847.019531	367
8851.439453	360
8855.858398	354
8860.277344	353
8864.696289	328
8869.115234	346
8873.534180	346
8877.954102	357
8882.373047	366
8886.791992	329
8891.210938	338
8895.629883	363
8900.048828	369
8904.467773	356
8908.887695	350
8913.306641	371
8917.725586	378
8922.144531	348
8926.563477	339
8930.982422	343
8935.401367	351
8939.821289	364
8944.240234	354
8948.659180	358
8953.078125	364
8957.497070	356
8961.916016	343
8966.335938	355
8970.754883	364
8975.173828	383
8979.592773	371
8984.011719	361
8988.430664	353
8992.849609	361
8997.269531	351
9001.688477	350
9006.107422	368
9010.526367	378
9014.945313	370
9019.364258	345
9023.783203	351
9028.203125	352
9032.622070	379
9037.041016	411
9041.459961	401
9045.878906	393
9050.297852	368
9054.716797	337
9059.136719	360
9063.555664	357
9067.974609	351
9072.393555	355
9076.812500	362
9081.231445	383
9085.651367	398
9090.070313	382
9094.489258	390
9098.908203	393
9103.327148	363
9107.746094	378
9112.165039	371
9116.584961	399
9121.003906	397
9125.422852	353
9129.841797	341
9134.260742	360
9138.679688	373
9143.098633	396
9147.518555	383
9151.937500	372
9156.356445	364
9160.775391	382
9165.194336	394
9169.613281	376
9174.033203	375
9178.452148	404
9182.871094	389
9187.290039	393
9191.708984	400
9196.127930	376
9200.546875	372
9204.966797	386
9209.385742	364
9213.804688	363
9218.223633	372
9222.642578	364
9227.061523	364
9231.480469	378
9235.900391	372
9240.319336	393
9244.738281	402
9249.157227	361
9253.576172	379
9257.995117	380
9262.414063	379
9266.833984	391
9271.252930	388
9275.671875	383
9280.090820	372
9284.509766	370
9288.928711	371
9293.348633	401
9297.767578	400
9302.186523	396
9306.605469	356
9311.024414	374
9315.443359	387
9319.862305	386
9324.282227	364
9328.701172	360
9333.120117	376
9337.539063	376
9341.958008	368
9346.376953	373
9350.795898	375
9355.215820	397
9359.634766	371
9364.053711	375
9368.472656	393
9372.891602	394
9377.310547	372
9381.730469	354
9386.149414	362
9390.568359	379
9394.987305	392
9399.406250	389
9403.825195	393
9408.244141	374
9412.664063	370
9417.083008	375
9421.501953	380
9425.920898	399
9430.339844	395
9434.758789	423
9439.177734	425
9443.597656	408
9448.016602	378
9452.435547	393
9456.854492	407
9461.273438	420
9465.692383	409
9470.112305	390
9474.531250	397
9478.950195	401
9483.369141	398
9487.788086	419
9492.207031	432
9496.625977	452
9501.045898	427
9505.464844	384
9509.883789	394
9514.302734	385
9518.721680	408
9523.140625	421
9527.559570	402
9531.979492	404
9536.398438	403
9540.817383	399
9545.236328	412
9549.655273	406
9554.074219	426
9558.493164	440
9562.913086	417
9567.332031	408
9571.750977	438
9576.169922	459
9580.588867	445
9585.007813	430
9589.427734	437
9593.846680	422
9598.265625	409
9602.684570	424
9607.103516	412
9611.522461	430
9615.941406	454
9620.361328	442
9624.780273	439
9629.199219	428
9633.618164	423
9638.037109	452
9642.456055	445
9646.875000	433
9651.294922	421
9655.713867	421
9660.132813	434
9664.551758	428
9668.970703	429
9673.389648	413
9677.809570	405
9682.228516	421
9686.647461	415
9691.066406	395
9695.485352	403
9699.904297	389
9704.323242	388
9708.743164	432
9713.162109	438
9717.581055	434
9722.000000	431
9726.418945	409
9730.837891	434
9735.256836	444
9739.676758	433
9744.095703	433
9748.514648	417
9752.933594	397
9757.352539	402
9761.771484	431
9766.190430	448
9770.610352	431
9775.029297	422
9779.448242	438
9783.867188	433
9788.286133	438
9792.705078	437
9797.125000	421
9801.543945	462
9805.962891	485
9810.381836	450
9814.800781	417
9819.219727	405
9823.638672	411
9828.058594	440
9832.477539	441
9836.896484	459
9841.315430	453
9845.734375	436
9850.153320	449
9854.572266	467
9858.992188	457
9863.411133	429
9867.830078	450
9872.249023	453
9876.667969	453
9881.086914	447
9885.506836	438
9889.925781	428
9894.344727	424
9898.763672	465
9903.182617	489
9907.601563	477
9912.020508	471
9916.440430	470
9920.859375	456
9925.278320	457
9929.697266	468
9934.116211	462
9938.535156	452
9942.954102	455
9947.374023	459
9951.792969	458
9956.211914	479
9960.630859	467
9965.049805	436
9969.468750	468
9973.887695	457
9978.307617	458
9982.726563	462
9987.145508	458
9991.564453	448
9995.983398	448
10000.402344	443
10004.822266	435
10009.241211	440
10013.660156	457
10018.079102	454
10022.498047	467
10026.916992	475
10031.335938	469
10035.755859	453
10040.174805	454
10044.593750	457
10049.012695	445
10053.431641	448
10057.850586	483
10062.269531	469
10066.689453	453
10071.108398	435
10075.527344	434
10079.946289	453
10084.365234	442
10088.784180	445
10093.204102	431
10097.623047	421
10102.041992	405
10106.460938	444
10110.879883	462
10115.298828	442
10119.717773	430
10124.137695	426
10128.556641	452
10132.975586	464
10137.394531	431
10141.813477	440
10146.232422	448
10150.651367	448
10155.071289	449
10159.490234	466
10163.909180	479
10168.328125	460
10172.747070	469
10177.166016	464
10181.585938	432
10186.004883	445
10190.423828	445
10194.842773	427
10199.261719	443
10203.680664	456
10208.099609	460
10212.519531	457
10216.938477	440
10221.357422	453
10225.776367	458
10230.195313	446
10234.614258	438
10239.033203	441
10243.453125	437
10247.872070	441
10252.291016	427
10256.709961	448
10261.128906	456
10265.547852	423
10269.966797	417
10274.386719	421
10278.805664	420
10283.224609	449
10287.643555	469
10292.062500	464
10296.481445	436
10300.901367	428
10305.320313	431
10309.739258	426
10314.158203	401
10318.577148	410
10322.996094	426
10327.415039	433
10331.834961	437
10336.253906	451
10340.672852	416
10345.091797	395
10349.510742	423
10353.929688	432
10358.348633	421
10362.768555	438
10367.187500	427
10371.606445	417
10376.025391	446
10380.444336	454
10384.863281	455
10389.283203	452
10393.702148	419
10398.121094	413
10402.540039	426
10406.958984	415
10411.377930	408
10415.796875	424
10420.216797	408
10424.635742	418
10429.054688	429
10433.473633	429
10437.892578	435
10442.311523	433
10446.730469	426
10451.150391	413
10455.569336	429
10459.988281	443
10464.407227	440
10468.826172	441
10473.245117	432
10477.664063	416
10482.083984	437
10486.502930	444
10490.921875	454
10495.340820	439
10499.759766	440
10504.178711	436
10508.598633	413
10513.017578	421
10517.436523	422
10521.855469	409
10526.274414	443
10530.693359	450
10535.112305	417
10539.532227	396
10543.951172	420
10548.370117	423
10552.789063	425
10557.208008	411
10561.626953	422
10566.045898	436
10570.465820	436
10574.884766	435
10579.303711	419
10583.722656	398
10588.141602	410
10592.560547	407
10596.980469	400
10601.399414	425
10605.818359	413
10610.237305	412
10614.656250	397
10619.075195	401
10623.494141	428
10627.914063	410
10632.333008	404
10636.751953	422
10641.170898	405
10645.589844	402
10650.008789	397
10654.427734	401
10658.847656	397
10663.266602	409
10667.685547	420
10672.104492	400
10676.523438	394
10680.942383	400
10685.362305	413
10689.781250	397
10694.200195	390
10698.619141	372
10703.038086	369
10707.457031	395
10711.875977	410
10716.295898	401
10720.714844	425
10725.133789	419
10729.552734	419
10733.971680	401
10738.390625	392
10742.809570	379
10747.229492	375
10751.648438	373
10756.067383	362
10760.486328	394
10764.905273	407
10769.324219	397
10773.743164	382
10778.163086	386
10782.582031	369
10787.000977	377
10791.419922	366
10795.838867	358
10800.257813	368
10804.677734	389
10809.096680	392
10813.515625	385
10817.934570	356
10822.353516	341
10826.772461	368
10831.191406	359
10835.611328	358
10840.030273	373
10844.449219	364
10848.868164	368
10853.287109	358
10857.706055	341
10862.125000	373
10866.544922	383
10870.963867	361
10875.382813	354
10879.801758	360
10884.220703	368
10888.639648	360
10893.059570	335
10897.478516	331
10901.897461	343
10906.316406	355
10910.735352	341
10915.154297	336
10919.573242	343
10923.993164	332
10928.412109	360
10932.831055	340
10937.250000	331
10941.668945	325
10946.087891	319
10950.506836	327
10954.926758	337
10959.345703	346
10963.764648	352
10968.183594	340
10972.602539	330
10977.021484	324
10981.440430	345
10985.860352	336
10990.279297	323
10994.698242	325
10999.117188	330
11003.536133	317
11007.955078	297
11012.375000	316
11016.793945	317
11021.212891	299
11025.631836	302
11030.050781	342
11034.469727	341
11038.888672	336
11043.308594	332
11047.727539	311
11052.146484	299
11056.565430	301
11060.984375	318
11065.403320	304
11069.822266	297
11074.242188	318
11078.661133	302
11083.080078	319
11087.499023	319
11091.917969	311
11096.336914	303
11100.756836	302
11105.175781	304
11109.594727	276
11114.013672	283
11118.432617	305
11122.851563	306
11127.270508	300
11131.690430	292
11136.109375	285
11140.528320	291
11144.947266	290
11149.366211	274
11153.785156	268
11158.204102	287
11162.624023	264
11167.042969	258
11171.461914	273
11175.880859	269
11180.299805	306
11184.718750	306
11189.137695	284
11193.557617	276
11197.976563	265
11202.395508	274
11206.814453	284
11211.233398	276
11215.652344	266
11220.072266	262
11224.491211	257
11228.910156	256
11233.329102	273
11237.748047	270
11242.166992	250
11246.585938	245
11251.005859	251
11255.424805	260
11259.843750	269
11264.262695	263
11268.681641	259
11273.100586	255
11277.519531	238
11281.939453	240
11286.358398	243
11290.777344	218
11295.196289	194
11299.615234	198
11304.034180	219
11308.454102	208
11312.873047	188
11317.291992	188
11321.710938	168
11326.129883	138
11330.548828	146
11334.967773	133
11339.387695	115
11343.806641	112
11348.225586	104
11352.644531	97
11357.063477	114
11361.482422	111
11365.901367	107
11370.321289	104
11374.740234	98
11379.159180	107
11383.578125	99
11387.997070	99
11392.416016	101
11396.835938	82
11401.254883	82
11405.673828	79
11410.092773	95
11414.511719	87
11418.930664	90
11423.349609	82
11427.769531	87
11432.188477	77
11436.607422	86
11441.026367	88
11445.445313	80
11449.864258	78
11454.283203	76
11458.703125	69
11463.122070	68
11467.541016	79
11471.959961	84
11476.378906	80
11480.797852	74
11485.216797	73
11489.636719	76
11494.055664	70
11498.474609	64
11502.893555	66
11507.312500	62
11511.731445	69
11516.151367	66
11520.570313	57
11524.989258	58
11529.408203	57
11533.827148	59
11538.246094	58
11542.665039	60
11547.084961	63
11551.503906	60
11555.922852	50
11560.341797	53
11564.760742	59
11569.179688	57
11573.598633	55
11578.018555	50
11582.437500	53
11586.856445	59
11591.275391	57
11595.694336	54
11600.113281	52
11604.533203	53
11608.952148	48
11613.371094	43
11617.790039	49
11622.208984	40
11626.627930	50
11631.046875	55
11635.466797	45
11639.885742	46
11644.304688	40
11648.723633	40
11653.142578	46
11657.561523	38
11661.980469	39
11666.400391	29
11670.819336	33
11675.238281	36
11679.657227	39
11684.076172	40
11688.495117	35
11692.914063	42
11697.333984	45
11701.752930	33
11706.171875	26
11710.590820	20
11715.009766	23
11719.428711	27
11723.848633	27
11728.267578	25
11732.686523	27
11737.105469	23
11741.524414	21
11745.943359	17
11750.362305	16
11754.782227	20
11759.201172	22
11763.620117	21
11768.039063	12
11772.458008	14
11776.876953	12
11781.295898	12
11785.715820	12
11790.134766	12
11794.553711	9
11798.972656	11
11803.391602	14
11807.810547	12
11812.230469	11
11816.649414	10
11821.068359	7
11825.487305	4
11829.906250	2
11834.325195	3
11838.744141	2
11843.164063	1
11847.583008	0
11852.001953	0
11856.420898	0
11860.839844	0
11865.258789	0
11869.677734	0
11874.097656	0
11878.516602	0
11882.935547	0
11887.354492	0
11891.773438	0
11896.192383	0
11900.612305	0
11905.031250	0
11909.450195	0
11913.869141	0
11918.288086	0
11922.707031	0
11927.125977	0
11931.545898	0
11935.964844	0
11940.383789	0
11944.802734	0
11949.221680	0
11953.640625	0
11958.059570	0
11962.479492	0
11966.898438	0
11971.317383	0
11975.736328	0
11980.155273	0
11984.574219	0
11988.993164	0
11993.413086	0
11997.832031	0
12002.250977	0
12006.669922	0
12011.088867	0
12015.507813	0
12019.927734	0
12024.346680	0
12028.765625	0
12033.184570	0
12037.603516	0
12042.022461	0
12046.441406	0
12050.861328	0
12055.280273	0
12059.699219	0
12064.118164	0
12068.537109	0
12072.956055	0
12077.375000	0
12081.794922	0
12086.213867	0
12090.632813	0
12095.051758	0
12099.470703	0
12103.889648	0
12108.309570	0
12112.728516	0
12117.147461	0
12121.566406	0
12125.985352	0
12130.404297	0
12134.823242	0
12139.243164	0
12143.662109	0
12148.081055	0
12152.500000	0
12156.918945	0
12161.337891	0
12165.756836	0
12170.176758	0
12174.595703	0
12179.014648	0
12183.433594	0
12187.852539	0
12192.271484	0
12196.690430	0
12201.110352	0
12205.529297	0
12209.948242	0
12214.367188	0
12218.786133	0
12223.205078	0
12227.625000	0
12232.043945	0
12236.462891	0
12240.881836	0
12245.300781	0
12249.719727	0
12254.138672	0
12258.558594	0
12262.977539	0
12267.396484	0
12271.815430	0
12276.234375	0
12280.653320	0
12285.072266	0
12289.492188	0
12293.911133	0
12298.330078	0
12302.749023	0
12307.167969	0
12311.586914	0
12316.006836	0
12320.425781	0
12324.844727	0
12329.263672	0
12333.682617	0
12338.101563	0
12342.520508	0
12346.940430	0
12351.359375	0
12355.778320	0
12360.197266	0
12364.616211	0
12369.035156	0
12373.454102	0
12377.874023	0
12382.292969	0
12386.711914	0
12391.130859	0
12395.549805	0
12399.968750	0
12404.387695	0
12408.807617	0
12413.226563	0
12417.645508	0
12422.064453	0
12426.483398	0
12430.902344	0
12435.322266	0
12439.741211	0
12444.160156	0
12448.579102	0
12452.998047	0
12457.416992	0
12461.835938	0
12466.255859	0
12470.674805	0
12475.093750	0
12479.512695	0
12483.931641	0
12488.350586	0
12492.769531	0
12497.189453	0
12501.608398	0
12506.027344	0
12510.446289	0
12514.865234	0
12519.284180	0
12523.704102	0
12528.123047	0
12532.541992	0
12536.960938	0
12541.379883	0
12545.798828	0
12550.217773	0
12554.637695	0
12559.056641	0
12563.475586	0
12567.894531	0
12572.313477	0
12576.732422	0
12581.151367	0
12585.571289	0
12589.990234	0
12594.409180	0
12598.828125	0
12603.247070	0
12607.666016	0
12612.085938	0
12616.504883	0
12620.923828	0
12625.342773	0
12629.761719	0
12634.180664	0
12638.599609	0
12643.019531	0
12647.438477	0
12651.857422	0
12656.276367	0
12660.695313	0
12665.114258	0
12669.533203	0
12673.953125	0
12678.372070	0
12682.791016	0
12687.209961	0
12691.628906	0
12696.047852	0
12700.466797	0
12704.886719	0
12709.305664	0
12713.724609	0
12718.143555	0
12722.562500	0
12726.981445	0
12731.401367	0
12735.820313	0
12740.239258	0
12744.658203	0
12749.077148	0
12753.496094	0
12757.915039	0
12762.334961	0
12766.753906	0
12771.172852	0
12775.591797	0
12780.010742	0
12784.429688	0
12788.848633	0
12793.268555	0
12797.687500	0
12802.106445	0
12806.525391	0
12810.944336	0
12815.363281	0
12819.783203	0
12824.202148	0
12828.621094	0
12833.040039	0
12837.458984	0
12841.877930	0
12846.296875	0
12850.716797	0
12855.135742	0
12859.554688	0
12863.973633	0
12868.392578	0
12872.811523	0
12877.230469	0
12881.650391	0
12886.069336	0
12890.488281	0
12894.907227	0
12899.326172	0
12903.745117	0
12908.164063	0
12912.583984	0
12917.002930	0
12921.421875	0
12925.840820	0
12930.259766	0
12934.678711	0
12939.098633	0
12943.517578	0
12947.936523	0
12952.355469	0
12956.774414	0
12961.193359	0
12965.612305	0
12970.032227	0
12974.451172	0
12978.870117	0
12983.289063	0
12987.708008	0
12992.126953	0
12996.545898	0
13000.965820	0
13005.384766	0
13009.803711	0
13014.222656	0
13018.641602	0
13023.060547	0
13027.480469	0
13031.899414	0
13036.318359	0
13040.737305	0
13045.156250	0
13049.575195	0
13053.994141	0
13058.414063	0
13062.833008	0
13067.251953	0
13071.670898	0
13076.089844	0
13080.508789	0
13084.927734	0
13089.347656	0
13093.766602	0
13098.185547	0
13102.604492	0
13107.023438	0
13111.442383	0
13115.862305	0
13120.281250	0
13124.700195	0
13129.119141	0
13133.538086	0
13137.957031	0
13142.375977	0
13146.795898	0
13151.214844	0
13155.633789	0
13160.052734	0
13164.471680	0
13168.890625	0
13173.309570	0
13177.729492	0
13182.148438	0
13186.567383	0
13190.986328	0
13195.405273	0
13199.824219	0
13204.243164	0
13208.663086	0
13213.082031	0
13217.500977	0
13221.919922	0
13226.338867	0
13230.757813	0
13235.177734	0
13239.596680	0
13244.015625	0
13248.434570	0
13252.853516	0
13257.272461	0
13261.691406	0
13266.111328	0
13270.530273	0
13274.949219	0
13279.368164	0
13283.787109	0
13288.206055	0
13292.625000	0
13297.044922	0
13301.463867	0
13305.882813	0
13310.301758	0
13314.720703	0
13319.139648	0
13323.559570	0
13327.978516	0
13332.397461	0
13336.816406	0
13341.235352	0
13345.654297	0
13350.073242	0
13354.493164	0
13358.912109	0
13363.331055	0
13367.750000	0
13372.168945	0
13376.587891	0
13381.006836	0
13385.426758	0
13389.845703	0
13394.264648	0
13398.683594	0
13403.102539	0
13407.521484	0
13411.940430	0
13416.360352	0
13420.779297	0
13425.198242	0
13429.617188	0
13434.036133	0
13438.455078	0
13442.875000	0
13447.293945	0
13451.712891	0
13456.131836	0
13460.550781	0
13464.969727	0
13469.388672	0
13473.808594	0
13478.227539	0
13482.646484	0
13487.065430	0
13491.484375	0
13495.903320	0
13500.322266	0
13504.742188	0
13509.161133	0
13513.580078	0
13517.999023	0
13522.417969	0
13526.836914	0
13531.256836	0
13535.675781	0
13540.094727	0
13544.513672	0
13548.932617	0
13553.351563	0
13557.770508	0
13562.190430	0
13566.609375	0
13571.028320	0
13575.447266	0
13579.866211	0
13584.285156	0
13588.704102	0
13593.124023	0
13597.542969	0
13601.961914	0
13606.380859	0
13610.799805	0
13615.218750	0
13619.637695	0
13624.057617	0
13628.476563	0
13632.895508	0
13637.314453	0
13641.733398	0
13646.152344	0
13650.572266	0
13654.991211	0
13659.410156	0
13663.829102	0
13668.248047	0
13672.666992	0
13677.085938	0
13681.505859	0
13685.924805	0
13690.343750	0
13694.762695	0
13699.181641	0
13703.600586	0
13708.019531	0
13712.439453	0
13716.858398	0
13721.277344	0
13725.696289	0
13730.115234	0
13734.534180	0
13738.954102	0
13743.373047	0
13747.791992	0
13752.210938	0
13756.629883	0
13761.048828	0
13765.467773	0
13769.887695	0
13774.306641	0
13778.725586	0
13783.144531	0
13787.563477	0
13791.982422	0
13796.401367	0
13800.821289	0
13805.240234	0
13809.659180	0
13814.078125	0
13818.497070	0
13822.916016	0
13827.335938	0
13831.754883	0
13836.173828	0
13840.592773	0
13845.011719	0
13849.430664	0
13853.849609	0
13858.269531	0
13862.688477	0
13867.107422	0
13871.526367	0
13875.945313	0
13880.364258	0
13884.783203	0
13889.203125	0
13893.622070	0
13898.041016	0
13902.459961	0
13906.878906	0
13911.297852	0
13915.716797	0
13920.136719	0
13924.555664	0
13928.974609	0
13933.393555	0
13937.812500	0
13942.231445	0
13946.651367	0
13951.070313	0
13955.489258	0
13959.908203	0
13964.327148	0
13968.746094	0
13973.165039	0
13977.584961	0
13982.003906	0
13986.422852	0
13990.841797	0
13995.260742	0
13999.679688	0
14004.098633	0
14008.518555	0
14012.937500	0
14017.356445	0
14021.775391	0
14026.194336	0
