-4843.669922	0
-4839.226074	0
-4834.782227	0
-4830.338867	0
-4825.895020	0
-4821.451172	0
-4817.007324	0
-4812.563965	0
-4808.120117	0
-4803.676270	0
-4799.232422	0
-4794.788574	0
-4790.345215	0
-4785.901367	0
-4781.457520	0
-4777.013672	0
-4772.570313	0
-4768.126465	0
-4763.682617	0
-4759.238770	0
-4754.795410	0
-4750.351563	0
-4745.907715	0
-4741.463867	0
-4737.020020	0
-4732.576660	0
-4728.132813	0
-4723.688965	0
-4719.245117	0
-4714.801758	0
-4710.357910	0
-4705.914063	0
-4701.470215	0
-4697.026855	0
-4692.583008	0
-4688.139160	0
-4683.695313	0
-4679.251953	0
-4674.808105	0
-4670.364258	0
-4665.920410	0
-4661.476563	0
-4657.033203	0
-4652.589355	0
-4648.145508	0
-4643.701660	0
-4639.258301	0
-4634.814453	0
-4630.370605	0
-4625.926758	0
-4621.483398	0
-4617.039551	0
-4612.595703	0
-4608.151855	0
-4603.708008	0
-4599.264648	0
-4594.820801	0
-4590.376953	0
-4585.933105	0
-4581.489746	0
-4577.045898	0
-4572.602051	0
-4568.158203	0
-4563.714844	0
-4559.270996	0
-4554.827148	0
-4550.383301	0
-4545.939941	0
-4541.496094	0
-4537.052246	0
-4532.608398	0
-4528.164551	0
-4523.721191	0
-4519.277344	0
-4514.833496	0
-4510.389648	0
-4505.946289	0
-4501.502441	0
-4497.058594	0
-4492.614746	0
-4488.171387	0
-4483.727539	0
-4479.283691	0
-4474.839844	0
-4470.395996	0
-4465.952637	0
-4461.508789	0
-4457.064941	0
-4452.621094	0
-4448.177734	0
-4443.733887	0
-4439.290039	0
-4434.846191	0
-4430.402832	0
-4425.958984	0
-4421.515137	0
-4417.071289	0
-4412.627930	0
-4408.184082	0
-4403.740234	0
-4399.296387	0
-4394.852539	0
-4390.409180	0
-4385.965332	0
-4381.521484	0
-4377.077637	0
-4372.634277	0
-4368.190430	0
-4363.746582	0
-4359.302734	0
-4354.859375	0
-4350.415527	0
-4345.971680	0
-4341.527832	0
-4337.083984	0
-4332.640625	0
-4328.196777	0
-4323.752930	0
-4319.309082	0
-4314.865723	0
-4310.421875	0
-4305.978027	0
-4301.534180	0
-4297.090820	0
-4292.646973	0
-4288.203125	0
-4283.759277	0
-4279.315918	0
-4274.872070	0
-4270.428223	0
-4265.984375	0
-4261.540527	0
-4257.097168	0
-4252.653320	0
-4248.209473	0
-4243.765625	0
-4239.322266	0
-4234.878418	0
-4230.434570	0
-4225.990723	0
-4221.547363	0
-4217.103516	0
-4212.659668	0
-4208.215820	0
-4203.771973	0
-4199.328613	0
-4194.884766	0
-4190.440918	0
-4185.997070	0
-4181.553711	0
-4177.109863	0
-4172.666016	0
-4168.222168	0
-4163.778809	0
-4159.334961	0
-4154.891113	0
-4150.447266	0
-4146.003418	0
-4141.560059	0
-4137.116211	0
-4132.672363	0
-4128.228516	0
-4123.785156	0
-4119.341309	0
-4114.897461	0
-4110.453613	0
-4106.010254	0
-4101.566406	0
-4097.122559	0
-4092.678955	0
-4088.235107	0
-4083.791504	0
-4079.347656	0
-4074.903809	0
-4070.460205	0
-4066.016357	0
-4061.572754	0
-4057.128906	0
-4052.685303	0
-4048.241455	0
-4043.797852	0
-4039.354004	0
-4034.910400	0
-4030.466553	0
-4026.022949	0
-4021.579102	0
-4017.135498	0
-4012.691650	0
-4008.247803	0
-4003.804199	0
-3999.360352	0
-3994.916748	0
-3990.472900	0
-3986.029297	0
-3981.585449	0
-3977.141846	0
-3972.697998	0
-3968.254395	0
-3963.810547	0
-3959.366943	0
-3954.923096	0
-3950.479492	0
-3946.035645	0
-3941.591797	0
-3937.148193	0
-3932.704346	0
-3928.260742	0
-3923.816895	0
-3919.373291	0
-3914.929443	0
-3910.485840	0
-3906.041992	0
-3901.598389	0
-3897.154541	0
-3892.710938	0
-3888.267090	0
-3883.823486	0
-3879.379639	0
-3874.935791	0
-3870.492188	0
-3866.048340	0
-3861.604736	0
-3857.160889	0
-3852.717285	0
-3848.273438	0
-3843.829834	0
-3839.385986	0
-3834.942383	0
-3830.498535	0
-3826.054932	0
-3821.611084	0
-3817.167236	0
-3812.723633	0
-3808.279785	0
-3803.836182	0
-3799.392334	0
-3794.948730	0
-3790.504883	0
-3786.061279	0
-3781.617432	0
-3777.173828	0
-3772.729980	0
-3768.286377	0
-3763.842529	0
-3759.398926	0
-3754.955078	0
-3750.511230	0
-3746.067627	0
-3741.623779	0
-3737.180176	0
-3732.736328	0
-3728.292725	0
-3723.848877	0
-3719.405273	0
-3714.961426	0
-3710.517822	0
-3706.073975	0
-3701.630371	0
-3697.186523	0
-3692.742920	0
-3688.299072	0
-3683.855225	0
-3679.411621	0
-3674.967773	0
-3670.524170	0
-3666.080322	0
-3661.636719	0
-3657.192871	0
-3652.749268	0
-3648.305420	0
-3643.861816	0
-3639.417969	0
-3634.974365	0
-3630.530518	0
-3626.086914	0
-3621.643066	0
-3617.199219	0
-3612.755615	0
-3608.311768	0
-3603.868164	0
-3599.424316	0
-3594.980713	0
-3590.536865	0
-3586.093262	0
-3581.649414	0
-3577.205811	0
-3572.761963	0
-3568.318359	0
-3563.874512	0
-3559.430908	0
-3554.987061	0
-3550.543213	0
-3546.099609	0
-3541.655762	0
-3537.212158	0
-3532.768311	0
-3528.324707	0
-3523.880859	0
-3519.437256	0
-3514.993408	0
-3510.549805	0
-3506.105957	0
-3501.662354	0
-3497.218506	0
-3492.774902	0
-3488.331055	0
-3483.887207	0
-3479.443604	0
-3474.999756	0
-3470.556152	0
-3466.112305	0
-3461.668701	0
-3457.224854	0
-3452.781250	0
-3448.337402	0
-3443.893799	0
-3439.449951	0
-3435.006348	0
-3430.562500	0
-3426.118896	0
-3421.675049	0
-3417.231201	0
-3412.787598	0
-3408.343750	0
-3403.900146	0
-3399.456299	0
-3395.012695	0
-3390.568848	0
-3386.125244	0
-3381.681396	0
-3377.237793	0
-3372.793945	0
-3368.350342	0
-3363.906494	0
-3359.462891	0
-3355.019043	0
-3350.575195	0
-3346.131592	0
-3341.687744	0
-3337.244141	0
-3332.800293	0
-3328.356689	0
-3323.912842	0
-3319.469238	0
-3315.025391	0
-3310.581787	0
-3306.137939	0
-3301.694336	0
-3297.250488	0
-3292.806885	0
-3288.363037	0
-3283.919189	0
-3279.475586	0
-3275.031738	0
-3270.588135	0
-3266.144287	0
-3261.700684	0
-3257.256836	0
-3252.813232	0
-3248.369385	0
-3243.925781	0
-3239.481934	0
-3235.038330	0
-3230.594482	0
-3226.150879	0
-3221.707031	0
-3217.263184	1
-3212.819580	4
-3208.375732	4
-3203.932129	2
-3199.488281	5
-3195.044678	5
-3190.600830	5
-3186.157227	3
-3181.713379	5
-3177.269775	11
-3172.825928	10
-3168.382324	12
-3163.938477	18
-3159.494873	14
-3155.051025	9
-3150.607178	12
-3146.163574	9
-3141.719727	11
-3137.276123	17
-3132.832275	19
-3128.388672	19
-3123.944824	15
-3119.501221	15
-3115.057373	20
-3110.613770	24
-3106.169922	17
-3101.726318	20
-3097.282471	23
-3092.838623	24
-3088.395020	21
-3083.951172	25
-3079.507568	25
-3075.063721	26
-3070.620117	27
-3066.176270	29
-3061.732666	29
-3057.288818	27
-3052.845215	28
-3048.401367	27
-3043.957764	27
-3039.513916	26
-3035.070313	32
-3030.626465	36
-3026.182617	36
-3021.739014	39
-3017.295166	34
-3012.851563	31
-3008.407715	33
-3003.964111	33
-2999.520264	36
-2995.076660	38
-2990.632813	37
-2986.189209	43
-2981.745361	45
-2977.301758	37
-2972.857910	34
-2968.414307	41
-2963.970459	49
-2959.526611	49
-2955.083008	45
-2950.639160	46
-2946.195557	52
-2941.751709	46
-2937.308105	49
-2932.864258	42
-2928.420654	47
-2923.976807	49
-2919.533203	54
-2915.089355	54
-2910.645752	58
-2906.201904	52
-2901.758301	55
-2897.314453	47
-2892.870605	47
-2888.427002	54
-2883.983154	50
-2879.539551	50
-2875.095703	53
-2870.652100	51
-2866.208252	63
-2861.764648	68
-2857.320801	70
-2852.877197	66
-2848.433350	55
-2843.989746	60
-2839.545898	66
-2835.102295	64
-2830.658447	56
-2826.214600	62
-2821.770996	65
-2817.327148	62
-2812.883545	66
-2808.439697	63
-2803.996094	67
-2799.552246	65
-2795.108643	62
-2790.664795	74
-2786.221191	77
-2781.777344	82
-2777.333740	73
-2772.889893	79
-2768.446289	79
-2764.002441	79
-2759.558594	71
-2755.114990	88
-2750.671143	88
-2746.227539	87
-2741.783691	79
-2737.340088	77
-2732.896240	88
-2728.452637	83
-2724.008789	73
-2719.565186	76
-2715.121338	81
-2710.677734	82
-2706.233887	73
-2701.790283	77
-2697.346436	75
-2692.902588	80
-2688.458984	82
-2684.015137	77
-2679.571533	81
-2675.127686	100
-2670.684082	89
-2666.240234	95
-2661.796631	93
-2657.352783	85
-2652.909180	92
-2648.465332	102
-2644.021729	102
-2639.577881	90
-2635.134277	91
-2630.690430	92
-2626.246582	93
-2621.802979	93
-2617.359131	103
-2612.915527	87
-2608.471680	96
-2604.028076	100
-2599.584229	93
-2595.140625	83
-2590.696777	93
-2586.253174	109
-2581.809326	108
-2577.365723	106
-2572.921875	92
-2568.478271	104
-2564.034424	100
-2559.590576	99
-2555.146973	96
-2550.703125	99
-2546.259521	86
-2541.815674	88
-2537.372070	82
-2532.928223	93
-2528.484619	92
-2524.040771	87
-2519.597168	99
-2515.153320	91
-2510.709717	77
-2506.265869	93
-2501.822266	100
-2497.378418	93
-2492.934570	89
-2488.490967	90
-2484.047119	81
-2479.603516	91
-2475.159668	93
-2470.716064	102
-2466.272217	113
-2461.828613	99
-2457.384766	96
-2452.941162	87
-2448.497314	93
-2444.053711	88
-2439.609863	87
-2435.166016	86
-2430.722412	82
-2426.278564	84
-2421.834961	95
-2417.391113	90
-2412.947510	82
-2408.503662	85
-2404.060059	105
-2399.616211	105
-2395.172607	91
-2390.728760	106
-2386.285156	116
-2381.841309	101
-2377.397705	89
-2372.953857	83
-2368.510010	93
-2364.066406	89
-2359.622559	90
-2355.178955	95
-2350.735107	78
-2346.291504	84
-2341.847656	89
-2337.404053	78
-2332.960205	87
-2328.516602	91
-2324.072754	78
-2319.629150	63
-2315.185303	78
-2310.741699	82
-2306.297852	81
-2301.854004	92
-2297.410400	94
-2292.966553	84
-2288.522949	73
-2284.079102	95
-2279.635498	100
-2275.191650	90
-2270.748047	71
-2266.304199	83
-2261.860596	88
-2257.416748	90
-2252.973145	105
-2248.529297	96
-2244.085693	97
-2239.641846	98
-2235.197998	94
-2230.754395	95
-2226.310547	87
-2221.866943	88
-2217.423096	87
-2212.979492	75
-2208.535645	84
-2204.092041	91
-2199.648193	94
-2195.204590	83
-2190.760742	97
-2186.317139	92
-2181.873291	101
-2177.429688	107
-2172.985840	107
-2168.541992	100
-2164.098389	101
-2159.654541	110
-2155.210938	91
-2150.767090	95
-2146.323486	101
-2141.879639	89
-2137.436035	93
-2132.992188	92
-2128.548584	90
-2124.104736	91
-2119.661133	109
-2115.217285	100
-2110.773682	91
-2106.329834	91
-2101.885986	86
-2097.442383	84
-2092.998535	74
-2088.554932	89
-2084.111084	94
-2079.667480	87
-2075.223633	88
-2070.780029	95
-2066.336182	93
-2061.892578	79
-2057.448730	84
-2053.005127	81
-2048.561279	93
-2044.117554	98
-2039.673828	97
-2035.230103	84
-2030.786377	80
-2026.342651	82
-2021.898926	94
-2017.455200	93
-2013.011475	93
-2008.567749	88
-2004.123901	87
-1999.680176	89
-1995.236450	90
-1990.792725	93
-1986.348999	95
-1981.905273	90
-1977.461548	81
-1973.017822	85
-1968.574097	96
-1964.130371	105
-1959.686646	87
-1955.242920	86
-1950.799194	104
-1946.355469	106
-1941.911743	95
-1937.467896	85
-1933.024170	88
-1928.580444	91
-1924.136719	96
-1919.692993	91
-1915.249268	91
-1910.805542	98
-1906.361816	90
-1901.918091	100
-1897.474365	98
-1893.030640	78
-1888.586914	85
-1884.143188	87
-1879.699463	93
-1875.255615	76
-1870.811890	85
-1866.368164	98
-1861.924438	88
-1857.480713	91
-1853.036987	86
-1848.593262	77
-1844.149536	81
-1839.705811	86
-1835.262085	86
-1830.818359	95
-1826.374634	87
-1821.930908	90
-1817.487183	103
-1813.043457	108
-1808.599609	95
-1804.155884	87
-1799.712158	98
-1795.268433	108
-1790.824707	97
-1786.380981	101
-1781.937256	93
-1777.493530	92
-1773.049805	84
-1768.606079	90
-1764.162354	86
-1759.718628	79
-1755.274902	93
-1750.831177	99
-1746.387451	94
-1741.943604	85
-1737.499878	95
-1733.056152	93
-1728.612427	82
-1724.168701	76
-1719.724976	94
-1715.281250	85
-1710.837524	79
-1706.393799	92
-1701.950073	93
-1697.506348	87
-1693.062622	85
-1688.618896	93
-1684.175171	96
-1679.731445	97
-1675.287598	93
-1670.843872	93
-1666.400146	96
-1661.956421	94
-1657.512695	94
-1653.068970	91
-1648.625244	76
-1644.181519	80
-1639.737793	92
-1635.294067	94
-1630.850342	94
-1626.406616	70
-1621.962891	89
-1617.519165	96
-1613.075439	97
-1608.631592	97
-1604.187866	87
-1599.744141	80
-1595.300415	96
-1590.856689	90
-1586.412964	84
-1581.969238	82
-1577.525513	86
-1573.081787	87
-1568.638062	91
-1564.194336	87
-1559.750610	97
-1555.306885	93
-1550.863159	94
-1546.419312	82
-1541.975586	96
-1537.531860	99
-1533.088135	95
-1528.644409	108
-1524.200684	99
-1519.756958	95
-1515.313232	92
-1510.869507	93
-1506.425781	98
-1501.982056	85
-1497.538330	99
-1493.094604	99
-1488.650879	81
-1484.207153	83
-1479.763306	73
-1475.319580	79
-1470.875854	81
-1466.432129	95
-1461.988403	94
-1457.544678	84
-1453.100952	86
-1448.657227	94
-1444.213501	90
-1439.769775	93
-1435.326050	91
-1430.882324	83
-1426.438599	82
-1421.994873	93
-1417.551147	100
-1413.107300	95
-1408.663574	89
-1404.219849	102
-1399.776123	82
-1395.332397	76
-1390.888672	95
-1386.444946	95
-1382.001221	84
-1377.557495	82
-1373.113770	93
-1368.670044	86
-1364.226318	94
-1359.782593	99
-1355.338867	92
-1350.895142	83
-1346.451294	79
-1342.007568	88
-1337.563843	84
-1333.120117	94
-1328.676392	105
-1324.232666	102
-1319.788940	90
-1315.345215	97
-1310.901489	92
-1306.457764	83
-1302.014038	99
-1297.570313	89
-1293.126587	74
-1288.682861	88
-1284.239136	97
-1279.795288	95
-1275.351563	86
-1270.907837	100
-1266.464111	104
-1262.020386	97
-1257.576660	98
-1253.132935	103
-1248.689209	82
-1244.245483	81
-1239.801758	99
-1235.358032	86
-1230.914307	85
-1226.470581	90
-1222.026855	98
-1217.583008	94
-1213.139282	99
-1208.695557	93
-1204.251831	95
-1199.808105	82
-1195.364380	84
-1190.920654	97
-1186.476929	104
-1182.033203	92
-1177.589478	91
-1173.145752	92
-1168.702026	89
-1164.258301	99
-1159.814575	84
-1155.370850	87
-1150.927002	85
-1146.483276	94
-1142.039551	99
-1137.595825	98
-1133.152100	94
-1128.708374	97
-1124.264648	101
-1119.820923	103
-1115.377197	99
-1110.933472	79
-1106.489746	87
-1102.046021	100
-1097.602295	97
-1093.158569	99
-1088.714844	97
-1084.270996	92
-1079.827271	87
-1075.383545	99
-1070.939819	97
-1066.496094	98
-1062.052368	103
-1057.608643	96
-1053.164917	87
-1048.721191	91
-1044.277466	102
-1039.833740	95
-1035.390015	92
-1030.946289	92
-1026.502563	100
-1022.058777	96
-1017.615051	84
-1013.171326	97
-1008.727600	97
-1004.283875	97
-999.840088	90
-995.396362	86
-990.952637	111
-986.508911	95
-982.065186	93
-977.621460	99
-973.177734	95
-968.733948	104
-964.290222	98
-959.846497	93
-955.402771	96
-950.959045	99
-946.515320	103
-942.071594	99
-937.627808	73
-933.184082	84
-928.740356	107
-924.296631	87
-919.852905	97
-915.409180	86
-910.965454	86
-906.521729	83
-902.077942	94
-897.634216	89
-893.190491	92
-888.746765	99
-884.303040	93
-879.859314	85
-875.415588	96
-870.971802	98
-866.528076	76
-862.084351	86
-857.640625	103
-853.196899	91
-848.753174	92
-844.309448	104
-839.865723	105
-835.421936	86
-830.978210	88
-826.534485	99
-822.090759	101
-817.647034	98
-813.203308	95
-808.759583	95
-804.315796	87
-799.872070	89
-795.428345	86
-790.984619	90
-786.540894	71
-782.097168	74
-777.653442	85
-773.209656	82
-768.765930	98
-764.322205	85
-759.878479	90
-755.434753	89
-750.991028	98
-746.547302	86
-742.103577	91
-737.659790	105
-733.216064	101
-728.772339	97
-724.328613	93
-719.884888	93
-715.441162	82
-710.997437	81
-706.553650	89
-702.109924	110
-697.666199	98
-693.222473	85
-688.778748	92
-684.335022	86
-679.891296	78
-675.447571	85
-671.003784	89
-666.560059	92
-662.116333	101
-657.672607	99
-653.228882	92
-648.785156	101
-644.341431	100
-639.897644	99
-635.453918	102
-631.010193	102
-626.566467	93
-622.122742	81
-617.679016	112
-613.235291	113
-608.791504	99
-604.347778	86
-599.904053	93
-595.460327	93
-591.016602	78
-586.572876	95
-582.129150	100
-577.685425	94
-573.241638	106
-568.797913	111
-564.354187	102
-559.910461	98
-555.466736	92
-551.023010	97
-546.579285	107
-542.135498	100
-537.691772	95
-533.248047	90
-528.804321	90
-524.360596	95
-519.916870	109
-515.473145	106
-511.029388	101
-506.585663	104
-502.141937	92
-497.698181	92
-493.254456	94
-488.810730	109
-484.366974	113
-479.923248	107
-475.479523	100
-471.035797	94
-466.592041	98
-462.148315	100
-457.704590	99
-453.260864	88
-448.817108	93
-444.373383	99
-439.929657	104
-435.485901	96
-431.042175	100
-426.598450	100
-422.154724	89
-417.710968	105
-413.267242	106
-408.823517	96
-404.379791	88
-399.936035	90
-395.492310	99
-391.048584	91
-386.604828	101
-382.161102	110
-377.717377	109
-373.273651	105
-368.829895	110
-364.386169	113
-359.942444	118
-355.498718	105
-351.054962	101
-346.611237	107
-342.167511	111
-337.723785	108
-333.280029	106
-328.836304	115
-324.392578	126
-319.948822	127
-315.505096	110
-311.061371	104
-306.617645	107
-302.173889	114
-297.730164	118
-293.286438	107
-288.842712	109
-284.398956	119
-279.955231	104
-275.511505	108
-271.067749	112
-266.624023	122
-262.180298	117
-257.736572	130
-253.292831	132
-248.849091	117
-244.405365	121
-239.961624	124
-235.517899	130
-231.074158	128
-226.630432	140
-222.186691	143
-217.742950	145
-213.299225	154
-208.855484	152
-204.411758	148
-199.968018	150
-195.524292	169
-191.080551	174
-186.636826	165
-182.193085	171
-177.749359	182
-173.305618	189
-168.861893	204
-164.418152	213
-159.974411	229
-155.530685	231
-151.086945	251
-146.643219	269
-142.199478	294
-137.755753	308
-133.312012	350
-128.868286	380
-124.424545	414
-119.980812	448
-115.537079	500
-111.093346	586
-106.649612	659
-102.205879	705
-97.762146	782
-93.318413	933
-88.874680	1099
-84.430946	1256
-79.987206	1469
-75.543472	1766
-71.099739	2144
-66.656006	2640
-62.212273	3156
-57.768539	3870
-53.324806	4721
-48.881073	5483
-44.437340	6075
-39.993603	6452
-35.549870	6821
-31.106136	7096
-26.662403	7221
-22.218670	7331
-17.774935	7431
-13.331202	7495
-8.887467	7589
-4.443734	7674
0.000000	7703
4.443734	7657
8.887467	7534
13.331202	7324
17.774935	7121
22.218670	6874
26.662403	6521
31.106136	6043
35.549870	5507
39.993603	4844
44.437340	3969
48.881073	3212
53.324806	2606
57.768539	2163
62.212273	1784
66.656006	1486
71.099739	1242
75.543472	1049
79.987206	909
84.430946	766
88.874680	674
93.318413	603
97.762146	525
102.205879	476
106.649612	424
111.093346	381
115.537079	337
119.980812	298
124.424545	276
128.868286	282
133.312012	268
137.755753	225
142.199478	223
146.643219	225
151.086945	213
155.530685	180
159.974411	191
164.418152	179
168.861893	161
173.305618	166
177.749359	163
182.193085	158
186.636826	154
191.080551	150
195.524292	141
199.968018	138
204.411758	141
208.855484	140
213.299225	127
217.742950	116
222.186691	99
226.630432	125
231.074158	123
235.517899	128
239.961624	130
244.405365	124
248.849091	113
253.292831	110
257.736572	120
262.180298	119
266.624023	110
271.067749	111
275.511505	109
279.955231	106
284.398956	106
288.842712	115
293.286438	111
297.730164	110
302.173889	92
306.617645	101
311.061371	113
315.505096	120
319.948822	115
324.392578	102
328.836304	110
333.280029	115
337.723785	114
342.167511	116
346.611237	110
351.054962	109
355.498718	111
359.942444	112
364.386169	98
368.829895	109
373.273651	93
377.717377	87
382.161102	97
386.604828	103
391.048584	113
395.492310	109
399.936035	108
404.379791	105
408.823517	98
413.267242	100
417.710968	87
422.154724	100
426.598450	110
431.042175	114
435.485901	113
439.929657	91
444.373383	100
448.817108	105
453.260864	102
457.704590	110
462.148315	103
466.592041	90
471.035797	99
475.479523	103
479.923248	106
484.366974	98
488.810730	99
493.254456	108
497.698181	112
502.141937	122
506.585663	110
511.029388	98
515.473145	93
519.916870	104
524.360596	104
528.804321	104
533.248047	92
537.691772	102
542.135498	111
546.579285	110
551.023010	93
555.466736	84
559.910461	88
564.354187	104
568.797913	105
573.241638	114
577.685425	119
582.129150	113
586.572876	110
591.016602	104
595.460327	108
599.904053	110
604.347778	112
608.791504	99
613.235291	98
617.679016	99
622.122742	100
626.566467	107
631.010193	101
635.453918	92
639.897644	103
644.341431	98
648.785156	99
653.228882	94
657.672607	97
662.116333	98
666.560059	93
671.003784	106
675.447571	107
679.891296	105
684.335022	106
688.778748	101
693.222473	100
697.666199	95
702.109924	99
706.553650	104
710.997437	105
715.441162	87
719.884888	97
724.328613	105
728.772339	112
733.216064	106
737.659790	96
742.103577	89
746.547302	103
750.991028	108
755.434753	107
759.878479	99
764.322205	96
768.765930	99
773.209656	113
777.653442	100
782.097168	91
786.540894	98
790.984619	97
795.428345	103
799.872070	110
804.315796	117
808.759583	102
813.203308	101
817.647034	89
822.090759	101
826.534485	104
830.978210	110
835.421936	115
839.865723	108
844.309448	98
848.753174	103
853.196899	94
857.640625	98
862.084351	93
866.528076	102
870.971802	115
875.415588	107
879.859314	96
884.303040	106
888.746765	96
893.190491	101
897.634216	107
902.077942	117
906.521729	97
910.965454	102
915.409180	111
919.852905	111
924.296631	98
928.740356	114
933.184082	104
937.627808	101
942.071594	108
946.515320	115
950.959045	90
955.402771	92
959.846497	86
964.290222	100
968.733948	98
973.177734	99
977.621460	103
982.065186	85
986.508911	89
990.952637	104
995.396362	100
999.840088	109
1004.283875	113
1008.727600	108
1013.171326	100
1017.615051	87
1022.058777	105
1026.502563	95
1030.946289	92
1035.390015	108
1039.833740	94
1044.277466	94
1048.721191	105
1053.164917	99
1057.608643	112
1062.052368	111
1066.496094	109
1070.939819	100
1075.383545	113
1079.827271	109
1084.270996	112
1088.714844	113
1093.158569	101
1097.602295	111
1102.046021	109
1106.489746	98
1110.933472	112
1115.377197	111
1119.820923	92
1124.264648	103
1128.708374	103
1133.152100	99
1137.595825	105
1142.039551	124
1146.483276	108
1150.927002	87
1155.370850	101
1159.814575	105
1164.258301	112
1168.702026	101
1173.145752	111
1177.589478	107
1182.033203	107
1186.476929	113
1190.920654	102
1195.364380	109
1199.808105	108
1204.251831	108
1208.695557	107
1213.139282	104
1217.583008	107
1222.026855	103
1226.470581	98
1230.914307	101
1235.358032	112
1239.801758	106
1244.245483	109
1248.689209	112
1253.132935	97
1257.576660	103
1262.020386	123
1266.464111	111
1270.907837	107
1275.351563	96
1279.795288	99
1284.239136	107
1288.682861	108
1293.126587	114
1297.570313	111
1302.014038	118
1306.457764	107
1310.901489	98
1315.345215	102
1319.788940	96
1324.232666	118
1328.676392	108
1333.120117	108
1337.563843	105
1342.007568	115
1346.451294	115
1350.895142	95
1355.338867	91
1359.782593	90
1364.226318	106
1368.670044	101
1373.113770	100
1377.557495	105
1382.001221	102
1386.444946	90
1390.888672	98
1395.332397	105
1399.776123	107
1404.219849	109
1408.663574	104
1413.107300	111
1417.551147	114
1421.994873	110
1426.438599	114
1430.882324	108
1435.326050	107
1439.769775	104
1444.213501	97
1448.657227	99
1453.100952	98
1457.544678	98
1461.988403	105
1466.432129	90
1470.875854	99
1475.319580	117
1479.763306	117
1484.207153	109
1488.650879	114
1493.094604	110
1497.538330	107
1501.982056	108
1506.425781	117
1510.869507	105
1515.313232	110
1519.756958	96
1524.200684	107
1528.644409	115
1533.088135	111
1537.531860	118
1541.975586	103
1546.419312	108
1550.863159	118
1555.306885	111
1559.750610	108
1564.194336	111
1568.638062	94
1573.081787	93
1577.525513	100
1581.969238	108
1586.412964	103
1590.856689	99
1595.300415	96
1599.744141	107
1604.187866	96
1608.631592	89
1613.075439	106
1617.519165	120
1621.962891	124
1626.406616	119
1630.850342	113
1635.294067	110
1639.737793	109
1644.181519	108
1648.625244	106
1653.068970	101
1657.512695	117
1661.956421	120
1666.400146	110
1670.843872	108
1675.287598	106
1679.731445	101
1684.175171	101
1688.618896	98
1693.062622	94
1697.506348	92
1701.950073	99
1706.393799	96
1710.837524	92
1715.281250	100
1719.724976	97
1724.168701	96
1728.612427	97
1733.056152	108
1737.499878	103
1741.943604	106
1746.387451	108
1750.831177	106
1755.274902	113
1759.718628	93
1764.162354	91
1768.606079	94
1773.049805	95
1777.493530	92
1781.937256	89
1786.380981	106
1790.824707	110
1795.268433	107
1799.712158	116
1804.155884	115
1808.599609	98
1813.043457	104
1817.487183	107
1821.930908	113
1826.374634	110
1830.818359	114
1835.262085	112
1839.705811	101
1844.149536	103
1848.593262	111
1853.036987	114
1857.480713	98
1861.924438	94
1866.368164	102
1870.811890	100
1875.255615	112
1879.699463	111
1884.143188	108
1888.586914	101
1893.030640	114
1897.474365	123
1901.918091	115
1906.361816	111
1910.805542	103
1915.249268	103
1919.692993	94
1924.136719	93
1928.580444	104
1933.024170	104
1937.467896	114
1941.911743	105
1946.355469	120
1950.799194	110
1955.242920	103
1959.686646	112
1964.130371	117
1968.574097	108
1973.017822	116
1977.461548	119
1981.905273	112
1986.348999	99
1990.792725	104
1995.236450	104
1999.680176	101
2004.123901	116
2008.567749	108
2013.011475	100
2017.455200	97
2021.898926	120
2026.342651	118
2030.786377	112
2035.230103	111
2039.673828	120
2044.117554	109
2048.561279	113
2053.005127	113
2057.448730	105
2061.892578	96
2066.336182	91
2070.780029	108
2075.223633	98
2079.667480	110
2084.111084	109
2088.554932	103
2092.998535	106
2097.442383	107
2101.885986	122
2106.329834	119
2110.773682	110
2115.217285	115
2119.661133	104
2124.104736	106
2128.548584	107
2132.992188	101
2137.436035	109
2141.879639	122
2146.323486	118
2150.767090	116
2155.210938	107
2159.654541	110
2164.098389	99
2168.541992	96
2172.985840	110
2177.429688	114
2181.873291	125
2186.317139	117
2190.760742	123
2195.204590	113
2199.648193	101
2204.092041	104
2208.535645	124
2212.979492	113
2217.423096	112
2221.866943	103
2226.310547	111
2230.754395	113
2235.197998	110
2239.641846	100
2244.085693	107
2248.529297	102
2252.973145	102
2257.416748	116
2261.860596	119
2266.304199	122
2270.748047	112
2275.191650	98
2279.635498	114
2284.079102	110
2288.522949	115
2292.966553	123
2297.410400	120
2301.854004	120
2306.297852	114
2310.741699	132
2315.185303	122
2319.629150	132
2324.072754	121
2328.516602	112
2332.960205	125
2337.404053	116
2341.847656	112
2346.291504	111
2350.735107	116
2355.178955	109
2359.622559	110
2364.066406	120
2368.510010	120
2372.953857	112
2377.397705	104
2381.841309	109
2386.285156	111
2390.728760	121
2395.172607	117
2399.616211	112
2404.060059	110
2408.503662	112
2412.947510	117
2417.391113	105
2421.834961	106
2426.278564	108
2430.722412	101
2435.166016	96
2439.609863	104
2444.053711	122
2448.497314	123
2452.941162	121
2457.384766	108
2461.828613	113
2466.272217	104
2470.716064	99
2475.159668	114
2479.603516	111
2484.047119	117
2488.490967	123
2492.934570	124
2497.378418	123
2501.822266	119
2506.265869	107
2510.709717	115
2515.153320	108
2519.597168	104
2524.040771	116
2528.484619	101
2532.928223	105
2537.372070	113
2541.815674	115
2546.259521	115
2550.703125	107
2555.146973	106
2559.590576	113
2564.034424	108
2568.478271	102
2572.921875	95
2577.365723	107
2581.809326	121
2586.253174	129
2590.696777	108
2595.140625	108
2599.584229	134
2604.028076	124
2608.471680	127
2612.915527	125
2617.359131	114
2621.802979	116
2626.246582	128
2630.690430	132
2635.134277	124
2639.577881	122
2644.021729	113
2648.465332	110
2652.909180	111
2657.352783	124
2661.796631	119
2666.240234	123
2670.684082	119
2675.127686	121
2679.571533	110
2684.015137	124
2688.458984	124
2692.902588	121
2697.346436	112
2701.790283	114
2706.233887	115
2710.677734	117
2715.121338	120
2719.565186	125
2724.008789	111
2728.452637	110
2732.896240	114
2737.340088	118
2741.783691	115
2746.227539	108
2750.671143	105
2755.114990	110
2759.558594	113
2764.002441	107
2768.446289	110
2772.889893	116
2777.333740	121
2781.777344	116
2786.221191	118
2790.664795	120
2795.108643	110
2799.552246	111
2803.996094	124
2808.439697	122
2812.883545	106
2817.327148	104
2821.770996	111
2826.214600	119
2830.658447	106
2835.102295	115
2839.545898	125
2843.989746	119
2848.433350	114
2852.877197	121
2857.320801	123
2861.764648	113
2866.208252	117
2870.652100	104
2875.095703	98
2879.539551	109
2883.983154	109
2888.427002	100
2892.870605	110
2897.314453	104
2901.758301	99
2906.201904	104
2910.645752	107
2915.089355	124
2919.533203	117
2923.976807	116
2928.420654	126
2932.864258	123
2937.308105	102
2941.751709	98
2946.195557	105
2950.639160	105
2955.083008	120
2959.526611	122
2963.970459	104
2968.414307	117
2972.857910	106
2977.301758	117
2981.745361	131
2986.189209	138
2990.632813	127
2995.076660	119
2999.520264	134
3003.964111	125
3008.407715	122
3012.851563	108
3017.295166	116
3021.739014	112
3026.182617	114
3030.626465	119
3035.070313	132
3039.513916	117
3043.957764	119
3048.401367	116
3052.845215	111
3057.288818	108
3061.732666	117
3066.176270	117
3070.620117	122
3075.063721	126
3079.507568	125
3083.951172	103
3088.395020	112
3092.838623	122
3097.282471	130
3101.726318	127
3106.169922	115
3110.613770	114
3115.057373	121
3119.501221	128
3123.944824	113
3128.388672	116
3132.832275	118
3137.276123	125
3141.719727	132
3146.163574	113
3150.607178	105
3155.051025	109
3159.494873	110
3163.938477	115
3168.382324	106
3172.825928	106
3177.269775	116
3181.713379	130
3186.157227	122
3190.600830	107
3195.044678	105
3199.488281	123
3203.932129	112
3208.375732	120
3212.819580	117
3217.263184	113
3221.707031	120
3226.150879	128
3230.594482	130
3235.038330	129
3239.481934	114
3243.925781	117
3248.369385	128
3252.813232	108
3257.256836	103
3261.700684	108
3266.144287	107
3270.588135	104
3275.031738	122
3279.475586	111
3283.919189	105
3288.363037	117
3292.806885	123
3297.250488	115
3301.694336	109
3306.137939	109
3310.581787	98
3315.025391	116
3319.469238	127
3323.912842	138
3328.356689	130
3332.800293	122
3337.244141	120
3341.687744	115
3346.131592	107
3350.575195	123
3355.019043	122
3359.462891	109
3363.906494	114
3368.350342	118
3372.793945	119
3377.237793	125
3381.681396	130
3386.125244	115
3390.568848	117
3395.012695	117
3399.456299	109
3403.900146	102
3408.343750	112
3412.787598	126
3417.231201	130
3421.675049	118
3426.118896	123
3430.562500	131
3435.006348	127
3439.449951	128
3443.893799	123
3448.337402	130
3452.781250	122
3457.224854	124
3461.668701	132
3466.112305	136
3470.556152	129
3474.999756	112
3479.443604	115
3483.887207	125
3488.331055	124
3492.774902	124
3497.218506	129
3501.662354	137
3506.105957	138
3510.549805	130
3514.993408	128
3519.437256	130
3523.880859	136
3528.324707	125
3532.768311	127
3537.212158	133
3541.655762	120
3546.099609	127
3550.543213	135
3554.987061	131
3559.430908	132
3563.874512	137
3568.318359	128
3572.761963	147
3577.205811	148
3581.649414	134
3586.093262	137
3590.536865	143
3594.980713	145
3599.424316	151
3603.868164	159
3608.311768	159
3612.755615	161
3617.199219	163
3621.643066	152
3626.086914	175
3630.530518	178
3634.974365	181
3639.417969	184
3643.861816	175
3648.305420	170
3652.749268	168
3657.192871	174
3661.636719	197
3666.080322	203
3670.524170	210
3674.967773	202
3679.411621	197
3683.855225	203
3688.299072	220
3692.742920	227
3697.186523	238
3701.630371	258
3706.073975	266
3710.517822	268
3714.961426	296
3719.405273	305
3723.848877	304
3728.292725	304
3732.736328	308
3737.180176	331
3741.623779	335
3746.067627	344
3750.511230	360
3754.955078	387
3759.398926	412
3763.842529	429
3768.286377	441
3772.729980	451
3777.173828	459
3781.617432	511
3786.061279	555
3790.504883	574
3794.948730	614
3799.392334	639
3803.836182	652
3808.279785	717
3812.723633	738
3817.167236	771
3821.611084	809
3826.054932	874
3830.498535	884
3834.942383	915
3839.385986	984
3843.829834	1004
3848.273438	1039
3852.717285	1089
3857.160889	1124
3861.604736	1171
3866.048340	1180
3870.492188	1206
3874.935791	1258
3879.379639	1310
3883.823486	1366
3888.267090	1408
3892.710938	1448
3897.154541	1451
3901.598389	1506
3906.041992	1586
3910.485840	1646
3914.929443	1701
3919.373291	1699
3923.816895	1717
3928.260742	1783
3932.704346	1807
3937.148193	1787
3941.591797	1759
3946.035645	1811
3950.479492	1842
3954.923096	1818
3959.366943	1806
3963.810547	1827
3968.254395	1827
3972.697998	1839
3977.141846	1844
3981.585449	1876
3986.029297	1908
3990.472900	1966
3994.916748	1990
3999.360352	1986
4003.804199	1980
4008.247803	2004
4012.691650	2025
4017.135498	2010
4021.579102	2037
4026.022949	2088
4030.466553	2091
4034.910400	2075
4039.354004	2071
4043.797852	2080
4048.241455	2065
4052.685303	2079
4057.128906	2096
4061.572754	2049
4066.016357	2005
4070.460205	2013
4074.903809	2014
4079.347656	1996
4083.791504	1994
4088.235107	1975
4092.678955	1960
4097.122559	1944
4101.566406	1929
4106.010254	1945
4110.453613	1951
4114.897461	1969
4119.341309	1974
4123.785156	1996
4128.228516	2006
4132.672363	1990
4137.116211	1993
4141.560059	2009
4146.003418	2013
4150.447266	2001
4154.891113	1991
4159.334961	2020
4163.778809	2059
4168.222168	2083
4172.666016	2067
4177.109863	2021
4181.553711	1996
4185.997070	2021
4190.440918	2024
4194.884766	1983
4199.328613	1978
4203.771973	1972
4208.215820	1959
4212.659668	1958
4217.103516	1975
4221.547363	1979
4225.990723	1969
4230.434570	1985
4234.878418	1997
4239.322266	2023
4243.765625	1989
4248.209473	1937
4252.653320	1955
4257.097168	1936
4261.540527	1919
4265.984375	1925
4270.428223	1921
4274.872070	1894
4279.315918	1865
4283.759277	1887
4288.203125	1885
4292.646973	1890
4297.090820	1892
4301.534180	1874
4305.978027	1825
4310.421875	1822
4314.865723	1827
4319.309082	1870
4323.752930	1873
4328.196777	1825
4332.640625	1783
4337.083984	1765
4341.527832	1762
4345.971680	1788
4350.415527	1806
4354.859375	1825
4359.302734	1847
4363.746582	1880
4368.190430	1888
4372.634277	1888
4377.077637	1885
4381.521484	1911
4385.965332	1929
4390.409180	1932
4394.852539	1930
4399.296387	1926
4403.740234	1955
4408.184082	1989
4412.627930	1988
4417.071289	1989
4421.515137	2005
4425.958984	2022
4430.402832	2022
4434.846191	2019
4439.290039	1988
4443.733887	1975
4448.177734	1988
4452.621094	1965
4457.064941	1994
4461.508789	2009
4465.952637	1964
4470.395996	1987
4474.839844	1981
4479.283691	1958
4483.727539	1950
4488.171387	1950
4492.614746	1951
4497.058594	1955
4501.502441	1984
4505.946289	1971
4510.389648	1948
4514.833496	1974
4519.277344	1959
4523.721191	1935
4528.164551	1906
4532.608398	1885
4537.052246	1924
4541.496094	1942
4545.939941	1915
4550.383301	1920
4554.827148	1938
4559.270996	1926
4563.714844	1953
4568.158203	1940
4572.602051	1901
4577.045898	1909
4581.489746	1929
4585.933105	1928
4590.376953	1968
4594.820801	1975
4599.264648	1957
4603.708008	1978
4608.151855	1978
4612.595703	1991
4617.039551	2003
4621.483398	2017
4625.926758	2025
4630.370605	2022
4634.814453	2034
4639.258301	2073
4643.701660	2107
4648.145508	2123
4652.589355	2153
4657.033203	2172
4661.476563	2179
4665.920410	2191
4670.364258	2237
4674.808105	2254
4679.251953	2266
4683.695313	2307
4688.139160	2327
4692.583008	2351
4697.026855	2374
4701.470215	2404
4705.914063	2441
4710.357910	2496
4714.801758	2524
4719.245117	2555
4723.688965	2608
4728.132813	2626
4732.576660	2654
4737.020020	2668
4741.463867	2644
4745.907715	2680
4750.351563	2743
4754.795410	2772
4759.238770	2791
4763.682617	2820
4768.126465	2896
4772.570313	2917
4777.013672	2927
4781.457520	2916
4785.901367	2992
4790.345215	3029
4794.788574	3038
4799.232422	3076
4803.676270	3044
4808.120117	3023
4812.563965	3117
4817.007324	3163
4821.451172	3162
4825.895020	3150
4830.338867	3143
4834.782227	3123
4839.226074	3076
4843.669922	3044
4848.113770	3039
4852.557129	3004
4857.000977	2937
4861.444824	2915
4865.888672	2919
4870.332031	2958
4874.775879	3002
4879.219727	3068
4883.663574	3099
4888.107422	3104
4892.550781	3081
4896.994629	3120
4901.438477	3181
4905.882324	3191
4910.325684	3222
4914.769531	3203
4919.213379	3159
4923.657227	3154
4928.100586	3155
4932.544434	3222
4936.988281	3267
4941.432129	3208
4945.875977	3197
4950.319336	3239
4954.763184	3220
4959.207031	3196
4963.650879	3179
4968.094238	3195
4972.538086	3175
4976.981934	3166
4981.425781	3140
4985.869141	3102
4990.312988	3107
4994.756836	3123
4999.200684	3118
5003.644531	3111
5008.087891	3078
5012.531738	3059
5016.975586	3057
5021.419434	3060
5025.862793	3032
5030.306641	2982
5034.750488	2899
5039.194336	2867
5043.637695	2914
5048.081543	2916
5052.525391	2882
5056.969238	2836
5061.412598	2804
5065.856445	2813
5070.300293	2830
5074.744141	2777
5079.187988	2756
5083.631348	2745
5088.075195	2731
5092.519043	2742
5096.962891	2721
5101.406250	2678
5105.850098	2655
5110.293945	2633
5114.737793	2629
5119.181152	2631
5123.625000	2615
5128.068848	2560
5132.512695	2495
5136.956543	2507
5141.399902	2515
5145.843750	2508
5150.287598	2565
5154.731445	2532
5159.174805	2485
5163.618652	2432
5168.062500	2426
5172.506348	2453
5176.949707	2518
5181.393555	2476
5185.837402	2429
5190.281250	2392
5194.724609	2371
5199.168457	2329
5203.612305	2332
5208.056152	2313
5212.500000	2319
5216.943359	2306
5221.387207	2238
5225.831055	2209
5230.274902	2221
5234.718262	2269
5239.162109	2265
5243.605957	2264
5248.049805	2248
5252.493164	2221
5256.937012	2218
5261.380859	2215
5265.824707	2180
5270.268555	2195
5274.711914	2175
5279.155762	2136
5283.599609	2121
5288.043457	2107
5292.486816	2125
5296.930664	2091
5301.374512	2086
5305.818359	2074
5310.261719	2025
5314.705566	2041
5319.149414	2069
5323.593262	2058
5328.036621	2018
5332.480469	2030
5336.924316	2041
5341.368164	2032
5345.812012	2025
5350.255371	1992
5354.699219	1947
5359.143066	1934
5363.586914	1917
5368.030273	1920
5372.474121	1941
5376.917969	1919
5381.361816	1914
5385.805176	1926
5390.249023	1896
5394.692871	1885
5399.136719	1891
5403.580566	1859
5408.023926	1853
5412.467773	1848
5416.911621	1821
5421.355469	1824
5425.798828	1814
5430.242676	1837
5434.686523	1824
5439.130371	1780
5443.573730	1760
5448.017578	1763
5452.461426	1781
5456.905273	1780
5461.348633	1778
5465.792480	1735
5470.236328	1723
5474.680176	1704
5479.124023	1687
5483.567383	1705
5488.011230	1734
5492.455078	1717
5496.898926	1675
5501.342285	1684
5505.786133	1684
5510.229980	1635
5514.673828	1632
5519.117188	1639
5523.561035	1615
5528.004883	1624
5532.448730	1649
5536.892578	1622
5541.335938	1601
5545.779785	1565
5550.223633	1544
5554.667480	1544
5559.110840	1530
5563.554688	1545
5567.998535	1561
5572.442383	1582
5576.885742	1515
5581.329590	1473
5585.773438	1518
5590.217285	1484
5594.661133	1498
5599.104492	1516
5603.548340	1479
5607.992188	1468
5612.436035	1467
5616.879395	1443
5621.323242	1451
5625.767090	1451
5630.210938	1430
5634.654297	1457
5639.098145	1427
5643.541992	1398
5647.985840	1376
5652.429199	1351
5656.873047	1362
5661.316895	1345
5665.760742	1381
5670.204590	1418
5674.647949	1380
5679.091797	1364
5683.535645	1358
5687.979492	1339
5692.422852	1349
5696.866699	1335
5701.310547	1322
5705.754395	1316
5710.197754	1310
5714.641602	1293
5719.085449	1251
5723.529297	1246
5727.973145	1273
5732.416504	1282
5736.860352	1270
5741.304199	1255
5745.748047	1261
5750.191406	1211
5754.635254	1199
5759.079102	1227
5763.522949	1234
5767.966309	1248
5772.410156	1229
5776.854004	1221
5781.297852	1244
5785.741211	1236
5790.185059	1247
5794.628906	1266
5799.072754	1261
5803.516602	1260
5807.959961	1267
5812.403809	1261
5816.847656	1258
5821.291504	1250
5825.734863	1271
5830.178711	1281
5834.622559	1278
5839.066406	1278
5843.509766	1301
5847.953613	1306
5852.397461	1297
5856.841309	1273
5861.285156	1255
5865.728516	1252
5870.172363	1238
5874.616211	1235
5879.060059	1265
5883.503418	1260
5887.947266	1259
5892.391113	1227
5896.834961	1206
5901.278320	1201
5905.722168	1185
5910.166016	1209
5914.609863	1227
5919.053223	1198
5923.497070	1198
5927.940918	1178
5932.384766	1155
5936.828613	1183
5941.271973	1182
5945.715820	1184
5950.159668	1165
5954.603516	1195
5959.046875	1179
5963.490723	1098
5967.934570	1116
5972.378418	1134
5976.821777	1107
5981.265625	1078
5985.709473	1083
5990.153320	1102
5994.597168	1092
5999.040527	1084
6003.484375	1073
6007.928223	1075
6012.372070	1080
6016.815430	1069
6021.259277	1055
6025.703125	1040
6030.146973	1030
6034.590332	1032
6039.034180	1008
6043.478027	984
6047.921875	1000
6052.365234	999
6056.809082	969
6061.252930	943
6065.696777	965
6070.140625	971
6074.583984	952
6079.027832	946
6083.471680	942
6087.915527	924
6092.358887	913
6096.802734	903
6101.246582	910
6105.690430	893
6110.133789	878
6114.577637	858
6119.021484	866
6123.465332	865
6127.909180	849
6132.352539	857
6136.796387	854
6141.240234	838
6145.684082	815
6150.127441	819
6154.571289	827
6159.015137	816
6163.458984	807
6167.902344	780
6172.346191	797
6176.790039	795
6181.233887	794
6185.677246	795
6190.121094	766
6194.564941	767
6199.008789	780
6203.452637	772
6207.895996	770
6212.339844	756
6216.783691	748
6221.227539	731
6225.670898	715
6230.114746	732
6234.558594	749
6239.002441	736
6243.445801	707
6247.889648	698
6252.333496	710
6256.777344	708
6261.221191	704
6265.664551	698
6270.108398	691
6274.552246	712
6278.996094	719
6283.439453	697
6287.883301	697
6292.327148	701
6296.770996	691
6301.214355	678
6305.658203	671
6310.102051	680
6314.545898	677
6318.989746	688
6323.433105	698
6327.876953	690
6332.320801	683
6336.764648	685
6341.208008	706
6345.651855	687
6350.095703	651
6354.539551	638
6358.982910	652
6363.426758	649
6367.870605	640
6372.314453	643
6376.757813	627
6381.201660	619
6385.645508	638
6390.089355	604
6394.533203	606
6398.976563	622
6403.420410	617
6407.864258	632
6412.308105	633
6416.751465	633
6421.195313	627
6425.639160	645
6430.083008	633
6434.526367	597
6438.970215	624
6443.414063	642
6447.857910	641
6452.301758	621
6456.745117	603
6461.188965	603
6465.632813	598
6470.076660	595
6474.520020	606
6478.963867	600
6483.407715	597
6487.851563	618
6492.294922	620
6496.738770	622
6501.182617	625
6505.626465	601
6510.069824	589
6514.513672	574
6518.957520	578
6523.401367	563
6527.845215	552
6532.288574	565
6536.732422	569
6541.176270	569
6545.620117	547
6550.063477	542
6554.507324	548
6558.951172	538
6563.395020	542
6567.838379	532
6572.282227	525
6576.726074	537
6581.169922	548
6585.613770	560
6590.057129	558
6594.500977	553
6598.944824	550
6603.388672	558
6607.832031	570
6612.275879	573
6616.719727	561
6621.163574	549
6625.606934	549
6630.050781	568
6634.494629	577
6638.938477	576
6643.381836	557
6647.825684	567
6652.269531	578
6656.713379	573
6661.157227	581
6665.600586	583
6670.044434	581
6674.488281	568
6678.932129	563
6683.375488	569
6687.819336	585
6692.263184	585
6696.707031	574
6701.150391	591
6705.594238	571
6710.038086	581
6714.481934	582
6718.925781	561
6723.369141	555
6727.812988	553
6732.256836	568
6736.700684	558
6741.144043	545
6745.587891	537
6750.031738	531
6754.475586	550
6758.918945	565
6763.362793	557
6767.806641	547
6772.250488	539
6776.693848	542
6781.137695	539
6785.581543	534
6790.025391	557
6794.469238	568
6798.912598	566
6803.356445	575
6807.800293	570
6812.244141	571
6816.687500	560
6821.131348	556
6825.575195	562
6830.019043	562
6834.462402	547
6838.906250	556
6843.350098	540
6847.793945	543
6852.237793	560
6856.681152	535
6861.125000	522
6865.568848	525
6870.012695	518
6874.456055	528
6878.899902	524
6883.343750	527
6887.787598	513
6892.230957	486
6896.674805	499
6901.118652	509
6905.562500	521
6910.005859	530
6914.449707	540
6918.893555	540
6923.337402	513
6927.781250	509
6932.224609	527
6936.668457	538
6941.112305	558
6945.556152	537
6949.999512	534
6954.443359	549
6958.887207	550
6963.331055	547
6967.774414	526
6972.218262	548
6976.662109	537
6981.105957	539
6985.549805	532
6989.993164	522
6994.437012	530
6998.880859	562
7003.324707	563
7007.768066	538
7012.211914	516
7016.655762	530
7021.099609	528
7025.542969	543
7029.986816	551
7034.430664	554
7038.874512	555
7043.318359	538
7047.761719	534
7052.205566	530
7056.649414	514
7061.093262	534
7065.536621	556
7069.980469	551
7074.424316	551
7078.868164	558
7083.311523	548
7087.755371	525
7092.199219	549
7096.643066	563
7101.086426	545
7105.530273	550
7109.974121	542
7114.417969	538
7118.861816	538
7123.305176	520
7127.749023	514
7132.192871	499
7136.636719	512
7141.080078	511
7145.523926	516
7149.967773	495
7154.411621	480
7158.854980	491
7163.298828	487
7167.742676	474
7172.186523	471
7176.630371	493
7181.073730	472
7185.517578	459
7189.961426	461
7194.405273	465
7198.848633	469
7203.292480	454
7207.736328	448
7212.180176	443
7216.623535	440
7221.067383	452
7225.511230	468
7229.955078	458
7234.398438	445
7238.842285	412
7243.286133	441
7247.729980	443
7252.173828	441
7256.617188	435
7261.061035	450
7265.504883	447
7269.948730	445
7274.392090	443
7278.835938	422
7283.279785	426
7287.723633	444
7292.166992	445
7296.610840	428
7301.054688	407
7305.498535	407
7309.942383	413
7314.385742	410
7318.829590	402
7323.273438	412
7327.717285	398
7332.160645	400
7336.604492	412
7341.048340	408
7345.492188	399
7349.935547	420
7354.379395	435
7358.823242	412
7363.267090	395
7367.710449	420
7372.154297	423
7376.598145	413
7381.041992	415
7385.485840	426
7389.929199	391
7394.373047	391
7398.816895	392
7403.260742	395
7407.704102	381
7412.147949	405
7416.591797	413
7421.035645	390
7425.479004	372
7429.922852	363
7434.366699	375
7438.810547	397
7443.254395	386
7447.697754	366
7452.141602	365
7456.585449	360
7461.029297	373
7465.472656	376
7469.916504	386
7474.360352	385
7478.804199	372
7483.247559	381
7487.691406	377
7492.135254	385
7496.579102	344
7501.022461	333
7505.466309	359
7509.910156	348
7514.354004	341
7518.797852	351
7523.241211	348
7527.685059	352
7532.128906	364
7536.572754	344
7541.016113	339
7545.459961	336
7549.903809	346
7554.347656	330
7558.791016	304
7563.234863	293
7567.678711	296
7572.122559	294
7576.566406	275
7581.009766	300
7585.453613	281
7589.897461	274
7594.341309	272
7598.784668	261
7603.228516	247
7607.672363	246
7612.116211	234
7616.559570	241
7621.003418	246
7625.447266	226
7629.891113	207
7634.334473	211
7638.778320	234
7643.222168	237
7647.666016	218
7652.109863	211
7656.553223	229
7660.997070	214
7665.440918	215
7669.884766	227
7674.328125	232
7678.771973	226
7683.215820	224
7687.659668	229
7692.103027	237
7696.546875	234
7700.990723	239
7705.434570	234
7709.878418	250
7714.321777	247
7718.765625	231
7723.209473	225
7727.653320	236
7732.096680	247
7736.540527	224
7740.984375	241
7745.428223	241
7749.871582	239
7754.315430	248
7758.759277	239
7763.203125	234
7767.646973	223
7772.090332	235
7776.534180	240
7780.978027	231
7785.421875	218
7789.865234	229
7794.309082	223
7798.752930	224
7803.196777	224
7807.640137	206
7812.083984	208
7816.527832	211
7820.971680	194
7825.415039	202
7829.858887	207
7834.302734	200
7838.746582	208
7843.190430	189
7847.633789	192
7852.077637	200
7856.521484	206
7860.965332	213
7865.408691	208
7869.852539	186
7874.296387	181
7878.740234	173
7883.183594	183
7887.627441	185
7892.071289	179
7896.515137	177
7900.958984	191
7905.402344	173
7909.846191	177
7914.290039	175
7918.733887	169
7923.177246	182
7927.621094	191
7932.064941	183
7936.508789	171
7940.952148	173
7945.395996	191
7949.839844	180
7954.283691	166
7958.727051	181
7963.170898	198
7967.614746	164
7972.058594	180
7976.502441	171
7980.945801	173
7985.389648	182
7989.833496	193
7994.277344	203
7998.720703	198
8003.164551	192
8007.608398	184
8012.052246	176
8016.495605	181
8020.939453	182
8025.383301	191
8029.827148	195
8034.270996	189
8038.714355	184
8043.158203	178
8047.602051	168
8052.045898	185
8056.489258	184
8060.933105	188
8065.376953	178
8069.820801	179
8074.264160	174
8078.708008	193
8083.151855	180
8087.595703	178
8092.039063	187
8096.482910	183
8100.926758	167
8105.370605	179
8109.814453	178
8114.257813	162
8118.701660	162
8123.145508	180
8127.589355	194
8132.032715	182
8136.476563	169
8140.920410	177
8145.364258	177
8149.807617	171
8154.251465	164
8158.695313	160
8163.139160	143
8167.583008	164
8172.026367	169
8176.470215	159
8180.914063	161
8185.357910	159
8189.801270	152
8194.245117	144
8198.688477	154
8203.132813	160
8207.576172	150
8212.020508	151
8216.463867	160
8220.907227	149
8225.351563	134
8229.794922	144
8234.239258	142
8238.682617	151
8243.125977	137
8247.570313	141
8252.013672	133
8256.457031	140
8260.901367	145
8265.344727	145
8269.789063	134
8274.232422	146
8278.675781	146
8283.120117	145
8287.563477	140
8292.006836	140
8296.451172	141
8300.894531	135
8305.338867	148
8309.782227	155
8314.225586	163
8318.669922	144
8323.113281	133
8327.557617	148
8332.000977	151
8336.444336	140
8340.888672	150
8345.332031	138
8349.775391	148
8354.219727	140
8358.663086	140
8363.107422	150
8367.550781	164
8371.994141	145
8376.438477	153
8380.881836	149
8385.326172	145
8389.769531	134
8394.212891	148
8398.657227	146
8403.100586	135
8407.543945	154
8411.988281	155
8416.431641	148
8420.875977	147
8425.319336	159
8429.762695	165
8434.207031	149
8438.650391	152
8443.094727	166
8447.538086	156
8451.981445	148
8456.425781	152
8460.869141	151
8465.312500	157
8469.756836	160
8474.200195	153
8478.644531	171
8483.087891	152
8487.531250	159
8491.975586	151
8496.418945	162
8500.863281	167
8505.306641	166
8509.750000	150
8514.194336	147
8518.637695	159
8523.081055	162
8527.525391	156
8531.968750	167
8536.413086	159
8540.856445	154
8545.299805	148
8549.744141	144
8554.187500	158
8558.631836	161
8563.075195	162
8567.518555	168
8571.962891	152
8576.406250	152
8580.849609	142
8585.293945	156
8589.737305	163
8594.181641	162
8598.625000	162
8603.068359	147
8607.512695	142
8611.956055	154
8616.399414	150
8620.843750	159
8625.287109	168
8629.731445	157
8634.174805	145
8638.618164	147
8643.062500	133
8647.505859	133
8651.950195	141
8656.393555	150
8660.836914	142
8665.281250	150
8669.724609	148
8674.167969	136
8678.612305	127
8683.055664	135
8687.500000	142
8691.943359	138
8696.386719	127
8700.831055	129
8705.274414	128
8709.718750	127
8714.162109	134
8718.605469	144
8723.049805	134
8727.493164	135
8731.936523	142
8736.380859	132
8740.824219	146
8745.268555	135
8749.711914	142
8754.155273	138
8758.599609	137
8763.042969	132
8767.487305	127
8771.930664	132
8776.374023	133
8780.818359	117
8785.261719	131
8789.705078	143
8794.149414	133
8798.592773	126
8803.037109	124
8807.480469	126
8811.923828	130
8816.368164	126
8820.811523	125
8825.255859	123
8829.699219	117
8834.142578	123
8838.586914	127
8843.030273	129
8847.473633	132
8851.917969	117
8856.361328	119
8860.805664	121
8865.249023	122
8869.692383	120
8874.136719	106
8878.580078	129
8883.023438	124
8887.467773	129
8891.911133	136
8896.355469	144
8900.798828	154
8905.242188	128
8909.686523	125
8914.129883	131
8918.574219	131
8923.017578	103
8927.460938	117
8931.905273	108
8936.348633	115
8940.791992	130
8945.236328	134
8949.679688	133
8954.124023	126
8958.567383	127
8963.010742	130
8967.455078	123
8971.898438	124
8976.342773	130
8980.786133	129
8985.229492	123
8989.673828	116
8994.117188	116
8998.560547	114
9003.004883	115
9007.448242	116
9011.892578	112
9016.335938	110
9020.779297	119
9025.223633	107
9029.666992	123
9034.111328	136
9038.554688	128
9042.998047	132
9047.442383	132
9051.885742	135
9056.329102	126
9060.773438	122
9065.216797	122
9069.661133	145
9074.104492	132
9078.547852	144
9082.992188	125
9087.435547	136
9091.879883	130
9096.323242	107
9100.766602	121
9105.210938	128
9109.654297	128
9114.097656	123
9118.541992	119
9122.985352	132
9127.429688	122
9131.873047	128
9136.316406	133
9140.760742	130
9145.204102	136
9149.648438	123
9154.091797	130
9158.535156	136
9162.979492	127
9167.422852	118
9171.866211	121
9176.310547	119
9180.753906	119
9185.198242	123
9189.641602	117
9194.084961	115
9198.529297	113
9202.972656	124
9207.416016	121
9211.860352	119
9216.303711	128
9220.748047	128
9225.191406	120
9229.634766	126
9234.079102	136
9238.522461	132
9242.966797	130
9247.410156	130
9251.853516	124
9256.297852	125
9260.741211	114
9265.184570	122
9269.628906	119
9274.072266	120
9278.516602	135
9282.959961	120
9287.403320	112
9291.847656	122
9296.291016	111
9300.735352	117
9305.178711	116
9309.622070	106
9314.066406	118
9318.509766	129
9322.953125	133
9327.397461	118
9331.840820	120
9336.285156	124
9340.728516	139
9345.171875	139
9349.616211	133
9354.059570	131
9358.503906	118
9362.947266	115
9367.390625	121
9371.834961	127
9376.278320	128
9380.721680	136
9385.166016	136
9389.609375	127
9394.053711	118
9398.497070	143
9402.940430	136
9407.384766	125
9411.828125	127
9416.272461	134
9420.715820	133
9425.159180	118
9429.603516	113
9434.046875	129
9438.490234	130
9442.934570	135
9447.377930	115
9451.822266	124
9456.265625	120
9460.708984	110
9465.153320	120
9469.596680	124
9474.040039	134
9478.484375	121
9482.927734	127
9487.372070	137
9491.815430	129
9496.258789	133
9500.703125	140
9505.146484	142
9509.590820	134
9514.034180	117
9518.477539	124
9522.921875	125
9527.365234	134
9531.808594	143
9536.252930	138
9540.696289	131
9545.140625	122
9549.583984	137
9554.027344	145
9558.471680	136
9562.915039	130
9567.359375	134
9571.802734	131
9576.246094	126
9580.690430	128
9585.133789	122
9589.577148	126
9594.021484	133
9598.464844	142
9602.909180	149
9607.352539	129
9611.795898	139
9616.240234	128
9620.683594	137
9625.127930	134
9629.571289	129
9634.014648	130
9638.458984	134
9642.902344	134
9647.345703	143
9651.790039	144
9656.233398	147
9660.677734	125
9665.121094	128
9669.564453	134
9674.008789	134
9678.452148	120
9682.896484	130
9687.339844	135
9691.783203	137
9696.227539	140
9700.670898	141
9705.114258	128
9709.558594	137
9714.001953	134
9718.446289	142
9722.889648	120
9727.333008	134
9731.777344	135
9736.220703	134
9740.664063	127
9745.108398	141
9749.551758	142
9753.996094	148
9758.439453	146
9762.882813	140
9767.327148	139
9771.770508	137
9776.214844	148
9780.658203	132
9785.101563	137
9789.545898	152
9793.989258	152
9798.432617	141
9802.876953	140
9807.320313	154
9811.764648	141
9816.208008	127
9820.651367	134
9825.095703	153
9829.539063	142
9833.983398	133
9838.426758	119
9842.870117	116
9847.314453	137
9851.757813	147
9856.201172	144
9860.645508	139
9865.088867	133
9869.533203	147
9873.976563	140
9878.419922	135
9882.864258	146
9887.307617	143
9891.751953	124
9896.195313	135
9900.638672	138
9905.083008	147
9909.526367	143
9913.969727	143
9918.414063	140
9922.857422	137
9927.301758	126
9931.745117	133
9936.188477	140
9940.632813	125
9945.076172	122
9949.520508	131
9953.963867	134
9958.407227	134
9962.851563	128
9967.294922	125
9971.738281	134
9976.182617	131
9980.625977	130
9985.070313	128
9989.513672	120
9993.957031	126
9998.401367	121
10002.844727	107
10007.289063	107
10011.732422	110
10016.175781	112
10020.620117	113
10025.063477	106
10029.506836	107
10033.951172	117
10038.394531	108
10042.838867	105
10047.282227	117
10051.725586	116
10056.169922	108
10060.613281	115
10065.056641	124
10069.500977	113
10073.944336	111
10078.388672	103
10082.832031	98
10087.275391	104
10091.719727	97
10096.163086	94
10100.607422	107
10105.050781	96
10109.494141	91
10113.938477	93
10118.381836	92
10122.825195	94
10127.269531	79
10131.712891	73
10136.157227	73
10140.600586	74
10145.043945	67
10149.488281	55
10153.931641	62
10158.375977	56
10162.819336	57
10167.262695	54
10171.707031	49
10176.150391	48
10180.593750	42
10185.038086	49
10189.481445	49
10193.925781	52
10198.369141	41
10202.812500	35
10207.256836	39
10211.700195	32
10216.144531	34
10220.587891	31
10225.031250	27
10229.475586	30
10233.918945	29
10238.362305	29
10242.806641	30
10247.250000	30
10251.694336	36
10256.137695	38
10260.581055	35
10265.025391	31
10269.468750	26
10273.913086	37
10278.356445	35
10282.799805	30
10287.244141	24
10291.687500	25
10296.130859	24
10300.575195	31
10305.018555	29
10309.462891	26
10313.906250	24
10318.349609	16
10322.793945	11
10327.237305	21
10331.680664	26
10336.125000	18
10340.568359	15
10345.012695	16
10349.456055	15
10353.899414	15
10358.343750	11
10362.787109	14
10367.231445	13
10371.674805	10
10376.118164	12
10380.562500	14
10385.005859	16
10389.449219	13
10393.893555	10
10398.336914	10
10402.781250	13
10407.224609	10
10411.667969	7
10416.112305	7
10420.555664	5
10425.000000	6
10429.443359	7
10433.886719	6
10438.331055	4
10442.774414	2
10447.217773	1
10451.662109	2
10456.105469	2
10460.549805	2
10464.993164	0
10469.436523	0
10473.880859	0
10478.324219	0
10482.768555	0
10487.211914	0
10491.655273	0
10496.099609	0
10500.542969	0
10504.986328	0
10509.430664	0
10513.874023	0
10518.318359	0
10522.761719	0
10527.205078	0
10531.649414	0
10536.092773	0
10540.537109	0
10544.980469	0
10549.423828	0
10553.868164	0
10558.311523	0
10562.754883	0
10567.199219	0
10571.642578	0
10576.086914	0
10580.530273	0
10584.973633	0
10589.417969	0
10593.861328	0
10598.305664	0
10602.749023	0
10607.192383	0
10611.636719	0
10616.080078	0
10620.523438	0
10624.967773	0
10629.411133	0
10633.855469	0
10638.298828	0
10642.742188	0
10647.186523	0
10651.629883	0
10656.073242	0
10660.517578	0
10664.960938	0
10669.405273	0
10673.848633	0
10678.291992	0
10682.736328	0
10687.179688	0
10691.624023	0
10696.067383	0
10700.510742	0
10704.955078	0
10709.398438	0
10713.841797	0
10718.286133	0
10722.729492	0
10727.173828	0
10731.617188	0
10736.060547	0
10740.504883	0
10744.948242	0
10749.392578	0
10753.835938	0
10758.279297	0
10762.723633	0
10767.166992	0
10771.610352	0
10776.054688	0
10780.498047	0
10784.942383	0
10789.385742	0
10793.829102	0
10798.273438	0
10802.716797	0
10807.161133	0
10811.604492	0
10816.047852	0
10820.492188	0
10824.935547	0
10829.378906	0
10833.823242	0
10838.266602	0
10842.710938	0
10847.154297	0
10851.597656	0
10856.041992	0
10860.485352	0
10864.929688	0
10869.373047	0
10873.816406	0
10878.260742	0
10882.704102	0
10887.147461	0
10891.591797	0
10896.035156	0
10900.479492	0
10904.922852	0
10909.366211	0
10913.810547	0
10918.253906	0
10922.697266	0
10927.141602	0
10931.584961	0
10936.029297	0
10940.472656	0
10944.916016	0
10949.360352	0
10953.803711	0
10958.248047	0
10962.691406	0
10967.134766	0
10971.579102	0
10976.022461	0
10980.465820	0
10984.910156	0
10989.353516	0
10993.797852	0
10998.241211	0
11002.684570	0
11007.128906	0
11011.572266	0
11016.016602	0
11020.459961	0
11024.903320	0
11029.347656	0
11033.791016	0
11038.234375	0
11042.678711	0
11047.122070	0
11051.566406	0
11056.009766	0
11060.453125	0
11064.897461	0
11069.340820	0
11073.785156	0
11078.228516	0
11082.671875	0
11087.116211	0
11091.559570	0
11096.002930	0
11100.447266	0
11104.890625	0
11109.334961	0
11113.778320	0
11118.221680	0
11122.666016	0
11127.109375	0
11131.553711	0
11135.997070	0
11140.440430	0
11144.884766	0
11149.328125	0
11153.771484	0
11158.215820	0
11162.659180	0
11167.103516	0
11171.546875	0
11175.990234	0
11180.434570	0
11184.877930	0
11189.322266	0
11193.765625	0
11198.208984	0
11202.653320	0
11207.096680	0
11211.540039	0
11215.984375	0
11220.427734	0
11224.872070	0
11229.315430	0
11233.758789	0
11238.203125	0
11242.646484	0
11247.089844	0
11251.534180	0
11255.977539	0
11260.421875	0
11264.865234	0
11269.308594	0
11273.752930	0
11278.196289	0
11282.640625	0
11287.083984	0
11291.527344	0
11295.971680	0
11300.415039	0
11304.858398	0
11309.302734	0
11313.746094	0
11318.190430	0
11322.633789	0
11327.077148	0
11331.521484	0
11335.964844	0
11340.409180	0
11344.852539	0
11349.295898	0
11353.740234	0
11358.183594	0
11362.626953	0
11367.071289	0
11371.514648	0
11375.958984	0
11380.402344	0
11384.845703	0
11389.290039	0
11393.733398	0
11398.177734	0
11402.621094	0
11407.064453	0
11411.508789	0
11415.952148	0
11420.395508	0
11424.839844	0
11429.283203	0
11433.727539	0
11438.170898	0
11442.614258	0
11447.058594	0
11451.501953	0
11455.946289	0
11460.389648	0
11464.833008	0
11469.277344	0
11473.720703	0
11478.164063	0
11482.608398	0
11487.051758	0
11491.496094	0
11495.939453	0
11500.382813	0
11504.827148	0
11509.270508	0
11513.713867	0
11518.158203	0
11522.601563	0
11527.045898	0
11531.489258	0
11535.932617	0
11540.376953	0
11544.820313	0
11549.264648	0
11553.708008	0
11558.151367	0
11562.595703	0
11567.039063	0
11571.482422	0
11575.926758	0
11580.370117	0
11584.814453	0
11589.257813	0
11593.701172	0
11598.145508	0
11602.588867	0
11607.033203	0
11611.476563	0
11615.919922	0
11620.364258	0
11624.807617	0
11629.250977	0
11633.695313	0
11638.138672	0
11642.583008	0
11647.026367	0
11651.469727	0
11655.914063	0
11660.357422	0
11664.801758	0
11669.245117	0
11673.688477	0
11678.132813	0
11682.576172	0
11687.019531	0
11691.463867	0
11695.907227	0
11700.351563	0
11704.794922	0
11709.238281	0
11713.682617	0
11718.125977	0
11722.570313	0
11727.013672	0
11731.457031	0
11735.901367	0
11740.344727	0
11744.788086	0
11749.232422	0
11753.675781	0
11758.120117	0
11762.563477	0
11767.006836	0
11771.451172	0
11775.894531	0
11780.337891	0
11784.782227	0
11789.225586	0
11793.669922	0
11798.113281	0
11802.556641	0
11807.000977	0
11811.444336	0
11815.888672	0
11820.332031	0
11824.775391	0
11829.219727	0
11833.663086	0
11838.106445	0
11842.550781	0
11846.994141	0
11851.438477	0
11855.881836	0
11860.325195	0
11864.769531	0
11869.212891	0
11873.657227	0
11878.100586	0
11882.543945	0
11886.988281	0
11891.431641	0
11895.875000	0
11900.319336	0
11904.762695	0
11909.207031	0
11913.650391	0
11918.093750	0
11922.538086	0
11926.981445	0
11931.425781	0
11935.869141	0
11940.312500	0
11944.756836	0
11949.200195	0
11953.643555	0
11958.087891	0
11962.531250	0
11966.975586	0
11971.418945	0
11975.862305	0
11980.306641	0
11984.750000	0
11989.194336	0
11993.637695	0
11998.081055	0
12002.525391	0
12006.968750	0
12011.412109	0
12015.856445	0
12020.299805	0
12024.744141	0
12029.187500	0
12033.630859	0
12038.075195	0
12042.518555	0
12046.962891	0
12051.406250	0
12055.849609	0
12060.293945	0
12064.737305	0
12069.180664	0
12073.625000	0
12078.068359	0
12082.512695	0
12086.956055	0
12091.399414	0
12095.843750	0
12100.287109	0
12104.730469	0
12109.174805	0
12113.618164	0
12118.062500	0
12122.505859	0
12126.949219	0
12131.393555	0
12135.836914	0
12140.281250	0
12144.724609	0
12149.167969	0
12153.612305	0
12158.055664	0
12162.499023	0
12166.943359	0
12171.386719	0
12175.831055	0
12180.274414	0
12184.717773	0
12189.162109	0
12193.605469	0
12198.049805	0
12202.493164	0
12206.936523	0
12211.380859	0
12215.824219	0
