-3565.916016	0
-3561.480957	0
-3557.045654	0
-3552.610352	0
-3548.175293	0
-3543.739990	0
-3539.304688	0
-3534.869629	0
-3530.434326	0
-3525.999023	0
-3521.563965	0
-3517.128662	0
-3512.693359	0
-3508.258301	0
-3503.822998	0
-3499.387695	0
-3494.952637	0
-3490.517334	0
-3486.082031	0
-3481.646973	0
-3477.211670	0
-3472.776367	0
-3468.341309	0
-3463.906006	0
-3459.470703	0
-3455.035645	0
-3450.600342	0
-3446.165039	0
-3441.729980	0
-3437.294678	0
-3432.859375	0
-3428.424316	0
-3423.989014	0
-3419.553711	0
-3415.118652	0
-3410.683350	0
-3406.248291	0
-3401.812988	0
-3397.377686	0
-3392.942627	0
-3388.507324	0
-3384.072021	0
-3379.636963	0
-3375.201660	0
-3370.766357	0
-3366.331299	0
-3361.895996	0
-3357.460693	0
-3353.025635	0
-3348.590332	0
-3344.155029	0
-3339.719971	0
-3335.284668	0
-3330.849365	0
-3326.414307	0
-3321.979004	0
-3317.543701	0
-3313.108643	0
-3308.673340	0
-3304.238037	0
-3299.802979	0
-3295.367676	0
-3290.932373	0
-3286.497314	0
-3282.062012	0
-3277.626709	0
-3273.191650	0
-3268.756348	0
-3264.321289	0
-3259.885986	0
-3255.450684	0
-3251.015625	0
-3246.580322	0
-3242.145020	0
-3237.709961	0
-3233.274658	0
-3228.839355	0
-3224.404297	0
-3219.968994	0
-3215.533691	0
-3211.098633	0
-3206.663330	0
-3202.228027	0
-3197.792969	0
-3193.357666	0
-3188.922363	0
-3184.487305	0
-3180.052002	0
-3175.616699	0
-3171.181641	0
-3166.746338	0
-3162.311035	0
-3157.875977	0
-3153.440674	0
-3149.005371	0
-3144.570313	0
-3140.135010	0
-3135.699707	0
-3131.264648	0
-3126.829346	0
-3122.394043	0
-3117.958984	0
-3113.523682	0
-3109.088623	0
-3104.653320	0
-3100.218018	0
-3095.782959	0
-3091.347656	0
-3086.912354	0
-3082.477295	0
-3078.041992	0
-3073.606689	0
-3069.171631	0
-3064.736328	0
-3060.301025	0
-3055.865967	0
-3051.430664	0
-3046.995361	0
-3042.560303	0
-3038.125000	0
-3033.689697	0
-3029.254639	0
-3024.819336	0
-3020.384033	0
-3015.948975	0
-3011.513672	0
-3007.078369	0
-3002.643311	0
-2998.208008	0
-2993.772705	0
-2989.337646	0
-2984.902344	0
-2980.467041	0
-2976.031982	0
-2971.596680	0
-2967.161377	0
-2962.726318	0
-2958.291016	0
-2953.855957	0
-2949.420654	0
-2944.985352	0
-2940.550293	0
-2936.114990	0
-2931.679688	0
-2927.244629	0
-2922.809326	0
-2918.374023	0
-2913.938965	0
-2909.503662	0
-2905.068359	0
-2900.633301	0
-2896.197998	0
-2891.762695	0
-2887.327637	0
-2882.892334	0
-2878.457031	0
-2874.021973	0
-2869.586670	0
-2865.151367	0
-2860.716309	0
-2856.281006	0
-2851.845703	0
-2847.410645	0
-2842.975342	0
-2838.540039	0
-2834.104980	0
-2829.669678	0
-2825.234375	0
-2820.799316	0
-2816.364014	0
-2811.928711	0
-2807.493652	0
-2803.058350	0
-2798.623291	0
-2794.187988	0
-2789.752686	0
-2785.317627	0
-2780.882324	0
-2776.447021	0
-2772.011963	0
-2767.576660	0
-2763.141357	0
-2758.706299	0
-2754.270996	0
-2749.835693	0
-2745.400635	0
-2740.965332	0
-2736.530029	0
-2732.094971	0
-2727.659668	0
-2723.224365	0
-2718.789307	0
-2714.354004	0
-2709.918701	0
-2705.483643	0
-2701.048340	0
-2696.613037	0
-2692.177979	0
-2687.742676	0
-2683.307373	0
-2678.872314	0
-2674.437012	0
-2670.001709	0
-2665.566650	0
-2661.131348	0
-2656.696289	0
-2652.260986	0
-2647.825684	0
-2643.390625	0
-2638.955322	0
-2634.520020	0
-2630.084961	0
-2625.649658	0
-2621.214355	0
-2616.779297	0
-2612.343994	0
-2607.908691	0
-2603.473633	0
-2599.038330	0
-2594.603027	0
-2590.167969	0
-2585.732666	0
-2581.297363	0
-2576.862305	0
-2572.427002	0
-2567.991699	0
-2563.556641	0
-2559.121338	0
-2554.686035	0
-2550.250977	0
-2545.815674	0
-2541.380371	0
-2536.945313	0
-2532.510010	0
-2528.074707	0
-2523.639648	0
-2519.204346	0
-2514.769043	1
-2510.333984	2
-2505.898682	3
-2501.463623	4
-2497.028320	5
-2492.593018	6
-2488.157959	7
-2483.722656	7
-2479.287354	10
-2474.852295	9
-2470.416992	8
-2465.981689	6
-2461.546631	7
-2457.111328	10
-2452.676025	10
-2448.240967	14
-2443.805664	12
-2439.370361	10
-2434.935303	13
-2430.500000	20
-2426.064697	24
-2421.629639	25
-2417.194336	26
-2412.759033	19
-2408.323975	21
-2403.888672	26
-2399.453369	29
-2395.018311	32
-2390.583008	27
-2386.147705	24
-2381.712646	22
-2377.277344	29
-2372.842041	31
-2368.406982	31
-2363.971680	31
-2359.536377	31
-2355.101318	32
-2350.666016	35
-2346.230957	33
-2341.795654	29
-2337.360352	37
-2332.925293	47
-2328.489990	49
-2324.054688	41
-2319.619629	36
-2315.184326	43
-2310.749023	45
-2306.313965	49
-2301.878662	41
-2297.443359	47
-2293.008301	54
-2288.572998	50
-2284.137695	50
-2279.702637	48
-2275.267334	41
-2270.832031	54
-2266.396973	57
-2261.961670	58
-2257.526367	56
-2253.091309	57
-2248.656006	51
-2244.220703	47
-2239.785645	59
-2235.350342	60
-2230.915039	60
-2226.479980	58
-2222.044678	64
-2217.609375	59
-2213.174316	70
-2208.739014	80
-2204.303711	74
-2199.868652	72
-2195.433350	70
-2190.998291	67
-2186.562988	67
-2182.127686	74
-2177.692627	68
-2173.257324	70
-2168.822021	77
-2164.386963	66
-2159.951660	71
-2155.516357	71
-2151.081299	81
-2146.645996	84
-2142.210693	83
-2137.775635	79
-2133.340332	85
-2128.905029	83
-2124.469971	88
-2120.034668	86
-2115.599365	86
-2111.164307	80
-2106.729004	89
-2102.293701	98
-2097.858643	98
-2093.423340	89
-2088.988037	95
-2084.552979	91
-2080.117676	92
-2075.682373	85
-2071.247314	96
-2066.812012	85
-2062.376709	93
-2057.941650	97
-2053.506348	99
-2049.071289	95
-2044.635986	93
-2040.200684	97
-2035.765503	112
-2031.330322	119
-2026.895020	110
-2022.459839	113
-2018.024658	114
-2013.589355	111
-2009.154175	111
-2004.718994	101
-2000.283813	120
-1995.848511	114
-1991.413330	109
-1986.978149	103
-1982.542847	100
-1978.107666	107
-1973.672485	106
-1969.237183	115
-1964.802002	117
-1960.366821	109
-1955.931519	103
-1951.496338	122
-1947.061157	108
-1942.625854	100
-1938.190674	102
-1933.755493	117
-1929.320313	113
-1924.885010	130
-1920.449829	131
-1916.014648	130
-1911.579346	128
-1907.144165	124
-1902.708984	120
-1898.273682	128
-1893.838501	128
-1889.403320	130
-1884.968018	124
-1880.532837	123
-1876.097656	117
-1871.662354	116
-1867.227173	114
-1862.791992	122
-1858.356812	120
-1853.921509	121
-1849.486328	111
-1845.051147	100
-1840.615845	110
-1836.180664	106
-1831.745483	110
-1827.310181	107
-1822.875000	112
-1818.439819	123
-1814.004517	127
-1809.569336	129
-1805.134155	120
-1800.698853	111
-1796.263672	118
-1791.828491	117
-1787.393188	131
-1782.958008	119
-1778.522827	120
-1774.087646	123
-1769.652344	132
-1765.217163	128
-1760.781982	119
-1756.346680	117
-1751.911499	115
-1747.476318	110
-1743.041016	121
-1738.605835	107
-1734.170654	101
-1729.735352	123
-1725.300171	122
-1720.864990	118
-1716.429688	129
-1711.994507	119
-1707.559326	119
-1703.124146	119
-1698.688843	118
-1694.253662	121
-1689.818481	113
-1685.383179	112
-1680.947998	122
-1676.512817	120
-1672.077515	106
-1667.642334	107
-1663.207153	122
-1658.771851	116
-1654.336670	114
-1649.901489	121
-1645.466187	114
-1641.031006	125
-1636.595825	125
-1632.160645	110
-1627.725342	105
-1623.290161	120
-1618.854980	123
-1614.419678	124
-1609.984497	115
-1605.549316	118
-1601.114014	111
-1596.678833	122
-1592.243652	118
-1587.808350	121
-1583.373169	113
-1578.937988	121
-1574.502686	125
-1570.067505	113
-1565.632324	113
-1561.197021	119
-1556.761841	122
-1552.326660	120
-1547.891479	120
-1543.456177	123
-1539.020996	129
-1534.585815	123
-1530.150513	127
-1525.715332	127
-1521.280151	122
-1516.844849	117
-1512.409668	117
-1507.974487	121
-1503.539185	115
-1499.104004	117
-1494.668823	108
-1490.233521	112
-1485.798340	125
-1481.363159	130
-1476.927979	109
-1472.492676	115
-1468.057495	118
-1463.622314	117
-1459.187012	121
-1454.751831	120
-1450.316650	119
-1445.881348	122
-1441.446167	120
-1437.010986	117
-1432.575684	112
-1428.140503	102
-1423.705322	113
-1419.270020	115
-1414.834839	123
-1410.399658	118
-1405.964355	121
-1401.529175	116
-1397.093994	121
-1392.658813	121
-1388.223511	114
-1383.788330	111
-1379.353149	118
-1374.917847	107
-1370.482666	112
-1366.047485	122
-1361.612183	122
-1357.177002	123
-1352.741821	120
-1348.306519	113
-1343.871338	116
-1339.436157	126
-1335.000854	124
-1330.565674	109
-1326.130493	120
-1321.695313	122
-1317.260010	125
-1312.824829	132
-1308.389648	134
-1303.954346	117
-1299.519165	119
-1295.083984	120
-1290.648682	127
-1286.213501	131
-1281.778320	128
-1277.343018	128
-1272.907837	129
-1268.472656	119
-1264.037354	108
-1259.602173	114
-1255.166992	131
-1250.731812	136
-1246.296509	126
-1241.861328	122
-1237.426147	115
-1232.990845	108
-1228.555664	124
-1224.120483	121
-1219.685181	122
-1215.250000	123
-1210.814819	124
-1206.379517	117
-1201.944336	128
-1197.509155	122
-1193.073853	116
-1188.638672	117
-1184.203491	126
-1179.768188	119
-1175.333008	123
-1170.897827	128
-1166.462646	132
-1162.027344	131
-1157.592163	113
-1153.156982	116
-1148.721680	123
-1144.286499	122
-1139.851318	121
-1135.416016	129
-1130.980835	130
-1126.545654	112
-1122.110352	129
-1117.675171	123
-1113.239990	112
-1108.804688	122
-1104.369507	115
-1099.934326	110
-1095.499146	121
-1091.063843	123
-1086.628662	117
-1082.193481	115
-1077.758179	120
-1073.322998	125
-1068.887817	122
-1064.452515	114
-1060.017334	123
-1055.582153	136
-1051.146851	126
-1046.711670	127
-1042.276489	124
-1037.841187	124
-1033.406006	114
-1028.970825	128
-1024.535645	127
-1020.100342	119
-1015.665161	125
-1011.229919	121
-1006.794678	115
-1002.359497	126
-997.924255	135
-993.489075	127
-989.053833	118
-984.618591	120
-980.183411	121
-975.748169	124
-971.312927	116
-966.877747	120
-962.442505	112
-958.007324	121
-953.572083	128
-949.136841	123
-944.701660	125
-940.266418	131
-935.831177	122
-931.395996	123
-926.960754	117
-922.525574	124
-918.090332	121
-913.655090	123
-909.219910	127
-904.784668	117
-900.349426	122
-895.914246	130
-891.479004	121
-887.043823	123
-882.608582	122
-878.173340	115
-873.738159	114
-869.302917	123
-864.867676	126
-860.432495	135
-855.997253	133
-851.562073	122
-847.126831	123
-842.691589	129
-838.256409	139
-833.821167	135
-829.385925	138
-824.950745	124
-820.515503	121
-816.080322	115
-811.645081	119
-807.209839	110
-802.774658	126
-798.339417	121
-793.904175	121
-789.468994	114
-785.033752	133
-780.598511	132
-776.163330	125
-771.728088	129
-767.292908	124
-762.857666	124
-758.422424	133
-753.987244	142
-749.552002	134
-745.116760	129
-740.681580	133
-736.246338	132
-731.811157	120
-727.375916	133
-722.940674	121
-718.505493	134
-714.070251	140
-709.635010	137
-705.199829	128
-700.764587	125
-696.329407	128
-691.894165	117
-687.458923	125
-683.023743	131
-678.588501	124
-674.153259	134
-669.718079	140
-665.282837	132
-660.847656	124
-656.412415	128
-651.977173	128
-647.541992	115
-643.106750	108
-638.671509	120
-634.236328	125
-629.801086	121
-625.365906	131
-620.930664	140
-616.495422	134
-612.060242	139
-607.625000	123
-603.189758	117
-598.754578	132
-594.319336	138
-589.884094	125
-585.448914	132
-581.013672	143
-576.578491	142
-572.143250	147
-567.708008	138
-563.272827	136
-558.837585	137
-554.402344	140
-549.967163	138
-545.531921	140
-541.096741	133
-536.661499	133
-532.226257	137
-527.791077	141
-523.355835	132
-518.920593	141
-514.485413	131
-510.050171	122
-505.614960	124
-501.179749	140
-496.744537	146
-492.309296	137
-487.874084	141
-483.438873	143
-479.003662	138
-474.568420	145
-470.133209	134
-465.697998	145
-461.262787	148
-456.827545	146
-452.392334	145
-447.957123	133
-443.521912	135
-439.086670	154
-434.651459	147
-430.216248	136
-425.781036	146
-421.345795	148
-416.910583	145
-412.475372	149
-408.040161	156
-403.604919	161
-399.169708	156
-394.734497	141
-390.299255	148
-385.864044	141
-381.428833	144
-376.993622	152
-372.558380	149
-368.123169	162
-363.687958	165
-359.252747	156
-354.817505	147
-350.382294	153
-345.947083	165
-341.511871	164
-337.076630	161
-332.641418	170
-328.206207	159
-323.770996	164
-319.335754	173
-314.900543	179
-310.465332	181
-306.030121	158
-301.594879	172
-297.159668	181
-292.724457	177
-288.289246	184
-283.854004	191
-279.418793	200
-274.983582	201
-270.548370	194
-266.113129	196
-261.677917	203
-257.242706	213
-252.807480	220
-248.372269	226
-243.937042	237
-239.501831	255
-235.066605	237
-230.631393	265
-226.196167	263
-221.760956	248
-217.325729	265
-212.890518	284
-208.455292	283
-204.020081	279
-199.584854	300
-195.149628	330
-190.714417	345
-186.279190	362
-181.843979	379
-177.408752	398
-172.973541	431
-168.538315	463
-164.103104	503
-159.667877	553
-155.232666	593
-150.797440	648
-146.362228	717
-141.927002	790
-137.491791	852
-133.056564	916
-128.621353	1057
-124.186134	1196
-119.750916	1330
-115.315697	1533
-110.880478	1727
-106.445259	1967
-102.010040	2281
-97.574814	2696
-93.139595	3174
-88.704376	3722
-84.269157	4488
-79.833939	5455
-75.398720	6413
-70.963501	7270
-66.528282	7888
-62.093067	8394
-57.657848	8844
-53.222630	9179
-48.787407	9387
-44.352188	9648
-39.916969	9906
-35.481750	10137
-31.046534	10272
-26.611315	10404
-22.176094	10549
-17.740875	10731
-13.305657	10854
-8.870438	10893
-4.435219	10923
0.000000	11002
4.435219	11016
8.870438	11010
13.305657	10963
17.740875	10835
22.176094	10638
26.611315	10430
31.046534	10207
35.481750	9993
39.916969	9740
44.352188	9393
48.787407	8972
53.222630	8513
57.657848	7970
62.093067	7392
66.528282	6709
70.963501	5709
75.398720	4727
79.833939	3899
84.269157	3302
88.704376	2925
93.139595	2578
97.574814	2036
102.010040	1730
106.445259	1513
110.880478	1321
115.315697	1146
119.750916	1013
124.186134	898
128.621353	823
133.056564	766
137.491791	672
141.927002	590
146.362228	568
150.797440	554
155.232666	497
159.667877	452
164.103104	440
168.538315	387
172.973541	362
177.408752	365
181.843979	355
186.279190	325
190.714417	314
195.149628	301
199.584854	278
204.020081	260
208.455292	257
212.890518	251
217.325729	242
221.760956	232
226.196167	240
230.631393	244
235.066605	245
239.501831	224
243.937042	209
248.372269	210
252.807480	204
257.242706	190
261.677917	194
266.113129	186
270.548370	195
274.983582	192
279.418793	181
283.854004	188
288.289246	185
292.724457	187
297.159668	184
301.594879	183
306.030121	183
310.465332	175
314.900543	162
319.335754	164
323.770996	171
328.206207	169
332.641418	166
337.076630	169
341.511871	166
345.947083	163
350.382294	170
354.817505	161
359.252747	163
363.687958	165
368.123169	160
372.558380	163
376.993622	161
381.428833	152
385.864044	159
390.299255	162
394.734497	172
399.169708	172
403.604919	153
408.040161	162
412.475372	163
416.910583	166
421.345795	169
425.781036	152
430.216248	132
434.651459	148
439.086670	152
443.521912	149
447.957123	156
452.392334	157
456.827545	137
461.262787	135
465.697998	138
470.133209	157
474.568420	149
479.003662	140
483.438873	140
487.874084	159
492.309296	144
496.744537	147
501.179749	150
505.614960	141
510.050171	136
514.485413	142
518.920593	142
523.355835	143
527.791077	149
532.226257	132
536.661499	138
541.096741	146
545.531921	138
549.967163	152
554.402344	160
558.837585	145
563.272827	150
567.708008	154
572.143250	155
576.578491	156
581.013672	149
585.448914	144
589.884094	143
594.319336	138
598.754578	149
603.189758	147
607.625000	137
612.060242	121
616.495422	129
620.930664	136
625.365906	154
629.801086	148
634.236328	133
638.671509	133
643.106750	143
647.541992	151
651.977173	151
656.412415	147
660.847656	141
665.282837	149
669.718079	145
674.153259	143
678.588501	136
683.023743	139
687.458923	140
691.894165	146
696.329407	151
700.764587	147
705.199829	144
709.635010	152
714.070251	147
718.505493	156
722.940674	154
727.375916	152
731.811157	146
736.246338	149
740.681580	149
745.116760	151
749.552002	145
753.987244	147
758.422424	144
762.857666	149
767.292908	151
771.728088	137
776.163330	117
780.598511	137
785.033752	145
789.468994	134
793.904175	133
798.339417	145
802.774658	145
807.209839	138
811.645081	144
816.080322	150
820.515503	128
824.950745	134
829.385925	139
833.821167	141
838.256409	136
842.691589	144
847.126831	151
851.562073	138
855.997253	137
860.432495	146
864.867676	143
869.302917	127
873.738159	132
878.173340	147
882.608582	156
887.043823	147
891.479004	144
895.914246	135
900.349426	141
904.784668	142
909.219910	149
913.655090	138
918.090332	139
922.525574	145
926.960754	146
931.395996	131
935.831177	136
940.266418	142
944.701660	148
949.136841	154
953.572083	133
958.007324	141
962.442505	149
966.877747	147
971.312927	145
975.748169	143
980.183411	157
984.618591	148
989.053833	138
993.489075	149
997.924255	160
1002.359497	145
1006.794678	151
1011.229919	133
1015.665161	127
1020.100342	151
1024.535645	139
1028.970825	153
1033.406006	151
1037.841187	134
1042.276489	146
1046.711670	159
1051.146851	141
1055.582153	133
1060.017334	144
1064.452515	147
1068.887817	148
1073.322998	142
1077.758179	144
1082.193481	145
1086.628662	153
1091.063843	154
1095.499146	151
1099.934326	148
1104.369507	139
1108.804688	146
1113.239990	150
1117.675171	153
1122.110352	144
1126.545654	160
1130.980835	160
1135.416016	154
1139.851318	159
1144.286499	149
1148.721680	150
1153.156982	152
1157.592163	145
1162.027344	168
1166.462646	164
1170.897827	163
1175.333008	151
1179.768188	138
1184.203491	138
1188.638672	143
1193.073853	132
1197.509155	144
1201.944336	149
1206.379517	153
1210.814819	153
1215.250000	146
1219.685181	156
1224.120483	162
1228.555664	149
1232.990845	133
1237.426147	154
1241.861328	155
1246.296509	150
1250.731812	168
1255.166992	163
1259.602173	150
1264.037354	152
1268.472656	147
1272.907837	168
1277.343018	159
1281.778320	150
1286.213501	148
1290.648682	130
1295.083984	131
1299.519165	148
1303.954346	156
1308.389648	153
1312.824829	153
1317.260010	151
1321.695313	153
1326.130493	157
1330.565674	154
1335.000854	146
1339.436157	150
1343.871338	149
1348.306519	142
1352.741821	140
1357.177002	152
1361.612183	146
1366.047485	143
1370.482666	155
1374.917847	157
1379.353149	157
1383.788330	153
1388.223511	157
1392.658813	157
1397.093994	155
1401.529175	158
1405.964355	152
1410.399658	163
1414.834839	152
1419.270020	153
1423.705322	140
1428.140503	147
1432.575684	153
1437.010986	154
1441.446167	160
1445.881348	157
1450.316650	145
1454.751831	148
1459.187012	151
1463.622314	140
1468.057495	146
1472.492676	154
1476.927979	156
1481.363159	165
1485.798340	169
1490.233521	164
1494.668823	160
1499.104004	150
1503.539185	164
1507.974487	163
1512.409668	153
1516.844849	146
1521.280151	148
1525.715332	138
1530.150513	154
1534.585815	153
1539.020996	156
1543.456177	182
1547.891479	163
1552.326660	159
1556.761841	166
1561.197021	157
1565.632324	143
1570.067505	153
1574.502686	165
1578.937988	164
1583.373169	163
1587.808350	154
1592.243652	151
1596.678833	155
1601.114014	166
1605.549316	182
1609.984497	178
1614.419678	160
1618.854980	164
1623.290161	163
1627.725342	151
1632.160645	159
1636.595825	156
1641.031006	148
1645.466187	147
1649.901489	152
1654.336670	163
1658.771851	157
1663.207153	155
1667.642334	147
1672.077515	166
1676.512817	178
1680.947998	174
1685.383179	157
1689.818481	151
1694.253662	155
1698.688843	162
1703.124146	175
1707.559326	181
1711.994507	167
1716.429688	166
1720.864990	151
1725.300171	163
1729.735352	169
1734.170654	165
1738.605835	162
1743.041016	165
1747.476318	162
1751.911499	146
1756.346680	150
1760.781982	166
1765.217163	172
1769.652344	161
1774.087646	159
1778.522827	173
1782.958008	159
1787.393188	154
1791.828491	163
1796.263672	164
1800.698853	159
1805.134155	152
1809.569336	150
1814.004517	165
1818.439819	161
1822.875000	171
1827.310181	167
1831.745483	169
1836.180664	165
1840.615845	159
1845.051147	165
1849.486328	173
1853.921509	163
1858.356812	159
1862.791992	171
1867.227173	182
1871.662354	174
1876.097656	159
1880.532837	161
1884.968018	177
1889.403320	170
1893.838501	171
1898.273682	161
1902.708984	156
1907.144165	159
1911.579346	160
1916.014648	171
1920.449829	168
1924.885010	176
1929.320313	191
1933.755493	190
1938.190674	179
1942.625854	165
1947.061157	154
1951.496338	167
1955.931519	182
1960.366821	178
1964.802002	156
1969.237183	163
1973.672485	168
1978.107666	171
1982.542847	166
1986.978149	158
1991.413330	161
1995.848511	165
2000.283813	172
2004.718994	166
2009.154175	177
2013.589355	171
2018.024658	158
2022.459839	168
2026.895020	177
2031.330322	163
2035.765503	166
2040.200684	169
2044.635986	159
2049.071289	167
2053.506348	183
2057.941650	187
2062.376709	181
2066.812012	166
2071.247314	165
2075.682373	169
2080.117676	166
2084.552979	163
2088.988037	170
2093.423340	176
2097.858643	175
2102.293701	162
2106.729004	161
2111.164307	161
2115.599365	159
2120.034668	167
2124.469971	156
2128.905029	161
2133.340332	165
2137.775635	163
2142.210693	167
2146.645996	166
2151.081299	179
2155.516357	179
2159.951660	167
2164.386963	166
2168.822021	159
2173.257324	148
2177.692627	150
2182.127686	182
2186.562988	175
2190.998291	165
2195.433350	160
2199.868652	164
2204.303711	165
2208.739014	167
2213.174316	177
2217.609375	182
2222.044678	177
2226.479980	182
2230.915039	185
2235.350342	182
2239.785645	178
2244.220703	175
2248.656006	169
2253.091309	184
2257.526367	179
2261.961670	175
2266.396973	178
2270.832031	178
2275.267334	175
2279.702637	177
2284.137695	170
2288.572998	179
2293.008301	173
2297.443359	169
2301.878662	172
2306.313965	173
2310.749023	173
2315.184326	187
2319.619629	181
2324.054688	179
2328.489990	174
2332.925293	170
2337.360352	170
2341.795654	180
2346.230957	176
2350.666016	171
2355.101318	172
2359.536377	185
2363.971680	168
2368.406982	160
2372.842041	175
2377.277344	175
2381.712646	179
2386.147705	178
2390.583008	167
2395.018311	166
2399.453369	173
2403.888672	172
2408.323975	171
2412.759033	180
2417.194336	181
2421.629639	169
2426.064697	172
2430.500000	177
2434.935303	184
2439.370361	160
2443.805664	171
2448.240967	183
2452.676025	180
2457.111328	185
2461.546631	179
2465.981689	168
2470.416992	157
2474.852295	152
2479.287354	172
2483.722656	172
2488.157959	170
2492.593018	186
2497.028320	185
2501.463623	184
2505.898682	177
2510.333984	176
2514.769043	175
2519.204346	183
2523.639648	184
2528.074707	175
2532.510010	164
2536.945313	155
2541.380371	169
2545.815674	177
2550.250977	188
2554.686035	187
2559.121338	176
2563.556641	172
2567.991699	174
2572.427002	170
2576.862305	173
2581.297363	166
2585.732666	170
2590.167969	172
2594.603027	174
2599.038330	180
2603.473633	179
2607.908691	163
2612.343994	174
2616.779297	179
2621.214355	183
2625.649658	178
2630.084961	168
2634.520020	165
2638.955322	182
2643.390625	178
2647.825684	176
2652.260986	168
2656.696289	177
2661.131348	177
2665.566650	176
2670.001709	183
2674.437012	177
2678.872314	168
2683.307373	175
2687.742676	176
2692.177979	183
2696.613037	180
2701.048340	164
2705.483643	173
2709.918701	195
2714.354004	185
2718.789307	182
2723.224365	183
2727.659668	180
2732.094971	186
2736.530029	193
2740.965332	181
2745.400635	168
2749.835693	174
2754.270996	177
2758.706299	183
2763.141357	183
2767.576660	172
2772.011963	182
2776.447021	185
2780.882324	166
2785.317627	162
2789.752686	181
2794.187988	192
2798.623291	175
2803.058350	178
2807.493652	175
2811.928711	178
2816.364014	164
2820.799316	176
2825.234375	182
2829.669678	185
2834.104980	170
2838.540039	159
2842.975342	157
2847.410645	155
2851.845703	163
2856.281006	179
2860.716309	180
2865.151367	168
2869.586670	178
2874.021973	188
2878.457031	188
2882.892334	184
2887.327637	179
2891.762695	202
2896.197998	195
2900.633301	180
2905.068359	177
2909.503662	170
2913.938965	161
2918.374023	185
2922.809326	180
2927.244629	180
2931.679688	190
2936.114990	168
2940.550293	167
2944.985352	176
2949.420654	191
2953.855957	186
2958.291016	168
2962.726318	172
2967.161377	182
2971.596680	183
2976.031982	172
2980.467041	174
2984.902344	182
2989.337646	183
2993.772705	193
2998.208008	188
3002.643311	180
3007.078369	190
3011.513672	181
3015.948975	184
3020.384033	190
3024.819336	187
3029.254639	189
3033.689697	186
3038.125000	170
3042.560303	173
3046.995361	181
3051.430664	182
3055.865967	185
3060.301025	172
3064.736328	174
3069.171631	176
3073.606689	169
3078.041992	177
3082.477295	174
3086.912354	179
3091.347656	185
3095.782959	179
3100.218018	178
3104.653320	180
3109.088623	193
3113.523682	188
3117.958984	188
3122.394043	195
3126.829346	189
3131.264648	187
3135.699707	176
3140.135010	182
3144.570313	173
3149.005371	170
3153.440674	183
3157.875977	172
3162.311035	175
3166.746338	180
3171.181641	194
3175.616699	197
3180.052002	200
3184.487305	191
3188.922363	195
3193.357666	158
3197.792969	175
3202.228027	170
3206.663330	184
3211.098633	177
3215.533691	186
3219.968994	178
3224.404297	171
3228.839355	173
3233.274658	161
3237.709961	173
3242.145020	181
3246.580322	179
3251.015625	175
3255.450684	169
3259.885986	174
3264.321289	190
3268.756348	190
3273.191650	179
3277.626709	189
3282.062012	188
3286.497314	181
3290.932373	165
3295.367676	156
3299.802979	175
3304.238037	188
3308.673340	186
3313.108643	180
3317.543701	179
3321.979004	176
3326.414307	186
3330.849365	177
3335.284668	173
3339.719971	192
3344.155029	193
3348.590332	188
3353.025635	188
3357.460693	204
3361.895996	204
3366.331299	192
3370.766357	185
3375.201660	182
3379.636963	175
3384.072021	186
3388.507324	168
3392.942627	175
3397.377686	175
3401.812988	188
3406.248291	184
3410.683350	178
3415.118652	173
3419.553711	175
3423.989014	204
3428.424316	187
3432.859375	190
3437.294678	191
3441.729980	191
3446.165039	199
3450.600342	202
3455.035645	206
3459.470703	198
3463.906006	199
3468.341309	189
3472.776367	196
3477.211670	186
3481.646973	210
3486.082031	214
3490.517334	194
3494.952637	200
3499.387695	203
3503.822998	200
3508.258301	205
3512.693359	197
3517.128662	201
3521.563965	206
3525.999023	204
3530.434326	211
3534.869629	209
3539.304688	212
3543.739990	211
3548.175293	229
3552.610352	226
3557.045654	228
3561.480957	216
3565.916016	215
3570.351318	219
3574.786377	216
3579.221680	224
3583.656982	213
3588.092041	211
3592.527344	221
3596.962646	225
3601.397705	239
3605.833008	240
3610.268311	241
3614.703369	243
3619.138672	240
3623.573975	248
3628.009033	255
3632.444336	253
3636.879639	260
3641.314697	264
3645.750000	269
3650.185303	290
3654.620361	280
3659.055664	286
3663.490967	291
3667.926025	308
3672.361328	305
3676.796631	296
3681.231689	304
3685.666992	325
3690.102295	355
3694.537354	367
3698.972656	368
3703.407959	382
3707.843018	404
3712.278320	437
3716.713623	443
3721.148682	443
3725.583984	461
3730.019043	493
3734.454346	504
3738.889648	534
3743.324707	565
3747.760010	561
3752.195313	575
3756.630371	600
3761.065674	630
3765.500977	666
3769.936035	714
3774.371338	770
3778.806641	815
3783.241699	869
3787.677002	961
3792.112305	1055
3796.547363	1101
3800.982666	1151
3805.417969	1194
3809.853027	1253
3814.288330	1375
3818.723633	1464
3823.158691	1533
3827.593994	1617
3832.029297	1697
3836.464355	1770
3840.899658	1890
3845.334961	1969
3849.770020	2044
3854.205322	2117
3858.640625	2139
3863.075684	2154
3867.510986	2158
3871.946289	2224
3876.381348	2276
3880.816650	2291
3885.251709	2329
3889.687012	2421
3894.122314	2522
3898.557373	2543
3902.992676	2609
3907.427979	2662
3911.863037	2718
3916.298340	2756
3920.733643	2766
3925.168701	2809
3929.604004	2817
3934.039307	2778
3938.474365	2764
3942.909668	2741
3947.344971	2724
3951.780029	2698
3956.215332	2683
3960.650635	2705
3965.085693	2729
3969.520996	2746
3973.956299	2799
3978.391357	2886
3982.826660	2933
3987.261963	2960
3991.697021	3020
3996.132324	3090
4000.567627	3145
4005.002686	3174
4009.437988	3184
4013.873291	3226
4018.308350	3239
4022.743652	3247
4027.178711	3275
4031.614014	3259
4036.049316	3234
4040.484375	3207
4044.919678	3176
4049.354980	3153
4053.790039	3112
4058.225342	3086
4062.660645	3076
4067.095703	3027
4071.531006	2916
4075.966309	2886
4080.401367	2853
4084.836670	2841
4089.271973	2844
4093.707031	2806
4098.142578	2787
4102.577637	2824
4107.012695	2860
4111.447754	2911
4115.883301	2933
4120.318359	2924
4124.753418	2957
4129.188965	3023
4133.624023	3043
4138.059082	3086
4142.494629	3114
4146.929688	3115
4151.364746	3148
4155.800293	3145
4160.235352	3100
4164.670410	3121
4169.105957	3159
4173.541016	3193
4177.976074	3161
4182.411621	3168
4186.846680	3139
4191.281738	3108
4195.717285	3096
4200.152344	3113
4204.587402	3116
4209.022949	3083
4213.458008	3063
4217.893066	3048
4222.328613	3038
4226.763672	3013
4231.198730	3019
4235.634277	3014
4240.069336	2997
4244.504395	3018
4248.939941	3002
4253.375000	2969
4257.810059	2942
4262.245605	2924
4266.680664	2924
4271.115723	2889
4275.551270	2868
4279.986328	2874
4284.421387	2851
4288.856934	2874
4293.291992	2859
4297.727051	2759
4302.162598	2773
4306.597656	2772
4311.032715	2744
4315.468262	2744
4319.903320	2759
4324.338379	2737
4328.773926	2713
4333.208984	2731
4337.644043	2729
4342.079590	2786
4346.514648	2768
4350.949707	2797
4355.385254	2830
4359.820313	2852
4364.255371	2915
4368.690918	2979
4373.125977	3009
4377.561035	3026
4381.996582	3060
4386.431641	3097
4390.866699	3123
4395.302246	3147
4399.737305	3159
4404.172363	3192
4408.607422	3218
4413.042969	3236
4417.478027	3260
4421.913086	3278
4426.348633	3312
4430.783691	3325
4435.218750	3305
4439.654297	3308
4444.089355	3321
4448.524414	3297
4452.959961	3311
4457.395020	3354
4461.830078	3360
4466.265625	3336
4470.700684	3288
4475.135742	3260
4479.571289	3288
4484.006348	3317
4488.441406	3308
4492.876953	3272
4497.312012	3291
4501.747070	3302
4506.182617	3283
4510.617676	3282
4515.052734	3255
4519.488281	3224
4523.923340	3219
4528.358398	3245
4532.793945	3249
4537.229004	3252
4541.664063	3261
4546.099609	3262
4550.534668	3271
4554.969727	3247
4559.405273	3258
4563.840332	3284
4568.275391	3318
4572.710938	3356
4577.145996	3353
4581.581055	3344
4586.016602	3360
4590.451660	3404
4594.886719	3458
4599.322266	3521
4603.757324	3531
4608.192383	3586
4612.627930	3587
4617.062988	3610
4621.498047	3691
4625.933594	3775
4630.368652	3831
4634.803711	3845
4639.239258	3872
4643.674316	3952
4648.109375	4025
4652.544922	4088
4656.979980	4164
4661.415039	4253
4665.850586	4356
4670.285645	4423
4674.720703	4481
4679.156250	4540
4683.591309	4666
4688.026367	4764
4692.461914	4847
4696.896973	4952
4701.332031	5007
4705.767578	5037
4710.202637	5136
4714.637695	5265
4719.072754	5331
4723.508301	5365
4727.943359	5385
4732.378418	5418
4736.813965	5463
4741.249023	5453
4745.684082	5463
4750.119629	5521
4754.554688	5557
4758.989746	5566
4763.425293	5643
4767.860352	5699
4772.295410	5682
4776.730957	5644
4781.166016	5656
4785.601074	5654
4790.036621	5713
4794.471680	5747
4798.906738	5739
4803.342285	5732
4807.777344	5711
4812.212402	5728
4816.647949	5743
4821.083008	5735
4825.518066	5726
4829.953613	5707
4834.388672	5706
4838.823730	5683
4843.259277	5652
4847.694336	5629
4852.129395	5591
4856.564941	5585
4861.000000	5590
4865.435059	5548
4869.870605	5549
4874.305664	5585
4878.740723	5593
4883.176270	5610
4887.611328	5651
4892.046387	5702
4896.481934	5691
4900.916992	5698
4905.352051	5752
4909.787598	5751
4914.222656	5783
4918.657715	5814
4923.093262	5811
4927.528320	5804
4931.963379	5863
4936.398926	5870
4940.833984	5843
4945.269043	5826
4949.704590	5830
4954.139648	5875
4958.574707	5930
4963.010254	5950
4967.445313	5922
4971.880371	5872
4976.315918	5916
4980.750977	5915
4985.186035	5900
4989.621582	5885
4994.056641	5882
4998.491699	5871
5002.927246	5839
5007.362305	5822
5011.797363	5826
5016.232422	5881
5020.667969	5881
5025.103027	5851
5029.538086	5832
5033.973633	5811
5038.408691	5816
5042.843750	5820
5047.279297	5813
5051.714355	5795
5056.149414	5789
5060.584961	5800
5065.020020	5783
5069.455078	5784
5073.890625	5762
5078.325684	5712
5082.760742	5683
5087.196289	5712
5091.631348	5708
5096.066406	5683
5100.501953	5697
5104.937012	5718
5109.372070	5758
5113.807617	5747
5118.242676	5666
5122.677734	5653
5127.113281	5696
5131.548340	5663
5135.983398	5669
5140.418945	5658
5144.854004	5636
5149.289063	5609
5153.724609	5549
5158.159668	5551
5162.594727	5551
5167.030273	5547
5171.465332	5532
5175.900391	5513
5180.335938	5495
5184.770996	5470
5189.206055	5459
5193.641602	5427
5198.076660	5380
5202.511719	5372
5206.947266	5331
5211.382324	5295
5215.817383	5253
5220.252930	5248
5224.687988	5256
5229.123047	5187
5233.558594	5141
5237.993652	5152
5242.428711	5143
5246.864258	5152
5251.299316	5134
5255.734375	5097
5260.169922	5067
5264.604980	5052
5269.040039	5029
5273.475586	5007
5277.910645	4985
5282.345703	4982
5286.781250	5003
5291.216309	4969
5295.651367	4945
5300.086914	4907
5304.521973	4884
5308.957031	4889
5313.392578	4892
5317.827637	4906
5322.262695	4899
5326.697754	4855
5331.133301	4794
5335.568359	4798
5340.003418	4795
5344.438965	4764
5348.874023	4763
5353.309082	4718
5357.744629	4712
5362.179688	4711
5366.614746	4688
5371.050293	4701
5375.485352	4701
5379.920410	4678
5384.355957	4676
5388.791016	4691
5393.226074	4673
5397.661621	4659
5402.096680	4614
5406.531738	4553
5410.967285	4556
5415.402344	4501
5419.837402	4530
5424.272949	4571
5428.708008	4526
5433.143066	4510
5437.578613	4481
5442.013672	4457
5446.448730	4468
5450.884277	4492
5455.319336	4473
5459.754395	4475
5464.189941	4482
5468.625000	4452
5473.060059	4440
5477.495605	4407
5481.930664	4371
5486.365723	4412
5490.801270	4433
5495.236328	4395
5499.671387	4328
5504.106934	4366
5508.541992	4335
5512.977051	4285
5517.412598	4279
5521.847656	4279
5526.282715	4264
5530.718262	4298
5535.153320	4326
5539.588379	4282
5544.023926	4267
5548.458984	4244
5552.894043	4218
5557.329590	4193
5561.764648	4203
5566.199707	4188
5570.635254	4158
5575.070313	4159
5579.505371	4112
5583.940918	4099
5588.375977	4086
5592.811035	4100
5597.246582	4114
5601.681641	4075
5606.116699	4075
5610.552246	4086
5614.987305	4065
5619.422363	4032
5623.857422	4014
5628.292969	4003
5632.728027	3985
5637.163086	3960
5641.598633	3947
5646.033691	3931
5650.468750	3896
5654.904297	3879
5659.339355	3882
5663.774414	3880
5668.209961	3861
5672.645020	3893
5677.080078	3915
5681.515625	3885
5685.950684	3841
5690.385742	3804
5694.821289	3846
5699.256348	3873
5703.691406	3850
5708.126953	3760
5712.562012	3788
5716.997070	3831
5721.432617	3787
5725.867676	3796
5730.302734	3775
5734.738281	3744
5739.173340	3761
5743.608398	3756
5748.043945	3759
5752.479004	3787
5756.914063	3804
5761.349609	3795
5765.784668	3771
5770.219727	3780
5774.655273	3812
5779.090332	3811
5783.525391	3798
5787.960938	3842
5792.395996	3881
5796.831055	3857
5801.266602	3824
5805.701660	3821
5810.136719	3856
5814.572266	3928
5819.007324	3952
5823.442383	3866
5827.877930	3838
5832.312988	3926
5836.748047	3919
5841.183594	3828
5845.618652	3848
5850.053711	3853
5854.489258	3810
5858.924316	3815
5863.359375	3860
5867.794922	3838
5872.229980	3793
5876.665039	3736
5881.100586	3750
5885.535645	3750
5889.970703	3714
5894.406250	3687
5898.841309	3663
5903.276367	3697
5907.711914	3721
5912.146973	3690
5916.582031	3648
5921.017578	3621
5925.452637	3642
5929.887695	3613
5934.322754	3533
5938.758301	3511
5943.193359	3514
5947.628418	3479
5952.063965	3437
5956.499023	3455
5960.934082	3415
5965.369629	3390
5969.804688	3401
5974.239746	3392
5978.675293	3392
5983.110352	3336
5987.545410	3299
5991.980957	3294
5996.416016	3226
6000.851074	3187
6005.286621	3195
6009.721680	3132
6014.156738	3151
6018.592285	3145
6023.027344	3028
6027.462402	3020
6031.897949	3032
6036.333008	3005
6040.768066	2975
6045.203613	2962
6049.638672	2952
6054.073730	2924
6058.509277	2895
6062.944336	2881
6067.379395	2871
6071.814941	2836
6076.250000	2789
6080.685059	2793
6085.120605	2746
6089.555664	2743
6093.990723	2722
6098.426270	2743
6102.861328	2700
6107.296387	2649
6111.731934	2651
6116.166992	2606
6120.602051	2556
6125.037598	2568
6129.472656	2579
6133.907715	2551
6138.343262	2517
6142.778320	2481
6147.213379	2423
6151.648926	2448
6156.083984	2479
6160.519043	2468
6164.954590	2436
6169.389648	2392
6173.824707	2395
6178.260254	2372
6182.695313	2356
6187.130371	2342
6191.565918	2325
6196.000977	2271
6200.436035	2254
6204.871582	2255
6209.306641	2247
6213.741699	2256
6218.177246	2257
6222.612305	2206
6227.047363	2216
6231.482422	2261
6235.917969	2246
6240.353027	2205
6244.788086	2164
6249.223633	2153
6253.658691	2123
6258.093750	2125
6262.529297	2100
6266.964355	2080
6271.399414	2093
6275.834961	2107
6280.270020	2072
6284.705078	2072
6289.140625	2067
6293.575684	2077
6298.010742	2107
6302.446289	2083
6306.881348	2053
6311.316406	2054
6315.751953	2058
6320.187012	2032
6324.622070	2003
6329.057617	2027
6333.492676	2012
6337.927734	1993
6342.363281	1990
6346.798340	2031
6351.233398	2027
6355.668945	1993
6360.104004	1932
6364.539063	1929
6368.974609	1954
6373.409668	1952
6377.844727	1965
6382.280273	1958
6386.715332	1992
6391.150391	1974
6395.585938	1937
6400.020996	1915
6404.456055	1908
6408.891602	1922
6413.326660	1932
6417.761719	1876
6422.197266	1881
6426.632324	1936
6431.067383	1913
6435.502930	1865
6439.937988	1867
6444.373047	1873
6448.808594	1866
6453.243652	1830
6457.678711	1837
6462.114258	1833
6466.549316	1822
6470.984375	1814
6475.419922	1834
6479.854980	1800
6484.290039	1772
6488.725586	1775
6493.160645	1774
6497.595703	1754
6502.031250	1735
6506.466309	1725
6510.901367	1722
6515.336914	1700
6519.771973	1671
6524.207031	1644
6528.642578	1614
6533.077637	1614
6537.512695	1612
6541.947754	1602
6546.383301	1606
6550.818359	1623
6555.253418	1585
6559.688965	1601
6564.124023	1622
6568.559082	1578
6572.994629	1592
6577.429688	1618
6581.864746	1625
6586.300293	1647
6590.735352	1636
6595.170410	1614
6599.605957	1628
6604.041016	1656
6608.476074	1677
6612.911621	1669
6617.346680	1674
6621.781738	1677
6626.217285	1701
6630.652344	1719
6635.087402	1708
6639.522949	1697
6643.958008	1702
6648.393066	1736
6652.828613	1752
6657.263672	1753
6661.698730	1727
6666.134277	1730
6670.569336	1743
6675.004395	1757
6679.439941	1758
6683.875000	1731
6688.310059	1733
6692.745605	1746
6697.180664	1723
6701.615723	1712
6706.051270	1757
6710.486328	1775
6714.921387	1760
6719.356934	1755
6723.791992	1797
6728.227051	1796
6732.662598	1759
6737.097656	1708
6741.532715	1726
6745.968262	1745
6750.403320	1732
6754.838379	1741
6759.273926	1769
6763.708984	1737
6768.144043	1741
6772.579590	1748
6777.014648	1754
6781.449707	1763
6785.885254	1756
6790.320313	1773
6794.755371	1729
6799.190918	1682
6803.625977	1702
6808.061035	1739
6812.496582	1726
6816.931641	1726
6821.366699	1708
6825.802246	1665
6830.237305	1697
6834.672363	1669
6839.107422	1624
6843.542969	1625
6847.978027	1619
6852.413086	1614
6856.848633	1656
6861.283691	1635
6865.718750	1625
6870.154297	1639
6874.589355	1632
6879.024414	1622
6883.459961	1643
6887.895020	1649
6892.330078	1650
6896.765625	1646
6901.200684	1640
6905.635742	1683
6910.071289	1684
6914.506348	1663
6918.941406	1669
6923.376953	1678
6927.812012	1653
6932.247070	1661
6936.682617	1683
6941.117676	1685
6945.552734	1706
6949.988281	1694
6954.423340	1696
6958.858398	1688
6963.293945	1666
6967.729004	1690
6972.164063	1699
6976.599609	1688
6981.034668	1682
6985.469727	1706
6989.905273	1719
6994.340332	1711
6998.775391	1753
7003.210938	1723
7007.645996	1716
7012.081055	1728
7016.516602	1722
7020.951660	1667
7025.386719	1687
7029.822266	1723
7034.257324	1711
7038.692383	1731
7043.127930	1731
7047.562988	1722
7051.998047	1709
7056.433594	1710
7060.868652	1704
7065.303711	1699
7069.739258	1706
7074.174316	1700
7078.609375	1695
7083.044922	1693
7087.479980	1669
7091.915039	1662
7096.350586	1668
7100.785645	1702
7105.220703	1678
7109.656250	1657
7114.091309	1647
7118.526367	1635
7122.961914	1653
7127.396973	1641
7131.832031	1631
7136.267578	1601
7140.702637	1608
7145.137695	1615
7149.572754	1607
7154.008301	1571
7158.443359	1545
7162.878418	1518
7167.313965	1496
7171.749023	1489
7176.184082	1476
7180.619629	1453
7185.054688	1461
7189.489746	1451
7193.925293	1416
7198.360352	1434
7202.795410	1461
7207.230957	1430
7211.666016	1410
7216.101074	1400
7220.536621	1396
7224.971680	1376
7229.406738	1374
7233.842285	1383
7238.277344	1381
7242.712402	1359
7247.147949	1328
7251.583008	1349
7256.018066	1377
7260.453613	1361
7264.888672	1356
7269.323730	1338
7273.759277	1288
7278.194336	1275
7282.629395	1277
7287.064941	1304
7291.500000	1306
7295.935059	1280
7300.370605	1252
7304.805664	1251
7309.240723	1271
7313.676270	1278
7318.111328	1262
7322.546387	1245
7326.981934	1256
7331.416992	1254
7335.852051	1232
7340.287598	1236
7344.722656	1245
7349.157715	1235
7353.593262	1217
7358.028320	1225
7362.463379	1227
7366.898926	1235
7371.333984	1221
7375.769043	1213
7380.204590	1226
7384.639648	1236
7389.074707	1218
7393.510254	1189
7397.945313	1195
7402.380371	1223
7406.815918	1235
7411.250977	1225
7415.686035	1185
7420.121582	1153
7424.556641	1161
7428.991699	1161
7433.427246	1148
7437.862305	1133
7442.297363	1160
7446.732422	1149
7451.167969	1126
7455.603027	1087
7460.038086	1058
7464.473633	1096
7468.908691	1106
7473.343750	1082
7477.779297	1078
7482.214355	1067
7486.649414	1058
7491.084961	1062
7495.520020	1071
7499.955078	1052
7504.390625	1043
7508.825684	1067
7513.260742	1055
7517.696289	1027
7522.131348	1014
7526.566406	1006
7531.001953	987
7535.437012	973
7539.872070	986
7544.307617	966
7548.742676	912
7553.177734	866
7557.613281	858
7562.048340	872
7566.483398	835
7570.918945	819
7575.354004	819
7579.789063	787
7584.224609	775
7588.659668	749
7593.094727	738
7597.530273	730
7601.965332	701
7606.400391	691
7610.835938	699
7615.270996	711
7619.706055	711
7624.141602	690
7628.576660	694
7633.011719	674
7637.447266	677
7641.882324	675
7646.317383	666
7650.752930	655
7655.187988	666
7659.623047	672
7664.058594	672
7668.493652	669
7672.928711	684
7677.364258	688
7681.799316	683
7686.234375	671
7690.669922	659
7695.104980	656
7699.540039	664
7703.975586	650
7708.410645	646
7712.845703	643
7717.281250	645
7721.716309	644
7726.151367	648
7730.586914	632
7735.021973	608
7739.457031	625
7743.892578	617
7748.327637	613
7752.762695	605
7757.197754	615
7761.633301	619
7766.068359	617
7770.503418	607
7774.938965	589
7779.374023	568
7783.809082	553
7788.244629	551
7792.679688	535
7797.114746	538
7801.550293	546
7805.985352	547
7810.420410	523
7814.855957	515
7819.291016	508
7823.726074	509
7828.161621	505
7832.596680	500
7837.031738	506
7841.467285	497
7845.902344	493
7850.337402	491
7854.772949	484
7859.208008	485
7863.643066	479
7868.078613	462
7872.513672	470
7876.948730	482
7881.384277	490
7885.819336	477
7890.254395	469
7894.689941	455
7899.125000	450
7903.560059	438
7907.995605	452
7912.430664	451
7916.865723	453
7921.301270	472
7925.736328	467
7930.171387	448
7934.606934	441
7939.041992	459
7943.477051	454
7947.912598	459
7952.347656	454
7956.782715	456
7961.218262	459
7965.653320	465
7970.088379	469
7974.523926	472
7978.958984	449
7983.394043	461
7987.829590	481
7992.264648	480
7996.699707	466
8001.135254	456
8005.570313	446
8010.005371	446
8014.440918	440
8018.875977	462
8023.311035	460
8027.746582	446
8032.181641	440
8036.616699	434
8041.052246	416
8045.487305	428
8049.922363	416
8054.357422	418
8058.792969	408
8063.228027	419
8067.663086	416
8072.098633	405
8076.533691	427
8080.968750	437
8085.404297	414
8089.839355	414
8094.274414	406
8098.709961	401
8103.145020	393
8107.580078	385
8112.015625	379
8116.450684	391
8120.885742	394
8125.321289	395
8129.756348	393
8134.191406	375
8138.626953	367
8143.062012	383
8147.497070	383
8151.932617	360
8156.367676	353
8160.802734	366
8165.238281	340
8169.673340	316
8174.108398	306
8178.543945	319
8182.979004	304
8187.414063	310
8191.849609	318
8196.285156	304
8200.719727	320
8205.155273	317
8209.589844	313
8214.025391	311
8218.460938	306
8222.895508	287
8227.331055	281
8231.766602	288
8236.201172	290
8240.636719	289
8245.072266	291
8249.506836	286
8253.942383	302
8258.377930	301
8262.812500	299
8267.248047	305
8271.683594	307
8276.118164	319
8280.553711	309
8284.989258	307
8289.423828	307
8293.859375	304
8298.294922	315
8302.729492	320
8307.165039	316
8311.600586	307
8316.035156	306
8320.470703	305
8324.906250	306
8329.340820	315
8333.776367	318
8338.211914	316
8342.646484	293
8347.082031	313
8351.517578	336
8355.952148	328
8360.387695	318
8364.823242	323
8369.257813	327
8373.693359	326
8378.128906	326
8382.563477	320
8386.999023	325
8391.434570	337
8395.869141	329
8400.304688	331
8404.740234	346
8409.174805	354
8413.610352	339
8418.045898	335
8422.480469	325
8426.916016	314
8431.351563	326
8435.786133	348
8440.221680	364
8444.657227	366
8449.091797	360
8453.527344	345
8457.962891	334
8462.397461	345
8466.833008	341
8471.268555	358
8475.703125	333
8480.138672	330
8484.574219	346
8489.008789	355
8493.444336	347
8497.879883	337
8502.314453	340
8506.750000	340
8511.185547	335
8515.620117	324
8520.055664	339
8524.491211	375
8528.925781	345
8533.361328	327
8537.796875	356
8542.231445	339
8546.666992	318
8551.102539	319
8555.537109	324
8559.972656	326
8564.408203	323
8568.842773	328
8573.278320	339
8577.713867	328
8582.148438	338
8586.583984	334
8591.019531	321
8595.454102	320
8599.889648	335
8604.325195	320
8608.759766	302
8613.195313	311
8617.630859	297
8622.065430	296
8626.500977	296
8630.936523	301
8635.371094	285
8639.806641	289
8644.242188	296
8648.676758	307
8653.112305	301
8657.547852	290
8661.982422	279
8666.417969	277
8670.853516	271
8675.288086	275
8679.723633	281
8684.159180	281
8688.593750	274
8693.029297	275
8697.464844	279
8701.899414	280
8706.334961	282
8710.770508	272
8715.205078	255
8719.640625	249
8724.076172	246
8728.510742	250
8732.946289	253
8737.381836	247
8741.816406	252
8746.251953	262
8750.687500	260
8755.122070	257
8759.557617	250
8763.993164	242
8768.427734	238
8772.863281	242
8777.298828	240
8781.733398	255
8786.168945	270
8790.604492	255
8795.039063	243
8799.474609	238
8803.910156	241
8808.344727	233
8812.780273	225
8817.214844	222
8821.650391	221
8826.085938	228
8830.520508	235
8834.956055	235
8839.391602	222
8843.826172	223
8848.261719	223
8852.697266	228
8857.131836	250
8861.567383	237
8866.002930	228
8870.437500	228
8874.873047	225
8879.308594	210
8883.743164	210
8888.178711	224
8892.614258	225
8897.048828	218
8901.484375	235
8905.919922	243
8910.354492	240
8914.790039	222
8919.225586	206
8923.660156	223
8928.095703	219
8932.531250	232
8936.965820	220
8941.401367	205
8945.836914	211
8950.271484	206
8954.707031	214
8959.142578	229
8963.577148	216
8968.012695	217
8972.448242	223
8976.882813	220
8981.318359	217
8985.753906	227
8990.188477	206
8994.624023	221
8999.059570	217
9003.494141	211
9007.929688	217
9012.365234	217
9016.799805	207
9021.235352	207
9025.670898	224
9030.105469	225
9034.541016	210
9038.976563	210
9043.411133	219
9047.846680	226
9052.282227	232
9056.716797	235
9061.152344	214
9065.587891	224
9070.022461	237
9074.458008	243
9078.893555	226
9083.328125	220
9087.763672	210
9092.199219	207
9096.633789	219
9101.069336	226
9105.504883	225
9109.939453	212
9114.375000	219
9118.810547	235
9123.245117	238
9127.680664	224
9132.116211	216
9136.550781	236
9140.986328	233
9145.421875	222
9149.856445	224
9154.291992	207
9158.727539	219
9163.162109	241
9167.597656	234
9172.033203	233
9176.467773	223
9180.903320	221
9185.338867	221
9189.773438	220
9194.208984	226
9198.644531	233
9203.079102	220
9207.514648	215
9211.950195	213
9216.384766	221
9220.820313	234
9225.255859	230
9229.690430	221
9234.125977	242
9238.561523	221
9242.996094	226
9247.431641	221
9251.867188	218
9256.301758	221
9260.737305	223
9265.172852	230
9269.607422	222
9274.042969	227
9278.478516	226
9282.913086	226
9287.348633	230
9291.784180	219
9296.218750	210
9300.654297	220
9305.089844	220
9309.524414	206
9313.959961	216
9318.395508	227
9322.830078	227
9327.265625	225
9331.701172	219
9336.135742	210
9340.571289	228
9345.006836	227
9349.441406	227
9353.876953	234
9358.312500	226
9362.747070	221
9367.182617	213
9371.618164	221
9376.052734	226
9380.488281	221
9384.923828	213
9389.358398	222
9393.793945	206
9398.229492	209
9402.664063	207
9407.099609	225
9411.535156	241
9415.969727	246
9420.405273	238
9424.839844	234
9429.275391	237
9433.710938	244
9438.145508	245
9442.581055	247
9447.016602	234
9451.451172	233
9455.886719	231
9460.322266	234
9464.756836	239
9469.192383	247
9473.627930	243
9478.062500	235
9482.498047	238
9486.933594	230
9491.368164	231
9495.803711	228
9500.239258	233
9504.673828	238
9509.109375	230
9513.544922	234
9517.979492	243
9522.415039	233
9526.850586	226
9531.285156	234
9535.720703	242
9540.156250	246
9544.590820	239
9549.026367	246
9553.461914	234
9557.896484	257
9562.332031	270
9566.767578	262
9571.202148	262
9575.637695	249
9580.073242	255
9584.507813	255
9588.943359	243
9593.378906	235
9597.813477	225
9602.249023	236
9606.684570	249
9611.119141	248
9615.554688	254
9619.990234	260
9624.424805	255
9628.860352	249
9633.295898	258
9637.730469	246
9642.166016	234
9646.601563	239
9651.036133	253
9655.471680	250
9659.907227	237
9664.341797	238
9668.777344	252
9673.212891	240
9677.647461	242
9682.083008	239
9686.518555	234
9690.953125	244
9695.388672	257
9699.824219	239
9704.258789	227
9708.694336	227
9713.129883	232
9717.564453	220
9722.000000	229
9726.435547	248
9730.870117	253
9735.305664	239
9739.741211	263
9744.175781	258
9748.611328	230
9753.046875	219
9757.481445	226
9761.916992	216
9766.352539	235
9770.787109	234
9775.222656	245
9779.658203	255
9784.092773	265
9788.528320	264
9792.963867	259
9797.398438	247
9801.833984	261
9806.269531	254
9810.704102	243
9815.139648	261
9819.575195	271
9824.009766	266
9828.445313	253
9832.880859	261
9837.315430	260
9841.750977	257
9846.186523	267
9850.621094	274
9855.056641	279
9859.492188	269
9863.926758	249
9868.362305	252
9872.797852	269
9877.232422	274
9881.667969	261
9886.103516	260
9890.538086	257
9894.973633	250
9899.409180	250
9903.843750	265
9908.279297	261
9912.714844	266
9917.149414	256
9921.584961	259
9926.020508	243
9930.455078	242
9934.890625	260
9939.326172	273
9943.760742	251
9948.196289	253
9952.631836	272
9957.066406	274
9961.501953	276
9965.937500	290
9970.372070	271
9974.807617	268
9979.243164	266
9983.677734	263
9988.113281	265
9992.548828	263
9996.983398	254
10001.418945	258
10005.854492	263
10010.289063	259
10014.724609	270
10019.160156	270
10023.594727	267
10028.030273	254
10032.464844	247
10036.900391	252
10041.335938	268
10045.770508	262
10050.206055	264
10054.641602	249
10059.076172	254
10063.511719	262
10067.947266	258
10072.381836	253
10076.817383	239
10081.252930	257
10085.687500	272
10090.123047	277
10094.558594	262
10098.993164	251
10103.428711	260
10107.864258	270
10112.298828	271
10116.734375	260
10121.169922	250
10125.604492	253
10130.040039	252
10134.475586	260
10138.910156	259
10143.345703	280
10147.781250	273
10152.215820	247
10156.651367	267
10161.086914	273
10165.521484	259
10169.957031	251
10174.392578	244
10178.827148	249
10183.262695	240
10187.698242	244
10192.132813	243
10196.568359	253
10201.003906	257
10205.438477	267
10209.874023	270
10214.309570	266
10218.744141	250
10223.179688	248
10227.615234	247
10232.049805	270
10236.485352	275
10240.920898	251
10245.355469	247
10249.791016	249
10254.226563	258
10258.661133	246
10263.096680	244
10267.532227	260
10271.966797	258
10276.402344	255
10280.837891	243
10285.272461	251
10289.708008	257
10294.143555	256
10298.578125	249
10303.013672	248
10307.449219	252
10311.883789	241
10316.319336	243
10320.754883	247
10325.189453	242
10329.625000	252
10334.060547	259
10338.495117	250
10342.930664	240
10347.366211	255
10351.800781	253
10356.236328	237
10360.671875	246
10365.106445	246
10369.541992	258
10373.977539	264
10378.412109	255
10382.847656	255
10387.283203	260
10391.717773	264
10396.153320	257
10400.588867	256
10405.023438	239
10409.458984	242
10413.894531	247
10418.329102	255
10422.764648	246
10427.200195	241
10431.634766	245
10436.070313	245
10440.505859	247
10444.940430	245
10449.375977	258
10453.811523	236
10458.246094	246
10462.681641	237
10467.117188	227
10471.551758	242
10475.987305	249
10480.422852	253
10484.857422	238
10489.292969	242
10493.728516	247
10498.163086	241
10502.598633	256
10507.034180	257
10511.468750	240
10515.904297	221
10520.339844	236
10524.774414	229
10529.209961	241
10533.645508	239
10538.080078	227
10542.515625	248
10546.951172	245
10551.385742	232
10555.821289	250
10560.256836	263
10564.691406	245
10569.126953	235
10573.562500	227
10577.997070	234
10582.432617	249
10586.868164	259
10591.302734	243
10595.738281	246
10600.173828	234
10604.608398	213
10609.043945	221
10613.479492	230
10617.914063	228
10622.349609	223
10626.785156	218
10631.219727	224
10635.655273	229
10640.089844	221
10644.525391	226
10648.960938	229
10653.395508	229
10657.831055	226
10662.266602	223
10666.701172	230
10671.136719	218
10675.572266	229
10680.006836	226
10684.442383	228
10688.877930	228
10693.312500	216
10697.748047	213
10702.183594	208
10706.618164	215
10711.053711	211
10715.489258	206
10719.923828	200
10724.359375	210
10728.794922	203
10733.229492	203
10737.665039	206
10742.100586	221
10746.535156	205
10750.970703	194
10755.406250	202
10759.840820	190
10764.276367	185
10768.711914	193
10773.146484	190
10777.582031	177
10782.017578	177
10786.452148	168
10790.887695	169
10795.323242	166
10799.757813	162
10804.193359	174
10808.628906	166
10813.063477	156
10817.499023	139
10821.934570	150
10826.369141	149
10830.804688	143
10835.240234	128
10839.674805	120
10844.110352	111
10848.545898	113
10852.980469	113
10857.416016	99
10861.851563	99
10866.286133	95
10870.721680	81
10875.157227	82
10879.591797	79
10884.027344	66
10888.462891	69
10892.897461	54
10897.333008	60
10901.768555	61
10906.203125	48
10910.638672	52
10915.074219	61
10919.508789	58
10923.944336	48
10928.379883	57
10932.814453	49
10937.250000	38
10941.685547	41
10946.120117	42
10950.555664	37
10954.991211	30
10959.425781	30
10963.861328	44
10968.296875	44
10972.731445	38
10977.166992	25
10981.602539	29
10986.037109	37
10990.472656	35
10994.908203	32
10999.342773	34
11003.778320	33
11008.213867	33
11012.648438	26
11017.083984	28
11021.519531	28
11025.954102	25
11030.389648	17
11034.825195	23
11039.259766	24
11043.695313	24
11048.130859	26
11052.565430	17
11057.000977	18
11061.436523	22
11065.871094	22
11070.306641	18
11074.742188	8
11079.176758	8
11083.612305	12
11088.047852	13
11092.482422	7
11096.917969	8
11101.353516	11
11105.788086	7
11110.223633	7
11114.659180	8
11119.093750	10
11123.529297	9
11127.964844	7
11132.399414	6
11136.834961	4
11141.270508	2
11145.705078	0
11150.140625	0
11154.576172	0
11159.010742	0
11163.446289	0
11167.881836	0
11172.316406	0
11176.751953	0
11181.187500	0
11185.622070	0
11190.057617	0
11194.493164	0
11198.927734	0
11203.363281	0
11207.798828	0
11212.233398	0
11216.668945	0
11221.104492	0
11225.539063	0
11229.974609	0
11234.410156	0
11238.844727	0
11243.280273	0
11247.714844	0
11252.150391	0
11256.585938	0
11261.020508	0
11265.456055	0
11269.891602	0
11274.326172	0
11278.761719	0
11283.197266	0
11287.631836	0
11292.067383	0
11296.502930	0
11300.937500	0
11305.373047	0
11309.808594	0
11314.243164	0
11318.678711	0
11323.114258	0
11327.548828	0
11331.984375	0
11336.419922	0
11340.854492	0
11345.290039	0
11349.725586	0
11354.160156	0
11358.595703	0
11363.031250	0
11367.465820	0
11371.901367	0
11376.336914	0
11380.771484	0
11385.207031	0
11389.642578	0
11394.077148	0
11398.512695	0
11402.948242	0
11407.382813	0
11411.818359	0
11416.253906	0
11420.688477	0
11425.124023	0
11429.559570	0
11433.994141	0
11438.429688	0
11442.865234	0
11447.299805	0
11451.735352	0
11456.170898	0
11460.605469	0
11465.041016	0
11469.476563	0
11473.911133	0
11478.346680	0
11482.782227	0
11487.216797	0
11491.652344	0
11496.087891	0
11500.522461	0
11504.958008	0
11509.393555	0
11513.828125	0
11518.263672	0
11522.699219	0
11527.133789	0
11531.569336	0
11536.004883	0
11540.439453	0
11544.875000	0
11549.310547	0
11553.745117	0
11558.180664	0
11562.616211	0
11567.050781	0
11571.486328	0
11575.921875	0
11580.356445	0
11584.791992	0
11589.227539	0
11593.662109	0
11598.097656	0
11602.533203	0
11606.967773	0
11611.403320	0
11615.838867	0
11620.273438	0
11624.708984	0
11629.144531	0
11633.579102	0
11638.014648	0
11642.450195	0
11646.884766	0
11651.320313	0
11655.755859	0
11660.190430	0
11664.625977	0
11669.061523	0
11673.496094	0
11677.931641	0
11682.367188	0
11686.801758	0
11691.237305	0
11695.672852	0
11700.107422	0
11704.542969	0
11708.978516	0
11713.413086	0
11717.848633	0
11722.284180	0
11726.718750	0
11731.154297	0
11735.589844	0
11740.024414	0
11744.459961	0
11748.895508	0
11753.330078	0
11757.765625	0
11762.201172	0
11766.635742	0
11771.071289	0
11775.506836	0
11779.941406	0
11784.376953	0
11788.812500	0
11793.247070	0
11797.682617	0
11802.118164	0
11806.552734	0
11810.988281	0
11815.423828	0
11819.858398	0
11824.293945	0
11828.729492	0
11833.164063	0
11837.599609	0
11842.035156	0
11846.469727	0
11850.905273	0
11855.339844	0
11859.775391	0
11864.210938	0
11868.645508	0
11873.081055	0
11877.516602	0
11881.951172	0
11886.386719	0
11890.822266	0
11895.256836	0
11899.692383	0
11904.127930	0
11908.562500	0
11912.998047	0
11917.433594	0
11921.868164	0
11926.303711	0
11930.739258	0
11935.173828	0
11939.609375	0
11944.044922	0
11948.479492	0
11952.915039	0
11957.350586	0
11961.785156	0
11966.220703	0
11970.656250	0
11975.090820	0
11979.526367	0
11983.961914	0
11988.396484	0
11992.832031	0
11997.267578	0
12001.702148	0
12006.137695	0
12010.573242	0
12015.007813	0
12019.443359	0
12023.878906	0
12028.313477	0
12032.749023	0
12037.184570	0
12041.619141	0
12046.054688	0
12050.490234	0
12054.924805	0
12059.360352	0
12063.795898	0
12068.230469	0
12072.666016	0
12077.101563	0
12081.536133	0
12085.971680	0
12090.407227	0
12094.841797	0
12099.277344	0
12103.712891	0
12108.147461	0
12112.583008	0
12117.018555	0
12121.453125	0
12125.888672	0
12130.324219	0
12134.758789	0
12139.194336	0
12143.629883	0
12148.064453	0
12152.500000	0
12156.935547	0
12161.370117	0
12165.805664	0
12170.241211	0
12174.675781	0
12179.111328	0
12183.546875	0
12187.981445	0
12192.416992	0
12196.852539	0
12201.287109	0
12205.722656	0
12210.158203	0
12214.592773	0
12219.028320	0
12223.463867	0
12227.898438	0
12232.333984	0
12236.769531	0
12241.204102	0
12245.639648	0
12250.075195	0
12254.509766	0
12258.945313	0
12263.380859	0
12267.815430	0
12272.250977	0
12276.686523	0
12281.121094	0
12285.556641	0
12289.992188	0
12294.426758	0
12298.862305	0
12303.297852	0
12307.732422	0
12312.167969	0
12316.603516	0
12321.038086	0
12325.473633	0
12329.909180	0
12334.343750	0
12338.779297	0
12343.214844	0
12347.649414	0
12352.084961	0
12356.520508	0
12360.955078	0
12365.390625	0
12369.826172	0
12374.260742	0
12378.696289	0
12383.131836	0
12387.566406	0
12392.001953	0
12396.437500	0
12400.872070	0
12405.307617	0
12409.743164	0
12414.177734	0
12418.613281	0
12423.048828	0
12427.483398	0
12431.918945	0
12436.354492	0
12440.789063	0
12445.224609	0
12449.660156	0
12454.094727	0
12458.530273	0
12462.964844	0
12467.400391	0
12471.835938	0
12476.270508	0
12480.706055	0
12485.141602	0
12489.576172	0
12494.011719	0
12498.447266	0
12502.881836	0
12507.317383	0
12511.752930	0
12516.187500	0
12520.623047	0
12525.058594	0
12529.493164	0
12533.928711	0
12538.364258	0
12542.798828	0
12547.234375	0
12551.669922	0
12556.104492	0
12560.540039	0
12564.975586	0
12569.410156	0
12573.845703	0
12578.281250	0
12582.715820	0
12587.151367	0
12591.586914	0
12596.021484	0
12600.457031	0
12604.892578	0
12609.327148	0
12613.762695	0
12618.198242	0
12622.632813	0
12627.068359	0
12631.503906	0
12635.938477	0
12640.374023	0
12644.809570	0
12649.244141	0
12653.679688	0
12658.115234	0
12662.549805	0
12666.985352	0
12671.420898	0
12675.855469	0
12680.291016	0
12684.726563	0
12689.161133	0
12693.596680	0
12698.032227	0
12702.466797	0
12706.902344	0
12711.337891	0
12715.772461	0
12720.208008	0
12724.643555	0
12729.078125	0
12733.513672	0
12737.949219	0
12742.383789	0
12746.819336	0
12751.254883	0
12755.689453	0
12760.125000	0
12764.560547	0
12768.995117	0
12773.430664	0
12777.866211	0
12782.300781	0
12786.736328	0
12791.171875	0
12795.606445	0
12800.041992	0
12804.477539	0
12808.912109	0
12813.347656	0
12817.783203	0
12822.217773	0
12826.653320	0
12831.088867	0
12835.523438	0
12839.958984	0
12844.394531	0
12848.829102	0
12853.264648	0
12857.700195	0
12862.134766	0
12866.570313	0
12871.005859	0
12875.440430	0
12879.875977	0
12884.311523	0
12888.746094	0
12893.181641	0
12897.617188	0
12902.051758	0
12906.487305	0
12910.922852	0
12915.357422	0
12919.792969	0
12924.228516	0
12928.663086	0
12933.098633	0
12937.534180	0
12941.968750	0
12946.404297	0
12950.839844	0
12955.274414	0
12959.709961	0
12964.145508	0
12968.580078	0
12973.015625	0
12977.451172	0
12981.885742	0
12986.321289	0
12990.756836	0
12995.191406	0
12999.626953	0
13004.062500	0
13008.497070	0
13012.932617	0
13017.368164	0
13021.802734	0
13026.238281	0
13030.673828	0
13035.108398	0
13039.543945	0
13043.979492	0
13048.414063	0
13052.849609	0
13057.285156	0
13061.719727	0
13066.155273	0
13070.589844	0
13075.025391	0
13079.460938	0
13083.895508	0
13088.331055	0
13092.766602	0
13097.201172	0
13101.636719	0
13106.072266	0
13110.506836	0
13114.942383	0
13119.377930	0
13123.812500	0
13128.248047	0
13132.683594	0
13137.118164	0
13141.553711	0
13145.989258	0
13150.423828	0
13154.859375	0
13159.294922	0
13163.729492	0
13168.165039	0
13172.600586	0
13177.035156	0
13181.470703	0
13185.906250	0
13190.340820	0
13194.776367	0
13199.211914	0
13203.646484	0
13208.082031	0
13212.517578	0
13216.952148	0
13221.387695	0
13225.823242	0
13230.257813	0
13234.693359	0
13239.128906	0
13243.563477	0
13247.999023	0
13252.434570	0
13256.869141	0
13261.304688	0
13265.740234	0
13270.174805	0
13274.610352	0
13279.045898	0
13283.480469	0
13287.916016	0
13292.351563	0
13296.786133	0
13301.221680	0
13305.657227	0
13310.091797	0
13314.527344	0
13318.962891	0
13323.397461	0
13327.833008	0
13332.268555	0
13336.703125	0
13341.138672	0
13345.574219	0
13350.008789	0
13354.444336	0
13358.879883	0
13363.314453	0
13367.750000	0
13372.185547	0
13376.620117	0
13381.055664	0
13385.491211	0
13389.925781	0
13394.361328	0
13398.796875	0
13403.231445	0
13407.666992	0
13412.102539	0
13416.537109	0
13420.972656	0
13425.408203	0
13429.842773	0
13434.278320	0
13438.713867	0
13443.148438	0
13447.583984	0
13452.019531	0
13456.454102	0
13460.889648	0
