-3565.916016	0
-3561.480957	0
-3557.045654	0
-3552.610352	0
-3548.175293	0
-3543.739990	0
-3539.304688	0
-3534.869629	0
-3530.434326	0
-3525.999023	0
-3521.563965	0
-3517.128662	0
-3512.693359	0
-3508.258301	0
-3503.822998	0
-3499.387695	0
-3494.952637	0
-3490.517334	0
-3486.082031	0
-3481.646973	0
-3477.211670	0
-3472.776367	0
-3468.341309	0
-3463.906006	0
-3459.470703	0
-3455.035645	0
-3450.600342	0
-3446.165039	0
-3441.729980	0
-3437.294678	0
-3432.859375	0
-3428.424316	0
-3423.989014	0
-3419.553711	0
-3415.118652	0
-3410.683350	0
-3406.248291	0
-3401.812988	0
-3397.377686	0
-3392.942627	0
-3388.507324	0
-3384.072021	0
-3379.636963	0
-3375.201660	0
-3370.766357	0
-3366.331299	0
-3361.895996	0
-3357.460693	0
-3353.025635	0
-3348.590332	0
-3344.155029	0
-3339.719971	0
-3335.284668	0
-3330.849365	0
-3326.414307	0
-3321.979004	0
-3317.543701	0
-3313.108643	0
-3308.673340	0
-3304.238037	0
-3299.802979	0
-3295.367676	0
-3290.932373	0
-3286.497314	0
-3282.062012	0
-3277.626709	0
-3273.191650	0
-3268.756348	0
-3264.321289	0
-3259.885986	0
-3255.450684	0
-3251.015625	0
-3246.580322	0
-3242.145020	0
-3237.709961	0
-3233.274658	0
-3228.839355	0
-3224.404297	0
-3219.968994	0
-3215.533691	0
-3211.098633	0
-3206.663330	0
-3202.228027	0
-3197.792969	0
-3193.357666	0
-3188.922363	0
-3184.487305	0
-3180.052002	0
-3175.616699	0
-3171.181641	0
-3166.746338	0
-3162.311035	0
-3157.875977	0
-3153.440674	0
-3149.005371	0
-3144.570313	0
-3140.135010	0
-3135.699707	0
-3131.264648	0
-3126.829346	0
-3122.394043	0
-3117.958984	0
-3113.523682	0
-3109.088623	0
-3104.653320	0
-3100.218018	0
-3095.782959	0
-3091.347656	0
-3086.912354	0
-3082.477295	0
-3078.041992	0
-3073.606689	0
-3069.171631	0
-3064.736328	0
-3060.301025	0
-3055.865967	0
-3051.430664	0
-3046.995361	0
-3042.560303	0
-3038.125000	0
-3033.689697	0
-3029.254639	0
-3024.819336	0
-3020.384033	0
-3015.948975	0
-3011.513672	0
-3007.078369	0
-3002.643311	0
-2998.208008	0
-2993.772705	0
-2989.337646	0
-2984.902344	0
-2980.467041	0
-2976.031982	0
-2971.596680	0
-2967.161377	0
-2962.726318	0
-2958.291016	0
-2953.855957	0
-2949.420654	0
-2944.985352	0
-2940.550293	0
-2936.114990	0
-2931.679688	0
-2927.244629	0
-2922.809326	0
-2918.374023	0
-2913.938965	0
-2909.503662	0
-2905.068359	0
-2900.633301	0
-2896.197998	0
-2891.762695	0
-2887.327637	0
-2882.892334	0
-2878.457031	0
-2874.021973	0
-2869.586670	0
-2865.151367	0
-2860.716309	0
-2856.281006	0
-2851.845703	0
-2847.410645	0
-2842.975342	0
-2838.540039	0
-2834.104980	0
-2829.669678	0
-2825.234375	0
-2820.799316	0
-2816.364014	0
-2811.928711	0
-2807.493652	0
-2803.058350	0
-2798.623291	0
-2794.187988	0
-2789.752686	0
-2785.317627	0
-2780.882324	0
-2776.447021	0
-2772.011963	0
-2767.576660	0
-2763.141357	0
-2758.706299	0
-2754.270996	0
-2749.835693	0
-2745.400635	0
-2740.965332	0
-2736.530029	0
-2732.094971	0
-2727.659668	0
-2723.224365	0
-2718.789307	0
-2714.354004	0
-2709.918701	0
-2705.483643	0
-2701.048340	0
-2696.613037	0
-2692.177979	0
-2687.742676	0
-2683.307373	0
-2678.872314	0
-2674.437012	0
-2670.001709	0
-2665.566650	0
-2661.131348	0
-2656.696289	0
-2652.260986	0
-2647.825684	0
-2643.390625	0
-2638.955322	0
-2634.520020	0
-2630.084961	0
-2625.649658	0
-2621.214355	0
-2616.779297	0
-2612.343994	0
-2607.908691	0
-2603.473633	0
-2599.038330	0
-2594.603027	0
-2590.167969	0
-2585.732666	0
-2581.297363	0
-2576.862305	0
-2572.427002	0
-2567.991699	0
-2563.556641	0
-2559.121338	0
-2554.686035	0
-2550.250977	0
-2545.815674	0
-2541.380371	0
-2536.945313	0
-2532.510010	0
-2528.074707	0
-2523.639648	0
-2519.204346	0
-2514.769043	1
-2510.333984	0
-2505.898682	3
-2501.463623	5
-2497.028320	4
-2492.593018	4
-2488.157959	8
-2483.722656	7
-2479.287354	8
-2474.852295	10
-2470.416992	8
-2465.981689	10
-2461.546631	11
-2457.111328	11
-2452.676025	12
-2448.240967	13
-2443.805664	14
-2439.370361	17
-2434.935303	21
-2430.500000	21
-2426.064697	21
-2421.629639	22
-2417.194336	19
-2412.759033	18
-2408.323975	19
-2403.888672	23
-2399.453369	24
-2395.018311	28
-2390.583008	27
-2386.147705	24
-2381.712646	27
-2377.277344	30
-2372.842041	27
-2368.406982	28
-2363.971680	28
-2359.536377	29
-2355.101318	33
-2350.666016	32
-2346.230957	24
-2341.795654	30
-2337.360352	36
-2332.925293	37
-2328.489990	40
-2324.054688	35
-2319.619629	29
-2315.184326	35
-2310.749023	30
-2306.313965	38
-2301.878662	38
-2297.443359	44
-2293.008301	46
-2288.572998	45
-2284.137695	50
-2279.702637	53
-2275.267334	54
-2270.832031	55
-2266.396973	43
-2261.961670	44
-2257.526367	47
-2253.091309	48
-2248.656006	55
-2244.220703	59
-2239.785645	68
-2235.350342	60
-2230.915039	67
-2226.479980	57
-2222.044678	56
-2217.609375	52
-2213.174316	54
-2208.739014	58
-2204.303711	61
-2199.868652	68
-2195.433350	80
-2190.998291	81
-2186.562988	71
-2182.127686	67
-2177.692627	71
-2173.257324	78
-2168.822021	74
-2164.386963	67
-2159.951660	65
-2155.516357	75
-2151.081299	65
-2146.645996	62
-2142.210693	72
-2137.775635	74
-2133.340332	76
-2128.905029	75
-2124.469971	74
-2120.034668	72
-2115.599365	72
-2111.164307	80
-2106.729004	75
-2102.293701	89
-2097.858643	82
-2093.423340	92
-2088.988037	77
-2084.552979	77
-2080.117676	74
-2075.682373	85
-2071.247314	88
-2066.812012	98
-2062.376709	96
-2057.941650	93
-2053.506348	103
-2049.071289	95
-2044.635986	97
-2040.200684	89
-2035.765503	86
-2031.330322	103
-2026.895020	99
-2022.459839	93
-2018.024658	93
-2013.589355	106
-2009.154175	100
-2004.718994	93
-2000.283813	93
-1995.848511	113
-1991.413330	103
-1986.978149	100
-1982.542847	92
-1978.107666	88
-1973.672485	94
-1969.237183	104
-1964.802002	99
-1960.366821	101
-1955.931519	105
-1951.496338	105
-1947.061157	106
-1942.625854	111
-1938.190674	115
-1933.755493	108
-1929.320313	99
-1924.885010	105
-1920.449829	102
-1916.014648	101
-1911.579346	120
-1907.144165	120
-1902.708984	118
-1898.273682	109
-1893.838501	100
-1889.403320	96
-1884.968018	111
-1880.532837	123
-1876.097656	119
-1871.662354	119
-1867.227173	123
-1862.791992	107
-1858.356812	110
-1853.921509	111
-1849.486328	122
-1845.051147	112
-1840.615845	109
-1836.180664	110
-1831.745483	110
-1827.310181	104
-1822.875000	95
-1818.439819	105
-1814.004517	111
-1809.569336	108
-1805.134155	106
-1800.698853	116
-1796.263672	122
-1791.828491	122
-1787.393188	115
-1782.958008	107
-1778.522827	107
-1774.087646	118
-1769.652344	112
-1765.217163	102
-1760.781982	95
-1756.346680	101
-1751.911499	104
-1747.476318	106
-1743.041016	117
-1738.605835	118
-1734.170654	99
-1729.735352	110
-1725.300171	126
-1720.864990	119
-1716.429688	114
-1711.994507	111
-1707.559326	123
-1703.124146	119
-1698.688843	117
-1694.253662	116
-1689.818481	111
-1685.383179	122
-1680.947998	129
-1676.512817	127
-1672.077515	112
-1667.642334	103
-1663.207153	95
-1658.771851	115
-1654.336670	122
-1649.901489	116
-1645.466187	117
-1641.031006	104
-1636.595825	110
-1632.160645	121
-1627.725342	112
-1623.290161	112
-1618.854980	121
-1614.419678	105
-1609.984497	94
-1605.549316	103
-1601.114014	107
-1596.678833	111
-1592.243652	106
-1587.808350	117
-1583.373169	124
-1578.937988	126
-1574.502686	116
-1570.067505	113
-1565.632324	113
-1561.197021	121
-1556.761841	109
-1552.326660	104
-1547.891479	109
-1543.456177	111
-1539.020996	105
-1534.585815	99
-1530.150513	112
-1525.715332	114
-1521.280151	113
-1516.844849	126
-1512.409668	129
-1507.974487	137
-1503.539185	115
-1499.104004	108
-1494.668823	110
-1490.233521	114
-1485.798340	116
-1481.363159	115
-1476.927979	121
-1472.492676	108
-1468.057495	102
-1463.622314	122
-1459.187012	105
-1454.751831	107
-1450.316650	101
-1445.881348	102
-1441.446167	109
-1437.010986	98
-1432.575684	91
-1428.140503	107
-1423.705322	119
-1419.270020	124
-1414.834839	116
-1410.399658	117
-1405.964355	116
-1401.529175	107
-1397.093994	111
-1392.658813	118
-1388.223511	117
-1383.788330	114
-1379.353149	123
-1374.917847	103
-1370.482666	103
-1366.047485	122
-1361.612183	109
-1357.177002	120
-1352.741821	117
-1348.306519	115
-1343.871338	117
-1339.436157	99
-1335.000854	113
-1330.565674	101
-1326.130493	109
-1321.695313	121
-1317.260010	113
-1312.824829	101
-1308.389648	98
-1303.954346	106
-1299.519165	115
-1295.083984	111
-1290.648682	117
-1286.213501	107
-1281.778320	100
-1277.343018	115
-1272.907837	115
-1268.472656	116
-1264.037354	116
-1259.602173	112
-1255.166992	104
-1250.731812	101
-1246.296509	106
-1241.861328	116
-1237.426147	119
-1232.990845	95
-1228.555664	108
-1224.120483	118
-1219.685181	115
-1215.250000	120
-1210.814819	116
-1206.379517	119
-1201.944336	113
-1197.509155	117
-1193.073853	116
-1188.638672	107
-1184.203491	113
-1179.768188	122
-1175.333008	101
-1170.897827	113
-1166.462646	117
-1162.027344	108
-1157.592163	112
-1153.156982	114
-1148.721680	115
-1144.286499	114
-1139.851318	110
-1135.416016	123
-1130.980835	125
-1126.545654	107
-1122.110352	115
-1117.675171	121
-1113.239990	121
-1108.804688	125
-1104.369507	111
-1099.934326	118
-1095.499146	116
-1091.063843	116
-1086.628662	113
-1082.193481	110
-1077.758179	112
-1073.322998	113
-1068.887817	111
-1064.452515	118
-1060.017334	114
-1055.582153	116
-1051.146851	122
-1046.711670	129
-1042.276489	136
-1037.841187	133
-1033.406006	122
-1028.970825	124
-1024.535645	105
-1020.100342	119
-1015.665161	125
-1011.229919	111
-1006.794678	116
-1002.359497	111
-997.924255	119
-993.489075	114
-989.053833	120
-984.618591	111
-980.183411	113
-975.748169	121
-971.312927	127
-966.877747	125
-962.442505	117
-958.007324	118
-953.572083	126
-949.136841	133
-944.701660	127
-940.266418	128
-935.831177	128
-931.395996	113
-926.960754	115
-922.525574	116
-918.090332	121
-913.655090	114
-909.219910	120
-904.784668	116
-900.349426	119
-895.914246	123
-891.479004	113
-887.043823	107
-882.608582	105
-878.173340	103
-873.738159	117
-869.302917	114
-864.867676	129
-860.432495	130
-855.997253	126
-851.562073	115
-847.126831	112
-842.691589	91
-838.256409	103
-833.821167	125
-829.385925	130
-824.950745	124
-820.515503	109
-816.080322	110
-811.645081	113
-807.209839	123
-802.774658	129
-798.339417	108
-793.904175	104
-789.468994	110
-785.033752	114
-780.598511	128
-776.163330	128
-771.728088	119
-767.292908	116
-762.857666	115
-758.422424	119
-753.987244	128
-749.552002	123
-745.116760	129
-740.681580	113
-736.246338	108
-731.811157	106
-727.375916	110
-722.940674	120
-718.505493	122
-714.070251	127
-709.635010	121
-705.199829	119
-700.764587	113
-696.329407	119
-691.894165	132
-687.458923	111
-683.023743	119
-678.588501	124
-674.153259	120
-669.718079	106
-665.282837	114
-660.847656	116
-656.412415	117
-651.977173	115
-647.541992	122
-643.106750	119
-638.671509	121
-634.236328	111
-629.801086	108
-625.365906	119
-620.930664	123
-616.495422	122
-612.060242	131
-607.625000	131
-603.189758	134
-598.754578	118
-594.319336	125
-589.884094	138
-585.448914	138
-581.013672	132
-576.578491	128
-572.143250	135
-567.708008	116
-563.272827	132
-558.837585	130
-554.402344	130
-549.967163	125
-545.531921	119
-541.096741	117
-536.661499	115
-532.226257	125
-527.791077	130
-523.355835	129
-518.920593	138
-514.485413	128
-510.050171	126
-505.614960	121
-501.179749	127
-496.744537	127
-492.309296	128
-487.874084	129
-483.438873	132
-479.003662	126
-474.568420	130
-470.133209	128
-465.697998	127
-461.262787	128
-456.827545	135
-452.392334	120
-447.957123	124
-443.521912	127
-439.086670	137
-434.651459	126
-430.216248	119
-425.781036	122
-421.345795	122
-416.910583	118
-412.475372	123
-408.040161	136
-403.604919	141
-399.169708	140
-394.734497	142
-390.299255	143
-385.864044	145
-381.428833	159
-376.993622	153
-372.558380	157
-368.123169	159
-363.687958	145
-359.252747	131
-354.817505	140
-350.382294	145
-345.947083	148
-341.511871	156
-337.076630	155
-332.641418	162
-328.206207	149
-323.770996	137
-319.335754	152
-314.900543	150
-310.465332	146
-306.030121	154
-301.594879	169
-297.159668	170
-292.724457	169
-288.289246	173
-283.854004	174
-279.418793	175
-274.983582	183
-270.548370	175
-266.113129	177
-261.677917	183
-257.242706	193
-252.807480	194
-248.372269	212
-243.937042	205
-239.501831	205
-235.066605	209
-230.631393	214
-226.196167	225
-221.760956	232
-217.325729	220
-212.890518	227
-208.455292	248
-204.020081	249
-199.584854	269
-195.149628	285
-190.714417	294
-186.279190	320
-181.843979	334
-177.408752	347
-172.973541	357
-168.538315	359
-164.103104	410
-159.667877	444
-155.232666	465
-150.797440	490
-146.362228	530
-141.927002	584
-137.491791	648
-133.056564	720
-128.621353	780
-124.186134	875
-119.750916	997
-115.315697	1096
-110.880478	1230
-106.445259	1410
-102.010040	1598
-97.574814	1816
-93.139595	2136
-88.704376	2542
-84.269157	3014
-79.833939	3557
-75.398720	4306
-70.963501	5287
-66.528282	6161
-62.093067	6862
-57.657848	7405
-53.222630	7831
-48.787407	8137
-44.352188	8425
-39.916969	8724
-35.481750	9034
-31.046534	9277
-26.611315	9483
-22.176094	9665
-17.740875	9856
-13.305657	10013
-8.870438	10174
-4.435219	10310
0.000000	10367
4.435219	10346
8.870438	10310
13.305657	10248
17.740875	10111
22.176094	9954
26.611315	9817
31.046534	9612
35.481750	9319
39.916969	8974
44.352188	8614
48.787407	8208
53.222630	7694
57.657848	6933
62.093067	6015
66.528282	4959
70.963501	4098
75.398720	3395
79.833939	2806
84.269157	2392
88.704376	2065
93.139595	1804
97.574814	1574
102.010040	1332
106.445259	1147
110.880478	1014
115.315697	895
119.750916	808
124.186134	734
128.621353	662
133.056564	593
137.491791	540
141.927002	486
146.362228	481
150.797440	446
155.232666	386
159.667877	375
164.103104	358
168.538315	338
172.973541	297
177.408752	314
181.843979	297
186.279190	271
190.714417	270
195.149628	246
199.584854	241
204.020081	227
208.455292	236
212.890518	234
217.325729	216
221.760956	211
226.196167	213
230.631393	204
235.066605	195
239.501831	201
243.937042	207
248.372269	186
252.807480	185
257.242706	185
261.677917	185
266.113129	172
270.548370	169
274.983582	170
279.418793	179
283.854004	177
288.289246	174
292.724457	163
297.159668	155
301.594879	162
306.030121	149
310.465332	160
314.900543	161
319.335754	157
323.770996	158
328.206207	151
332.641418	162
337.076630	143
341.511871	143
345.947083	145
350.382294	151
354.817505	150
359.252747	151
363.687958	152
368.123169	147
372.558380	147
376.993622	150
381.428833	147
385.864044	138
390.299255	144
394.734497	151
399.169708	152
403.604919	153
408.040161	139
412.475372	137
416.910583	149
421.345795	143
425.781036	147
430.216248	131
434.651459	125
439.086670	134
443.521912	131
447.957123	138
452.392334	130
456.827545	136
461.262787	142
465.697998	137
470.133209	143
474.568420	139
479.003662	131
483.438873	145
487.874084	135
492.309296	132
496.744537	144
501.179749	141
505.614960	143
510.050171	144
514.485413	150
518.920593	128
523.355835	125
527.791077	137
532.226257	133
536.661499	146
541.096741	137
545.531921	121
549.967163	114
554.402344	132
558.837585	132
563.272827	129
567.708008	124
572.143250	132
576.578491	146
581.013672	132
585.448914	138
589.884094	148
594.319336	139
598.754578	119
603.189758	124
607.625000	136
612.060242	125
616.495422	123
620.930664	123
625.365906	123
629.801086	138
634.236328	133
638.671509	134
643.106750	132
647.541992	131
651.977173	134
656.412415	136
660.847656	136
665.282837	134
669.718079	138
674.153259	135
678.588501	137
683.023743	133
687.458923	122
691.894165	126
696.329407	148
700.764587	122
705.199829	117
709.635010	132
714.070251	135
718.505493	131
722.940674	136
727.375916	126
731.811157	113
736.246338	128
740.681580	133
745.116760	130
749.552002	131
753.987244	144
758.422424	149
762.857666	146
767.292908	129
771.728088	136
776.163330	120
780.598511	139
785.033752	146
789.468994	141
793.904175	138
798.339417	136
802.774658	131
807.209839	131
811.645081	125
816.080322	141
820.515503	135
824.950745	132
829.385925	128
833.821167	129
838.256409	124
842.691589	136
847.126831	133
851.562073	119
855.997253	131
860.432495	136
864.867676	142
869.302917	130
873.738159	134
878.173340	139
882.608582	136
887.043823	133
891.479004	142
895.914246	132
900.349426	126
904.784668	135
909.219910	140
913.655090	142
918.090332	136
922.525574	129
926.960754	139
931.395996	146
935.831177	146
940.266418	141
944.701660	131
949.136841	147
953.572083	135
958.007324	126
962.442505	120
966.877747	126
971.312927	131
975.748169	135
980.183411	142
984.618591	147
989.053833	139
993.489075	147
997.924255	142
1002.359497	133
1006.794678	118
1011.229919	130
1015.665161	139
1020.100342	136
1024.535645	128
1028.970825	135
1033.406006	131
1037.841187	126
1042.276489	143
1046.711670	140
1051.146851	127
1055.582153	134
1060.017334	132
1064.452515	134
1068.887817	145
1073.322998	140
1077.758179	140
1082.193481	136
1086.628662	139
1091.063843	136
1095.499146	141
1099.934326	146
1104.369507	157
1108.804688	145
1113.239990	137
1117.675171	135
1122.110352	130
1126.545654	129
1130.980835	138
1135.416016	136
1139.851318	133
1144.286499	145
1148.721680	152
1153.156982	144
1157.592163	130
1162.027344	131
1166.462646	123
1170.897827	143
1175.333008	135
1179.768188	127
1184.203491	128
1188.638672	137
1193.073853	136
1197.509155	132
1201.944336	119
1206.379517	128
1210.814819	137
1215.250000	135
1219.685181	132
1224.120483	138
1228.555664	136
1232.990845	144
1237.426147	158
1241.861328	150
1246.296509	142
1250.731812	138
1255.166992	134
1259.602173	136
1264.037354	138
1268.472656	140
1272.907837	130
1277.343018	145
1281.778320	133
1286.213501	132
1290.648682	136
1295.083984	133
1299.519165	134
1303.954346	136
1308.389648	145
1312.824829	153
1317.260010	149
1321.695313	147
1326.130493	137
1330.565674	135
1335.000854	118
1339.436157	123
1343.871338	136
1348.306519	135
1352.741821	127
1357.177002	147
1361.612183	147
1366.047485	139
1370.482666	144
1374.917847	144
1379.353149	140
1383.788330	133
1388.223511	138
1392.658813	143
1397.093994	142
1401.529175	139
1405.964355	143
1410.399658	141
1414.834839	149
1419.270020	147
1423.705322	140
1428.140503	135
1432.575684	135
1437.010986	133
1441.446167	145
1445.881348	140
1450.316650	131
1454.751831	147
1459.187012	150
1463.622314	147
1468.057495	149
1472.492676	142
1476.927979	139
1481.363159	136
1485.798340	135
1490.233521	145
1494.668823	149
1499.104004	140
1503.539185	128
1507.974487	128
1512.409668	140
1516.844849	142
1521.280151	141
1525.715332	146
1530.150513	150
1534.585815	153
1539.020996	157
1543.456177	146
1547.891479	141
1552.326660	144
1556.761841	153
1561.197021	167
1565.632324	160
1570.067505	147
1574.502686	142
1578.937988	149
1583.373169	142
1587.808350	147
1592.243652	150
1596.678833	149
1601.114014	146
1605.549316	142
1609.984497	143
1614.419678	151
1618.854980	153
1623.290161	147
1627.725342	144
1632.160645	147
1636.595825	148
1641.031006	150
1645.466187	148
1649.901489	129
1654.336670	146
1658.771851	144
1663.207153	138
1667.642334	144
1672.077515	141
1676.512817	153
1680.947998	155
1685.383179	137
1689.818481	139
1694.253662	150
1698.688843	133
1703.124146	138
1707.559326	149
1711.994507	153
1716.429688	137
1720.864990	147
1725.300171	149
1729.735352	155
1734.170654	153
1738.605835	151
1743.041016	141
1747.476318	136
1751.911499	148
1756.346680	142
1760.781982	155
1765.217163	141
1769.652344	146
1774.087646	148
1778.522827	142
1782.958008	145
1787.393188	145
1791.828491	142
1796.263672	144
1800.698853	150
1805.134155	150
1809.569336	155
1814.004517	145
1818.439819	135
1822.875000	134
1827.310181	152
1831.745483	160
1836.180664	157
1840.615845	147
1845.051147	126
1849.486328	135
1853.921509	144
1858.356812	149
1862.791992	146
1867.227173	139
1871.662354	159
1876.097656	158
1880.532837	149
1884.968018	142
1889.403320	149
1893.838501	153
1898.273682	138
1902.708984	138
1907.144165	145
1911.579346	138
1916.014648	140
1920.449829	158
1924.885010	153
1929.320313	149
1933.755493	157
1938.190674	148
1942.625854	151
1947.061157	136
1951.496338	141
1955.931519	135
1960.366821	147
1964.802002	141
1969.237183	149
1973.672485	144
1978.107666	147
1982.542847	150
1986.978149	148
1991.413330	148
1995.848511	144
2000.283813	141
2004.718994	136
2009.154175	163
2013.589355	152
2018.024658	151
2022.459839	146
2026.895020	147
2031.330322	150
2035.765503	151
2040.200684	152
2044.635986	158
2049.071289	145
2053.506348	157
2057.941650	160
2062.376709	148
2066.812012	153
2071.247314	161
2075.682373	166
2080.117676	152
2084.552979	145
2088.988037	141
2093.423340	139
2097.858643	153
2102.293701	163
2106.729004	162
2111.164307	152
2115.599365	140
2120.034668	157
2124.469971	156
2128.905029	155
2133.340332	135
2137.775635	149
2142.210693	162
2146.645996	152
2151.081299	155
2155.516357	143
2159.951660	146
2164.386963	149
2168.822021	167
2173.257324	153
2177.692627	157
2182.127686	156
2186.562988	146
2190.998291	143
2195.433350	151
2199.868652	157
2204.303711	150
2208.739014	159
2213.174316	161
2217.609375	152
2222.044678	148
2226.479980	151
2230.915039	147
2235.350342	151
2239.785645	167
2244.220703	157
2248.656006	158
2253.091309	147
2257.526367	148
2261.961670	151
2266.396973	163
2270.832031	168
2275.267334	150
2279.702637	164
2284.137695	157
2288.572998	154
2293.008301	164
2297.443359	152
2301.878662	146
2306.313965	138
2310.749023	166
2315.184326	160
2319.619629	155
2324.054688	150
2328.489990	156
2332.925293	163
2337.360352	154
2341.795654	149
2346.230957	156
2350.666016	140
2355.101318	151
2359.536377	158
2363.971680	150
2368.406982	150
2372.842041	149
2377.277344	139
2381.712646	158
2386.147705	162
2390.583008	163
2395.018311	155
2399.453369	159
2403.888672	165
2408.323975	167
2412.759033	147
2417.194336	151
2421.629639	160
2426.064697	159
2430.500000	169
2434.935303	169
2439.370361	158
2443.805664	160
2448.240967	166
2452.676025	148
2457.111328	150
2461.546631	166
2465.981689	162
2470.416992	162
2474.852295	150
2479.287354	152
2483.722656	153
2488.157959	149
2492.593018	157
2497.028320	159
2501.463623	156
2505.898682	147
2510.333984	133
2514.769043	148
2519.204346	162
2523.639648	152
2528.074707	154
2532.510010	161
2536.945313	153
2541.380371	147
2545.815674	155
2550.250977	172
2554.686035	184
2559.121338	166
2563.556641	155
2567.991699	148
2572.427002	156
2576.862305	166
2581.297363	165
2585.732666	160
2590.167969	140
2594.603027	144
2599.038330	146
2603.473633	150
2607.908691	150
2612.343994	166
2616.779297	163
2621.214355	152
2625.649658	129
2630.084961	138
2634.520020	158
2638.955322	169
2643.390625	175
2647.825684	170
2652.260986	166
2656.696289	161
2661.131348	152
2665.566650	163
2670.001709	158
2674.437012	169
2678.872314	164
2683.307373	155
2687.742676	137
2692.177979	161
2696.613037	169
2701.048340	152
2705.483643	150
2709.918701	152
2714.354004	154
2718.789307	158
2723.224365	172
2727.659668	157
2732.094971	173
2736.530029	171
2740.965332	167
2745.400635	162
2749.835693	154
2754.270996	151
2758.706299	164
2763.141357	177
2767.576660	165
2772.011963	154
2776.447021	154
2780.882324	151
2785.317627	163
2789.752686	165
2794.187988	181
2798.623291	159
2803.058350	156
2807.493652	168
2811.928711	177
2816.364014	167
2820.799316	168
2825.234375	174
2829.669678	171
2834.104980	147
2838.540039	149
2842.975342	165
2847.410645	154
2851.845703	169
2856.281006	175
2860.716309	167
2865.151367	169
2869.586670	171
2874.021973	164
2878.457031	144
2882.892334	151
2887.327637	167
2891.762695	158
2896.197998	149
2900.633301	157
2905.068359	154
2909.503662	143
2913.938965	164
2918.374023	154
2922.809326	162
2927.244629	161
2931.679688	154
2936.114990	149
2940.550293	159
2944.985352	166
2949.420654	165
2953.855957	163
2958.291016	159
2962.726318	151
2967.161377	149
2971.596680	156
2976.031982	168
2980.467041	164
2984.902344	155
2989.337646	160
2993.772705	175
2998.208008	167
3002.643311	147
3007.078369	153
3011.513672	160
3015.948975	156
3020.384033	160
3024.819336	163
3029.254639	161
3033.689697	166
3038.125000	170
3042.560303	174
3046.995361	172
3051.430664	177
3055.865967	157
3060.301025	154
3064.736328	156
3069.171631	173
3073.606689	171
3078.041992	163
3082.477295	165
3086.912354	168
3091.347656	158
3095.782959	157
3100.218018	154
3104.653320	161
3109.088623	171
3113.523682	158
3117.958984	156
3122.394043	159
3126.829346	157
3131.264648	167
3135.699707	161
3140.135010	169
3144.570313	175
3149.005371	162
3153.440674	157
3157.875977	159
3162.311035	152
3166.746338	152
3171.181641	161
3175.616699	171
3180.052002	164
3184.487305	164
3188.922363	170
3193.357666	164
3197.792969	151
3202.228027	156
3206.663330	167
3211.098633	166
3215.533691	166
3219.968994	174
3224.404297	170
3228.839355	167
3233.274658	171
3237.709961	173
3242.145020	160
3246.580322	166
3251.015625	164
3255.450684	158
3259.885986	146
3264.321289	160
3268.756348	164
3273.191650	161
3277.626709	158
3282.062012	140
3286.497314	153
3290.932373	170
3295.367676	170
3299.802979	158
3304.238037	162
3308.673340	168
3313.108643	158
3317.543701	143
3321.979004	158
3326.414307	177
3330.849365	172
3335.284668	158
3339.719971	164
3344.155029	171
3348.590332	165
3353.025635	167
3357.460693	158
3361.895996	158
3366.331299	175
3370.766357	184
3375.201660	183
3379.636963	178
3384.072021	163
3388.507324	167
3392.942627	176
3397.377686	183
3401.812988	179
3406.248291	170
3410.683350	156
3415.118652	166
3419.553711	168
3423.989014	165
3428.424316	172
3432.859375	167
3437.294678	156
3441.729980	166
3446.165039	166
3450.600342	181
3455.035645	174
3459.470703	177
3463.906006	174
3468.341309	164
3472.776367	164
3477.211670	172
3481.646973	159
3486.082031	169
3490.517334	174
3494.952637	164
3499.387695	169
3503.822998	174
3508.258301	173
3512.693359	177
3517.128662	182
3521.563965	186
3525.999023	180
3530.434326	187
3534.869629	203
3539.304688	188
3543.739990	195
3548.175293	189
3552.610352	182
3557.045654	185
3561.480957	188
3565.916016	199
3570.351318	184
3574.786377	193
3579.221680	190
3583.656982	197
3588.092041	204
3592.527344	197
3596.962646	195
3601.397705	201
3605.833008	199
3610.268311	204
3614.703369	200
3619.138672	215
3623.573975	239
3628.009033	244
3632.444336	235
3636.879639	229
3641.314697	210
3645.750000	244
3650.185303	246
3654.620361	232
3659.055664	245
3663.490967	253
3667.926025	239
3672.361328	254
3676.796631	264
3681.231689	278
3685.666992	284
3690.102295	284
3694.537354	289
3698.972656	300
3703.407959	320
3707.843018	329
3712.278320	343
3716.713623	364
3721.148682	368
3725.583984	362
3730.019043	396
3734.454346	409
3738.889648	431
3743.324707	451
3747.760010	468
3752.195313	479
3756.630371	493
3761.065674	517
3765.500977	544
3769.936035	576
3774.371338	606
3778.806641	637
3783.241699	690
3787.677002	757
3792.112305	806
3796.547363	865
3800.982666	902
3805.417969	930
3809.853027	1009
3814.288330	1084
3818.723633	1103
3823.158691	1152
3827.593994	1200
3832.029297	1287
3836.464355	1409
3840.899658	1492
3845.334961	1564
3849.770020	1599
3854.205322	1658
3858.640625	1717
3863.075684	1726
3867.510986	1704
3871.946289	1729
3876.381348	1760
3880.816650	1785
3885.251709	1866
3889.687012	1957
3894.122314	2022
3898.557373	2059
3902.992676	2126
3907.427979	2210
3911.863037	2272
3916.298340	2315
3920.733643	2327
3925.168701	2370
3929.604004	2379
3934.039307	2375
3938.474365	2335
3942.909668	2283
3947.344971	2269
3951.780029	2276
3956.215332	2259
3960.650635	2258
3965.085693	2258
3969.520996	2244
3973.956299	2254
3978.391357	2286
3982.826660	2401
3987.261963	2475
3991.697021	2508
3996.132324	2598
4000.567627	2636
4005.002686	2689
4009.437988	2744
4013.873291	2761
4018.308350	2742
4022.743652	2725
4027.178711	2741
4031.614014	2776
4036.049316	2786
4040.484375	2738
4044.919678	2712
4049.354980	2704
4053.790039	2685
4058.225342	2661
4062.660645	2642
4067.095703	2596
4071.531006	2509
4075.966309	2490
4080.401367	2466
4084.836670	2456
4089.271973	2419
4093.707031	2367
4098.142578	2336
4102.577637	2341
4107.012695	2373
4111.447754	2417
4115.883301	2458
4120.318359	2503
4124.753418	2556
4129.188965	2573
4133.624023	2629
4138.059082	2676
4142.494629	2699
4146.929688	2705
4151.364746	2705
4155.800293	2718
4160.235352	2708
4164.670410	2704
4169.105957	2725
4173.541016	2727
4177.976074	2750
4182.411621	2732
4186.846680	2718
4191.281738	2747
4195.717285	2722
4200.152344	2694
4204.587402	2689
4209.022949	2677
4213.458008	2671
4217.893066	2668
4222.328613	2663
4226.763672	2655
4231.198730	2661
4235.634277	2647
4240.069336	2631
4244.504395	2622
4248.939941	2605
4253.375000	2594
4257.810059	2596
4262.245605	2613
4266.680664	2629
4271.115723	2596
4275.551270	2580
4279.986328	2584
4284.421387	2555
4288.856934	2571
4293.291992	2556
4297.727051	2518
4302.162598	2503
4306.597656	2463
4311.032715	2459
4315.468262	2463
4319.903320	2427
4324.338379	2415
4328.773926	2425
4333.208984	2394
4337.644043	2417
4342.079590	2438
4346.514648	2468
4350.949707	2486
4355.385254	2485
4359.820313	2507
4364.255371	2551
4368.690918	2555
4373.125977	2556
4377.561035	2654
4381.996582	2729
4386.431641	2743
4390.866699	2775
4395.302246	2793
4399.737305	2819
4404.172363	2876
4408.607422	2917
4413.042969	2911
4417.478027	2896
4421.913086	2867
4426.348633	2864
4430.783691	2896
4435.218750	2918
4439.654297	2918
4444.089355	2924
4448.524414	2927
4452.959961	2941
4457.395020	2940
4461.830078	2935
4466.265625	2947
4470.700684	2954
4475.135742	2971
4479.571289	2956
4484.006348	2911
4488.441406	2911
4492.876953	2919
4497.312012	2885
4501.747070	2888
4506.182617	2919
4510.617676	2895
4515.052734	2916
4519.488281	2893
4523.923340	2890
4528.358398	2906
4532.793945	2869
4537.229004	2849
4541.664063	2900
4546.099609	2907
4550.534668	2922
4554.969727	2920
4559.405273	2899
4563.840332	2920
4568.275391	2965
4572.710938	2974
4577.145996	2951
4581.581055	2976
4586.016602	3034
4590.451660	3014
4594.886719	3017
4599.322266	3057
4603.757324	3056
4608.192383	3101
4612.627930	3154
4617.062988	3184
4621.498047	3218
4625.933594	3249
4630.368652	3321
4634.803711	3375
4639.239258	3382
4643.674316	3384
4648.109375	3459
4652.544922	3532
4656.979980	3601
4661.415039	3627
4665.850586	3682
4670.285645	3768
4674.720703	3795
4679.156250	3887
4683.591309	3953
4688.026367	4033
4692.461914	4091
4696.896973	4169
4701.332031	4217
4705.767578	4322
4710.202637	4411
4714.637695	4461
4719.072754	4530
4723.508301	4646
4727.943359	4736
4732.378418	4780
4736.813965	4793
4741.249023	4869
4745.684082	4955
4750.119629	5029
4754.554688	5114
4758.989746	5155
4763.425293	5163
4767.860352	5209
4772.295410	5260
4776.730957	5305
4781.166016	5336
4785.601074	5354
4790.036621	5357
4794.471680	5346
4798.906738	5360
4803.342285	5375
4807.777344	5369
4812.212402	5372
4816.647949	5382
4821.083008	5351
4825.518066	5323
4829.953613	5262
4834.388672	5225
4838.823730	5234
4843.259277	5223
4847.694336	5191
4852.129395	5192
4856.564941	5158
4861.000000	5110
4865.435059	5138
4869.870605	5175
4874.305664	5208
4878.740723	5256
4883.176270	5224
4887.611328	5215
4892.046387	5247
4896.481934	5308
4900.916992	5356
4905.352051	5357
4909.787598	5376
4914.222656	5395
4918.657715	5431
4923.093262	5458
4927.528320	5486
4931.963379	5488
4936.398926	5498
4940.833984	5507
4945.269043	5539
4949.704590	5558
4954.139648	5513
4958.574707	5524
4963.010254	5550
4967.445313	5525
4971.880371	5516
4976.315918	5471
4980.750977	5500
4985.186035	5572
4989.621582	5538
4994.056641	5493
4998.491699	5522
5002.927246	5495
5007.362305	5498
5011.797363	5487
5016.232422	5506
5020.667969	5493
5025.103027	5508
5029.538086	5487
5033.973633	5459
5038.408691	5466
5042.843750	5428
5047.279297	5422
5051.714355	5405
5056.149414	5383
5060.584961	5386
5065.020020	5393
5069.455078	5378
5073.890625	5351
5078.325684	5349
5082.760742	5349
5087.196289	5309
5091.631348	5292
5096.066406	5290
5100.501953	5258
5104.937012	5238
5109.372070	5306
5113.807617	5296
5118.242676	5218
5122.677734	5156
5127.113281	5123
5131.548340	5103
5135.983398	5083
5140.418945	5071
5144.854004	5110
5149.289063	5092
5153.724609	5040
5158.159668	4970
5162.594727	4945
5167.030273	4937
5171.465332	4873
5175.900391	4870
5180.335938	4868
5184.770996	4817
5189.206055	4797
5193.641602	4779
5198.076660	4774
5202.511719	4757
5206.947266	4700
5211.382324	4669
5215.817383	4701
5220.252930	4682
5224.687988	4635
5229.123047	4612
5233.558594	4598
5237.993652	4607
5242.428711	4552
5246.864258	4526
5251.299316	4537
5255.734375	4506
5260.169922	4529
5264.604980	4516
5269.040039	4473
5273.475586	4433
5277.910645	4445
5282.345703	4428
5286.781250	4399
5291.216309	4402
5295.651367	4372
5300.086914	4319
5304.521973	4300
5308.957031	4312
5313.392578	4305
5317.827637	4301
5322.262695	4289
5326.697754	4286
5331.133301	4274
5335.568359	4258
5340.003418	4267
5344.438965	4272
5348.874023	4252
5353.309082	4194
5357.744629	4162
5362.179688	4193
5366.614746	4154
5371.050293	4115
5375.485352	4152
5379.920410	4132
5384.355957	4115
5388.791016	4085
5393.226074	4061
5397.661621	4051
5402.096680	4051
5406.531738	4013
5410.967285	3992
5415.402344	4025
5419.837402	4040
5424.272949	4034
5428.708008	3972
5433.143066	3924
5437.578613	3919
5442.013672	3918
5446.448730	3961
5450.884277	3953
5455.319336	3896
5459.754395	3904
5464.189941	3922
5468.625000	3892
5473.060059	3855
5477.495605	3840
5481.930664	3804
5486.365723	3799
5490.801270	3800
5495.236328	3789
5499.671387	3775
5504.106934	3786
5508.541992	3791
5512.977051	3801
5517.412598	3752
5521.847656	3695
5526.282715	3687
5530.718262	3699
5535.153320	3671
5539.588379	3623
5544.023926	3616
5548.458984	3632
5552.894043	3612
5557.329590	3555
5561.764648	3573
5566.199707	3592
5570.635254	3562
5575.070313	3508
5579.505371	3518
5583.940918	3468
5588.375977	3420
5592.811035	3438
5597.246582	3447
5601.681641	3453
5606.116699	3425
5610.552246	3407
5614.987305	3413
5619.422363	3405
5623.857422	3381
5628.292969	3327
5632.728027	3310
5637.163086	3334
5641.598633	3355
5646.033691	3313
5650.468750	3300
5654.904297	3327
5659.339355	3287
5663.774414	3224
5668.209961	3189
5672.645020	3188
5677.080078	3177
5681.515625	3148
5685.950684	3133
5690.385742	3158
5694.821289	3103
5699.256348	3087
5703.691406	3047
5708.126953	3054
5712.562012	3109
5716.997070	3068
5721.432617	3054
5725.867676	3074
5730.302734	3029
5734.738281	2998
5739.173340	3029
5743.608398	3047
5748.043945	3023
5752.479004	3049
5756.914063	3030
5761.349609	3002
5765.784668	2997
5770.219727	3022
5774.655273	2996
5779.090332	2986
5783.525391	2980
5787.960938	2982
5792.395996	2988
5796.831055	2996
5801.266602	3023
5805.701660	3034
5810.136719	2987
5814.572266	3044
5819.007324	3053
5823.442383	3042
5827.877930	3103
5832.312988	3111
5836.748047	3077
5841.183594	3072
5845.618652	3054
5850.053711	3038
5854.489258	3006
5858.924316	2978
5863.359375	3007
5867.794922	3029
5872.229980	3007
5876.665039	2992
5881.100586	2996
5885.535645	2989
5889.970703	2929
5894.406250	2918
5898.841309	2928
5903.276367	2913
5907.711914	2869
5912.146973	2865
5916.582031	2883
5921.017578	2849
5925.452637	2827
5929.887695	2808
5934.322754	2804
5938.758301	2814
5943.193359	2788
5947.628418	2780
5952.063965	2753
5956.499023	2743
5960.934082	2760
5965.369629	2747
5969.804688	2704
5974.239746	2648
5978.675293	2618
5983.110352	2643
5987.545410	2637
5991.980957	2595
5996.416016	2606
6000.851074	2593
6005.286621	2575
6009.721680	2495
6014.156738	2493
6018.592285	2496
6023.027344	2470
6027.462402	2441
6031.897949	2401
6036.333008	2363
6040.768066	2365
6045.203613	2342
6049.638672	2322
6054.073730	2302
6058.509277	2277
6062.944336	2306
6067.379395	2299
6071.814941	2265
6076.250000	2243
6080.685059	2230
6085.120605	2186
6089.555664	2180
6093.990723	2184
6098.426270	2159
6102.861328	2126
6107.296387	2126
6111.731934	2093
6116.166992	2077
6120.602051	2042
6125.037598	2032
6129.472656	2025
6133.907715	2010
6138.343262	2006
6142.778320	1963
6147.213379	1946
6151.648926	1955
6156.083984	1953
6160.519043	1926
6164.954590	1907
6169.389648	1894
6173.824707	1908
6178.260254	1888
6182.695313	1867
6187.130371	1868
6191.565918	1836
6196.000977	1832
6200.436035	1829
6204.871582	1810
6209.306641	1815
6213.741699	1809
6218.177246	1770
6222.612305	1740
6227.047363	1752
6231.482422	1752
6235.917969	1714
6240.353027	1696
6244.788086	1676
6249.223633	1683
6253.658691	1683
6258.093750	1684
6262.529297	1698
6266.964355	1692
6271.399414	1666
6275.834961	1638
6280.270020	1631
6284.705078	1658
6289.140625	1655
6293.575684	1628
6298.010742	1619
6302.446289	1595
6306.881348	1599
6311.316406	1613
6315.751953	1563
6320.187012	1572
6324.622070	1589
6329.057617	1596
6333.492676	1582
6337.927734	1562
6342.363281	1578
6346.798340	1600
6351.233398	1564
6355.668945	1524
6360.104004	1541
6364.539063	1576
6368.974609	1563
6373.409668	1554
6377.844727	1570
6382.280273	1569
6386.715332	1532
6391.150391	1519
6395.585938	1522
6400.020996	1546
6404.456055	1558
6408.891602	1526
6413.326660	1472
6417.761719	1462
6422.197266	1473
6426.632324	1472
6431.067383	1449
6435.502930	1494
6439.937988	1496
6444.373047	1480
6448.808594	1462
6453.243652	1459
6457.678711	1468
6462.114258	1448
6466.549316	1446
6470.984375	1452
6475.419922	1420
6479.854980	1399
6484.290039	1372
6488.725586	1358
6493.160645	1362
6497.595703	1345
6502.031250	1331
6506.466309	1359
6510.901367	1353
6515.336914	1340
6519.771973	1331
6524.207031	1294
6528.642578	1241
6533.077637	1246
6537.512695	1240
6541.947754	1233
6546.383301	1243
6550.818359	1237
6555.253418	1213
6559.688965	1220
6564.124023	1229
6568.559082	1197
6572.994629	1235
6577.429688	1250
6581.864746	1229
6586.300293	1278
6590.735352	1295
6595.170410	1312
6599.605957	1289
6604.041016	1268
6608.476074	1287
6612.911621	1300
6617.346680	1294
6621.781738	1285
6626.217285	1303
6630.652344	1329
6635.087402	1344
6639.522949	1328
6643.958008	1319
6648.393066	1337
6652.828613	1329
6657.263672	1323
6661.698730	1348
6666.134277	1366
6670.569336	1369
6675.004395	1318
6679.439941	1338
6683.875000	1352
6688.310059	1371
6692.745605	1403
6697.180664	1389
6701.615723	1397
6706.051270	1382
6710.486328	1373
6714.921387	1374
6719.356934	1390
6723.791992	1365
6728.227051	1359
6732.662598	1366
6737.097656	1353
6741.532715	1352
6745.968262	1347
6750.403320	1362
6754.838379	1390
6759.273926	1377
6763.708984	1361
6768.144043	1355
6772.579590	1346
6777.014648	1360
6781.449707	1369
6785.885254	1362
6790.320313	1360
6794.755371	1361
6799.190918	1353
6803.625977	1337
6808.061035	1334
6812.496582	1335
6816.931641	1349
6821.366699	1352
6825.802246	1334
6830.237305	1339
6834.672363	1358
6839.107422	1355
6843.542969	1334
6847.978027	1297
6852.413086	1266
6856.848633	1241
6861.283691	1242
6865.718750	1264
6870.154297	1272
6874.589355	1270
6879.024414	1270
6883.459961	1282
6887.895020	1261
6892.330078	1250
6896.765625	1259
6901.200684	1265
6905.635742	1281
6910.071289	1291
6914.506348	1275
6918.941406	1283
6923.376953	1290
6927.812012	1298
6932.247070	1317
6936.682617	1335
6941.117676	1307
6945.552734	1273
6949.988281	1298
6954.423340	1312
6958.858398	1312
6963.293945	1303
6967.729004	1304
6972.164063	1312
6976.599609	1301
6981.034668	1288
6985.469727	1314
6989.905273	1345
6994.340332	1331
6998.775391	1333
7003.210938	1332
7007.645996	1309
7012.081055	1296
7016.516602	1336
7020.951660	1312
7025.386719	1317
7029.822266	1319
7034.257324	1347
7038.692383	1346
7043.127930	1310
7047.562988	1288
7051.998047	1302
7056.433594	1319
7060.868652	1341
7065.303711	1330
7069.739258	1310
7074.174316	1331
7078.609375	1332
7083.044922	1294
7087.479980	1304
7091.915039	1317
7096.350586	1320
7100.785645	1319
7105.220703	1305
7109.656250	1302
7114.091309	1279
7118.526367	1274
7122.961914	1255
7127.396973	1233
7131.832031	1220
7136.267578	1242
7140.702637	1210
7145.137695	1196
7149.572754	1223
7154.008301	1210
7158.443359	1189
7162.878418	1196
7167.313965	1203
7171.749023	1205
7176.184082	1194
7180.619629	1192
7185.054688	1162
7189.489746	1126
7193.925293	1128
7198.360352	1122
7202.795410	1119
7207.230957	1153
7211.666016	1133
7216.101074	1107
7220.536621	1095
7224.971680	1106
7229.406738	1093
7233.842285	1076
7238.277344	1074
7242.712402	1085
7247.147949	1042
7251.583008	1009
7256.018066	1041
7260.453613	1049
7264.888672	1067
7269.323730	1048
7273.759277	1058
7278.194336	1040
7282.629395	1020
7287.064941	988
7291.500000	997
7295.935059	1002
7300.370605	974
7304.805664	966
7309.240723	1000
7313.676270	1008
7318.111328	988
7322.546387	986
7326.981934	990
7331.416992	997
7335.852051	1008
7340.287598	996
7344.722656	979
7349.157715	992
7353.593262	978
7358.028320	976
7362.463379	974
7366.898926	970
7371.333984	978
7375.769043	958
7380.204590	961
7384.639648	986
7389.074707	969
7393.510254	949
7397.945313	948
7402.380371	947
7406.815918	932
7411.250977	942
7415.686035	946
7420.121582	944
7424.556641	940
7428.991699	933
7433.427246	921
7437.862305	914
7442.297363	914
7446.732422	914
7451.167969	913
7455.603027	889
7460.038086	866
7464.473633	853
7468.908691	876
7473.343750	874
7477.779297	869
7482.214355	864
7486.649414	850
7491.084961	865
7495.520020	828
7499.955078	800
7504.390625	804
7508.825684	806
7513.260742	810
7517.696289	807
7522.131348	782
7526.566406	772
7531.001953	756
7535.437012	729
7539.872070	719
7544.307617	719
7548.742676	719
7553.177734	700
7557.613281	663
7562.048340	661
7566.483398	659
7570.918945	658
7575.354004	640
7579.789063	616
7584.224609	605
7588.659668	599
7593.094727	576
7597.530273	551
7601.965332	558
7606.400391	566
7610.835938	569
7615.270996	559
7619.706055	559
7624.141602	541
7628.576660	552
7633.011719	562
7637.447266	563
7641.882324	547
7646.317383	534
7650.752930	544
7655.187988	556
7659.623047	558
7664.058594	556
7668.493652	561
7672.928711	547
7677.364258	506
7681.799316	505
7686.234375	507
7690.669922	507
7695.104980	502
7699.540039	520
7703.975586	529
7708.410645	511
7712.845703	489
7717.281250	505
7721.716309	515
7726.151367	513
7730.586914	503
7735.021973	494
7739.457031	493
7743.892578	477
7748.327637	467
7752.762695	466
7757.197754	471
7761.633301	467
7766.068359	482
7770.503418	467
7774.938965	452
7779.374023	468
7783.809082	475
7788.244629	445
7792.679688	443
7797.114746	437
7801.550293	435
7805.985352	441
7810.420410	430
7814.855957	437
7819.291016	455
7823.726074	451
7828.161621	404
7832.596680	384
7837.031738	395
7841.467285	406
7845.902344	426
7850.337402	414
7854.772949	413
7859.208008	400
7863.643066	400
7868.078613	389
7872.513672	366
7876.948730	367
7881.384277	375
7885.819336	386
7890.254395	376
7894.689941	378
7899.125000	371
7903.560059	380
7907.995605	383
7912.430664	379
7916.865723	377
7921.301270	382
7925.736328	384
7930.171387	372
7934.606934	350
7939.041992	369
7943.477051	369
7947.912598	375
7952.347656	383
7956.782715	363
7961.218262	345
7965.653320	340
7970.088379	341
7974.523926	351
7978.958984	358
7983.394043	365
7987.829590	357
7992.264648	349
7996.699707	365
8001.135254	356
8005.570313	349
8010.005371	331
8014.440918	332
8018.875977	350
8023.311035	359
8027.746582	364
8032.181641	354
8036.616699	354
8041.052246	355
8045.487305	364
8049.922363	355
8054.357422	351
8058.792969	352
8063.228027	352
8067.663086	330
8072.098633	333
8076.533691	361
8080.968750	358
8085.404297	344
8089.839355	333
8094.274414	341
8098.709961	328
8103.145020	319
8107.580078	326
8112.015625	319
8116.450684	308
8120.885742	302
8125.321289	315
8129.756348	330
8134.191406	320
8138.626953	310
8143.062012	310
8147.497070	292
8151.932617	299
8156.367676	304
8160.802734	297
8165.238281	299
8169.673340	284
8174.108398	286
8178.543945	295
8182.979004	286
8187.414063	290
8191.849609	274
8196.285156	281
8200.719727	269
8205.155273	253
8209.589844	264
8214.025391	272
8218.460938	253
8222.895508	264
8227.331055	271
8231.766602	266
8236.201172	249
8240.636719	246
8245.072266	264
8249.506836	264
8253.942383	244
8258.377930	241
8262.812500	245
8267.248047	256
8271.683594	260
8276.118164	255
8280.553711	271
8284.989258	260
8289.423828	250
8293.859375	247
8298.294922	249
8302.729492	246
8307.165039	247
8311.600586	238
8316.035156	252
8320.470703	254
8324.906250	240
8329.340820	243
8333.776367	274
8338.211914	280
8342.646484	269
8347.082031	273
8351.517578	270
8355.952148	264
8360.387695	262
8364.823242	267
8369.257813	274
8373.693359	271
8378.128906	265
8382.563477	266
8386.999023	288
8391.434570	293
8395.869141	287
8400.304688	292
8404.740234	297
8409.174805	288
8413.610352	295
8418.045898	290
8422.480469	291
8426.916016	278
8431.351563	283
8435.786133	289
8440.221680	283
8444.657227	275
8449.091797	284
8453.527344	272
8457.962891	269
8462.397461	273
8466.833008	286
8471.268555	286
8475.703125	294
8480.138672	289
8484.574219	282
8489.008789	287
8493.444336	281
8497.879883	289
8502.314453	278
8506.750000	287
8511.185547	282
8515.620117	279
8520.055664	275
8524.491211	269
8528.925781	277
8533.361328	295
8537.796875	291
8542.231445	289
8546.666992	289
8551.102539	292
8555.537109	291
8559.972656	281
8564.408203	268
8568.842773	273
8573.278320	260
8577.713867	246
8582.148438	262
8586.583984	274
8591.019531	260
8595.454102	258
8599.889648	251
8604.325195	259
8608.759766	258
8613.195313	261
8617.630859	259
8622.065430	259
8626.500977	257
8630.936523	237
8635.371094	237
8639.806641	244
8644.242188	245
8648.676758	243
8653.112305	238
8657.547852	226
8661.982422	233
8666.417969	229
8670.853516	229
8675.288086	232
8679.723633	235
8684.159180	244
8688.593750	240
8693.029297	240
8697.464844	235
8701.899414	221
8706.334961	214
8710.770508	227
8715.205078	241
8719.640625	231
8724.076172	231
8728.510742	219
8732.946289	232
8737.381836	217
8741.816406	214
8746.251953	197
8750.687500	199
8755.122070	208
8759.557617	213
8763.993164	211
8768.427734	218
8772.863281	198
8777.298828	195
8781.733398	197
8786.168945	199
8790.604492	191
8795.039063	187
8799.474609	184
8803.910156	203
8808.344727	209
8812.780273	206
8817.214844	191
8821.650391	186
8826.085938	193
8830.520508	202
8834.956055	211
8839.391602	186
8843.826172	184
8848.261719	184
8852.697266	192
8857.131836	185
8861.567383	177
8866.002930	183
8870.437500	196
8874.873047	197
8879.308594	204
8883.743164	204
8888.178711	190
8892.614258	197
8897.048828	192
8901.484375	192
8905.919922	186
8910.354492	176
8914.790039	175
8919.225586	179
8923.660156	170
8928.095703	179
8932.531250	187
8936.965820	195
8941.401367	188
8945.836914	203
8950.271484	189
8954.707031	179
8959.142578	163
8963.577148	179
8968.012695	198
8972.448242	192
8976.882813	181
8981.318359	186
8985.753906	185
8990.188477	187
8994.624023	191
8999.059570	187
9003.494141	203
9007.929688	198
9012.365234	189
9016.799805	182
9021.235352	174
9025.670898	179
9030.105469	191
9034.541016	170
9038.976563	169
9043.411133	179
9047.846680	190
9052.282227	187
9056.716797	189
9061.152344	192
9065.587891	185
9070.022461	198
9074.458008	200
9078.893555	186
9083.328125	183
9087.763672	187
9092.199219	184
9096.633789	188
9101.069336	193
9105.504883	185
9109.939453	193
9114.375000	190
9118.810547	183
9123.245117	178
9127.680664	190
9132.116211	205
9136.550781	204
9140.986328	182
9145.421875	175
9149.856445	179
9154.291992	183
9158.727539	185
9163.162109	184
9167.597656	180
9172.033203	176
9176.467773	180
9180.903320	189
9185.338867	184
9189.773438	183
9194.208984	192
9198.644531	201
9203.079102	194
9207.514648	198
9211.950195	190
9216.384766	186
9220.820313	197
9225.255859	183
9229.690430	190
9234.125977	183
9238.561523	198
9242.996094	190
9247.431641	188
9251.867188	188
9256.301758	181
9260.737305	172
9265.172852	174
9269.607422	186
9274.042969	182
9278.478516	184
9282.913086	186
9287.348633	190
9291.784180	194
9296.218750	175
9300.654297	186
9305.089844	193
9309.524414	202
9313.959961	208
9318.395508	186
9322.830078	187
9327.265625	209
9331.701172	207
9336.135742	188
9340.571289	195
9345.006836	178
9349.441406	175
9353.876953	197
9358.312500	200
9362.747070	191
9367.182617	198
9371.618164	213
9376.052734	204
9380.488281	200
9384.923828	194
9389.358398	194
9393.793945	197
9398.229492	193
9402.664063	189
9407.099609	197
9411.535156	194
9415.969727	190
9420.405273	185
9424.839844	190
9429.275391	201
9433.710938	201
9438.145508	204
9442.581055	202
9447.016602	191
9451.451172	196
9455.886719	202
9460.322266	211
9464.756836	198
9469.192383	201
9473.627930	198
9478.062500	197
9482.498047	191
9486.933594	206
9491.368164	193
9495.803711	199
9500.239258	205
9504.673828	204
9509.109375	208
9513.544922	197
9517.979492	203
9522.415039	215
9526.850586	208
9531.285156	196
9535.720703	206
9540.156250	206
9544.590820	193
9549.026367	206
9553.461914	203
9557.896484	216
9562.332031	207
9566.767578	205
9571.202148	211
9575.637695	207
9580.073242	204
9584.507813	199
9588.943359	200
9593.378906	203
9597.813477	205
9602.249023	198
9606.684570	196
9611.119141	215
9615.554688	222
9619.990234	212
9624.424805	214
9628.860352	212
9633.295898	198
9637.730469	204
9642.166016	210
9646.601563	212
9651.036133	205
9655.471680	206
9659.907227	192
9664.341797	190
9668.777344	207
9673.212891	209
9677.647461	210
9682.083008	219
9686.518555	211
9690.953125	201
9695.388672	189
9699.824219	178
9704.258789	192
9708.694336	199
9713.129883	201
9717.564453	221
9722.000000	221
9726.435547	213
9730.870117	207
9735.305664	205
9739.741211	206
9744.175781	217
9748.611328	204
9753.046875	200
9757.481445	210
9761.916992	216
9766.352539	223
9770.787109	219
9775.222656	225
9779.658203	228
9784.092773	217
9788.528320	216
9792.963867	228
9797.398438	237
9801.833984	231
9806.269531	219
9810.704102	217
9815.139648	219
9819.575195	210
9824.009766	204
9828.445313	210
9832.880859	212
9837.315430	201
9841.750977	210
9846.186523	223
9850.621094	228
9855.056641	223
9859.492188	228
9863.926758	226
9868.362305	209
9872.797852	222
9877.232422	214
9881.667969	219
9886.103516	227
9890.538086	225
9894.973633	215
9899.409180	201
9903.843750	211
9908.279297	222
9912.714844	229
9917.149414	240
9921.584961	238
9926.020508	226
9930.455078	207
9934.890625	207
9939.326172	229
9943.760742	218
9948.196289	225
9952.631836	217
9957.066406	221
9961.501953	222
9965.937500	222
9970.372070	219
9974.807617	234
9979.243164	225
9983.677734	211
9988.113281	229
9992.548828	227
9996.983398	208
10001.418945	210
10005.854492	227
10010.289063	226
10014.724609	221
10019.160156	225
10023.594727	229
10028.030273	229
10032.464844	221
10036.900391	216
10041.335938	206
10045.770508	203
10050.206055	224
10054.641602	224
10059.076172	218
10063.511719	221
10067.947266	225
10072.381836	234
10076.817383	226
10081.252930	215
10085.687500	212
10090.123047	208
10094.558594	224
10098.993164	222
10103.428711	220
10107.864258	228
10112.298828	228
10116.734375	236
10121.169922	239
10125.604492	222
10130.040039	218
10134.475586	223
10138.910156	216
10143.345703	220
10147.781250	214
10152.215820	198
10156.651367	221
10161.086914	225
10165.521484	224
10169.957031	219
10174.392578	210
10178.827148	209
10183.262695	199
10187.698242	204
10192.132813	210
10196.568359	206
10201.003906	205
10205.438477	212
10209.874023	212
10214.309570	208
10218.744141	214
10223.179688	221
10227.615234	217
10232.049805	206
10236.485352	215
10240.920898	210
10245.355469	212
10249.791016	207
10254.226563	204
10258.661133	203
10263.096680	207
10267.532227	222
10271.966797	228
10276.402344	231
10280.837891	217
10285.272461	205
10289.708008	203
10294.143555	214
10298.578125	219
10303.013672	206
10307.449219	217
10311.883789	203
10316.319336	212
10320.754883	228
10325.189453	223
10329.625000	212
10334.060547	205
10338.495117	188
10342.930664	200
10347.366211	199
10351.800781	208
10356.236328	212
10360.671875	208
10365.106445	225
10369.541992	221
10373.977539	216
10378.412109	224
10382.847656	226
10387.283203	202
10391.717773	212
10396.153320	222
10400.588867	232
10405.023438	206
10409.458984	184
10413.894531	194
10418.329102	213
10422.764648	213
10427.200195	210
10431.634766	213
10436.070313	208
10440.505859	192
10444.940430	204
10449.375977	197
10453.811523	201
10458.246094	210
10462.681641	212
10467.117188	206
10471.551758	209
10475.987305	195
10480.422852	197
10484.857422	207
10489.292969	201
10493.728516	205
10498.163086	214
10502.598633	217
10507.034180	227
10511.468750	211
10515.904297	198
10520.339844	198
10524.774414	205
10529.209961	206
10533.645508	200
10538.080078	206
10542.515625	212
10546.951172	193
10551.385742	203
10555.821289	212
10560.256836	206
10564.691406	205
10569.126953	212
10573.562500	198
10577.997070	207
10582.432617	217
10586.868164	209
10591.302734	205
10595.738281	189
10600.173828	188
10604.608398	184
10609.043945	188
10613.479492	197
10617.914063	195
10622.349609	209
10626.785156	211
10631.219727	208
10635.655273	192
10640.089844	198
10644.525391	214
10648.960938	196
10653.395508	190
10657.831055	199
10662.266602	199
10666.701172	185
10671.136719	185
10675.572266	181
10680.006836	179
10684.442383	172
10688.877930	166
10693.312500	177
10697.748047	177
10702.183594	175
10706.618164	172
10711.053711	159
10715.489258	157
10719.923828	163
10724.359375	175
10728.794922	179
10733.229492	179
10737.665039	169
10742.100586	164
10746.535156	164
10750.970703	161
10755.406250	171
10759.840820	165
10764.276367	154
10768.711914	159
10773.146484	165
10777.582031	152
10782.017578	142
10786.452148	146
10790.887695	150
10795.323242	165
10799.757813	160
10804.193359	142
10808.628906	130
10813.063477	137
10817.499023	145
10821.934570	131
10826.369141	129
10830.804688	121
10835.240234	107
10839.674805	104
10844.110352	99
10848.545898	85
10852.980469	84
10857.416016	95
10861.851563	87
10866.286133	82
10870.721680	90
10875.157227	87
10879.591797	81
10884.027344	74
10888.462891	68
10892.897461	63
10897.333008	58
10901.768555	55
10906.203125	53
10910.638672	50
10915.074219	50
10919.508789	55
10923.944336	48
10928.379883	43
10932.814453	42
10937.250000	40
10941.685547	38
10946.120117	35
10950.555664	39
10954.991211	43
10959.425781	36
10963.861328	39
10968.296875	35
10972.731445	43
10977.166992	43
10981.602539	37
10986.037109	32
10990.472656	31
10994.908203	36
10999.342773	24
11003.778320	27
11008.213867	22
11012.648438	25
11017.083984	28
11021.519531	27
11025.954102	22
11030.389648	22
11034.825195	25
11039.259766	28
11043.695313	25
11048.130859	18
11052.565430	15
11057.000977	18
11061.436523	15
11065.871094	17
11070.306641	16
11074.742188	16
11079.176758	16
11083.612305	16
11088.047852	12
11092.482422	10
11096.917969	12
11101.353516	10
11105.788086	7
11110.223633	8
11114.659180	8
11119.093750	4
11123.529297	9
11127.964844	8
11132.399414	4
11136.834961	3
11141.270508	0
11145.705078	1
11150.140625	0
11154.576172	0
11159.010742	0
11163.446289	0
11167.881836	0
11172.316406	0
11176.751953	0
11181.187500	0
11185.622070	0
11190.057617	0
11194.493164	0
11198.927734	0
11203.363281	0
11207.798828	0
11212.233398	0
11216.668945	0
11221.104492	0
11225.539063	0
11229.974609	0
11234.410156	0
11238.844727	0
11243.280273	0
11247.714844	0
11252.150391	0
11256.585938	0
11261.020508	0
11265.456055	0
11269.891602	0
11274.326172	0
11278.761719	0
11283.197266	0
11287.631836	0
11292.067383	0
11296.502930	0
11300.937500	0
11305.373047	0
11309.808594	0
11314.243164	0
11318.678711	0
11323.114258	0
11327.548828	0
11331.984375	0
11336.419922	0
11340.854492	0
11345.290039	0
11349.725586	0
11354.160156	0
11358.595703	0
11363.031250	0
11367.465820	0
11371.901367	0
11376.336914	0
11380.771484	0
11385.207031	0
11389.642578	0
11394.077148	0
11398.512695	0
11402.948242	0
11407.382813	0
11411.818359	0
11416.253906	0
11420.688477	0
11425.124023	0
11429.559570	0
11433.994141	0
11438.429688	0
11442.865234	0
11447.299805	0
11451.735352	0
11456.170898	0
11460.605469	0
11465.041016	0
11469.476563	0
11473.911133	0
11478.346680	0
11482.782227	0
11487.216797	0
11491.652344	0
11496.087891	0
11500.522461	0
11504.958008	0
11509.393555	0
11513.828125	0
11518.263672	0
11522.699219	0
11527.133789	0
11531.569336	0
11536.004883	0
11540.439453	0
11544.875000	0
11549.310547	0
11553.745117	0
11558.180664	0
11562.616211	0
11567.050781	0
11571.486328	0
11575.921875	0
11580.356445	0
11584.791992	0
11589.227539	0
11593.662109	0
11598.097656	0
11602.533203	0
11606.967773	0
11611.403320	0
11615.838867	0
11620.273438	0
11624.708984	0
11629.144531	0
11633.579102	0
11638.014648	0
11642.450195	0
11646.884766	0
11651.320313	0
11655.755859	0
11660.190430	0
11664.625977	0
11669.061523	0
11673.496094	0
11677.931641	0
11682.367188	0
11686.801758	0
11691.237305	0
11695.672852	0
11700.107422	0
11704.542969	0
11708.978516	0
11713.413086	0
11717.848633	0
11722.284180	0
11726.718750	0
11731.154297	0
11735.589844	0
11740.024414	0
11744.459961	0
11748.895508	0
11753.330078	0
11757.765625	0
11762.201172	0
11766.635742	0
11771.071289	0
11775.506836	0
11779.941406	0
11784.376953	0
11788.812500	0
11793.247070	0
11797.682617	0
11802.118164	0
11806.552734	0
11810.988281	0
11815.423828	0
11819.858398	0
11824.293945	0
11828.729492	0
11833.164063	0
11837.599609	0
11842.035156	0
11846.469727	0
11850.905273	0
11855.339844	0
11859.775391	0
11864.210938	0
11868.645508	0
11873.081055	0
11877.516602	0
11881.951172	0
11886.386719	0
11890.822266	0
11895.256836	0
11899.692383	0
11904.127930	0
11908.562500	0
11912.998047	0
11917.433594	0
11921.868164	0
11926.303711	0
11930.739258	0
11935.173828	0
11939.609375	0
11944.044922	0
11948.479492	0
11952.915039	0
11957.350586	0
11961.785156	0
11966.220703	0
11970.656250	0
11975.090820	0
11979.526367	0
11983.961914	0
11988.396484	0
11992.832031	0
11997.267578	0
12001.702148	0
12006.137695	0
12010.573242	0
12015.007813	0
12019.443359	0
12023.878906	0
12028.313477	0
12032.749023	0
12037.184570	0
12041.619141	0
12046.054688	0
12050.490234	0
12054.924805	0
12059.360352	0
12063.795898	0
12068.230469	0
12072.666016	0
12077.101563	0
12081.536133	0
12085.971680	0
12090.407227	0
12094.841797	0
12099.277344	0
12103.712891	0
12108.147461	0
12112.583008	0
12117.018555	0
12121.453125	0
12125.888672	0
12130.324219	0
12134.758789	0
12139.194336	0
12143.629883	0
12148.064453	0
12152.500000	0
12156.935547	0
12161.370117	0
12165.805664	0
12170.241211	0
12174.675781	0
12179.111328	0
12183.546875	0
12187.981445	0
12192.416992	0
12196.852539	0
12201.287109	0
12205.722656	0
12210.158203	0
12214.592773	0
12219.028320	0
12223.463867	0
12227.898438	0
12232.333984	0
12236.769531	0
12241.204102	0
12245.639648	0
12250.075195	0
12254.509766	0
12258.945313	0
12263.380859	0
12267.815430	0
12272.250977	0
12276.686523	0
12281.121094	0
12285.556641	0
12289.992188	0
12294.426758	0
12298.862305	0
12303.297852	0
12307.732422	0
12312.167969	0
12316.603516	0
12321.038086	0
12325.473633	0
12329.909180	0
12334.343750	0
12338.779297	0
12343.214844	0
12347.649414	0
12352.084961	0
12356.520508	0
12360.955078	0
12365.390625	0
12369.826172	0
12374.260742	0
12378.696289	0
12383.131836	0
12387.566406	0
12392.001953	0
12396.437500	0
12400.872070	0
12405.307617	0
12409.743164	0
12414.177734	0
12418.613281	0
12423.048828	0
12427.483398	0
12431.918945	0
12436.354492	0
12440.789063	0
12445.224609	0
12449.660156	0
12454.094727	0
12458.530273	0
12462.964844	0
12467.400391	0
12471.835938	0
12476.270508	0
12480.706055	0
12485.141602	0
12489.576172	0
12494.011719	0
12498.447266	0
12502.881836	0
12507.317383	0
12511.752930	0
12516.187500	0
12520.623047	0
12525.058594	0
12529.493164	0
12533.928711	0
12538.364258	0
12542.798828	0
12547.234375	0
12551.669922	0
12556.104492	0
12560.540039	0
12564.975586	0
12569.410156	0
12573.845703	0
12578.281250	0
12582.715820	0
12587.151367	0
12591.586914	0
12596.021484	0
12600.457031	0
12604.892578	0
12609.327148	0
12613.762695	0
12618.198242	0
12622.632813	0
12627.068359	0
12631.503906	0
12635.938477	0
12640.374023	0
12644.809570	0
12649.244141	0
12653.679688	0
12658.115234	0
12662.549805	0
12666.985352	0
12671.420898	0
12675.855469	0
12680.291016	0
12684.726563	0
12689.161133	0
12693.596680	0
12698.032227	0
12702.466797	0
12706.902344	0
12711.337891	0
12715.772461	0
12720.208008	0
12724.643555	0
12729.078125	0
12733.513672	0
12737.949219	0
12742.383789	0
12746.819336	0
12751.254883	0
12755.689453	0
12760.125000	0
12764.560547	0
12768.995117	0
12773.430664	0
12777.866211	0
12782.300781	0
12786.736328	0
12791.171875	0
12795.606445	0
12800.041992	0
12804.477539	0
12808.912109	0
12813.347656	0
12817.783203	0
12822.217773	0
12826.653320	0
12831.088867	0
12835.523438	0
12839.958984	0
12844.394531	0
12848.829102	0
12853.264648	0
12857.700195	0
12862.134766	0
12866.570313	0
12871.005859	0
12875.440430	0
12879.875977	0
12884.311523	0
12888.746094	0
12893.181641	0
12897.617188	0
12902.051758	0
12906.487305	0
12910.922852	0
12915.357422	0
12919.792969	0
12924.228516	0
12928.663086	0
12933.098633	0
12937.534180	0
12941.968750	0
12946.404297	0
12950.839844	0
12955.274414	0
12959.709961	0
12964.145508	0
12968.580078	0
12973.015625	0
12977.451172	0
12981.885742	0
12986.321289	0
12990.756836	0
12995.191406	0
12999.626953	0
13004.062500	0
13008.497070	0
13012.932617	0
13017.368164	0
13021.802734	0
13026.238281	0
13030.673828	0
13035.108398	0
13039.543945	0
13043.979492	0
13048.414063	0
13052.849609	0
13057.285156	0
13061.719727	0
13066.155273	0
13070.589844	0
13075.025391	0
13079.460938	0
13083.895508	0
13088.331055	0
13092.766602	0
13097.201172	0
13101.636719	0
13106.072266	0
13110.506836	0
13114.942383	0
13119.377930	0
13123.812500	0
13128.248047	0
13132.683594	0
13137.118164	0
13141.553711	0
13145.989258	0
13150.423828	0
13154.859375	0
13159.294922	0
13163.729492	0
13168.165039	0
13172.600586	0
13177.035156	0
13181.470703	0
13185.906250	0
13190.340820	0
13194.776367	0
13199.211914	0
13203.646484	0
13208.082031	0
13212.517578	0
13216.952148	0
13221.387695	0
13225.823242	0
13230.257813	0
13234.693359	0
13239.128906	0
13243.563477	0
13247.999023	0
13252.434570	0
13256.869141	0
13261.304688	0
13265.740234	0
13270.174805	0
13274.610352	0
13279.045898	0
13283.480469	0
13287.916016	0
13292.351563	0
13296.786133	0
13301.221680	0
13305.657227	0
13310.091797	0
13314.527344	0
13318.962891	0
13323.397461	0
13327.833008	0
13332.268555	0
13336.703125	0
13341.138672	0
13345.574219	0
13350.008789	0
13354.444336	0
13358.879883	0
13363.314453	0
13367.750000	0
13372.185547	0
13376.620117	0
13381.055664	0
13385.491211	0
13389.925781	0
13394.361328	0
13398.796875	0
13403.231445	0
13407.666992	0
13412.102539	0
13416.537109	0
13420.972656	0
13425.408203	0
13429.842773	0
13434.278320	0
13438.713867	0
13443.148438	0
13447.583984	0
13452.019531	0
13456.454102	0
13460.889648	0
