-3025.408447	117
-3020.985352	120
-3016.562256	125
-3012.139160	145
-3007.716064	167
-3003.292969	164
-2998.869873	140
-2994.446777	137
-2990.023682	143
-2985.600586	142
-2981.177490	143
-2976.754395	164
-2972.331299	188
-2967.908203	195
-2963.485107	169
-2959.061768	171
-2954.638672	177
-2950.215576	177
-2945.792480	172
-2941.369385	187
-2936.946289	182
-2932.523193	190
-2928.100098	185
-2923.677002	179
-2919.253906	185
-2914.830811	177
-2910.407715	181
-2905.984619	187
-2901.561523	191
-2897.138428	204
-2892.715088	221
-2888.291992	228
-2883.868896	220
-2879.445801	227
-2875.022705	211
-2870.599609	211
-2866.176514	224
-2861.753418	235
-2857.330322	251
-2852.907227	247
-2848.484131	237
-2844.061035	235
-2839.637939	238
-2835.214844	249
-2830.791748	260
-2826.368408	262
-2821.945313	256
-2817.522217	239
-2813.099121	242
-2808.676025	258
-2804.252930	253
-2799.829834	244
-2795.406738	258
-2790.983643	284
-2786.560547	296
-2782.137451	258
-2777.714355	258
-2773.291260	269
-2768.868164	283
-2764.445068	275
-2760.021729	280
-2755.598633	301
-2751.175537	286
-2746.752441	275
-2742.329346	291
-2737.906250	287
-2733.483154	294
-2729.060059	324
-2724.636963	325
-2720.213867	325
-2715.790771	325
-2711.367676	318
-2706.944580	342
-2702.521484	350
-2698.098389	338
-2693.675049	314
-2689.251953	321
-2684.828857	340
-2680.405762	332
-2675.982666	362
-2671.559570	358
-2667.136475	327
-2662.713379	329
-2658.290283	362
-2653.867188	351
-2649.444092	352
-2645.020996	372
-2640.597900	375
-2636.174805	356
-2631.751709	361
-2627.328369	380
-2622.905273	376
-2618.482178	350
-2614.059082	378
-2609.635986	382
-2605.212891	373
-2600.789795	384
-2596.366699	378
-2591.943604	354
-2587.520508	355
-2583.097412	371
-2578.674316	378
-2574.251221	428
-2569.828125	444
-2565.405029	429
-2560.981689	396
-2556.558594	394
-2552.135498	407
-2547.712402	408
-2543.289307	404
-2538.866211	385
-2534.443115	406
-2530.020020	438
-2525.596924	430
-2521.173828	417
-2516.750732	442
-2512.327637	419
-2507.904541	420
-2503.481445	435
-2499.058350	455
-2494.635010	470
-2490.211914	429
-2485.788818	425
-2481.365723	458
-2476.942627	444
-2472.519531	440
-2468.096436	452
-2463.673340	485
-2459.250244	499
-2454.827148	475
-2450.404053	489
-2445.980957	491
-2441.557861	472
-2437.134766	489
-2432.711670	504
-2428.288330	488
-2423.865234	479
-2419.442139	489
-2415.019043	511
-2410.595947	493
-2406.172852	508
-2401.749756	499
-2397.326660	498
-2392.903564	497
-2388.480469	512
-2384.057373	500
-2379.634277	497
-2375.211182	489
-2370.788086	472
-2366.364990	485
-2361.941650	521
-2357.518555	546
-2353.095459	529
-2348.672363	488
-2344.249268	499
-2339.826172	515
-2335.403076	526
-2330.979980	520
-2326.556885	521
-2322.133789	552
-2317.710693	554
-2313.287598	535
-2308.864502	550
-2304.441406	582
-2300.018311	601
-2295.594971	600
-2291.171875	604
-2286.748779	584
-2282.325684	583
-2277.902588	575
-2273.479492	552
-2269.056396	551
-2264.633301	565
-2260.210205	545
-2255.787109	565
-2251.364014	585
-2246.940918	609
-2242.517822	584
-2238.094727	554
-2233.671631	582
-2229.248291	626
-2224.825195	637
-2220.402100	651
-2215.979004	629
-2211.555908	617
-2207.132813	661
-2202.709717	656
-2198.286621	662
-2193.863525	687
-2189.440430	674
-2185.017334	642
-2180.594238	618
-2176.171143	589
-2171.748047	593
-2167.324951	614
-2162.901611	597
-2158.478516	599
-2154.055420	598
-2149.632324	657
-2145.209229	650
-2140.786133	655
-2136.363037	664
-2131.939941	666
-2127.516846	668
-2123.093750	669
-2118.670654	625
-2114.247559	623
-2109.824463	658
-2105.401367	657
-2100.978271	638
-2096.554932	677
-2092.131836	680
-2087.708740	661
-2083.285645	662
-2078.862549	689
-2074.439453	666
-2070.016357	673
-2065.593262	679
-2061.170166	659
-2056.747070	718
-2052.323975	761
-2047.900879	777
-2043.477661	732
-2039.054565	719
-2034.631470	709
-2030.208374	681
-2025.785278	693
-2021.362183	724
-2016.939087	707
-2012.515869	705
-2008.092773	738
-2003.669678	757
-1999.246582	768
-1994.823486	782
-1990.400391	736
-1985.977295	727
-1981.554199	739
-1977.130981	729
-1972.707886	733
-1968.284790	742
-1963.861694	772
-1959.438599	768
-1955.015503	779
-1950.592407	793
-1946.169189	766
-1941.746094	771
-1937.322998	748
-1932.899902	709
-1928.476807	720
-1924.053711	731
-1919.630615	762
-1915.207520	762
-1910.784302	768
-1906.361206	769
-1901.938110	797
-1897.515015	783
-1893.091919	726
-1888.668823	736
-1884.245728	759
-1879.822510	718
-1875.399414	703
-1870.976318	756
-1866.553223	765
-1862.130127	759
-1857.707031	755
-1853.283936	773
-1848.860840	791
-1844.437622	762
-1840.014526	723
-1835.591431	792
-1831.168335	787
-1826.745239	760
-1822.322144	768
-1817.899048	756
-1813.475830	772
-1809.052734	762
-1804.629639	730
-1800.206543	747
-1795.783447	751
-1791.360352	771
-1786.937256	788
-1782.514160	770
-1778.090942	764
-1773.667847	757
-1769.244751	727
-1764.821655	715
-1760.398560	705
-1755.975464	732
-1751.552368	734
-1747.129150	745
-1742.706055	788
-1738.282959	814
-1733.859863	784
-1729.436768	784
-1725.013672	778
-1720.590576	794
-1716.167480	774
-1711.744263	762
-1707.321167	738
-1702.898071	747
-1698.474976	784
-1694.051880	783
-1689.628784	773
-1685.205688	748
-1680.782471	735
-1676.359375	733
-1671.936279	756
-1667.513184	742
-1663.090088	745
-1658.666992	731
-1654.243896	736
-1649.820801	756
-1645.397583	750
-1640.974487	725
-1636.551392	767
-1632.128296	808
-1627.705200	804
-1623.282104	761
-1618.859009	724
-1614.435791	735
-1610.012695	754
-1605.589600	739
-1601.166504	787
-1596.743408	809
-1592.320313	789
-1587.897217	734
-1583.474121	758
-1579.050903	812
-1574.627808	777
-1570.204712	778
-1565.781616	765
-1561.358521	773
-1556.935425	785
-1552.512329	811
-1548.089111	824
-1543.666016	777
-1539.242920	789
-1534.819824	793
-1530.396729	782
-1525.973633	787
-1521.550537	753
-1517.127441	731
-1512.704224	727
-1508.281128	727
-1503.858032	747
-1499.434937	731
-1495.011841	756
-1490.588745	751
-1486.165649	770
-1481.742554	777
-1477.319336	727
-1472.896240	750
-1468.473145	798
-1464.050049	785
-1459.626953	764
-1455.203857	774
-1450.780762	809
-1446.357544	789
-1441.934448	765
-1437.511353	766
-1433.088257	756
-1428.665161	766
-1424.242065	796
-1419.818970	811
-1415.395874	814
-1410.972656	795
-1406.549561	808
-1402.126465	828
-1397.703369	784
-1393.280273	766
-1388.857178	802
-1384.434082	816
-1380.010864	792
-1375.587769	771
-1371.164673	751
-1366.741577	729
-1362.318481	747
-1357.895386	754
-1353.472290	780
-1349.049194	787
-1344.625977	810
-1340.202881	807
-1335.779785	758
-1331.356689	756
-1326.933594	770
-1322.510498	768
-1318.087402	816
-1313.664185	771
-1309.241089	744
-1304.817993	743
-1300.394897	740
-1295.971802	751
-1291.548706	762
-1287.125610	771
-1282.702515	790
-1278.279297	755
-1273.856201	758
-1269.433105	740
-1265.010010	764
-1260.586914	807
-1256.163818	777
-1251.740723	754
-1247.317505	754
-1242.894409	746
-1238.471313	739
-1234.048218	782
-1229.625122	770
-1225.202026	761
-1220.778931	715
-1216.355835	697
-1211.932617	718
-1207.509521	753
-1203.086426	774
-1198.663330	758
-1194.240234	736
-1189.817139	757
-1185.394043	752
-1180.970825	747
-1176.547729	743
-1172.124634	770
-1167.701538	791
-1163.278442	773
-1158.855347	796
-1154.432251	802
-1150.009155	766
-1145.585938	772
-1141.162842	791
-1136.739746	746
-1132.316650	745
-1127.893555	782
-1123.470459	807
-1119.047363	788
-1114.624146	766
-1110.201050	761
-1105.777954	772
-1101.354858	732
-1096.931763	703
-1092.508667	741
-1088.085571	753
-1083.662476	762
-1079.239258	765
-1074.816162	756
-1070.393066	765
-1065.969971	762
-1061.546875	746
-1057.123779	754
-1052.700684	792
-1048.277466	811
-1043.854370	761
-1039.431274	741
-1035.008179	720
-1030.585083	748
-1026.161987	829
-1021.738831	776
-1017.315735	774
-1012.892639	772
-1008.469543	767
-1004.046387	764
-999.623291	781
-995.200195	780
-990.777100	770
-986.353943	766
-981.930847	761
-977.507751	783
-973.084595	762
-968.661499	768
-964.238403	775
-959.815308	772
-955.392151	796
-950.969055	811
-946.545959	793
-942.122864	766
-937.699707	733
-933.276611	763
-928.853516	785
-924.430420	802
-920.007263	801
-915.584167	777
-911.161072	740
-906.737915	720
-902.314819	752
-897.891724	734
-893.468628	770
-889.045471	802
-884.622375	763
-880.199280	738
-875.776184	734
-871.353027	745
-866.929932	730
-862.506836	772
-858.083740	787
-853.660583	756
-849.237488	721
-844.814392	722
-840.391235	775
-835.968140	791
-831.545044	780
-827.121948	764
-822.698792	771
-818.275696	771
-813.852600	767
-809.429504	739
-805.006348	722
-800.583252	750
-796.160156	798
-791.737061	779
-787.313904	738
-782.890808	758
-778.467712	769
-774.044556	783
-769.621460	789
-765.198364	794
-760.775269	775
-756.352112	752
-751.929016	810
-747.505920	818
-743.082825	792
-738.659668	762
-734.236572	780
-729.813477	819
-725.390381	814
-720.967224	772
-716.544128	763
-712.121033	787
-707.697937	778
-703.274780	777
-698.851685	785
-694.428589	778
-690.005432	745
-685.582336	741
-681.159241	782
-676.736145	773
-672.312988	748
-667.889893	761
-663.466797	785
-659.043701	800
-654.620544	765
-650.197449	752
-645.774353	745
-641.351257	768
-636.928101	748
-632.505005	747
-628.081909	755
-623.658752	769
-619.235657	763
-614.812561	765
-610.389465	746
-605.966309	730
-601.543213	754
-597.120117	788
-592.697021	759
-588.273865	763
-583.850769	792
-579.427673	822
-575.004578	781
-570.581421	780
-566.158325	787
-561.735229	797
-557.312073	767
-552.888977	804
-548.465881	846
-544.042786	803
-539.619629	748
-535.196533	723
-530.773438	717
-526.350342	730
-521.927185	725
-517.504089	741
-513.080994	711
-508.657867	718
-504.234772	763
-499.811646	743
-495.388550	734
-490.965424	736
-486.542297	756
-482.119202	743
-477.696075	759
-473.272980	796
-468.849854	785
-464.426758	775
-460.003632	763
-455.580536	778
-451.157410	776
-446.734314	785
-442.311188	788
-437.888092	796
-433.464966	796
-429.041870	809
-424.618744	838
-420.195618	818
-415.772522	796
-411.349396	767
-406.926300	751
-402.503174	783
-398.080078	796
-393.656952	774
-389.233856	784
-384.810730	813
-380.387634	768
-375.964508	774
-371.541412	812
-367.118286	781
-362.695190	761
-358.272064	756
-353.848969	745
-349.425842	793
-345.002716	827
-340.579620	825
-336.156494	810
-331.733398	743
-327.310272	709
-322.887177	748
-318.464050	779
-314.040955	777
-309.617828	781
-305.194733	774
-300.771606	802
-296.348511	796
-291.925385	803
-287.502289	795
-283.079163	788
-278.656036	796
-274.232941	784
-269.809814	794
-265.386719	819
-260.963593	782
-256.540497	778
-252.117386	773
-247.694275	785
-243.271149	780
-238.848038	775
-234.424927	762
-230.001816	778
-225.578705	782
-221.155594	790
-216.732483	831
-212.309372	822
-207.886261	814
-203.463150	803
-199.040039	817
-194.616928	820
-190.193817	834
-185.770706	855
-181.347595	856
-176.924484	854
-172.501358	849
-168.078247	828
-163.655136	884
-159.232025	891
-154.808914	839
-150.385803	816
-145.962692	842
-141.539581	880
-137.116470	859
-132.693359	823
-128.270248	865
-123.847137	886
-119.424019	875
-115.000908	910
-110.577797	948
-106.154686	965
-101.731575	1003
-97.308464	990
-92.885353	989
-88.462242	1087
-84.039124	1168
-79.616013	1212
-75.192902	1224
-70.769791	1301
-66.346680	1454
-61.923569	1586
-57.500454	1752
-53.077343	1935
-48.654232	2224
-44.231121	2657
-39.808006	3353
-35.384895	4233
-30.961784	5060
-26.538671	5794
-22.115561	6278
-17.692448	6608
-13.269336	6963
-8.846224	7240
-4.423112	7404
0.000000	7490
4.423112	7453
8.846224	7424
13.269336	7349
17.692448	7288
22.115561	7270
26.538671	7191
30.961784	7073
35.384895	6806
39.808006	6430
44.231121	5990
48.654232	5352
53.077343	4704
57.500454	4054
61.923569	3317
66.346680	2711
70.769791	2204
75.192902	1883
79.616013	1727
84.039124	1618
88.462242	1536
92.885353	1427
97.308464	1241
101.731575	1173
106.154686	1100
110.577797	1039
115.000908	1013
119.424019	1020
123.847137	1013
128.270248	978
132.693359	922
137.116470	898
141.539581	903
145.962692	910
150.385803	897
154.808914	865
159.232025	854
163.655136	852
168.078247	839
172.501358	865
176.924484	838
181.347595	852
185.770706	827
190.193817	825
194.616928	857
199.040039	849
203.463150	869
207.886261	864
212.309372	840
216.732483	796
221.155594	830
225.578705	841
230.001816	840
234.424927	790
238.848038	765
243.271149	784
247.694275	831
252.117386	821
256.540497	816
260.963593	813
265.386719	780
269.809814	807
274.232941	797
278.656036	754
283.079163	782
287.502289	764
291.925385	775
296.348511	775
300.771606	778
305.194733	811
309.617828	779
314.040955	741
318.464050	755
322.887177	758
327.310272	759
331.733398	761
336.156494	783
340.579620	788
345.002716	825
349.425842	805
353.848969	804
358.272064	802
362.695190	789
367.118286	794
371.541412	786
375.964508	787
380.387634	787
384.810730	790
389.233856	794
393.656952	785
398.080078	756
402.503174	773
406.926300	784
411.349396	798
415.772522	818
420.195618	831
424.618744	810
429.041870	792
433.464966	783
437.888092	787
442.311188	756
446.734314	762
451.157410	809
455.580536	781
460.003632	787
464.426758	789
468.849854	763
473.272980	745
477.696075	741
482.119202	760
486.542297	789
490.965424	737
495.388550	730
499.811646	745
504.234772	763
508.657867	789
513.080994	796
517.504089	762
521.927185	762
526.350342	786
530.773438	790
535.196533	770
539.619629	766
544.042786	746
548.465881	809
552.888977	759
557.312073	749
561.735229	822
566.158325	806
570.581421	797
575.004578	816
579.427673	778
583.850769	763
588.273865	761
592.697021	750
597.120117	804
601.543213	803
605.966309	761
610.389465	711
614.812561	708
619.235657	740
623.658752	753
628.081909	748
632.505005	775
636.928101	765
641.351257	761
645.774353	787
650.197449	762
654.620544	757
659.043701	757
663.466797	773
667.889893	778
672.312988	773
676.736145	780
681.159241	798
685.582336	787
690.005432	747
694.428589	714
698.851685	725
703.274780	740
707.697937	751
712.121033	786
716.544128	818
720.967224	775
725.390381	757
729.813477	749
734.236572	767
738.659668	748
743.082825	802
747.505920	814
751.929016	806
756.352112	767
760.775269	757
765.198364	759
769.621460	743
774.044556	760
778.467712	749
782.890808	743
787.313904	764
791.737061	795
796.160156	794
800.583252	829
805.006348	799
809.429504	764
813.852600	749
818.275696	721
822.698792	712
827.121948	767
831.545044	796
835.968140	776
840.391235	785
844.814392	786
849.237488	786
853.660583	794
858.083740	742
862.506836	746
866.929932	781
871.353027	811
875.776184	832
880.199280	807
884.622375	782
889.045471	755
893.468628	755
897.891724	779
902.314819	776
906.737915	794
911.161072	799
915.584167	824
920.007263	828
924.430420	771
928.853516	794
933.276611	767
937.699707	751
942.122864	751
946.545959	770
950.969055	791
955.392151	803
959.815308	801
964.238403	781
968.661499	777
973.084595	770
977.507751	742
981.930847	768
986.353943	755
990.777100	751
995.200195	742
999.623291	801
1004.046387	821
1008.469543	805
1012.892639	793
1017.315735	831
1021.738831	823
1026.161987	798
1030.585083	790
1035.008179	764
1039.431274	754
1043.854370	800
1048.277466	792
1052.700684	772
1057.123779	741
1061.546875	792
1065.969971	815
1070.393066	796
1074.816162	770
1079.239258	745
1083.662476	772
1088.085571	778
1092.508667	786
1096.931763	796
1101.354858	757
1105.777954	749
1110.201050	807
1114.624146	828
1119.047363	837
1123.470459	782
1127.893555	755
1132.316650	748
1136.739746	751
1141.162842	732
1145.585938	758
1150.009155	776
1154.432251	772
1158.855347	778
1163.278442	775
1167.701538	795
1172.124634	773
1176.547729	730
1180.970825	779
1185.394043	811
1189.817139	798
1194.240234	786
1198.663330	773
1203.086426	790
1207.509521	812
1211.932617	780
1216.355835	784
1220.778931	763
1225.202026	766
1229.625122	746
1234.048218	686
1238.471313	742
1242.894409	800
1247.317505	796
1251.740723	776
1256.163818	768
1260.586914	739
1265.010010	801
1269.433105	781
1273.856201	759
1278.279297	774
1282.702515	754
1287.125610	766
1291.548706	788
1295.971802	780
1300.394897	749
1304.817993	775
1309.241089	793
1313.664185	790
1318.087402	742
1322.510498	752
1326.933594	733
1331.356689	722
1335.779785	724
1340.202881	751
1344.625977	757
1349.049194	772
1353.472290	784
1357.895386	807
1362.318481	806
1366.741577	810
1371.164673	815
1375.587769	834
1380.010864	846
1384.434082	852
1388.857178	796
1393.280273	773
1397.703369	774
1402.126465	772
1406.549561	760
1410.972656	779
1415.395874	774
1419.818970	825
1424.242065	826
1428.665161	801
1433.088257	781
1437.511353	765
1441.934448	778
1446.357544	775
1450.780762	798
1455.203857	813
1459.626953	806
1464.050049	804
1468.473145	809
1472.896240	781
1477.319336	755
1481.742554	754
1486.165649	741
1490.588745	789
1495.011841	792
1499.434937	779
1503.858032	758
1508.281128	724
1512.704224	750
1517.127441	818
1521.550537	805
1525.973633	777
1530.396729	769
1534.819824	789
1539.242920	769
1543.666016	747
1548.089111	763
1552.512329	793
1556.935425	792
1561.358521	771
1565.781616	736
1570.204712	742
1574.627808	771
1579.050903	776
1583.474121	764
1587.897217	811
1592.320313	836
1596.743408	811
1601.166504	740
1605.589600	760
1610.012695	773
1614.435791	792
1618.859009	813
1623.282104	788
1627.705200	802
1632.128296	798
1636.551392	772
1640.974487	747
1645.397583	773
1649.820801	774
1654.243896	738
1658.666992	710
1663.090088	723
1667.513184	719
1671.936279	740
1676.359375	775
1680.782471	797
1685.205688	770
1689.628784	802
1694.051880	811
1698.474976	763
1702.898071	761
1707.321167	798
1711.744263	754
1716.167480	800
1720.590576	846
1725.013672	834
1729.436768	782
1733.859863	732
1738.282959	745
1742.706055	755
1747.129150	761
1751.552368	762
1755.975464	765
1760.398560	783
1764.821655	791
1769.244751	782
1773.667847	804
1778.090942	849
1782.514160	858
1786.937256	832
1791.360352	829
1795.783447	821
1800.206543	801
1804.629639	782
1809.052734	785
1813.475830	752
1817.899048	763
1822.322144	792
1826.745239	803
1831.168335	795
1835.591431	805
1840.014526	832
1844.437622	836
1848.860840	865
1853.283936	864
1857.707031	810
1862.130127	748
1866.553223	738
1870.976318	768
1875.399414	760
1879.822510	783
1884.245728	800
1888.668823	799
1893.091919	789
1897.515015	791
1901.938110	784
1906.361206	738
1910.784302	755
1915.207520	777
1919.630615	787
1924.053711	790
1928.476807	746
1932.899902	764
1937.322998	805
1941.746094	808
1946.169189	811
1950.592407	824
1955.015503	771
1959.438599	750
1963.861694	789
1968.284790	798
1972.707886	811
1977.130981	788
1981.554199	788
1985.977295	774
1990.400391	784
1994.823486	802
1999.246582	828
2003.669678	812
2008.092773	817
2012.515869	767
2016.939087	794
2021.362183	813
2025.785278	796
2030.208374	810
2034.631470	789
2039.054565	742
2043.477661	736
2047.900879	768
2052.323975	783
2056.747070	807
2061.170166	811
2065.593262	793
2070.016357	807
2074.439453	809
2078.862549	805
2083.285645	778
2087.708740	790
2092.131836	795
2096.554932	783
2100.978271	764
2105.401367	819
2109.824463	825
2114.247559	803
2118.670654	748
2123.093750	763
2127.516846	773
2131.939941	760
2136.363037	775
2140.786133	798
2145.209229	801
2149.632324	783
2154.055420	793
2158.478516	828
2162.901611	816
2167.324951	769
2171.748047	771
2176.171143	754
2180.594238	753
2185.017334	735
2189.440430	774
2193.863525	819
2198.286621	820
2202.709717	806
2207.132813	823
2211.555908	829
2215.979004	832
2220.402100	837
2224.825195	816
2229.248291	811
2233.671631	803
2238.094727	789
2242.517822	772
2246.940918	742
2251.364014	742
2255.787109	767
2260.210205	830
2264.633301	835
2269.056396	821
2273.479492	810
2277.902588	786
2282.325684	797
2286.748779	794
2291.171875	757
2295.594971	766
2300.018311	790
2304.441406	755
2308.864502	746
2313.287598	731
2317.710693	767
2322.133789	830
2326.556885	822
2330.979980	829
2335.403076	811
2339.826172	757
2344.249268	724
2348.672363	792
2353.095459	805
2357.518555	778
2361.941650	770
2366.364990	772
2370.788086	777
2375.211182	799
2379.634277	817
2384.057373	795
2388.480469	795
2392.903564	804
2397.326660	799
2401.749756	793
2406.172852	781
2410.595947	782
2415.019043	799
2419.442139	799
2423.865234	781
2428.288330	798
2432.711670	819
2437.134766	797
2441.557861	814
2445.980957	807
2450.404053	746
2454.827148	775
2459.250244	782
2463.673340	785
2468.096436	807
2472.519531	811
2476.942627	806
2481.365723	794
2485.788818	817
2490.211914	815
2494.635010	823
2499.058350	854
2503.481445	841
2507.904541	788
2512.327637	769
2516.750732	776
2521.173828	788
2525.596924	790
2530.020020	804
2534.443115	835
2538.866211	812
2543.289307	835
2547.712402	837
2552.135498	799
2556.558594	793
2560.981689	773
2565.405029	783
2569.828125	816
2574.251221	796
2578.674316	761
2583.097412	802
2587.520508	815
2591.943604	776
2596.366699	769
2600.789795	778
2605.212891	763
2609.635986	777
2614.059082	777
2618.482178	789
2622.905273	790
2627.328369	823
2631.751709	844
2636.174805	794
2640.597900	774
2645.020996	790
2649.444092	781
2653.867188	784
2658.290283	802
2662.713379	835
2667.136475	788
2671.559570	765
2675.982666	778
2680.405762	812
2684.828857	821
2689.251953	816
2693.675049	821
2698.098389	820
2702.521484	818
2706.944580	849
2711.367676	833
2715.790771	802
2720.213867	791
2724.636963	789
2729.060059	758
2733.483154	709
2737.906250	770
2742.329346	822
2746.752441	823
2751.175537	790
2755.598633	750
2760.021729	744
2764.445068	760
2768.868164	790
2773.291260	835
2777.714355	858
2782.137451	826
2786.560547	841
2790.983643	859
2795.406738	824
2799.829834	807
2804.252930	826
2808.676025	823
2813.099121	819
2817.522217	809
2821.945313	774
2826.368408	768
2830.791748	780
2835.214844	765
2839.637939	775
2844.061035	790
2848.484131	768
2852.907227	747
2857.330322	756
2861.753418	754
2866.176514	785
2870.599609	816
2875.022705	842
2879.445801	867
2883.868896	835
2888.291992	827
2892.715088	800
2897.138428	778
2901.561523	797
2905.984619	783
2910.407715	737
2914.830811	802
2919.253906	802
2923.677002	775
2928.100098	793
2932.523193	824
2936.946289	785
2941.369385	746
2945.792480	762
2950.215576	780
2954.638672	815
2959.061768	825
2963.485107	799
2967.908203	817
2972.331299	782
2976.754395	780
2981.177490	804
2985.600586	791
2990.023682	780
2994.446777	789
2998.869873	778
3003.292969	793
3007.716064	808
3012.139160	815
3016.562256	818
3020.985352	791
3025.408447	781
3029.831787	769
3034.254883	770
3038.677979	806
3043.101074	829
3047.524170	806
3051.947266	790
3056.370361	799
3060.793457	807
3065.216553	799
3069.639648	772
3074.062744	789
3078.485840	787
3082.908936	796
3087.332031	848
3091.755127	828
3096.178223	791
3100.601563	810
3105.024658	835
3109.447754	827
3113.870850	789
3118.293945	805
3122.717041	829
3127.140137	800
3131.563232	737
3135.986328	735
3140.409424	763
3144.832520	783
3149.255615	762
3153.678711	801
3158.101807	813
3162.524902	835
3166.948242	799
3171.371338	790
3175.794434	789
3180.217529	799
3184.640625	780
3189.063721	781
3193.486816	779
3197.909912	769
3202.333008	776
3206.756104	830
3211.179199	836
3215.602295	835
3220.025391	837
3224.448486	824
3228.871582	791
3233.294922	808
3237.718018	828
3242.141113	776
3246.564209	765
3250.987305	801
3255.410400	834
3259.833496	848
3264.256592	844
3268.679688	821
3273.102783	779
3277.525879	773
3281.948975	778
3286.372070	782
3290.795166	807
3295.218262	815
3299.641602	803
3304.064697	809
3308.487793	813
3312.910889	830
3317.333984	816
3321.757080	791
3326.180176	783
3330.603271	801
3335.026367	798
3339.449463	804
3343.872559	851
3348.295654	866
3352.718750	837
3357.141846	848
3361.564941	832
3365.988281	835
3370.411377	815
3374.834473	795
3379.257568	796
3383.680664	785
3388.103760	803
3392.526855	758
3396.949951	770
3401.373047	809
3405.796143	802
3410.219238	795
3414.642334	805
3419.065430	810
3423.488525	817
3427.911621	802
3432.334961	791
3436.758057	824
3441.181152	839
3445.604248	815
3450.027344	815
3454.450439	833
3458.873535	842
3463.296631	824
3467.719727	801
3472.142822	824
3476.565918	837
3480.989014	836
3485.412109	816
3489.835205	811
3494.258301	804
3498.681641	821
3503.104736	849
3507.527832	841
3511.950928	871
3516.374023	850
3520.797119	846
3525.220215	836
3529.643311	821
3534.066406	828
3538.489502	799
3542.912598	773
3547.335693	798
3551.758789	823
3556.181885	798
3560.604980	802
3565.028320	842
3569.451416	845
3573.874512	806
3578.297607	825
3582.720703	887
3587.143799	899
3591.566895	848
3595.989990	796
3600.413086	838
3604.836182	879
3609.259277	855
3613.682373	793
3618.105469	796
3622.528564	791
3626.951660	800
3631.375000	812
3635.798096	841
3640.221191	854
3644.644287	841
3649.067383	819
3653.490479	808
3657.913574	808
3662.336670	873
3666.759766	900
3671.182861	865
3675.605957	862
3680.029053	866
3684.452148	893
3688.875244	911
3693.298340	914
3697.721680	924
3702.144775	950
3706.567871	992
3710.990967	981
3715.414063	955
3719.837158	1002
3724.260254	1009
3728.683350	1001
3733.106445	1025
3737.529541	1050
3741.952637	1047
3746.375732	1020
3750.798828	1083
3755.221924	1183
3759.645020	1156
3764.068359	1116
3768.491455	1091
3772.914551	1109
3777.337646	1139
3781.760742	1191
3786.183838	1298
3790.606934	1380
3795.030029	1338
3799.453125	1348
3803.876221	1459
3808.299316	1475
3812.722412	1442
3817.145508	1486
3821.568604	1517
3825.991699	1597
3830.415039	1635
3834.838135	1626
3839.261230	1747
3843.684326	1814
3848.107422	1745
3852.530518	1751
3856.953613	1762
3861.376709	1797
3865.799805	1864
3870.222900	1883
3874.645996	1869
3879.069092	1789
3883.492188	1868
3887.915283	2087
3892.338379	2215
3896.761719	2167
3901.184814	2153
3905.607910	2288
3910.031006	2294
3914.454102	2280
3918.877197	2405
3923.300293	2501
3927.723389	2471
3932.146484	2462
3936.569580	2426
3940.992676	2403
3945.415771	2354
3949.838867	2341
3954.261963	2321
3958.685059	2356
3963.108398	2503
3967.531494	2658
3971.954590	2558
3976.377686	2567
3980.800781	2707
3985.223877	2697
3989.646973	2716
3994.070068	2712
3998.493164	2726
4002.916260	2811
4007.339355	2826
4011.762451	2796
4016.185547	2893
4020.608643	2906
4025.031738	2893
4029.455078	2852
4033.878174	2846
4038.301270	2875
4042.724365	2870
4047.147461	2916
4051.570557	2896
4055.993652	2765
4060.416748	2690
4064.839844	2714
4069.262939	2642
4073.686035	2518
4078.109131	2541
4082.532227	2617
4086.955322	2608
4091.378418	2631
4095.801758	2557
4100.224609	2478
4104.647949	2523
4109.070801	2534
4113.494141	2510
4117.916992	2562
4122.340332	2650
4126.763184	2773
4131.186523	2781
4135.609863	2712
4140.032715	2705
4144.456055	2663
4148.878906	2706
4153.302246	2735
4157.725098	2769
4162.148438	2745
4166.571289	2721
4170.994629	2753
4175.417480	2711
4179.840820	2684
4184.263672	2720
4188.687012	2715
4193.109863	2712
4197.533203	2674
4201.956543	2639
4206.379395	2684
4210.802734	2681
4215.225586	2628
4219.648926	2687
4224.071777	2737
4228.495117	2670
4232.917969	2653
4237.341309	2642
4241.764160	2515
4246.187500	2551
4250.610352	2622
4255.033691	2578
4259.456543	2558
4263.879883	2603
4268.303223	2602
4272.726074	2584
4277.149414	2621
4281.572266	2659
4285.995605	2664
4290.418457	2596
4294.841797	2521
4299.264648	2460
4303.687988	2462
4308.110840	2448
4312.534180	2420
4316.957031	2419
4321.380371	2364
4325.803223	2325
4330.226563	2305
4334.649902	2287
4339.072754	2313
4343.496094	2356
4347.918945	2363
4352.342285	2407
4356.765137	2468
4361.188477	2492
4365.611328	2548
4370.034668	2502
4374.457520	2488
4378.880859	2467
4383.303711	2456
4387.727051	2523
4392.149902	2620
4396.573242	2656
4400.996582	2643
4405.419434	2688
4409.842773	2789
4414.265625	2785
4418.688965	2726
4423.111816	2774
4427.535156	2865
4431.958008	2970
4436.381348	3017
4440.804199	2892
4445.227539	2786
4449.650391	2810
4454.073730	2762
4458.496582	2778
4462.919922	2722
4467.343262	2585
4471.766113	2562
4476.189453	2620
4480.612305	2660
4485.035645	2603
4489.458496	2591
4493.881836	2657
4498.304688	2629
4502.728027	2595
4507.150879	2616
4511.574219	2567
4515.997070	2554
4520.420410	2581
4524.843262	2545
4529.266602	2587
4533.689941	2579
4538.112793	2550
4542.536133	2541
4546.958984	2565
4551.382324	2597
4555.805176	2568
4560.228516	2463
4564.651367	2477
4569.074707	2518
4573.497559	2543
4577.920898	2564
4582.343750	2731
4586.767090	2699
4591.189941	2618
4595.613281	2652
4600.036621	2618
4604.459473	2565
4608.882813	2606
4613.305664	2667
4617.729004	2712
4622.151855	2819
4626.575195	2820
4630.998047	2754
4635.421387	2768
4639.844238	2755
4644.267578	2705
4648.690430	2794
4653.113770	2885
4657.536621	2895
4661.959961	2875
4666.383301	2888
4670.806152	2961
4675.229492	3082
4679.652344	3087
4684.075684	3010
4688.498535	3078
4692.921875	3120
4697.344727	3195
4701.768066	3192
4706.190918	3117
4710.614258	3167
4715.037109	3301
4719.460449	3305
4723.883301	3365
4728.306641	3435
4732.729980	3377
4737.152832	3471
4741.576172	3532
4745.999023	3517
4750.422363	3556
4754.845215	3542
4759.268555	3623
4763.691406	3627
4768.114746	3646
4772.537598	3664
4776.960938	3679
4781.383789	3629
4785.807129	3581
4790.229980	3582
4794.653320	3647
4799.076660	3698
4803.499512	3697
4807.922852	3676
4812.345703	3667
4816.769043	3622
4821.191895	3609
4825.615234	3630
4830.038086	3606
4834.461426	3545
4838.884277	3544
4843.307617	3536
4847.730469	3442
4852.153809	3397
4856.576660	3291
4861.000000	3234
4865.423340	3235
4869.846191	3296
4874.269531	3371
4878.692383	3426
4883.115723	3468
4887.538574	3509
4891.961914	3590
4896.384766	3573
4900.808105	3591
4905.230957	3682
4909.654297	3721
4914.077148	3706
4918.500488	3732
4922.923340	3780
4927.346680	3741
4931.770020	3722
4936.192871	3677
4940.616211	3681
4945.039063	3760
4949.462402	3789
4953.885254	3727
4958.308594	3660
4962.731445	3614
4967.154785	3679
4971.577637	3652
4976.000977	3630
4980.423828	3597
4984.847168	3606
4989.270020	3613
4993.693359	3595
4998.116699	3510
5002.539551	3650
5006.962891	3677
5011.385742	3643
5015.809082	3568
5020.231934	3523
5024.655273	3521
5029.078125	3550
5033.501465	3555
5037.924316	3559
5042.347656	3582
5046.770508	3515
5051.193848	3459
5055.616699	3495
5060.040039	3514
5064.463379	3508
5068.886230	3555
5073.309570	3580
5077.732422	3594
5082.155762	3541
5086.578613	3517
5091.001953	3523
5095.424805	3496
5099.848145	3504
5104.270996	3480
5108.694336	3452
5113.117188	3464
5117.540527	3413
5121.963379	3435
5126.386719	3438
5130.810059	3430
5135.232910	3399
5139.656250	3404
5144.079102	3416
5148.502441	3390
5152.925293	3325
5157.348633	3337
5161.771484	3360
5166.194824	3319
5170.617676	3332
5175.041016	3305
5179.463867	3315
5183.887207	3303
5188.310059	3280
5192.733398	3314
5197.156738	3297
5201.579590	3235
5206.002930	3274
5210.425781	3278
5214.849121	3224
5219.271973	3222
5223.695313	3249
5228.118164	3164
5232.541504	3217
5236.964355	3225
5241.387695	3170
5245.810547	3142
5250.233887	3190
5254.656738	3114
5259.080078	3038
5263.503418	3040
5267.926270	3069
5272.349609	3045
5276.772461	3093
5281.195801	3171
5285.618652	3152
5290.041992	3167
5294.464844	3122
5298.888184	3020
5303.311035	3031
5307.734375	3145
5312.157227	3157
5316.580566	3054
5321.003418	3022
5325.426758	2952
5329.850098	2928
5334.272949	2999
5338.696289	2993
5343.119141	2968
5347.542480	2996
5351.965332	2921
5356.388672	2943
5360.811523	2929
5365.234863	2889
5369.657715	2966
5374.081055	3005
5378.503906	2891
5382.927246	2883
5387.350098	2893
5391.773438	2921
5396.196777	2864
5400.619629	2816
5405.042969	2885
5409.465820	2873
5413.889160	2867
5418.312012	2874
5422.735352	2850
5427.158203	2893
5431.581543	2909
5436.004395	2895
5440.427734	2884
5444.850586	2821
5449.273926	2801
5453.696777	2848
5458.120117	2801
5462.543457	2814
5466.966309	2834
5471.389648	2732
5475.812500	2724
5480.235840	2806
5484.658691	2810
5489.082031	2799
5493.504883	2763
5497.928223	2764
5502.351074	2837
5506.774414	2835
5511.197266	2765
5515.620605	2766
5520.043457	2758
5524.466797	2755
5528.890137	2759
5533.312988	2756
5537.736328	2711
5542.159180	2786
5546.582520	2755
5551.005371	2748
5555.428711	2759
5559.851563	2801
5564.274902	2712
5568.697754	2629
5573.121094	2627
5577.543945	2634
5581.967285	2657
5586.390137	2663
5590.813477	2634
5595.236816	2622
5599.659668	2661
5604.083008	2713
5608.505859	2765
5612.929199	2715
5617.352051	2644
5621.775391	2687
5626.198242	2689
5630.621582	2625
5635.044434	2587
5639.467773	2595
5643.890625	2650
5648.313965	2592
5652.736816	2561
5657.160156	2603
5661.583496	2592
5666.006348	2580
5670.429688	2519
5674.852539	2467
5679.275879	2566
5683.698730	2550
5688.122070	2519
5692.544922	2547
5696.968262	2505
5701.391113	2507
5705.814453	2550
5710.237305	2646
5714.660645	2660
5719.083496	2538
5723.506836	2527
5727.930176	2465
5732.353027	2460
5736.776367	2495
5741.199219	2519
5745.622559	2530
5750.045410	2486
5754.468750	2491
5758.891602	2445
5763.314941	2442
5767.737793	2459
5772.161133	2457
5776.583984	2491
5781.007324	2511
5785.430176	2581
5789.853516	2585
5794.276855	2520
5798.699707	2441
5803.123047	2468
5807.545898	2483
5811.969238	2511
5816.392090	2567
5820.815430	2637
5825.238281	2609
5829.661621	2580
5834.084473	2560
5838.507813	2547
5842.930664	2597
5847.354004	2597
5851.776855	2508
5856.200195	2466
5860.623535	2606
5865.046387	2661
5869.469727	2633
5873.892578	2615
5878.315918	2598
5882.738770	2526
5887.162109	2524
5891.584961	2553
5896.008301	2557
5900.431152	2538
5904.854492	2497
5909.277344	2436
5913.700684	2465
5918.123535	2505
5922.546875	2413
5926.970215	2431
5931.393066	2419
5935.816406	2351
5940.239258	2354
5944.662598	2472
5949.085449	2504
5953.508789	2495
5957.931641	2524
5962.354980	2524
5966.777832	2388
5971.201172	2362
5975.624023	2380
5980.047363	2343
5984.470215	2306
5988.893555	2333
5993.316895	2325
5997.739746	2336
6002.163086	2342
6006.585938	2352
6011.009277	2290
6015.432129	2228
6019.855469	2225
6024.278320	2292
6028.701660	2260
6033.124512	2233
6037.547852	2267
6041.970703	2223
6046.394043	2191
6050.816895	2264
6055.240234	2236
6059.663574	2125
6064.086426	2072
6068.509766	2145
6072.932617	2148
6077.355957	2088
6081.778809	2129
6086.202148	2234
6090.625000	2205
6095.048340	2184
6099.471191	2196
6103.894531	2107
6108.317383	2023
6112.740723	1981
6117.163574	2013
6121.586914	2064
6126.009766	2025
6130.433105	2027
6134.856445	2010
6139.279297	2025
6143.702637	2067
6148.125488	2069
6152.548828	1996
6156.971680	1927
6161.395020	1936
6165.817871	1906
6170.241211	1890
6174.664063	1942
6179.087402	1962
6183.510254	1915
6187.933594	1860
6192.356445	1877
6196.779785	1876
6201.203125	1852
6205.625977	1949
6210.049316	1981
6214.472168	1933
6218.895508	1842
6223.318359	1808
6227.741699	1873
6232.164551	1894
6236.587891	1878
6241.010742	1857
6245.434082	1809
6249.856934	1823
6254.280273	1829
6258.703125	1793
6263.126465	1735
6267.549805	1720
6271.972656	1763
6276.395996	1782
6280.818848	1775
6285.242188	1772
6289.665039	1721
6294.088379	1772
6298.511230	1709
6302.934570	1667
6307.357422	1741
6311.780762	1756
6316.203613	1726
6320.626953	1668
6325.049805	1646
6329.473145	1735
6333.896484	1799
6338.319336	1770
6342.742676	1692
6347.165527	1661
6351.588867	1657
6356.011719	1638
6360.435059	1706
6364.857910	1754
6369.281250	1727
6373.704102	1763
6378.127441	1798
6382.550293	1738
6386.973633	1695
6391.396484	1673
6395.819824	1678
6400.243164	1675
6404.666016	1650
6409.089355	1643
6413.512207	1636
6417.935547	1621
6422.358398	1590
6426.781738	1614
6431.204590	1672
6435.627930	1608
6440.050781	1575
6444.474121	1695
6448.896973	1653
6453.320313	1568
6457.743164	1562
6462.166504	1602
6466.589844	1608
6471.012695	1607
6475.436035	1621
6479.858887	1662
6484.282227	1664
6488.705078	1651
6493.128418	1674
6497.551270	1599
6501.974609	1528
6506.397461	1589
6510.820801	1541
6515.243652	1513
6519.666992	1576
6524.089844	1582
6528.513184	1499
6532.936523	1461
6537.359375	1508
6541.782715	1546
6546.205566	1508
6550.628906	1482
6555.051758	1461
6559.475098	1397
6563.897949	1364
6568.321289	1384
6572.744141	1423
6577.167480	1438
6581.590332	1421
6586.013672	1373
6590.436523	1390
6594.859863	1428
6599.283203	1439
6603.706055	1460
6608.129395	1501
6612.552246	1487
6616.975586	1495
6621.398438	1470
6625.821777	1452
6630.244629	1522
6634.667969	1512
6639.090820	1488
6643.514160	1535
6647.937012	1576
6652.360352	1510
6656.783203	1497
6661.206543	1527
6665.629883	1541
6670.052734	1524
6674.476074	1560
6678.898926	1551
6683.322266	1482
6687.745117	1453
6692.168457	1529
6696.591309	1482
6701.014648	1411
6705.437500	1485
6709.860840	1539
6714.283691	1523
6718.707031	1452
6723.129883	1442
6727.553223	1468
6731.976563	1491
6736.399414	1476
6740.822754	1503
6745.245605	1519
6749.668945	1484
6754.091797	1431
6758.515137	1458
6762.937988	1453
6767.361328	1392
6771.784180	1402
6776.207520	1444
6780.630371	1479
6785.053711	1439
6789.476563	1451
6793.899902	1470
6798.323242	1474
6802.746094	1481
6807.169434	1469
6811.592285	1455
6816.015625	1432
6820.438477	1418
6824.861816	1356
6829.284668	1347
6833.708008	1361
6838.130859	1412
6842.554199	1390
6846.977051	1360
6851.400391	1404
6855.823242	1367
6860.246582	1331
6864.669922	1311
6869.092773	1330
6873.516113	1274
6877.938965	1273
6882.362305	1273
6886.785156	1298
6891.208496	1357
6895.631348	1376
6900.054688	1299
6904.477539	1218
6908.900879	1200
6913.323730	1252
6917.747070	1300
6922.169922	1336
6926.593262	1362
6931.016602	1342
6935.439453	1289
6939.862793	1249
6944.285645	1279
6948.708984	1357
6953.131836	1352
6957.555176	1281
6961.978027	1227
6966.401367	1229
6970.824219	1244
6975.247559	1253
6979.670410	1215
6984.093750	1211
6988.516602	1290
6992.939941	1329
6997.363281	1301
7001.786133	1236
7006.209473	1248
7010.632324	1261
7015.055664	1302
7019.478516	1251
7023.901855	1212
7028.324707	1188
7032.748047	1185
7037.170898	1182
7041.594238	1185
7046.017090	1260
7050.440430	1273
7054.863281	1200
7059.286621	1219
7063.709961	1228
7068.132813	1183
7072.556152	1124
7076.979004	1151
7081.402344	1191
7085.825195	1134
7090.248535	1165
7094.671387	1183
7099.094727	1167
7103.517578	1143
7107.940918	1109
7112.363770	1161
7116.787109	1188
7121.209961	1151
7125.633301	1135
7130.056641	1134
7134.479492	1144
7138.902832	1142
7143.325684	1119
7147.749023	1118
7152.171875	1123
7156.595215	1082
7161.018066	1064
7165.441406	1048
7169.864258	1087
7174.287598	1018
7178.710449	998
7183.133789	1044
7187.556641	1073
7191.979980	1068
7196.403320	1071
7200.826172	1039
7205.249512	1043
7209.672363	1057
7214.095703	1029
7218.518555	1019
7222.941895	1035
7227.364746	1056
7231.788086	1067
7236.210938	1084
7240.634277	1049
7245.057129	1065
7249.480469	1028
7253.903320	993
7258.326660	1011
7262.750000	1025
7267.172852	1026
7271.596191	984
7276.019043	990
7280.442383	979
7284.865234	967
7289.288574	961
7293.711426	975
7298.134766	978
7302.557617	949
7306.980957	949
7311.403809	942
7315.827148	930
7320.250000	926
7324.673340	938
7329.096680	932
7333.519531	942
7337.942871	980
7342.365723	968
7346.789063	911
7351.211914	909
7355.635254	908
7360.058105	877
7364.481445	826
7368.904297	862
7373.327637	866
7377.750488	848
7382.173828	871
7386.596680	891
7391.020020	900
7395.443359	914
7399.866211	891
7404.289551	870
7408.712402	892
7413.135742	905
7417.558594	888
7421.981934	878
7426.404785	887
7430.828125	922
7435.250977	917
7439.674316	928
7444.097168	933
7448.520508	898
7452.943359	919
7457.366699	914
7461.790039	914
7466.212891	939
7470.636230	936
7475.059082	897
7479.482422	938
7483.905273	926
7488.328613	920
7492.751465	926
7497.174805	979
7501.597656	948
7506.020996	954
7510.443848	1014
7514.867188	993
7519.290039	951
7523.713379	972
7528.136719	930
7532.559570	934
7536.982910	972
7541.405762	943
7545.829102	945
7550.251953	931
7554.675293	931
7559.098145	950
7563.521484	962
7567.944336	959
7572.367676	907
7576.790527	936
7581.213867	967
7585.636719	1002
7590.060059	993
7594.483398	923
7598.906250	898
7603.329590	899
7607.752441	877
7612.175781	889
7616.598633	894
7621.021973	864
7625.444824	821
7629.868164	848
7634.291016	872
7638.714355	880
7643.137207	879
7647.560547	876
7651.983398	860
7656.406738	883
7660.830078	872
7665.252930	865
7669.676270	852
7674.099121	856
7678.522461	879
7682.945313	883
7687.368652	870
7691.791504	832
7696.214844	844
7700.637695	872
7705.061035	860
7709.483887	887
7713.907227	889
7718.330078	889
7722.753418	874
7727.176758	880
7731.599609	879
7736.022949	868
7740.445801	849
7744.869141	867
7749.291992	879
7753.715332	858
7758.138184	811
7762.561523	864
7766.984375	900
7771.407715	870
7775.830566	833
7780.253906	854
7784.676758	836
7789.100098	853
7793.523438	847
7797.946289	811
7802.369629	801
7806.792480	798
7811.215820	781
7815.638672	819
7820.062012	833
7824.484863	791
7828.908203	770
7833.331055	785
7837.754395	797
7842.177246	836
7846.600586	898
7851.023438	888
7855.446777	897
7859.870117	862
7864.292969	813
7868.716309	827
7873.139160	855
7877.562500	809
7881.985352	818
7886.408691	828
7890.831543	861
7895.254883	897
7899.677734	868
7904.101074	865
7908.523926	910
7912.947266	873
7917.370117	840
7921.793457	881
7926.216797	901
7930.639648	856
7935.062988	871
7939.485840	905
7943.909180	934
7948.332031	914
7952.755371	890
7957.178223	912
7961.601563	890
7966.024414	852
7970.447754	848
7974.870605	867
7979.293945	920
7983.716797	912
7988.140137	874
7992.563477	908
7996.986328	914
8001.409668	914
8005.832520	916
8010.255859	904
8014.678711	923
8019.102051	927
8023.524902	921
8027.948242	936
8032.371094	934
8036.794434	937
8041.217285	904
8045.640625	900
8050.063477	911
8054.486816	929
8058.910156	960
8063.333008	962
8067.756348	924
8072.179199	879
8076.602539	901
8081.025391	955
8085.448730	941
8089.871582	884
8094.294922	929
8098.717773	919
8103.141113	889
8107.563965	920
8111.987305	947
8116.410156	907
8120.833496	906
8125.256836	907
8129.679688	882
8134.103027	923
8138.525879	911
8142.949219	879
8147.372070	850
8151.795410	874
8156.218262	916
8160.641602	931
8165.064453	902
8169.487793	880
8173.910645	903
8178.333984	856
8182.756836	838
8187.180176	880
8191.603516	846
8196.026367	824
8200.449219	837
8204.873047	856
8209.295898	841
8213.718750	861
8218.141602	852
8222.565430	830
8226.988281	808
8231.411133	781
8235.833984	776
8240.257813	778
8244.680664	793
8249.103516	822
8253.526367	863
8257.950195	859
8262.373047	859
8266.795898	801
8271.219727	758
8275.642578	789
8280.065430	862
8284.488281	866
8288.912109	802
8293.334961	793
8297.757813	795
8302.180664	826
8306.604492	775
8311.027344	785
8315.450195	785
8319.873047	772
8324.296875	836
8328.719727	844
8333.142578	805
8337.566406	801
8341.989258	798
8346.412109	799
8350.834961	811
8355.258789	787
8359.681641	821
8364.104492	845
8368.527344	851
8372.951172	856
8377.374023	863
8381.796875	795
8386.219727	796
8390.643555	829
8395.066406	858
8399.489258	855
8403.913086	839
8408.335938	852
8412.758789	859
8417.181641	857
8421.605469	850
8426.028320	841
8430.451172	861
8434.874023	856
8439.297852	817
8443.720703	820
8448.143555	838
8452.566406	822
8456.990234	844
8461.413086	832
8465.835938	811
8470.259766	814
8474.682617	866
8479.105469	866
8483.528320	841
8487.952148	851
8492.375000	862
8496.797852	873
8501.220703	901
8505.644531	877
8510.067383	853
8514.490234	861
8518.913086	876
8523.336914	881
8527.759766	883
8532.182617	871
8536.606445	884
8541.029297	878
8545.452148	847
8549.875000	848
8554.298828	871
8558.721680	844
8563.144531	786
8567.567383	823
8571.991211	856
8576.414063	837
8580.836914	850
8585.259766	864
8589.683594	853
8594.106445	868
8598.529297	860
8602.953125	849
8607.375977	853
8611.798828	839
8616.221680	840
8620.645508	836
8625.068359	839
8629.491211	872
8633.914063	851
8638.337891	838
8642.760742	849
8647.183594	871
8651.606445	862
8656.030273	806
8660.453125	805
8664.875977	844
8669.299805	817
8673.722656	793
8678.145508	843
8682.568359	851
8686.992188	844
8691.415039	808
8695.837891	829
8700.260742	816
8704.684570	817
8709.107422	824
8713.530273	813
8717.953125	801
8722.376953	838
8726.799805	876
8731.222656	856
8735.646484	847
8740.069336	847
8744.492188	825
8748.915039	833
8753.338867	856
8757.761719	857
8762.184570	855
8766.607422	842
8771.031250	841
8775.454102	862
8779.876953	833
8784.299805	827
8788.723633	843
8793.146484	844
8797.569336	849
8801.993164	819
8806.416016	804
8810.838867	797
8815.261719	839
8819.685547	849
8824.108398	814
8828.531250	826
8832.954102	843
8837.377930	838
8841.800781	846
8846.223633	834
8850.646484	815
8855.070313	808
8859.493164	842
8863.916016	845
8868.339844	812
8872.762695	816
8877.185547	822
8881.608398	812
8886.032227	837
8890.455078	828
8894.877930	817
8899.300781	848
8903.724609	848
8908.147461	788
8912.570313	764
8916.993164	766
8921.416992	825
8925.839844	791
8930.262695	786
8934.686523	788
8939.109375	772
8943.532227	810
8947.955078	839
8952.378906	845
8956.801758	832
8961.224609	782
8965.647461	758
8970.071289	764
8974.494141	773
8978.916992	795
8983.339844	840
8987.763672	809
8992.186523	780
8996.609375	804
9001.033203	804
9005.456055	806
9009.878906	828
9014.301758	824
9018.725586	796
9023.148438	767
9027.571289	753
9031.994141	755
9036.417969	789
9040.840820	833
9045.263672	836
9049.686523	819
9054.110352	824
9058.533203	775
9062.956055	789
9067.379883	794
9071.802734	779
9076.225586	785
9080.648438	805
9085.072266	814
9089.495117	810
9093.917969	802
9098.340820	819
9102.764648	789
9107.187500	806
9111.610352	827
9116.033203	809
9120.457031	775
9124.879883	773
9129.302734	778
9133.726563	793
9138.149414	781
9142.572266	777
9146.995117	777
9151.418945	798
9155.841797	829
9160.264648	828
9164.687500	801
9169.111328	821
9173.534180	826
9177.957031	813
9182.379883	809
9186.803711	815
9191.226563	841
9195.649414	843
9200.073242	810
9204.496094	803
9208.918945	822
9213.341797	801
9217.765625	764
9222.188477	782
9226.611328	815
9231.034180	842
9235.458008	813
9239.880859	782
9244.303711	793
9248.726563	811
9253.150391	818
9257.573242	855
9261.996094	886
9266.419922	869
9270.842773	855
9275.265625	785
9279.688477	733
9284.112305	775
9288.535156	826
9292.958008	838
9297.380859	849
9301.804688	876
9306.227539	829
9310.650391	817
9315.073242	821
9319.497070	789
9323.919922	803
9328.342773	836
9332.766602	818
9337.189453	794
9341.612305	775
9346.035156	799
9350.458984	809
9354.881836	835
9359.304688	842
9363.727539	801
9368.151367	799
9372.574219	838
9376.997070	893
9381.419922	874
9385.843750	841
9390.266602	846
9394.689453	806
9399.113281	815
9403.536133	809
9407.958984	809
9412.381836	772
9416.805664	777
9421.228516	817
9425.651367	836
9430.074219	832
9434.498047	821
9438.920898	807
9443.343750	824
9447.766602	804
9452.190430	803
9456.613281	801
9461.036133	820
9465.459961	823
9469.882813	807
9474.305664	775
9478.728516	770
9483.152344	783
9487.575195	793
9491.998047	840
9496.420898	848
9500.844727	834
9505.267578	834
9509.690430	851
9514.113281	848
9518.537109	803
9522.959961	800
9527.382813	815
9531.806641	827
9536.229492	841
9540.652344	833
9545.075195	823
9549.499023	788
9553.921875	800
9558.344727	836
9562.767578	805
9567.191406	789
9571.614258	779
9576.037109	789
9580.459961	820
9584.883789	820
9589.306641	812
9593.729492	845
9598.153320	865
9602.576172	867
9606.999023	871
9611.421875	850
9615.845703	803
9620.268555	791
9624.691406	787
9629.114258	794
9633.538086	846
9637.960938	842
9642.383789	838
9646.806641	859
9651.230469	845
9655.653320	812
9660.076172	809
9664.500000	799
9668.922852	822
9673.345703	831
9677.768555	805
9682.192383	836
9686.615234	877
9691.038086	852
9695.460938	795
9699.884766	789
9704.307617	812
9708.730469	824
9713.153320	816
9717.577148	818
9722.000000	852
9726.422852	838
9730.846680	812
9735.269531	815
9739.692383	788
9744.115234	802
9748.539063	864
9752.961914	907
9757.384766	888
9761.807617	837
9766.231445	811
9770.654297	851
9775.077148	864
9779.500000	828
9783.923828	832
9788.346680	831
9792.769531	820
9797.193359	809
9801.616211	828
9806.039063	816
9810.461914	781
9814.885742	792
9819.308594	844
9823.731445	847
9828.154297	832
9832.578125	830
9837.000977	837
9841.423828	829
9845.846680	795
9850.270508	795
9854.693359	782
9859.116211	769
9863.540039	808
9867.962891	823
9872.385742	836
9876.808594	817
9881.232422	839
9885.655273	834
9890.078125	839
9894.500977	849
9898.924805	821
9903.347656	828
9907.770508	861
9912.193359	840
9916.617188	818
9921.040039	793
9925.462891	811
9929.886719	825
9934.309570	833
9938.732422	863
9943.155273	846
9947.579102	830
9952.001953	837
9956.424805	848
9960.847656	871
9965.271484	868
9969.694336	888
9974.117188	834
9978.540039	801
9982.963867	817
9987.386719	796
9991.809570	786
9996.233398	786
10000.656250	845
10005.079102	882
10009.501953	897
10013.925781	909
10018.348633	867
10022.771484	846
10027.194336	814
10031.618164	813
10036.041016	845
10040.463867	844
10044.886719	841
10049.310547	834
10053.733398	804
10058.156250	784
10062.580078	792
10067.002930	791
10071.425781	782
10075.848633	782
10080.272461	781
10084.695313	805
10089.118164	809
10093.541016	840
10097.964844	861
10102.387695	828
10106.810547	805
10111.233398	803
10115.657227	801
10120.080078	788
10124.502930	837
10128.926758	852
10133.349609	867
10137.772461	885
10142.195313	885
10146.619141	838
10151.041992	795
10155.464844	833
10159.887695	855
10164.311523	842
10168.734375	847
10173.157227	807
10177.580078	793
10182.003906	796
10186.426758	798
10190.849609	793
10195.273438	833
10199.696289	852
10204.119141	819
10208.541992	807
10212.965820	825
10217.388672	785
10221.811523	766
10226.234375	783
10230.658203	786
10235.081055	813
10239.503906	804
10243.926758	817
10248.350586	838
10252.773438	827
10257.196289	823
10261.620117	846
10266.042969	866
10270.465820	889
10274.888672	856
10279.312500	818
10283.735352	818
10288.158203	843
10292.581055	864
10297.004883	845
10301.427734	820
10305.850586	780
10310.273438	806
10314.697266	837
10319.120117	823
10323.542969	817
10327.966797	849
10332.389648	903
10336.812500	876
10341.235352	829
10345.659180	757
10350.082031	752
10354.504883	817
10358.927734	845
10363.351563	794
10367.774414	818
10372.197266	798
10376.620117	796
10381.043945	799
10385.466797	821
10389.889648	811
10394.313477	817
10398.736328	837
10403.159180	832
10407.582031	813
10412.005859	785
10416.428711	799
10420.851563	822
10425.274414	827
10429.698242	772
10434.121094	754
10438.543945	775
10442.966797	798
10447.390625	809
10451.813477	829
10456.236328	834
10460.660156	831
10465.083008	815
10469.505859	822
10473.928711	817
10478.352539	788
10482.775391	839
10487.198242	845
10491.621094	830
10496.044922	836
10500.467773	894
10504.890625	898
10509.313477	894
10513.737305	852
10518.160156	868
10522.583008	809
10527.006836	804
10531.429688	783
10535.852539	769
10540.275391	772
10544.699219	795
10549.122070	792
10553.544922	790
10557.967773	824
10562.391602	843
10566.814453	817
10571.237305	827
10575.660156	813
10580.083984	809
10584.506836	831
10588.929688	841
10593.353516	810
10597.776367	794
10602.199219	798
10606.622070	799
10611.045898	830
10615.468750	830
10619.891602	830
10624.314453	791
10628.738281	804
10633.161133	793
10637.583984	826
10642.006836	836
10646.430664	812
10650.853516	841
10655.276367	827
10659.700195	823
10664.123047	809
10668.545898	796
10672.968750	787
10677.392578	775
10681.815430	808
10686.238281	824
10690.661133	849
10695.084961	873
10699.507813	872
10703.930664	799
10708.353516	805
10712.777344	791
10717.200195	794
10721.623047	811
10726.046875	811
10730.469727	825
10734.892578	828
10739.315430	846
10743.739258	833
10748.162109	789
10752.584961	775
10757.007813	797
10761.431641	820
10765.854492	856
10770.277344	833
10774.700195	838
10779.124023	820
10783.546875	842
10787.969727	887
10792.393555	868
10796.816406	834
10801.239258	822
10805.662109	817
10810.085938	814
10814.508789	828
10818.931641	827
10823.354492	818
10827.778320	825
10832.201172	849
10836.624023	828
10841.046875	826
10845.470703	834
10849.893555	835
10854.316406	839
10858.740234	835
10863.163086	816
10867.585938	791
10872.008789	811
10876.432617	829
10880.855469	814
10885.278320	775
10889.701172	804
10894.125000	820
10898.547852	815
10902.970703	791
10907.393555	820
10911.817383	837
10916.240234	837
10920.663086	789
10925.086914	779
10929.509766	822
10933.932617	818
10938.355469	806
10942.779297	802
10947.202148	786
10951.625000	788
10956.047852	779
10960.471680	756
10964.894531	736
10969.317383	732
10973.740234	731
10978.164063	710
10982.586914	730
10987.009766	774
10991.433594	767
10995.856445	745
11000.279297	745
11004.702148	715
11009.125977	742
11013.548828	772
11017.971680	736
11022.394531	731
11026.818359	762
11031.241211	740
11035.664063	738
11040.086914	750
11044.510742	736
11048.933594	705
11053.356445	719
11057.780273	727
11062.203125	723
11066.625977	743
11071.048828	742
11075.472656	719
11079.895508	695
11084.318359	668
11088.741211	675
11093.165039	663
11097.587891	681
11102.010742	662
11106.433594	683
11110.857422	717
11115.280273	698
11119.703125	671
11124.126953	656
11128.549805	663
11132.972656	709
11137.395508	698
11141.819336	668
11146.242188	661
11150.665039	651
11155.087891	659
11159.511719	679
11163.934570	651
11168.357422	668
11172.780273	664
11177.204102	645
11181.626953	598
11186.049805	624
11190.473633	676
11194.896484	646
11199.319336	626
11203.742188	631
11208.166016	652
11212.588867	661
11217.011719	621
11221.434570	594
11225.858398	593
11230.281250	590
11234.704102	609
11239.126953	606
11243.550781	589
11247.973633	620
11252.396484	595
11256.820313	555
11261.243164	549
11265.666016	545
11270.088867	581
11274.512695	607
11278.935547	559
11283.358398	567
11287.781250	610
11292.205078	596
11296.627930	603
11301.050781	621
11305.473633	595
11309.897461	554
11314.320313	568
11318.743164	583
11323.166992	559
11327.589844	521
11332.012695	504
11336.435547	498
11340.859375	518
11345.282227	554
11349.705078	570
11354.127930	548
11358.551758	515
11362.974609	513
11367.397461	523
11371.820313	516
11376.244141	512
11380.666992	518
11385.089844	528
11389.513672	531
11393.936523	520
11398.359375	504
11402.782227	558
11407.206055	584
11411.628906	546
11416.051758	526
11420.474609	532
11424.898438	527
11429.321289	453
11433.744141	440
11438.166992	473
11442.590820	460
11447.013672	472
11451.436523	468
11455.860352	463
11460.283203	436
11464.706055	418
11469.128906	429
11473.552734	447
11477.975586	457
11482.398438	447
11486.821289	442
11491.245117	436
11495.667969	431
11500.090820	419
11504.513672	416
11508.937500	432
11513.360352	439
11517.783203	450
11522.207031	462
11526.629883	448
11531.052734	451
11535.475586	447
11539.899414	416
11544.322266	401
11548.745117	385
11553.167969	389
11557.591797	396
11562.014648	411
11566.437500	405
11570.860352	404
11575.284180	399
11579.707031	407
11584.129883	425
11588.553711	407
11592.976563	385
11597.399414	391
11601.822266	403
11606.246094	380
11610.668945	369
11615.091797	355
11619.514648	364
11623.938477	355
11628.361328	362
11632.784180	362
11637.207031	352
11641.630859	350
11646.053711	345
11650.476563	316
11654.900391	306
11659.323242	332
11663.746094	338
11668.168945	302
11672.592773	302
11677.015625	304
11681.438477	301
11685.861328	289
11690.285156	280
11694.708008	283
11699.130859	273
11703.553711	302
11707.977539	298
11712.400391	288
11716.823242	278
11721.247070	263
11725.669922	261
11730.092773	244
11734.515625	266
11738.939453	253
11743.362305	241
11747.785156	252
11752.208008	255
11756.631836	244
11761.054688	232
11765.477539	232
11769.900391	241
11774.324219	238
11778.747070	245
11783.169922	233
11787.593750	225
11792.016602	210
11796.439453	206
11800.862305	240
11805.286133	253
11809.708984	237
11814.131836	222
11818.554688	215
11822.978516	201
11827.401367	193
11831.824219	208
11836.247070	206
11840.670898	209
11845.093750	207
11849.516602	190
11853.940430	185
11858.363281	191
11862.786133	181
11867.208984	181
11871.632813	188
11876.055664	198
11880.478516	179
11884.901367	157
11889.325195	161
11893.748047	174
11898.170898	159
11902.593750	161
11907.017578	153
11911.440430	140
11915.863281	134
11920.287109	138
11924.709961	138
11929.132813	150
11933.555664	144
11937.979492	133
11942.402344	137
11946.825195	164
11951.248047	160
11955.671875	144
11960.094727	121
11964.517578	133
11968.940430	126
11973.364258	113
11977.787109	96
11982.209961	92
11986.633789	107
11991.056641	110
11995.479492	111
11999.902344	100
12004.326172	92
12008.749023	91
12013.171875	98
12017.594727	95
12022.018555	97
12026.441406	96
12030.864258	87
12035.287109	79
12039.710938	76
12044.133789	82
12048.556641	62
12052.980469	59
12057.403320	63
12061.826172	82
12066.249023	83
12070.672852	72
12075.095703	60
12079.518555	50
12083.941406	46
12088.365234	36
12092.788086	38
12097.210938	42
12101.633789	44
12106.057617	45
12110.480469	35
12114.903320	31
12119.327148	32
12123.750000	28
12128.172852	29
12132.595703	31
12137.019531	22
12141.442383	18
12145.865234	17
12150.288086	15
12154.711914	12
12159.134766	12
12163.557617	8
12167.980469	3
12172.404297	3
12176.827148	0
12181.250000	0
12185.672852	0
12190.096680	0
12194.519531	0
12198.942383	0
12203.366211	0
12207.789063	0
12212.211914	0
12216.634766	0
12221.058594	0
12225.481445	0
12229.904297	0
12234.327148	0
12238.750977	0
12243.173828	0
12247.596680	0
12252.019531	0
12256.443359	0
12260.866211	0
12265.289063	0
12269.712891	0
12274.135742	0
12278.558594	0
12282.981445	0
12287.405273	0
12291.828125	0
12296.250977	0
12300.673828	0
12305.097656	0
12309.520508	0
12313.943359	0
12318.366211	0
12322.790039	0
12327.212891	0
12331.635742	0
12336.059570	0
12340.482422	0
12344.905273	0
12349.328125	0
12353.751953	0
12358.174805	0
12362.597656	0
12367.020508	0
12371.444336	0
12375.867188	0
12380.290039	0
12384.712891	0
12389.136719	0
12393.559570	0
12397.982422	0
12402.406250	0
12406.829102	0
12411.251953	0
12415.674805	0
12420.098633	0
12424.521484	0
12428.944336	0
12433.367188	0
12437.791016	0
12442.213867	0
12446.636719	0
12451.059570	0
12455.483398	0
12459.906250	0
12464.329102	0
12468.752930	0
12473.175781	0
12477.598633	0
12482.021484	0
12486.445313	0
12490.868164	0
12495.291016	0
12499.713867	0
12504.137695	0
12508.560547	0
12512.983398	0
12517.406250	0
12521.830078	0
12526.252930	0
12530.675781	0
12535.099609	0
12539.522461	0
12543.945313	0
12548.368164	0
12552.791992	0
12557.214844	0
12561.637695	0
12566.060547	0
12570.484375	0
12574.907227	0
12579.330078	0
12583.752930	0
12588.176758	0
12592.599609	0
12597.022461	0
12601.446289	0
12605.869141	0
12610.291992	0
12614.714844	0
12619.138672	0
12623.561523	0
12627.984375	0
12632.407227	0
12636.831055	0
12641.253906	0
12645.676758	0
12650.099609	0
12654.523438	0
12658.946289	0
12663.369141	0
12667.792969	0
12672.215820	0
12676.638672	0
12681.061523	0
12685.485352	0
12689.908203	0
12694.331055	0
12698.753906	0
12703.177734	0
12707.600586	0
12712.023438	0
12716.446289	0
12720.870117	0
12725.292969	0
12729.715820	0
12734.139648	0
12738.562500	0
12742.985352	0
12747.408203	0
12751.832031	0
12756.254883	0
12760.677734	0
12765.100586	0
12769.524414	0
12773.947266	0
12778.370117	0
12782.792969	0
12787.216797	0
12791.639648	0
12796.062500	0
12800.486328	0
12804.909180	0
12809.332031	0
12813.754883	0
12818.178711	0
12822.601563	0
12827.024414	0
12831.447266	0
12835.871094	0
12840.293945	0
12844.716797	0
12849.139648	0
12853.563477	0
12857.986328	0
12862.409180	0
12866.833008	0
12871.255859	0
12875.678711	0
12880.101563	0
12884.525391	0
12888.948242	0
12893.371094	0
12897.793945	0
12902.217773	0
12906.640625	0
12911.063477	0
12915.486328	0
12919.910156	0
12924.333008	0
12928.755859	0
12933.179688	0
12937.602539	0
12942.025391	0
12946.448242	0
12950.872070	0
12955.294922	0
12959.717773	0
12964.140625	0
12968.564453	0
12972.987305	0
12977.410156	0
12981.833008	0
12986.256836	0
12990.679688	0
12995.102539	0
12999.526367	0
13003.949219	0
13008.372070	0
13012.794922	0
13017.218750	0
13021.641602	0
13026.064453	0
13030.487305	0
13034.911133	0
13039.333984	0
13043.756836	0
13048.179688	0
13052.603516	0
13057.026367	0
13061.449219	0
13065.873047	0
13070.295898	0
13074.718750	0
13079.141602	0
13083.565430	0
13087.988281	0
13092.411133	0
13096.833984	0
13101.257813	0
13105.680664	0
13110.103516	0
13114.526367	0
13118.950195	0
13123.373047	0
13127.795898	0
13132.219727	0
13136.642578	0
13141.065430	0
13145.488281	0
13149.912109	0
13154.334961	0
13158.757813	0
13163.180664	0
13167.604492	0
13172.027344	0
13176.450195	0
13180.873047	0
13185.296875	0
13189.719727	0
13194.142578	0
13198.566406	0
13202.989258	0
13207.412109	0
13211.834961	0
13216.258789	0
13220.681641	0
13225.104492	0
13229.527344	0
13233.951172	0
13238.374023	0
13242.796875	0
13247.219727	0
13251.643555	0
13256.066406	0
13260.489258	0
13264.913086	0
13269.335938	0
13273.758789	0
13278.181641	0
13282.605469	0
13287.028320	0
13291.451172	0
13295.874023	0
13300.297852	0
13304.720703	0
13309.143555	0
13313.566406	0
13317.990234	0
13322.413086	0
13326.835938	0
13331.259766	0
13335.682617	0
13340.105469	0
13344.528320	0
13348.952148	0
13353.375000	0
13357.797852	0
13362.220703	0
13366.644531	0
13371.067383	0
13375.490234	0
13379.913086	0
13384.336914	0
13388.759766	0
13393.182617	0
13397.606445	0
13402.029297	0
13406.452148	0
13410.875000	0
13415.298828	0
13419.721680	0
13424.144531	0
13428.567383	0
13432.991211	0
13437.414063	0
13441.836914	0
13446.259766	0
13450.683594	0
13455.106445	0
13459.529297	0
13463.953125	0
13468.375977	0
13472.798828	0
13477.221680	0
13481.645508	0
13486.068359	0
13490.491211	0
13494.914063	0
13499.337891	0
13503.760742	0
13508.183594	0
13512.606445	0
13517.030273	0
13521.453125	0
13525.875977	0
13530.299805	0
13534.722656	0
13539.145508	0
13543.568359	0
13547.992188	0
13552.415039	0
13556.837891	0
13561.260742	0
13565.684570	0
13570.107422	0
13574.530273	0
13578.953125	0
13583.376953	0
13587.799805	0
13592.222656	0
13596.646484	0
13601.069336	0
13605.492188	0
13609.915039	0
13614.338867	0
13618.761719	0
13623.184570	0
13627.607422	0
13632.031250	0
13636.454102	0
13640.876953	0
13645.299805	0
13649.723633	0
13654.146484	0
13658.569336	0
13662.993164	0
13667.416016	0
13671.838867	0
13676.261719	0
13680.685547	0
13685.108398	0
13689.531250	0
13693.954102	0
13698.377930	0
13702.800781	0
13707.223633	0
13711.646484	0
13716.070313	0
13720.493164	0
13724.916016	0
13729.339844	0
13733.762695	0
13738.185547	0
13742.608398	0
13747.032227	0
13751.455078	0
13755.877930	0
13760.300781	0
13764.724609	0
13769.147461	0
13773.570313	0
13777.993164	0
13782.416992	0
13786.839844	0
13791.262695	0
13795.686523	0
13800.109375	0
13804.532227	0
13808.955078	0
13813.378906	0
13817.801758	0
13822.224609	0
13826.647461	0
13831.071289	0
13835.494141	0
13839.916992	0
13844.339844	0
13848.763672	0
13853.186523	0
13857.609375	0
13862.033203	0
13866.456055	0
13870.878906	0
13875.301758	0
13879.725586	0
13884.148438	0
13888.571289	0
13892.994141	0
13897.417969	0
13901.840820	0
13906.263672	0
13910.686523	0
13915.110352	0
13919.533203	0
13923.956055	0
13928.379883	0
13932.802734	0
13937.225586	0
13941.648438	0
13946.072266	0
13950.495117	0
13954.917969	0
