-4526.080078	0
-4521.660156	0
-4517.240234	0
-4512.820313	0
-4508.399902	0
-4503.979980	0
-4499.560059	0
-4495.140137	0
-4490.720215	0
-4486.300293	0
-4481.879883	0
-4477.459961	0
-4473.040039	0
-4468.620117	0
-4464.200195	0
-4459.780273	0
-4455.359863	0
-4450.939941	0
-4446.520020	0
-4442.100098	0
-4437.680176	0
-4433.260254	0
-4428.839844	0
-4424.419922	0
-4420.000000	0
-4415.580078	0
-4411.160156	0
-4406.740234	0
-4402.320313	0
-4397.899902	0
-4393.479980	0
-4389.060059	0
-4384.640137	0
-4380.220215	0
-4375.800293	0
-4371.379883	0
-4366.959961	0
-4362.540039	0
-4358.120117	0
-4353.700195	0
-4349.280273	0
-4344.859863	0
-4340.439941	0
-4336.020020	0
-4331.600098	0
-4327.180176	0
-4322.760254	0
-4318.339844	0
-4313.919922	0
-4309.500000	0
-4305.080078	0
-4300.660156	0
-4296.240234	0
-4291.820313	0
-4287.399902	0
-4282.979980	0
-4278.560059	0
-4274.140137	0
-4269.720215	0
-4265.300293	0
-4260.879883	0
-4256.459961	0
-4252.040039	0
-4247.620117	0
-4243.200195	0
-4238.780273	0
-4234.359863	0
-4229.939941	0
-4225.520020	0
-4221.100098	0
-4216.680176	0
-4212.260254	0
-4207.839844	0
-4203.419922	0
-4199.000000	0
-4194.580078	0
-4190.160156	0
-4185.740234	0
-4181.320313	0
-4176.899902	0
-4172.479980	0
-4168.060059	0
-4163.640137	0
-4159.220215	0
-4154.800293	0
-4150.379883	0
-4145.959961	0
-4141.540039	0
-4137.120117	0
-4132.700195	0
-4128.280273	0
-4123.859863	0
-4119.439941	0
-4115.020020	0
-4110.600098	0
-4106.180176	0
-4101.760254	0
-4097.339844	0
-4092.920166	0
-4088.500000	0
-4084.080078	0
-4079.660156	0
-4075.239990	0
-4070.820068	0
-4066.400146	0
-4061.979980	0
-4057.560059	0
-4053.140137	0
-4048.719971	0
-4044.300049	0
-4039.880127	0
-4035.459961	0
-4031.040039	0
-4026.620117	0
-4022.199951	0
-4017.780029	0
-4013.360107	0
-4008.940186	0
-4004.520020	0
-4000.100098	0
-3995.680176	0
-3991.260010	0
-3986.840088	0
-3982.420166	0
-3978.000000	0
-3973.580078	0
-3969.160156	0
-3964.739990	0
-3960.320068	0
-3955.900146	0
-3951.479980	0
-3947.060059	0
-3942.640137	0
-3938.219971	0
-3933.800049	0
-3929.380127	0
-3924.959961	0
-3920.540039	0
-3916.120117	0
-3911.699951	0
-3907.280029	0
-3902.860107	0
-3898.440186	0
-3894.020020	0
-3889.600098	0
-3885.180176	0
-3880.760010	0
-3876.340088	0
-3871.920166	0
-3867.500000	0
-3863.080078	0
-3858.660156	0
-3854.239990	0
-3849.820068	0
-3845.400146	0
-3840.979980	0
-3836.560059	0
-3832.140137	0
-3827.719971	0
-3823.300049	0
-3818.880127	0
-3814.459961	0
-3810.040039	0
-3805.620117	0
-3801.199951	0
-3796.780029	0
-3792.360107	0
-3787.940186	0
-3783.520020	0
-3779.100098	0
-3774.680176	0
-3770.260010	0
-3765.840088	0
-3761.420166	0
-3757.000000	0
-3752.580078	0
-3748.160156	0
-3743.739990	0
-3739.320068	0
-3734.900146	0
-3730.479980	0
-3726.060059	0
-3721.640137	0
-3717.219971	0
-3712.800049	0
-3708.380127	0
-3703.959961	0
-3699.540039	0
-3695.120117	0
-3690.699951	0
-3686.280029	0
-3681.860107	0
-3677.439941	0
-3673.020020	0
-3668.600098	0
-3664.180176	0
-3659.760010	0
-3655.340088	0
-3650.920166	0
-3646.500000	0
-3642.080078	0
-3637.660156	0
-3633.239990	0
-3628.820068	0
-3624.400146	0
-3619.979980	0
-3615.560059	0
-3611.140137	0
-3606.719971	0
-3602.300049	0
-3597.880127	0
-3593.459961	0
-3589.040039	0
-3584.620117	0
-3580.199951	0
-3575.780029	0
-3571.360107	0
-3566.939941	0
-3562.520020	0
-3558.100098	0
-3553.680176	0
-3549.260010	0
-3544.840088	0
-3540.420166	0
-3536.000000	0
-3531.580078	0
-3527.160156	0
-3522.739990	0
-3518.320068	0
-3513.900146	0
-3509.479980	0
-3505.060059	0
-3500.640137	0
-3496.219971	0
-3491.800049	0
-3487.380127	0
-3482.959961	0
-3478.540039	0
-3474.120117	0
-3469.699951	0
-3465.280029	0
-3460.860107	0
-3456.439941	0
-3452.020020	0
-3447.600098	0
-3443.180176	0
-3438.760010	0
-3434.340088	0
-3429.920166	0
-3425.500000	0
-3421.080078	0
-3416.660156	0
-3412.239990	0
-3407.820068	0
-3403.400146	0
-3398.979980	0
-3394.560059	0
-3390.140137	0
-3385.719971	0
-3381.300049	0
-3376.880127	0
-3372.459961	0
-3368.040039	0
-3363.620117	0
-3359.199951	0
-3354.780029	0
-3350.360107	0
-3345.939941	0
-3341.520020	0
-3337.100098	0
-3332.680176	0
-3328.260010	0
-3323.840088	0
-3319.420166	0
-3315.000000	0
-3310.580078	0
-3306.160156	0
-3301.739990	0
-3297.320068	0
-3292.900146	0
-3288.479980	0
-3284.060059	0
-3279.640137	0
-3275.219971	0
-3270.800049	0
-3266.380127	0
-3261.959961	0
-3257.540039	0
-3253.120117	0
-3248.699951	0
-3244.280029	0
-3239.860107	0
-3235.439941	0
-3231.020020	0
-3226.600098	0
-3222.180176	0
-3217.760010	0
-3213.340088	0
-3208.920166	0
-3204.500000	0
-3200.080078	0
-3195.660156	0
-3191.239990	0
-3186.820068	0
-3182.400146	0
-3177.979980	0
-3173.560059	0
-3169.140137	0
-3164.719971	0
-3160.300049	0
-3155.880127	0
-3151.459961	0
-3147.040039	0
-3142.620117	0
-3138.199951	0
-3133.780029	0
-3129.360107	0
-3124.939941	0
-3120.520020	0
-3116.100098	0
-3111.680176	0
-3107.260010	0
-3102.840088	0
-3098.420166	0
-3094.000000	0
-3089.580078	0
-3085.160156	0
-3080.739990	0
-3076.320068	0
-3071.900146	0
-3067.479980	0
-3063.060059	0
-3058.640137	0
-3054.219971	0
-3049.800049	0
-3045.380127	0
-3040.959961	0
-3036.540039	0
-3032.120117	0
-3027.699951	0
-3023.280029	0
-3018.860107	0
-3014.439941	0
-3010.020020	0
-3005.600098	0
-3001.179932	0
-2996.760010	0
-2992.340088	0
-2987.920166	0
-2983.500000	0
-2979.080078	0
-2974.660156	0
-2970.239990	0
-2965.820068	0
-2961.400146	0
-2956.979980	0
-2952.560059	0
-2948.140137	0
-2943.719971	0
-2939.300049	0
-2934.880127	0
-2930.459961	0
-2926.040039	0
-2921.620117	0
-2917.199951	0
-2912.780029	0
-2908.360107	0
-2903.939941	0
-2899.520020	0
-2895.100098	0
-2890.679932	0
-2886.260010	0
-2881.840088	0
-2877.420166	1
-2873.000000	1
-2868.580078	4
-2864.160156	5
-2859.739990	6
-2855.320068	12
-2850.900146	8
-2846.479980	5
-2842.060059	6
-2837.640137	5
-2833.219971	5
-2828.800049	5
-2824.380127	6
-2819.959961	9
-2815.540039	9
-2811.120117	13
-2806.699951	16
-2802.280029	13
-2797.860107	17
-2793.439941	16
-2789.020020	18
-2784.600098	16
-2780.179932	17
-2775.760010	20
-2771.340088	22
-2766.920166	20
-2762.500000	17
-2758.080078	21
-2753.660156	31
-2749.239990	26
-2744.820068	25
-2740.400146	26
-2735.979980	29
-2731.560059	36
-2727.140137	29
-2722.719971	25
-2718.300049	31
-2713.880127	38
-2709.459961	37
-2705.040039	35
-2700.620117	35
-2696.199951	32
-2691.780029	37
-2687.360107	37
-2682.939941	38
-2678.520020	38
-2674.100098	37
-2669.679932	38
-2665.260010	41
-2660.840088	41
-2656.420166	42
-2652.000000	44
-2647.580078	45
-2643.160156	44
-2638.739990	44
-2634.320068	46
-2629.900146	39
-2625.479980	43
-2621.060059	52
-2616.640137	53
-2612.219971	52
-2607.800049	48
-2603.380127	50
-2598.959961	47
-2594.540039	43
-2590.120117	50
-2585.699951	52
-2581.280029	61
-2576.860107	65
-2572.439941	56
-2568.020020	53
-2563.600098	52
-2559.179932	59
-2554.760010	54
-2550.340088	50
-2545.919922	58
-2541.500000	54
-2537.080078	60
-2532.660156	74
-2528.239990	69
-2523.820068	58
-2519.400146	73
-2514.979980	62
-2510.560059	66
-2506.140137	65
-2501.719971	64
-2497.300049	70
-2492.880127	75
-2488.459961	75
-2484.040039	67
-2479.620117	72
-2475.199951	67
-2470.780029	70
-2466.360107	80
-2461.939941	90
-2457.520020	78
-2453.100098	70
-2448.679932	72
-2444.260010	67
-2439.840088	74
-2435.419922	87
-2431.000000	85
-2426.580078	90
-2422.160156	81
-2417.739990	85
-2413.320068	86
-2408.900146	88
-2404.479980	83
-2400.060059	86
-2395.640137	79
-2391.219971	79
-2386.800049	87
-2382.380127	88
-2377.959961	100
-2373.540039	84
-2369.120117	83
-2364.699951	79
-2360.280029	92
-2355.860107	85
-2351.439941	94
-2347.020020	101
-2342.600098	100
-2338.179932	97
-2333.760010	92
-2329.340088	95
-2324.919922	103
-2320.500000	104
-2316.080078	113
-2311.660156	114
-2307.239990	113
-2302.820068	105
-2298.400146	102
-2293.979980	100
-2289.560059	95
-2285.140137	105
-2280.719971	105
-2276.300049	104
-2271.880127	95
-2267.459961	93
-2263.040039	101
-2258.620117	105
-2254.199951	109
-2249.780029	107
-2245.360107	114
-2240.939941	105
-2236.520020	102
-2232.100098	115
-2227.679932	100
-2223.260010	93
-2218.840088	91
-2214.419922	101
-2210.000000	96
-2205.580078	89
-2201.160156	90
-2196.739990	94
-2192.320068	96
-2187.900146	106
-2183.479980	113
-2179.060059	110
-2174.640137	99
-2170.219971	109
-2165.800049	98
-2161.380127	100
-2156.959961	97
-2152.540039	107
-2148.120117	97
-2143.699951	111
-2139.280029	109
-2134.860107	100
-2130.439941	95
-2126.020020	99
-2121.600098	111
-2117.179932	113
-2112.760010	105
-2108.340088	98
-2103.919922	86
-2099.500000	82
-2095.080078	88
-2090.660156	86
-2086.239990	92
-2081.820068	94
-2077.400146	104
-2072.979980	96
-2068.560059	92
-2064.140137	85
-2059.719971	98
-2055.300049	96
-2050.880127	90
-2046.460083	92
-2042.040039	102
-2037.619995	93
-2033.200073	92
-2028.780029	93
-2024.359985	103
-2019.940063	98
-2015.520020	93
-2011.099976	79
-2006.680054	90
-2002.260010	86
-1997.840088	83
-1993.420044	108
-1989.000000	101
-1984.580078	106
-1980.160034	114
-1975.739990	112
-1971.320068	100
-1966.900024	92
-1962.479980	88
-1958.060059	86
-1953.640015	89
-1949.220093	100
-1944.800049	107
-1940.380005	92
-1935.960083	88
-1931.540039	97
-1927.119995	102
-1922.700073	99
-1918.280029	108
-1913.859985	104
-1909.440063	100
-1905.020020	95
-1900.599976	96
-1896.180054	107
-1891.760010	88
-1887.340088	91
-1882.920044	95
-1878.500000	96
-1874.080078	101
-1869.660034	114
-1865.239990	116
-1860.820068	109
-1856.400024	102
-1851.979980	86
-1847.560059	93
-1843.140015	96
-1838.719971	100
-1834.300049	92
-1829.880005	101
-1825.460083	112
-1821.040039	107
-1816.619995	103
-1812.200073	104
-1807.780029	105
-1803.359985	97
-1798.940063	103
-1794.520020	101
-1790.099976	100
-1785.680054	117
-1781.260010	123
-1776.840088	114
-1772.420044	105
-1768.000000	96
-1763.580078	103
-1759.160034	100
-1754.739990	90
-1750.320068	89
-1745.900024	95
-1741.479980	106
-1737.060059	97
-1732.640015	96
-1728.219971	103
-1723.800049	97
-1719.380005	95
-1714.960083	106
-1710.540039	116
-1706.119995	108
-1701.700073	110
-1697.280029	106
-1692.859985	101
-1688.440063	87
-1684.020020	97
-1679.599976	92
-1675.180054	89
-1670.760010	110
-1666.340088	100
-1661.920044	97
-1657.500000	95
-1653.080078	98
-1648.660034	101
-1644.239990	103
-1639.820068	100
-1635.400024	99
-1630.979980	113
-1626.560059	95
-1622.140015	96
-1617.719971	97
-1613.300049	102
-1608.880005	110
-1604.460083	109
-1600.040039	118
-1595.619995	109
-1591.200073	98
-1586.780029	104
-1582.359985	94
-1577.940063	90
-1573.520020	102
-1569.099976	100
-1564.680054	97
-1560.260010	95
-1555.840088	93
-1551.420044	79
-1547.000000	93
-1542.580078	101
-1538.160034	108
-1533.739990	113
-1529.320068	108
-1524.900024	105
-1520.479980	100
-1516.060059	97
-1511.640015	101
-1507.219971	97
-1502.800049	98
-1498.380005	86
-1493.960083	97
-1489.540039	112
-1485.119995	111
-1480.700073	107
-1476.280029	96
-1471.859985	108
-1467.440063	113
-1463.020020	109
-1458.599976	95
-1454.180054	89
-1449.760010	96
-1445.339966	106
-1440.920044	96
-1436.500000	113
-1432.080078	122
-1427.660034	98
-1423.239990	107
-1418.820068	117
-1414.400024	110
-1409.979980	98
-1405.560059	110
-1401.140015	98
-1396.719971	89
-1392.300049	85
-1387.880005	89
-1383.460083	99
-1379.040039	94
-1374.619995	103
-1370.200073	107
-1365.780029	109
-1361.359985	107
-1356.940063	114
-1352.520020	104
-1348.099976	92
-1343.680054	96
-1339.260010	93
-1334.839966	92
-1330.420044	105
-1326.000000	111
-1321.580078	104
-1317.160034	106
-1312.739990	99
-1308.320068	88
-1303.900024	84
-1299.479980	91
-1295.060059	100
-1290.640015	96
-1286.219971	96
-1281.800049	110
-1277.380005	111
-1272.959961	121
-1268.540039	106
-1264.119995	103
-1259.700073	92
-1255.280029	83
-1250.859985	98
-1246.440063	110
-1242.020020	101
-1237.599976	93
-1233.180054	100
-1228.760010	101
-1224.339966	102
-1219.920044	105
-1215.500000	102
-1211.080078	106
-1206.660034	106
-1202.239990	103
-1197.820068	93
-1193.400024	98
-1188.979980	99
-1184.560059	105
-1180.140015	104
-1175.719971	112
-1171.300049	105
-1166.880005	105
-1162.459961	111
-1158.040039	99
-1153.619995	115
-1149.200073	112
-1144.780029	111
-1140.359985	107
-1135.940063	101
-1131.520020	95
-1127.099976	92
-1122.680054	93
-1118.260010	102
-1113.839966	96
-1109.420044	105
-1105.000000	116
-1100.580078	97
-1096.160034	105
-1091.739990	108
-1087.320068	97
-1082.900024	104
-1078.479980	105
-1074.060059	92
-1069.640015	80
-1065.219971	98
-1060.800049	102
-1056.380005	110
-1051.959961	110
-1047.540039	112
-1043.119995	103
-1038.700073	96
-1034.280029	85
-1029.859985	99
-1025.440063	114
-1021.020020	99
-1016.600037	95
-1012.179993	90
-1007.760010	97
-1003.340027	101
-998.920044	112
-994.500000	103
-990.080017	112
-985.660034	113
-981.239990	107
-976.820007	116
-972.400024	123
-967.980042	125
-963.559998	106
-959.140015	102
-954.720032	111
-950.299988	112
-945.880005	117
-941.460022	117
-937.040039	104
-932.619995	98
-928.200012	97
-923.780029	91
-919.359985	103
-914.940002	110
-910.520020	127
-906.100037	114
-901.679993	111
-897.260010	113
-892.840027	115
-888.420044	109
-884.000000	104
-879.580017	101
-875.160034	106
-870.739990	96
-866.320007	99
-861.900024	115
-857.480042	114
-853.059998	111
-848.640015	100
-844.220032	102
-839.799988	108
-835.380005	111
-830.960022	108
-826.540039	102
-822.119995	98
-817.700012	110
-813.280029	110
-808.859985	112
-804.440002	111
-800.020020	117
-795.600037	110
-791.179993	110
-786.760010	120
-782.340027	125
-777.920044	117
-773.500000	113
-769.080017	108
-764.660034	100
-760.239990	92
-755.820007	101
-751.400024	111
-746.980042	104
-742.559998	93
-738.140015	116
-733.720032	111
-729.299988	119
-724.880005	108
-720.460022	112
-716.040039	109
-711.619995	117
-707.200012	119
-702.780029	99
-698.359985	109
-693.940002	124
-689.520020	114
-685.100037	117
-680.679993	111
-676.260010	121
-671.840027	111
-667.419983	114
-663.000000	121
-658.580017	120
-654.160034	116
-649.739990	120
-645.320007	112
-640.900024	116
-636.479980	118
-632.059998	107
-627.640015	104
-623.220032	106
-618.799988	109
-614.380005	119
-609.960022	119
-605.540039	115
-601.119995	113
-596.700012	120
-592.280029	103
-587.859985	110
-583.440002	116
-579.020020	112
-574.600037	120
-570.179993	121
-565.760010	107
-561.340027	120
-556.919983	111
-552.500000	114
-548.080017	116
-543.660034	118
-539.239990	110
-534.820007	106
-530.400024	123
-525.979980	122
-521.559998	124
-517.140015	123
-512.720032	124
-508.300018	119
-503.880005	109
-499.460022	115
-495.040009	130
-490.619995	121
-486.200012	130
-481.779999	133
-477.360016	127
-472.940002	121
-468.520020	112
-464.100006	120
-459.679993	126
-455.260010	122
-450.839996	124
-446.420013	121
-442.000000	128
-437.580017	137
-433.160004	137
-428.740021	124
-424.320007	110
-419.899994	132
-415.480011	150
-411.059998	148
-406.640015	147
-402.220001	123
-397.800018	123
-393.380005	153
-388.960022	146
-384.540009	151
-380.119995	143
-375.700012	144
-371.279999	139
-366.860016	147
-362.440002	162
-358.020020	147
-353.600006	153
-349.179993	144
-344.760010	156
-340.339996	156
-335.920013	143
-331.500000	139
-327.080017	161
-322.660004	170
-318.239990	176
-313.820007	172
-309.399994	163
-304.980011	182
-300.559998	192
-296.140015	179
-291.720001	192
-287.300018	193
-282.880005	194
-278.459991	193
-274.040009	216
-269.619995	223
-265.200012	216
-260.779999	222
-256.360016	239
-251.940002	224
-247.520004	242
-243.100006	277
-238.680008	271
-234.260010	276
-229.839996	282
-225.419998	312
-221.000000	318
-216.580002	329
-212.160004	352
-207.740005	372
-203.320007	393
-198.900009	411
-194.480011	433
-190.059998	466
-185.639999	510
-181.220001	552
-176.800003	596
-172.380005	609
-167.960007	681
-163.540009	760
-159.119995	845
-154.699997	931
-150.279999	1035
-145.860001	1146
-141.440002	1295
-137.020004	1478
-132.600006	1649
-128.180008	1847
-123.760002	2082
-119.340004	2408
-114.919998	2762
-110.500000	3185
-106.080002	3702
-101.660004	4312
-97.240005	5099
-92.820000	5977
-88.400002	6903
-83.980003	7782
-79.559998	8451
-75.139999	9029
-70.720001	9589
-66.300003	10078
-61.880001	10507
-57.459999	10914
-53.040001	11257
-48.620003	11539
-44.200001	11838
-39.779999	12080
-35.360001	12241
-30.940001	12411
-26.520000	12492
-22.100000	12572
-17.680000	12654
-13.260000	12671
-8.840000	12675
-4.420000	12724
0.000000	12732
4.420000	12657
8.840000	12535
13.260000	12325
17.680000	12101
22.100000	11843
26.520000	11528
30.940001	11163
35.360001	10719
39.779999	10180
44.200001	9501
48.620003	8590
53.040001	7391
57.459999	6212
61.880001	5134
66.300003	4377
70.720001	3722
75.139999	3130
79.559998	2686
83.980003	2322
88.400002	2047
92.820000	1817
97.240005	1584
101.660004	1376
106.080002	1203
110.500000	1071
114.919998	945
119.340004	832
123.760002	762
128.180008	681
132.600006	613
137.020004	593
141.440002	560
145.860001	512
150.279999	459
154.699997	413
159.119995	388
163.540009	373
167.960007	356
172.380005	339
176.800003	328
181.220001	297
185.639999	267
190.059998	261
194.480011	261
198.900009	245
203.320007	253
207.740005	243
212.160004	229
216.580002	237
221.000000	241
225.419998	221
229.839996	205
234.260010	205
238.680008	201
243.100006	202
247.520004	196
251.940002	205
256.360016	195
260.779999	193
265.200012	177
269.619995	172
274.040009	187
278.459991	169
282.880005	155
287.300018	163
291.720001	169
296.140015	155
300.559998	152
304.980011	154
309.399994	150
313.820007	155
318.239990	160
322.660004	147
327.080017	127
331.500000	144
335.920013	144
340.339996	141
344.760010	150
349.179993	151
353.600006	146
358.020020	147
362.440002	151
366.860016	145
371.279999	142
375.700012	133
380.119995	127
384.540009	124
388.960022	127
393.380005	142
397.800018	137
402.220001	134
406.640015	126
411.059998	130
415.480011	135
419.899994	137
424.320007	134
428.740021	119
433.160004	123
437.580017	136
442.000000	142
446.420013	124
450.839996	127
455.260010	119
459.679993	122
464.100006	123
468.520020	121
472.940002	129
477.360016	125
481.779999	119
486.200012	111
490.619995	113
495.040009	131
499.460022	130
503.880005	132
508.300018	138
512.720032	126
517.140015	122
521.559998	123
525.979980	121
530.400024	132
534.820007	135
539.239990	119
543.660034	124
548.080017	126
552.500000	126
556.919983	114
561.340027	108
565.760010	118
570.179993	116
574.600037	133
579.020020	123
583.440002	129
587.859985	127
592.280029	128
596.700012	128
601.119995	134
605.540039	131
609.960022	124
614.380005	125
618.799988	131
623.220032	124
627.640015	121
632.059998	121
636.479980	121
640.900024	133
645.320007	138
649.739990	128
654.160034	115
658.580017	120
663.000000	126
667.419983	113
671.840027	113
676.260010	120
680.679993	113
685.100037	115
689.520020	108
693.940002	112
698.359985	110
702.780029	122
707.200012	117
711.619995	125
716.040039	117
720.460022	133
724.880005	124
729.299988	119
733.720032	116
738.140015	119
742.559998	122
746.980042	123
751.400024	124
755.820007	123
760.239990	120
764.660034	117
769.080017	122
773.500000	132
777.920044	126
782.340027	120
786.760010	132
791.179993	133
795.600037	104
800.020020	118
804.440002	125
808.859985	118
813.280029	115
817.700012	116
822.119995	120
826.540039	128
830.960022	125
835.380005	114
839.799988	115
844.220032	135
848.640015	126
853.059998	110
857.480042	112
861.900024	106
866.320007	122
870.739990	124
875.160034	132
879.580017	127
884.000000	122
888.420044	120
892.840027	130
897.260010	122
901.679993	123
906.100037	126
910.520020	115
914.940002	117
919.359985	111
923.780029	114
928.200012	117
932.619995	125
937.040039	130
941.460022	110
945.880005	113
950.299988	114
954.720032	115
959.140015	108
963.559998	116
967.980042	126
972.400024	123
976.820007	124
981.239990	130
985.660034	127
990.080017	118
994.500000	121
998.920044	128
1003.340027	114
1007.760010	124
1012.179993	122
1016.600037	114
1021.020020	117
1025.440063	118
1029.859985	124
1034.280029	116
1038.700073	125
1043.119995	131
1047.540039	119
1051.959961	124
1056.380005	125
1060.800049	123
1065.219971	133
1069.640015	124
1074.060059	114
1078.479980	104
1082.900024	117
1087.320068	126
1091.739990	126
1096.160034	120
1100.580078	122
1105.000000	115
1109.420044	118
1113.839966	121
1118.260010	134
1122.680054	117
1127.099976	116
1131.520020	123
1135.940063	127
1140.359985	115
1144.780029	116
1149.200073	121
1153.619995	115
1158.040039	116
1162.459961	120
1166.880005	102
1171.300049	113
1175.719971	119
1180.140015	121
1184.560059	128
1188.979980	119
1193.400024	121
1197.820068	118
1202.239990	124
1206.660034	120
1211.080078	129
1215.500000	120
1219.920044	122
1224.339966	105
1228.760010	118
1233.180054	117
1237.599976	115
1242.020020	110
1246.440063	119
1250.859985	116
1255.280029	129
1259.700073	120
1264.119995	111
1268.540039	123
1272.959961	118
1277.380005	112
1281.800049	109
1286.219971	111
1290.640015	121
1295.060059	116
1299.479980	98
1303.900024	103
1308.320068	118
1312.739990	124
1317.160034	128
1321.580078	123
1326.000000	124
1330.420044	117
1334.839966	123
1339.260010	116
1343.680054	115
1348.099976	120
1352.520020	121
1356.940063	123
1361.359985	130
1365.780029	127
1370.200073	122
1374.619995	119
1379.040039	130
1383.460083	113
1387.880005	103
1392.300049	100
1396.719971	118
1401.140015	130
1405.560059	129
1409.979980	123
1414.400024	133
1418.820068	139
1423.239990	139
1427.660034	129
1432.080078	119
1436.500000	123
1440.920044	114
1445.339966	126
1449.760010	131
1454.180054	130
1458.599976	127
1463.020020	132
1467.440063	125
1471.859985	115
1476.280029	118
1480.700073	100
1485.119995	103
1489.540039	118
1493.960083	130
1498.380005	135
1502.800049	117
1507.219971	114
1511.640015	124
1516.060059	115
1520.479980	127
1524.900024	119
1529.320068	121
1533.739990	118
1538.160034	124
1542.580078	122
1547.000000	113
1551.420044	126
1555.840088	126
1560.260010	107
1564.680054	117
1569.099976	129
1573.520020	132
1577.940063	133
1582.359985	129
1586.780029	131
1591.200073	130
1595.619995	126
1600.040039	118
1604.460083	122
1608.880005	133
1613.300049	119
1617.719971	120
1622.140015	114
1626.560059	122
1630.979980	122
1635.400024	127
1639.820068	145
1644.239990	148
1648.660034	125
1653.080078	117
1657.500000	125
1661.920044	104
1666.340088	113
1670.760010	123
1675.180054	140
1679.599976	128
1684.020020	127
1688.440063	111
1692.859985	121
1697.280029	115
1701.700073	110
1706.119995	108
1710.540039	111
1714.960083	122
1719.380005	118
1723.800049	124
1728.219971	135
1732.640015	121
1737.060059	121
1741.479980	119
1745.900024	123
1750.320068	109
1754.739990	100
1759.160034	133
1763.580078	140
1768.000000	121
1772.420044	120
1776.840088	117
1781.260010	118
1785.680054	119
1790.099976	112
1794.520020	121
1798.940063	133
1803.359985	132
1807.780029	126
1812.200073	121
1816.619995	114
1821.040039	129
1825.460083	126
1829.880005	120
1834.300049	129
1838.719971	113
1843.140015	106
1847.560059	111
1851.979980	99
1856.400024	123
1860.820068	128
1865.239990	114
1869.660034	119
1874.080078	127
1878.500000	126
1882.920044	119
1887.340088	109
1891.760010	112
1896.180054	112
1900.599976	129
1905.020020	133
1909.440063	128
1913.859985	116
1918.280029	119
1922.700073	117
1927.119995	129
1931.540039	128
1935.960083	133
1940.380005	137
1944.800049	124
1949.220093	126
1953.640015	126
1958.060059	110
1962.479980	108
1966.900024	113
1971.320068	135
1975.739990	145
1980.160034	124
1984.580078	121
1989.000000	125
1993.420044	131
1997.840088	131
2002.260010	130
2006.680054	117
2011.099976	122
2015.520020	126
2019.940063	120
2024.359985	114
2028.780029	110
2033.200073	128
2037.619995	117
2042.040039	104
2046.460083	124
2050.880127	125
2055.300049	136
2059.719971	120
2064.140137	123
2068.560059	128
2072.979980	130
2077.400146	116
2081.820068	120
2086.239990	129
2090.660156	128
2095.080078	122
2099.500000	120
2103.919922	115
2108.340088	123
2112.760010	109
2117.179932	122
2121.600098	126
2126.020020	125
2130.439941	118
2134.860107	118
2139.280029	123
2143.699951	128
2148.120117	130
2152.540039	119
2156.959961	115
2161.380127	119
2165.800049	126
2170.219971	134
2174.640137	135
2179.060059	126
2183.479980	133
2187.900146	135
2192.320068	120
2196.739990	122
2201.160156	122
2205.580078	130
2210.000000	129
2214.419922	136
2218.840088	123
2223.260010	132
2227.679932	125
2232.100098	125
2236.520020	117
2240.939941	124
2245.360107	118
2249.780029	126
2254.199951	131
2258.620117	140
2263.040039	131
2267.459961	131
2271.880127	133
2276.300049	122
2280.719971	120
2285.140137	131
2289.560059	117
2293.979980	118
2298.400146	125
2302.820068	134
2307.239990	136
2311.660156	119
2316.080078	103
2320.500000	106
2324.919922	117
2329.340088	125
2333.760010	112
2338.179932	111
2342.600098	123
2347.020020	137
2351.439941	150
2355.860107	147
2360.280029	132
2364.699951	131
2369.120117	134
2373.540039	128
2377.959961	122
2382.380127	148
2386.800049	130
2391.219971	115
2395.640137	119
2400.060059	116
2404.479980	125
2408.900146	131
2413.320068	129
2417.739990	132
2422.160156	126
2426.580078	128
2431.000000	120
2435.419922	136
2439.840088	139
2444.260010	123
2448.679932	138
2453.100098	147
2457.520020	134
2461.939941	131
2466.360107	130
2470.780029	125
2475.199951	116
2479.620117	122
2484.040039	119
2488.459961	140
2492.880127	144
2497.300049	143
2501.719971	124
2506.140137	124
2510.560059	127
2514.979980	133
2519.400146	127
2523.820068	137
2528.239990	136
2532.660156	115
2537.080078	107
2541.500000	122
2545.919922	132
2550.340088	145
2554.760010	137
2559.179932	131
2563.600098	149
2568.020020	140
2572.439941	126
2576.860107	134
2581.280029	134
2585.699951	130
2590.120117	127
2594.540039	118
2598.959961	112
2603.380127	128
2607.800049	145
2612.219971	142
2616.640137	133
2621.060059	132
2625.479980	139
2629.900146	135
2634.320068	137
2638.739990	140
2643.160156	123
2647.580078	127
2652.000000	128
2656.420166	128
2660.840088	130
2665.260010	125
2669.679932	130
2674.100098	141
2678.520020	138
2682.939941	137
2687.360107	131
2691.780029	121
2696.199951	116
2700.620117	125
2705.040039	136
2709.459961	129
2713.880127	133
2718.300049	127
2722.719971	128
2727.140137	127
2731.560059	118
2735.979980	111
2740.400146	128
2744.820068	138
2749.239990	128
2753.660156	116
2758.080078	128
2762.500000	131
2766.920166	119
2771.340088	118
2775.760010	128
2780.179932	118
2784.600098	122
2789.020020	122
2793.439941	118
2797.860107	126
2802.280029	132
2806.699951	129
2811.120117	132
2815.540039	151
2819.959961	130
2824.380127	121
2828.800049	119
2833.219971	129
2837.640137	124
2842.060059	138
2846.479980	140
2850.900146	134
2855.320068	133
2859.739990	119
2864.160156	129
2868.580078	124
2873.000000	119
2877.420166	128
2881.840088	141
2886.260010	129
2890.679932	119
2895.100098	130
2899.520020	132
2903.939941	134
2908.360107	124
2912.780029	137
2917.199951	150
2921.620117	138
2926.040039	132
2930.459961	133
2934.880127	129
2939.300049	140
2943.719971	139
2948.140137	126
2952.560059	136
2956.979980	127
2961.400146	124
2965.820068	134
2970.239990	126
2974.660156	135
2979.080078	141
2983.500000	134
2987.920166	133
2992.340088	140
2996.760010	136
3001.179932	135
3005.600098	131
3010.020020	128
3014.439941	120
3018.860107	135
3023.280029	125
3027.699951	130
3032.120117	141
3036.540039	134
3040.959961	129
3045.380127	130
3049.800049	136
3054.219971	128
3058.640137	127
3063.060059	132
3067.479980	137
3071.900146	135
3076.320068	124
3080.739990	119
3085.160156	115
3089.580078	121
3094.000000	133
3098.420166	132
3102.840088	115
3107.260010	126
3111.680176	134
3116.100098	130
3120.520020	121
3124.939941	124
3129.360107	121
3133.780029	130
3138.199951	127
3142.620117	128
3147.040039	132
3151.459961	133
3155.880127	129
3160.300049	127
3164.719971	119
3169.140137	132
3173.560059	126
3177.979980	129
3182.400146	128
3186.820068	132
3191.239990	132
3195.660156	130
3200.080078	133
3204.500000	128
3208.920166	137
3213.340088	131
3217.760010	132
3222.180176	132
3226.600098	132
3231.020020	128
3235.439941	129
3239.860107	128
3244.280029	137
3248.699951	134
3253.120117	135
3257.540039	126
3261.959961	123
3266.380127	121
3270.800049	127
3275.219971	119
3279.640137	130
3284.060059	132
3288.479980	136
3292.900146	143
3297.320068	143
3301.739990	130
3306.160156	134
3310.580078	139
3315.000000	138
3319.420166	125
3323.840088	122
3328.260010	141
3332.680176	143
3337.100098	132
3341.520020	130
3345.939941	133
3350.360107	117
3354.780029	123
3359.199951	137
3363.620117	131
3368.040039	121
3372.459961	130
3376.880127	140
3381.300049	119
3385.719971	119
3390.140137	134
3394.560059	140
3398.979980	133
3403.400146	131
3407.820068	138
3412.239990	142
3416.660156	137
3421.080078	122
3425.500000	132
3429.920166	132
3434.340088	132
3438.760010	140
3443.180176	134
3447.600098	129
3452.020020	133
3456.439941	128
3460.860107	131
3465.280029	131
3469.699951	125
3474.120117	128
3478.540039	139
3482.959961	124
3487.380127	127
3491.800049	128
3496.219971	134
3500.640137	135
3505.060059	127
3509.479980	120
3513.900146	126
3518.320068	140
3522.739990	131
3527.160156	128
3531.580078	135
3536.000000	130
3540.420166	141
3544.840088	141
3549.260010	145
3553.680176	140
3558.100098	138
3562.520020	136
3566.939941	138
3571.360107	131
3575.780029	132
3580.199951	134
3584.620117	146
3589.040039	155
3593.459961	157
3597.880127	146
3602.300049	144
3606.719971	141
3611.140137	143
3615.560059	130
3619.979980	133
3624.400146	147
3628.820068	159
3633.239990	152
3637.660156	150
3642.080078	151
3646.500000	146
3650.920166	145
3655.340088	159
3659.760010	164
3664.180176	166
3668.600098	158
3673.020020	158
3677.439941	148
3681.860107	162
3686.280029	178
3690.699951	164
3695.120117	157
3699.540039	166
3703.959961	160
3708.380127	179
3712.800049	181
3717.219971	181
3721.640137	168
3726.060059	161
3730.479980	173
3734.900146	175
3739.320068	177
3743.739990	190
3748.160156	194
3752.580078	186
3757.000000	182
3761.420166	190
3765.840088	202
3770.260010	201
3774.680176	204
3779.100098	212
3783.520020	216
3787.940186	218
3792.360107	201
3796.780029	201
3801.199951	202
3805.620117	210
3810.040039	223
3814.459961	233
3818.880127	247
3823.300049	242
3827.719971	247
3832.140137	256
3836.560059	263
3840.979980	261
3845.400146	277
3849.820068	293
3854.239990	296
3858.660156	303
3863.080078	306
3867.500000	326
3871.920166	344
3876.340088	351
3880.760010	359
3885.180176	354
3889.600098	341
3894.020020	333
3898.440186	355
3902.860107	370
3907.280029	342
3911.699951	352
3916.120117	366
3920.540039	381
3924.959961	408
3929.380127	417
3933.800049	409
3938.219971	438
3942.640137	490
3947.060059	525
3951.479980	535
3955.900146	566
3960.320068	614
3964.739990	646
3969.160156	663
3973.580078	708
3978.000000	741
3982.420166	737
3986.840088	751
3991.260010	762
3995.680176	772
4000.100098	784
4004.520020	821
4008.940186	839
4013.360107	821
4017.780029	854
4022.199951	855
4026.620117	857
4031.040039	845
4035.459961	829
4039.880127	852
4044.300049	871
4048.719971	877
4053.140137	872
4057.560059	874
4061.979980	885
4066.400146	913
4070.820068	926
4075.239990	922
4079.660156	939
4084.080078	940
4088.500000	917
4092.920166	903
4097.339844	913
4101.760254	915
4106.180176	896
4110.600098	895
4115.020020	917
4119.439941	913
4123.859863	918
4128.280273	927
4132.700195	928
4137.120117	946
4141.540039	935
4145.959961	929
4150.379883	944
4154.800293	950
4159.220215	961
4163.640137	977
4168.060059	958
4172.479980	964
4176.899902	994
4181.320313	1017
4185.740234	1046
4190.160156	1045
4194.580078	1043
4199.000000	1059
4203.419922	1068
4207.839844	1072
4212.260254	1078
4216.680176	1087
4221.100098	1069
4225.520020	1061
4229.939941	1073
4234.359863	1089
4238.780273	1101
4243.200195	1080
4247.620117	1046
4252.040039	1042
4256.459961	1059
4260.879883	1061
4265.300293	1069
4269.720215	1088
4274.140137	1123
4278.560059	1159
4282.979980	1212
4287.399902	1264
4291.820313	1308
4296.240234	1279
4300.660156	1261
4305.080078	1285
4309.500000	1322
4313.919922	1348
4318.339844	1376
4322.760254	1402
4327.180176	1406
4331.600098	1452
4336.020020	1472
4340.439941	1462
4344.859863	1483
4349.280273	1498
4353.700195	1505
4358.120117	1523
4362.540039	1516
4366.959961	1527
4371.379883	1556
4375.800293	1562
4380.220215	1562
4384.640137	1565
4389.060059	1602
4393.479980	1631
4397.899902	1642
4402.320313	1681
4406.740234	1708
4411.160156	1693
4415.580078	1699
4420.000000	1731
4424.419922	1750
4428.839844	1811
4433.260254	1843
4437.680176	1806
4442.100098	1811
4446.520020	1848
4450.939941	1837
4455.359863	1896
4459.780273	1946
4464.200195	1924
4468.620117	1916
4473.040039	1922
4477.459961	1904
4481.879883	1899
4486.300293	1949
4490.720215	1985
4495.140137	1986
4499.560059	1988
4503.979980	2000
4508.399902	2018
4512.820313	2016
4517.240234	2027
4521.660156	2026
4526.080078	2021
4530.500000	2041
4534.919922	2048
4539.339844	2050
4543.760254	2069
4548.180176	2107
4552.600098	2157
4557.020020	2148
4561.439941	2173
4565.859863	2232
4570.280273	2209
4574.700195	2195
4579.120117	2233
4583.540039	2244
4587.959961	2281
4592.379883	2298
4596.800293	2291
4601.220215	2334
4605.640137	2374
4610.060059	2376
4614.479980	2369
4618.899902	2382
4623.320313	2437
4627.740234	2480
4632.160156	2466
4636.580078	2467
4641.000000	2507
4645.419922	2569
4649.839844	2599
4654.260254	2616
4658.680176	2625
4663.100098	2667
4667.520020	2689
4671.939941	2739
4676.359863	2830
4680.780273	2857
4685.200195	2878
4689.620117	2917
4694.040039	2956
4698.459961	2991
4702.879883	3021
4707.300293	3078
4711.720215	3168
4716.140137	3224
4720.560059	3225
4724.979980	3263
4729.399902	3304
4733.820313	3383
4738.240234	3458
4742.660156	3445
4747.080078	3472
4751.500000	3488
4755.919922	3480
4760.339844	3528
4764.760254	3598
4769.180176	3628
4773.600098	3656
4778.020020	3671
4782.439941	3716
4786.859863	3687
4791.280273	3703
4795.700195	3781
4800.120117	3759
4804.540039	3710
4808.959961	3728
4813.379883	3797
4817.800293	3819
4822.220215	3788
4826.640137	3782
4831.060059	3828
4835.479980	3812
4839.899902	3797
4844.320313	3823
4848.740234	3836
4853.160156	3829
4857.580078	3773
4862.000000	3767
4866.419922	3780
4870.839844	3776
4875.260254	3823
4879.680176	3840
4884.100098	3866
4888.520020	3876
4892.939941	3844
4897.359863	3842
4901.780273	3858
4906.200195	3924
4910.620117	3935
4915.040039	3891
4919.459961	3862
4923.879883	3827
4928.300293	3806
4932.720215	3798
4937.140137	3821
4941.560059	3770
4945.979980	3714
4950.399902	3732
4954.820313	3734
4959.240234	3715
4963.660156	3733
4968.080078	3721
4972.500000	3660
4976.919922	3676
4981.339844	3655
4985.760254	3651
4990.180176	3612
4994.600098	3594
4999.020020	3587
5003.439941	3588
5007.859863	3530
5012.280273	3521
5016.700195	3581
5021.120117	3627
5025.540039	3612
5029.959961	3573
5034.379883	3530
5038.800293	3491
5043.220215	3478
5047.640137	3494
5052.060059	3444
5056.479980	3406
5060.899902	3461
5065.320313	3474
5069.740234	3433
5074.160156	3341
5078.580078	3296
5083.000000	3282
5087.419922	3241
5091.839844	3221
5096.260254	3254
5100.680176	3230
5105.100098	3194
5109.520020	3184
5113.939941	3176
5118.359863	3187
5122.780273	3185
5127.200195	3153
5131.620117	3146
5136.040039	3110
5140.459961	3101
5144.879883	3135
5149.300293	3133
5153.720215	3150
5158.140137	3096
5162.560059	3073
5166.979980	3122
5171.399902	3147
5175.820313	3122
5180.240234	3122
5184.660156	3073
5189.080078	3059
5193.500000	3102
5197.919922	3106
5202.340332	3111
5206.760254	3088
5211.180176	3095
5215.600098	3122
5220.020020	3109
5224.439941	3073
5228.859863	3094
5233.280273	3164
5237.700195	3151
5242.120117	3158
5246.540039	3126
5250.959961	3120
5255.379883	3120
5259.800293	3135
5264.220215	3113
5268.640137	3139
5273.060059	3199
5277.479980	3183
5281.899902	3163
5286.320313	3221
5290.740234	3238
5295.160156	3165
5299.580078	3177
5304.000000	3227
5308.419922	3237
5312.840332	3247
5317.260254	3207
5321.680176	3191
5326.100098	3215
5330.520020	3144
5334.939941	3122
5339.359863	3118
5343.780273	3103
5348.200195	3124
5352.620117	3151
5357.040039	3098
5361.459961	3098
5365.879883	3123
5370.300293	3097
5374.720215	3076
5379.140137	3084
5383.560059	3101
5387.979980	3065
5392.399902	3063
5396.820313	3064
5401.240234	3011
5405.660156	3036
5410.080078	3040
5414.500000	3044
5418.919922	3046
5423.340332	3046
5427.760254	3040
5432.180176	3013
5436.600098	3014
5441.020020	2990
5445.439941	2933
5449.859863	2960
5454.280273	2962
5458.700195	2955
5463.120117	2925
5467.540039	2947
5471.959961	2986
5476.379883	2970
5480.800293	2951
5485.220215	2949
5489.640137	2952
5494.060059	2893
5498.479980	2870
5502.899902	2896
5507.320313	2884
5511.740234	2887
5516.160156	2897
5520.580078	2900
5525.000000	2949
5529.419922	2922
5533.840332	2825
5538.260254	2785
5542.680176	2849
5547.100098	2883
5551.520020	2889
5555.939941	2851
5560.359863	2830
5564.780273	2807
5569.200195	2820
5573.620117	2843
5578.040039	2802
5582.459961	2763
5586.879883	2761
5591.300293	2765
5595.720215	2741
5600.140137	2724
5604.560059	2696
5608.979980	2681
5613.399902	2684
5617.820313	2711
5622.240234	2692
5626.660156	2723
5631.080078	2698
5635.500000	2676
5639.919922	2671
5644.340332	2718
5648.760254	2671
5653.180176	2672
5657.600098	2682
5662.020020	2681
5666.439941	2657
5670.859863	2663
5675.280273	2656
5679.700195	2649
5684.120117	2636
5688.540039	2626
5692.959961	2595
5697.379883	2640
5701.800293	2669
5706.220215	2643
5710.640137	2632
5715.060059	2660
5719.479980	2650
5723.899902	2624
5728.320313	2629
5732.740234	2683
5737.160156	2687
5741.580078	2664
5746.000000	2717
5750.419922	2705
5754.840332	2709
5759.260254	2806
5763.680176	2774
5768.100098	2774
5772.520020	2826
5776.939941	2819
5781.359863	2791
5785.780273	2819
5790.200195	2848
5794.620117	2856
5799.040039	2860
5803.459961	2890
5807.879883	2896
5812.300293	2898
5816.720215	2897
5821.140137	2852
5825.560059	2824
5829.979980	2836
5834.399902	2837
5838.820313	2839
5843.240234	2855
5847.660156	2837
5852.080078	2799
5856.500000	2826
5860.919922	2827
5865.340332	2789
5869.760254	2772
5874.180176	2772
5878.600098	2772
5883.020020	2751
5887.439941	2736
5891.859863	2752
5896.280273	2749
5900.700195	2766
5905.120117	2774
5909.540039	2758
5913.959961	2724
5918.379883	2721
5922.800293	2717
5927.220215	2731
5931.640137	2663
5936.060059	2602
5940.479980	2602
5944.899902	2642
5949.320313	2670
5953.740234	2648
5958.160156	2631
5962.580078	2634
5967.000000	2625
5971.419922	2631
5975.840332	2594
5980.260254	2586
5984.680176	2613
5989.100098	2587
5993.520020	2554
5997.939941	2511
6002.359863	2465
6006.780273	2446
6011.200195	2445
6015.620117	2450
6020.040039	2399
6024.459961	2392
6028.879883	2425
6033.300293	2384
6037.720215	2338
6042.140137	2334
6046.560059	2310
6050.979980	2286
6055.399902	2285
6059.820313	2258
6064.240234	2219
6068.660156	2207
6073.080078	2194
6077.500000	2198
6081.919922	2160
6086.340332	2165
6090.760254	2160
6095.180176	2110
6099.600098	2079
6104.020020	2070
6108.439941	2083
6112.859863	2079
6117.280273	2064
6121.700195	2043
6126.120117	2019
6130.540039	1989
6134.959961	1967
6139.379883	1971
6143.800293	1962
6148.220215	1975
6152.640137	1985
6157.060059	1962
6161.479980	1951
6165.899902	1924
6170.320313	1871
6174.740234	1859
6179.160156	1891
6183.580078	1902
6188.000000	1865
6192.419922	1872
6196.840332	1890
6201.260254	1891
6205.680176	1861
6210.100098	1853
6214.520020	1856
6218.939941	1854
6223.360352	1808
6227.780273	1827
6232.200195	1835
6236.620117	1816
6241.040039	1800
6245.459961	1792
6249.879883	1807
6254.300293	1811
6258.720215	1809
6263.140137	1800
6267.560059	1794
6271.979980	1806
6276.399902	1800
6280.820313	1789
6285.240234	1788
6289.660156	1759
6294.080078	1778
6298.500000	1803
6302.919922	1820
6307.340332	1797
6311.760254	1780
6316.180176	1778
6320.600098	1798
6325.020020	1814
6329.439941	1798
6333.860352	1737
6338.280273	1751
6342.700195	1778
6347.120117	1800
6351.540039	1809
6355.959961	1796
6360.379883	1785
6364.800293	1759
6369.220215	1777
6373.640137	1796
6378.060059	1765
6382.479980	1745
6386.899902	1735
6391.320313	1720
6395.740234	1697
6400.160156	1727
6404.580078	1750
6409.000000	1751
6413.419922	1702
6417.840332	1707
6422.260254	1738
6426.680176	1727
6431.100098	1748
6435.520020	1724
6439.939941	1684
6444.360352	1691
6448.780273	1719
6453.200195	1728
6457.620117	1731
6462.040039	1711
6466.459961	1701
6470.879883	1695
6475.300293	1716
6479.720215	1715
6484.140137	1707
6488.560059	1678
6492.979980	1675
6497.399902	1717
6501.820313	1752
6506.240234	1712
6510.660156	1720
6515.080078	1692
6519.500000	1710
6523.919922	1731
6528.340332	1738
6532.760254	1712
6537.180176	1692
6541.600098	1713
6546.020020	1728
6550.439941	1710
6554.860352	1734
6559.280273	1761
6563.700195	1763
6568.120117	1729
6572.540039	1702
6576.959961	1728
6581.379883	1727
6585.800293	1757
6590.220215	1757
6594.640137	1733
6599.060059	1712
6603.479980	1747
6607.899902	1771
6612.320313	1801
6616.740234	1822
6621.160156	1808
6625.580078	1772
6630.000000	1767
6634.419922	1798
6638.840332	1810
6643.260254	1786
6647.680176	1800
6652.100098	1760
6656.520020	1765
6660.939941	1813
6665.360352	1832
6669.780273	1796
6674.200195	1781
6678.620117	1814
6683.040039	1804
6687.459961	1783
6691.879883	1814
6696.300293	1802
6700.720215	1806
6705.140137	1834
6709.560059	1814
6713.979980	1829
6718.399902	1834
6722.820313	1803
6727.240234	1772
6731.660156	1797
6736.080078	1836
6740.500000	1822
6744.919922	1794
6749.340332	1815
6753.760254	1846
6758.180176	1828
6762.600098	1853
6767.020020	1872
6771.439941	1845
6775.860352	1840
6780.280273	1842
6784.700195	1794
6789.120117	1797
6793.540039	1792
6797.959961	1784
6802.379883	1799
6806.800293	1791
6811.220215	1785
6815.640137	1775
6820.060059	1752
6824.479980	1755
6828.899902	1787
6833.320313	1831
6837.740234	1803
6842.160156	1768
6846.580078	1772
6851.000000	1801
6855.419922	1774
6859.840332	1752
6864.260254	1805
6868.680176	1838
6873.100098	1851
6877.520020	1825
6881.939941	1814
6886.360352	1796
6890.780273	1813
6895.200195	1863
6899.620117	1861
6904.040039	1804
6908.459961	1778
6912.879883	1814
6917.300293	1863
6921.720215	1883
6926.140137	1853
6930.560059	1874
6934.979980	1896
6939.399902	1905
6943.820313	1894
6948.240234	1861
6952.660156	1908
6957.080078	1921
6961.500000	1897
6965.919922	1878
6970.340332	1883
6974.760254	1916
6979.180176	1909
6983.600098	1912
6988.020020	1933
6992.439941	1952
6996.860352	1916
7001.280273	1876
7005.700195	1915
7010.120117	1953
7014.540039	1945
7018.959961	1942
7023.379883	1936
7027.800293	1939
7032.220215	1997
7036.640137	1963
7041.060059	1922
7045.479980	1898
7049.899902	1896
7054.320313	1908
7058.740234	1899
7063.160156	1901
7067.580078	1883
7072.000000	1906
7076.419922	1910
7080.840332	1860
7085.260254	1863
7089.680176	1872
7094.100098	1848
7098.520020	1851
7102.939941	1827
7107.360352	1820
7111.780273	1815
7116.200195	1753
7120.620117	1740
7125.040039	1752
7129.459961	1761
7133.879883	1762
7138.300293	1769
7142.720215	1714
7147.140137	1686
7151.560059	1731
7155.979980	1735
7160.399902	1701
7164.820313	1680
7169.240234	1668
7173.660156	1660
7178.080078	1635
7182.500000	1618
7186.919922	1624
7191.340332	1611
7195.760254	1582
7200.180176	1603
7204.600098	1632
7209.020020	1588
7213.439941	1571
7217.860352	1609
7222.280273	1598
7226.700195	1564
7231.120117	1573
7235.540039	1571
7239.959961	1527
7244.379883	1505
7248.800293	1529
7253.220215	1513
7257.640137	1519
7262.060059	1545
7266.479980	1539
7270.899902	1533
7275.320313	1518
7279.740234	1535
7284.160156	1567
7288.580078	1565
7293.000000	1541
7297.419922	1521
7301.840332	1512
7306.260254	1524
7310.680176	1481
7315.100098	1478
7319.520020	1522
7323.939941	1531
7328.360352	1526
7332.780273	1500
7337.200195	1497
7341.620117	1498
7346.040039	1468
7350.459961	1474
7354.879883	1503
7359.300293	1523
7363.720215	1496
7368.140137	1467
7372.560059	1455
7376.979980	1450
7381.399902	1437
7385.820313	1421
7390.240234	1458
7394.660156	1441
7399.080078	1436
7403.500000	1427
7407.919922	1371
7412.340332	1394
7416.760254	1451
7421.180176	1428
7425.600098	1385
7430.020020	1400
7434.439941	1386
7438.860352	1355
7443.280273	1337
7447.700195	1326
7452.120117	1314
7456.540039	1312
7460.959961	1344
7465.380371	1350
7469.800293	1312
7474.220215	1273
7478.640137	1238
7483.060059	1238
7487.479980	1244
7491.899902	1242
7496.320313	1228
7500.740234	1206
7505.160156	1170
7509.580078	1147
7514.000000	1139
7518.419922	1091
7522.840332	1072
7527.260254	1052
7531.680176	1047
7536.100098	1018
7540.520020	980
7544.939941	990
7549.360352	987
7553.780273	971
7558.200195	948
7562.620117	908
7567.040039	907
7571.459961	903
7575.880371	892
7580.300293	898
7584.720215	880
7589.140137	873
7593.560059	864
7597.979980	858
7602.399902	860
7606.820313	862
7611.240234	863
7615.660156	852
7620.080078	852
7624.500000	847
7628.919922	856
7633.340332	857
7637.760254	859
7642.180176	859
7646.600098	856
7651.020020	845
7655.439941	858
7659.860352	847
7664.280273	807
7668.700195	801
7673.120117	820
7677.540039	824
7681.959961	814
7686.380371	808
7690.800293	805
7695.220215	815
7699.640137	817
7704.060059	804
7708.479980	822
7712.899902	801
7717.320313	803
7721.740234	803
7726.160156	781
7730.580078	760
7735.000000	756
7739.419922	746
7743.840332	735
7748.260254	741
7752.680176	715
7757.100098	702
7761.520020	718
7765.939941	714
7770.360352	714
7774.780273	689
7779.200195	664
7783.620117	653
7788.040039	656
7792.459961	651
7796.880371	651
7801.300293	657
7805.720215	626
7810.140137	619
7814.560059	625
7818.979980	610
7823.399902	624
7827.820313	602
7832.240234	587
7836.660156	589
7841.080078	606
7845.500000	601
7849.919922	562
7854.340332	557
7858.760254	566
7863.180176	586
7867.600098	586
7872.020020	575
7876.439941	555
7880.860352	559
7885.280273	579
7889.700195	602
7894.120117	605
7898.540039	572
7902.959961	580
7907.380371	568
7911.800293	560
7916.220215	567
7920.640137	570
7925.060059	566
7929.479980	565
7933.899902	574
7938.320313	565
7942.740234	562
7947.160156	565
7951.580078	536
7956.000000	556
7960.419922	570
7964.840332	594
7969.260254	598
7973.680176	555
7978.100098	543
7982.520020	560
7986.939941	573
7991.360352	570
7995.780273	560
8000.200195	558
8004.620117	555
8009.040039	540
8013.459961	547
8017.880371	544
8022.300293	532
8026.720215	540
8031.140137	534
8035.560059	530
8039.979980	511
8044.399902	497
8048.820313	508
8053.240234	493
8057.660156	481
8062.080078	465
8066.500000	462
8070.919922	463
8075.340332	466
8079.760254	467
8084.180176	447
8088.600098	454
8093.020020	448
8097.439941	457
8101.860352	458
8106.280273	446
8110.700195	428
8115.120117	428
8119.540039	432
8123.959961	421
8128.380371	409
8132.800293	394
8137.220215	378
8141.640137	387
8146.060059	410
8150.479980	404
8154.899902	392
8159.320313	380
8163.740234	364
8168.160156	355
8172.580078	362
8177.000000	358
8181.419922	360
8185.840332	363
8190.260254	367
8194.679688	361
8199.100586	375
8203.520508	386
8207.940430	381
8212.360352	380
8216.780273	350
8221.200195	341
8225.620117	349
8230.040039	344
8234.459961	366
8238.879883	360
8243.299805	352
8247.719727	351
8252.140625	360
8256.560547	355
8260.980469	356
8265.400391	352
8269.820313	355
8274.240234	370
8278.660156	356
8283.080078	364
8287.500000	376
8291.919922	386
8296.339844	386
8300.759766	386
8305.179688	392
8309.600586	395
8314.020508	401
8318.440430	393
8322.860352	369
8327.280273	390
8331.700195	398
8336.120117	377
8340.540039	385
8344.959961	392
8349.379883	402
8353.799805	393
8358.219727	398
8362.640625	401
8367.060547	396
8371.480469	383
8375.900391	401
8380.320313	418
8384.740234	402
8389.160156	398
8393.580078	398
8398.000000	423
8402.419922	416
8406.839844	391
8411.259766	407
8415.679688	416
8420.100586	422
8424.520508	412
8428.940430	410
8433.360352	402
8437.780273	401
8442.200195	410
8446.620117	413
8451.040039	397
8455.459961	385
8459.879883	398
8464.299805	411
8468.719727	397
8473.140625	387
8477.560547	387
8481.980469	390
8486.400391	412
8490.820313	400
8495.240234	410
8499.660156	412
8504.080078	414
8508.500000	416
8512.919922	416
8517.339844	425
8521.759766	422
8526.179688	401
8530.600586	421
8535.020508	402
8539.440430	385
8543.860352	377
8548.280273	372
8552.700195	361
8557.120117	379
8561.540039	385
8565.959961	369
8570.379883	358
8574.799805	366
8579.219727	379
8583.640625	368
8588.060547	347
8592.480469	333
8596.900391	340
8601.320313	337
8605.740234	331
8610.160156	339
8614.580078	335
8619.000000	340
8623.419922	318
8627.839844	325
8632.259766	318
8636.679688	320
8641.100586	302
8645.520508	296
8649.940430	306
8654.360352	314
8658.780273	308
8663.200195	278
8667.620117	274
8672.040039	273
8676.459961	280
8680.879883	280
8685.299805	285
8689.719727	272
8694.140625	278
8698.560547	262
8702.980469	269
8707.400391	271
8711.820313	253
8716.240234	234
8720.660156	255
8725.080078	270
8729.500000	247
8733.919922	229
8738.339844	226
8742.759766	239
8747.179688	237
8751.600586	222
8756.020508	230
8760.440430	233
8764.860352	223
8769.280273	213
8773.700195	221
8778.120117	208
8782.540039	213
8786.959961	209
8791.379883	217
8795.799805	219
8800.219727	212
8804.640625	214
8809.060547	205
8813.480469	191
8817.900391	187
8822.320313	189
8826.740234	190
8831.160156	191
8835.580078	200
8840.000000	195
8844.419922	194
8848.839844	186
8853.259766	188
8857.679688	174
8862.100586	179
8866.520508	189
8870.940430	183
8875.360352	189
8879.780273	191
8884.200195	193
8888.620117	193
8893.040039	184
8897.459961	184
8901.879883	176
8906.299805	196
8910.719727	192
8915.140625	195
8919.560547	184
8923.980469	175
8928.400391	173
8932.820313	176
8937.240234	181
8941.660156	175
8946.080078	193
8950.500000	182
8954.919922	177
8959.339844	184
8963.759766	183
8968.179688	163
8972.600586	165
8977.020508	176
8981.440430	172
8985.860352	176
8990.280273	181
8994.700195	180
8999.120117	187
9003.540039	188
9007.959961	172
9012.379883	184
9016.799805	186
9021.219727	197
9025.640625	190
9030.060547	183
9034.480469	168
9038.900391	176
9043.320313	191
9047.740234	188
9052.160156	190
9056.580078	188
9061.000000	174
9065.419922	184
9069.839844	175
9074.259766	177
9078.679688	174
9083.100586	181
9087.520508	177
9091.940430	174
9096.360352	176
9100.780273	171
9105.200195	165
9109.620117	171
9114.040039	181
9118.459961	202
9122.879883	189
9127.299805	183
9131.719727	174
9136.140625	172
9140.560547	171
9144.980469	160
9149.400391	162
9153.820313	171
9158.240234	180
9162.660156	175
9167.080078	177
9171.500000	171
9175.919922	163
9180.339844	172
9184.759766	177
9189.179688	165
9193.600586	164
9198.020508	165
9202.440430	181
9206.860352	180
9211.280273	175
9215.700195	171
9220.120117	178
9224.540039	169
9228.959961	169
9233.379883	174
9237.799805	173
9242.219727	171
9246.640625	166
9251.060547	159
9255.480469	168
9259.900391	178
9264.320313	160
9268.740234	156
9273.160156	165
9277.580078	167
9282.000000	156
9286.419922	166
9290.839844	172
9295.259766	180
9299.679688	165
9304.100586	147
9308.520508	149
9312.940430	171
9317.360352	160
9321.780273	163
9326.200195	150
9330.620117	147
9335.040039	136
9339.459961	147
9343.879883	157
9348.299805	173
9352.719727	157
9357.140625	152
9361.560547	142
9365.980469	146
9370.400391	150
9374.820313	160
9379.240234	172
9383.660156	159
9388.080078	149
9392.500000	153
9396.919922	149
9401.339844	143
9405.759766	148
9410.179688	156
9414.600586	159
9419.020508	148
9423.440430	150
9427.860352	151
9432.280273	157
9436.700195	151
9441.120117	147
9445.540039	155
9449.959961	160
9454.379883	165
9458.799805	164
9463.219727	169
9467.640625	162
9472.060547	156
9476.480469	162
9480.900391	159
9485.320313	160
9489.740234	161
9494.160156	161
9498.580078	157
9503.000000	152
9507.419922	153
9511.839844	167
9516.259766	161
9520.679688	167
9525.100586	169
9529.520508	163
9533.940430	170
9538.360352	175
9542.780273	156
9547.200195	161
9551.620117	163
9556.040039	162
9560.459961	174
9564.879883	166
9569.299805	164
9573.719727	165
9578.140625	172
9582.560547	162
9586.980469	168
9591.400391	164
9595.820313	169
9600.240234	180
9604.660156	171
9609.080078	169
9613.500000	177
9617.919922	169
9622.339844	154
9626.759766	166
9631.179688	168
9635.600586	168
9640.020508	166
9644.440430	169
9648.860352	172
9653.280273	172
9657.700195	184
9662.120117	170
9666.540039	159
9670.959961	174
9675.379883	183
9679.799805	171
9684.219727	174
9688.640625	189
9693.060547	174
9697.480469	161
9701.900391	177
9706.320313	171
9710.740234	175
9715.160156	174
9719.580078	166
9724.000000	168
9728.419922	171
9732.839844	163
9737.259766	175
9741.679688	177
9746.100586	182
9750.520508	185
9754.940430	177
9759.360352	182
9763.780273	188
9768.200195	184
9772.620117	186
9777.040039	185
9781.459961	190
9785.879883	188
9790.299805	189
9794.719727	192
9799.140625	187
9803.560547	160
9807.980469	159
9812.400391	175
9816.820313	181
9821.240234	185
9825.660156	167
9830.080078	174
9834.500000	183
9838.919922	188
9843.339844	179
9847.759766	183
9852.179688	172
9856.600586	170
9861.020508	175
9865.440430	191
9869.860352	191
9874.280273	190
9878.700195	173
9883.120117	189
9887.540039	187
9891.959961	179
9896.379883	177
9900.799805	175
9905.219727	178
9909.640625	185
9914.060547	177
9918.480469	183
9922.900391	181
9927.320313	174
9931.740234	168
9936.160156	161
9940.580078	171
9945.000000	179
9949.419922	157
9953.839844	164
9958.259766	177
9962.679688	166
9967.100586	168
9971.520508	173
9975.940430	174
9980.360352	180
9984.780273	184
9989.200195	184
9993.620117	174
9998.040039	180
10002.459961	184
10006.879883	187
10011.299805	184
10015.719727	180
10020.140625	159
10024.560547	151
10028.980469	137
10033.400391	163
10037.820313	163
10042.240234	152
10046.660156	168
10051.080078	166
10055.500000	168
10059.919922	178
10064.339844	165
10068.759766	151
10073.179688	159
10077.600586	157
10082.020508	162
10086.440430	162
10090.860352	166
10095.280273	174
10099.700195	170
10104.120117	147
10108.540039	153
10112.959961	169
10117.379883	153
10121.799805	146
10126.219727	165
10130.640625	171
10135.060547	163
10139.480469	171
10143.900391	163
10148.320313	156
10152.740234	152
10157.160156	166
10161.580078	171
10166.000000	176
10170.419922	173
10174.839844	156
10179.259766	151
10183.679688	161
10188.100586	176
10192.520508	167
10196.940430	158
10201.360352	157
10205.780273	139
10210.200195	151
10214.620117	161
10219.040039	155
10223.459961	147
10227.879883	135
10232.299805	146
10236.719727	146
10241.140625	144
10245.560547	150
10249.980469	142
10254.400391	134
10258.820313	128
10263.240234	129
10267.660156	130
10272.080078	130
10276.500000	127
10280.919922	122
10285.339844	126
10289.759766	149
10294.180664	131
10298.600586	115
10303.020508	123
10307.440430	132
10311.860352	124
10316.280273	142
10320.700195	147
10325.120117	146
10329.540039	142
10333.959961	136
10338.379883	130
10342.799805	111
10347.219727	111
10351.640625	112
10356.060547	113
10360.480469	110
10364.900391	110
10369.320313	110
10373.740234	105
10378.160156	101
10382.580078	105
10387.000000	108
10391.419922	98
10395.839844	94
10400.259766	103
10404.680664	99
10409.100586	81
10413.520508	85
10417.940430	90
10422.360352	76
10426.780273	74
10431.200195	82
10435.620117	78
10440.040039	72
10444.459961	66
10448.879883	68
10453.299805	68
10457.719727	64
10462.140625	60
10466.560547	57
10470.980469	47
10475.400391	53
10479.820313	58
10484.240234	48
10488.660156	54
10493.080078	49
10497.500000	51
10501.919922	44
10506.339844	41
10510.759766	37
10515.180664	36
10519.600586	31
10524.020508	35
10528.440430	38
10532.860352	27
10537.280273	27
10541.700195	23
10546.120117	21
10550.540039	30
10554.959961	32
10559.379883	32
10563.799805	30
10568.219727	28
10572.640625	26
10577.060547	29
10581.480469	24
10585.900391	26
10590.320313	32
10594.740234	30
10599.160156	28
10603.580078	24
10608.000000	18
10612.419922	20
10616.839844	22
10621.259766	21
10625.680664	16
10630.100586	17
10634.520508	14
10638.940430	16
10643.360352	18
10647.780273	15
10652.200195	16
10656.620117	18
10661.040039	18
10665.459961	9
10669.879883	10
10674.299805	12
10678.719727	12
10683.140625	10
10687.560547	7
10691.980469	5
10696.400391	8
10700.820313	9
10705.240234	3
10709.660156	0
10714.080078	3
10718.500000	2
10722.919922	3
10727.339844	3
10731.759766	1
10736.180664	0
10740.600586	0
10745.020508	0
10749.440430	0
10753.860352	0
10758.280273	0
10762.700195	0
10767.120117	0
10771.540039	0
10775.959961	0
10780.379883	0
10784.799805	0
10789.219727	0
10793.640625	0
10798.060547	0
10802.480469	0
10806.900391	0
10811.320313	0
10815.740234	0
10820.160156	0
10824.580078	0
10829.000000	0
10833.419922	0
10837.839844	0
10842.259766	0
10846.680664	0
10851.100586	0
10855.520508	0
10859.940430	0
10864.360352	0
10868.780273	0
10873.200195	0
10877.620117	0
10882.040039	0
10886.459961	0
10890.879883	0
10895.299805	0
10899.719727	0
10904.140625	0
10908.560547	0
10912.980469	0
10917.400391	0
10921.820313	0
10926.240234	0
10930.660156	0
10935.080078	0
10939.500000	0
10943.919922	0
10948.339844	0
10952.759766	0
10957.180664	0
10961.600586	0
10966.020508	0
10970.440430	0
10974.860352	0
10979.280273	0
10983.700195	0
10988.120117	0
10992.540039	0
10996.959961	0
11001.379883	0
11005.799805	0
11010.219727	0
11014.640625	0
11019.060547	0
11023.480469	0
11027.900391	0
11032.320313	0
11036.740234	0
11041.160156	0
11045.580078	0
11050.000000	0
11054.419922	0
11058.839844	0
11063.259766	0
11067.680664	0
11072.100586	0
11076.520508	0
11080.940430	0
11085.360352	0
11089.780273	0
11094.200195	0
11098.620117	0
11103.040039	0
11107.459961	0
11111.879883	0
11116.299805	0
11120.719727	0
11125.140625	0
11129.560547	0
11133.980469	0
11138.400391	0
11142.820313	0
11147.240234	0
11151.660156	0
11156.080078	0
11160.500000	0
11164.919922	0
11169.339844	0
11173.759766	0
11178.180664	0
11182.600586	0
11187.020508	0
11191.440430	0
11195.860352	0
11200.280273	0
11204.700195	0
11209.120117	0
11213.540039	0
11217.959961	0
11222.379883	0
11226.799805	0
11231.219727	0
11235.640625	0
11240.060547	0
11244.480469	0
11248.900391	0
11253.320313	0
11257.740234	0
11262.160156	0
11266.580078	0
11271.000000	0
11275.419922	0
11279.839844	0
11284.259766	0
11288.680664	0
11293.100586	0
11297.520508	0
11301.940430	0
11306.360352	0
11310.780273	0
11315.200195	0
11319.620117	0
11324.040039	0
11328.459961	0
11332.879883	0
11337.299805	0
11341.719727	0
11346.140625	0
11350.560547	0
11354.980469	0
11359.400391	0
11363.820313	0
11368.240234	0
11372.660156	0
11377.080078	0
11381.500000	0
11385.919922	0
11390.339844	0
11394.759766	0
11399.180664	0
11403.600586	0
11408.020508	0
11412.440430	0
11416.860352	0
11421.280273	0
11425.700195	0
11430.120117	0
11434.540039	0
11438.959961	0
11443.379883	0
11447.799805	0
11452.219727	0
11456.640625	0
11461.060547	0
11465.480469	0
11469.900391	0
11474.320313	0
11478.740234	0
11483.160156	0
11487.580078	0
11492.000000	0
11496.419922	0
11500.839844	0
11505.259766	0
11509.680664	0
11514.100586	0
11518.520508	0
11522.940430	0
11527.360352	0
11531.780273	0
11536.200195	0
11540.620117	0
11545.040039	0
11549.459961	0
11553.879883	0
11558.299805	0
11562.719727	0
11567.140625	0
11571.560547	0
11575.980469	0
11580.400391	0
11584.820313	0
11589.240234	0
11593.660156	0
11598.080078	0
11602.500000	0
11606.919922	0
11611.339844	0
11615.759766	0
11620.180664	0
11624.600586	0
11629.020508	0
11633.440430	0
11637.860352	0
11642.280273	0
11646.700195	0
11651.120117	0
11655.540039	0
11659.959961	0
11664.379883	0
11668.799805	0
11673.219727	0
11677.640625	0
11682.060547	0
11686.480469	0
11690.900391	0
11695.320313	0
11699.740234	0
11704.160156	0
11708.580078	0
11713.000000	0
11717.419922	0
11721.839844	0
11726.259766	0
11730.680664	0
11735.100586	0
11739.520508	0
11743.940430	0
11748.360352	0
11752.780273	0
11757.200195	0
11761.620117	0
11766.040039	0
11770.459961	0
11774.879883	0
11779.299805	0
11783.719727	0
11788.140625	0
11792.560547	0
11796.980469	0
11801.400391	0
11805.820313	0
11810.240234	0
11814.660156	0
11819.080078	0
11823.500000	0
11827.919922	0
11832.339844	0
11836.759766	0
11841.180664	0
11845.600586	0
11850.020508	0
11854.440430	0
11858.860352	0
11863.280273	0
11867.700195	0
11872.120117	0
11876.540039	0
11880.959961	0
11885.379883	0
11889.799805	0
11894.219727	0
11898.640625	0
11903.060547	0
11907.480469	0
11911.900391	0
11916.320313	0
11920.740234	0
11925.160156	0
11929.580078	0
11934.000000	0
11938.419922	0
11942.839844	0
11947.259766	0
11951.680664	0
11956.100586	0
11960.520508	0
11964.940430	0
11969.360352	0
11973.780273	0
11978.200195	0
11982.620117	0
11987.040039	0
11991.459961	0
11995.879883	0
12000.299805	0
12004.719727	0
12009.140625	0
12013.560547	0
12017.980469	0
12022.400391	0
12026.820313	0
12031.240234	0
12035.660156	0
12040.080078	0
12044.500000	0
12048.919922	0
12053.339844	0
12057.759766	0
12062.180664	0
12066.600586	0
12071.020508	0
12075.440430	0
12079.860352	0
12084.280273	0
12088.700195	0
12093.120117	0
12097.540039	0
12101.959961	0
12106.379883	0
12110.799805	0
12115.219727	0
12119.640625	0
12124.060547	0
12128.480469	0
12132.900391	0
12137.320313	0
12141.740234	0
12146.160156	0
12150.580078	0
12155.000000	0
12159.419922	0
12163.839844	0
12168.259766	0
12172.680664	0
12177.100586	0
12181.520508	0
12185.940430	0
12190.360352	0
12194.780273	0
12199.200195	0
12203.620117	0
12208.040039	0
12212.459961	0
12216.879883	0
12221.299805	0
12225.719727	0
12230.140625	0
12234.560547	0
12238.980469	0
12243.400391	0
12247.820313	0
12252.240234	0
12256.660156	0
12261.080078	0
12265.500000	0
12269.919922	0
12274.339844	0
12278.759766	0
12283.180664	0
12287.600586	0
12292.020508	0
12296.440430	0
12300.860352	0
12305.280273	0
12309.700195	0
12314.120117	0
12318.540039	0
12322.959961	0
12327.379883	0
12331.799805	0
12336.219727	0
12340.640625	0
12345.060547	0
12349.480469	0
12353.900391	0
12358.320313	0
12362.740234	0
12367.160156	0
12371.580078	0
12376.000000	0
12380.419922	0
12384.839844	0
12389.259766	0
12393.680664	0
12398.100586	0
12402.520508	0
12406.940430	0
12411.360352	0
12415.780273	0
12420.200195	0
12424.620117	0
12429.040039	0
12433.459961	0
12437.879883	0
12442.299805	0
