-4258.359863	0
-4253.928711	0
-4249.497559	0
-4245.066406	0
-4240.635254	0
-4236.204102	0
-4231.772949	0
-4227.341797	0
-4222.910645	0
-4218.479492	0
-4214.048340	0
-4209.617188	0
-4205.186035	0
-4200.754883	0
-4196.323730	0
-4191.892578	0
-4187.461426	0
-4183.030273	0
-4178.599121	0
-4174.167969	0
-4169.736328	0
-4165.305176	0
-4160.874023	0
-4156.442871	0
-4152.011719	0
-4147.580566	0
-4143.149414	0
-4138.718262	0
-4134.287109	0
-4129.855957	0
-4125.424805	0
-4120.993652	0
-4116.562500	0
-4112.131348	0
-4107.700195	0
-4103.269043	0
-4098.837891	0
-4094.406494	0
-4089.975342	0
-4085.544189	0
-4081.113037	0
-4076.681885	0
-4072.250732	0
-4067.819580	0
-4063.388428	0
-4058.957275	0
-4054.525879	0
-4050.094727	0
-4045.663574	0
-4041.232422	0
-4036.801270	0
-4032.370117	0
-4027.938965	0
-4023.507813	0
-4019.076660	0
-4014.645508	0
-4010.214111	0
-4005.782959	0
-4001.351807	0
-3996.920654	0
-3992.489502	0
-3988.058350	0
-3983.627197	0
-3979.196045	0
-3974.764893	0
-3970.333740	0
-3965.902344	0
-3961.471191	0
-3957.040039	0
-3952.608887	0
-3948.177734	0
-3943.746582	0
-3939.315430	0
-3934.884277	0
-3930.453125	0
-3926.021973	0
-3921.590820	0
-3917.159424	0
-3912.728271	0
-3908.297119	0
-3903.865967	0
-3899.434814	0
-3895.003662	0
-3890.572510	0
-3886.141357	0
-3881.710205	0
-3877.279053	0
-3872.847656	0
-3868.416504	0
-3863.985352	0
-3859.554199	0
-3855.123047	0
-3850.691895	0
-3846.260742	0
-3841.829590	0
-3837.398438	0
-3832.967285	0
-3828.535889	0
-3824.104736	0
-3819.673584	0
-3815.242432	0
-3810.811279	0
-3806.380127	0
-3801.948975	0
-3797.517822	0
-3793.086670	0
-3788.655518	0
-3784.224365	0
-3779.792969	0
-3775.361816	0
-3770.930664	0
-3766.499512	0
-3762.068359	0
-3757.637207	0
-3753.206055	0
-3748.774902	0
-3744.343750	0
-3739.912598	0
-3735.481201	0
-3731.050049	0
-3726.618896	0
-3722.187744	0
-3717.756592	0
-3713.325439	0
-3708.894287	0
-3704.463135	0
-3700.031982	0
-3695.600830	0
-3691.169434	0
-3686.738281	0
-3682.307129	0
-3677.875977	0
-3673.444824	0
-3669.013672	0
-3664.582520	0
-3660.151367	0
-3655.720215	0
-3651.289063	0
-3646.857910	0
-3642.426514	0
-3637.995361	0
-3633.564209	0
-3629.133057	0
-3624.701904	0
-3620.270752	0
-3615.839600	0
-3611.408447	0
-3606.977295	0
-3602.546143	0
-3598.114746	0
-3593.683594	0
-3589.252441	0
-3584.821289	0
-3580.390137	0
-3575.958984	0
-3571.527832	0
-3567.096680	0
-3562.665527	0
-3558.234375	0
-3553.802979	0
-3549.371826	0
-3544.940674	0
-3540.509521	0
-3536.078369	0
-3531.647217	0
-3527.216064	0
-3522.784912	0
-3518.353760	0
-3513.922607	0
-3509.491455	0
-3505.060059	0
-3500.628906	0
-3496.197754	0
-3491.766602	0
-3487.335449	0
-3482.904297	0
-3478.473145	0
-3474.041992	0
-3469.610840	0
-3465.179688	0
-3460.748291	0
-3456.317139	0
-3451.885986	0
-3447.454834	0
-3443.023682	0
-3438.592529	0
-3434.161377	0
-3429.730225	0
-3425.299072	0
-3420.867920	0
-3416.436523	0
-3412.005371	0
-3407.574219	0
-3403.143066	0
-3398.711914	0
-3394.280762	0
-3389.849609	0
-3385.418457	0
-3380.987305	0
-3376.556152	0
-3372.125000	0
-3367.693604	0
-3363.262451	0
-3358.831299	0
-3354.400146	0
-3349.968994	0
-3345.537842	0
-3341.106689	0
-3336.675537	0
-3332.244385	0
-3327.813232	0
-3323.381836	0
-3318.950684	0
-3314.519531	0
-3310.088379	0
-3305.657227	0
-3301.226074	0
-3296.794922	0
-3292.363770	0
-3287.932617	0
-3283.501465	0
-3279.070313	0
-3274.638916	0
-3270.207764	0
-3265.776611	0
-3261.345459	0
-3256.914307	0
-3252.483154	0
-3248.052002	0
-3243.620850	0
-3239.189697	0
-3234.758545	0
-3230.327148	0
-3225.895996	0
-3221.464844	0
-3217.033691	0
-3212.602539	0
-3208.171387	0
-3203.740234	0
-3199.309082	0
-3194.877930	0
-3190.446777	0
-3186.015381	0
-3181.584229	0
-3177.153076	0
-3172.721924	0
-3168.290771	0
-3163.859619	0
-3159.428467	0
-3154.997314	0
-3150.566162	0
-3146.135010	0
-3141.703857	0
-3137.272461	0
-3132.841309	0
-3128.410156	0
-3123.979004	0
-3119.547852	0
-3115.116699	0
-3110.685547	0
-3106.254395	0
-3101.823242	0
-3097.392090	0
-3092.960693	0
-3088.529541	0
-3084.098389	0
-3079.667236	0
-3075.236084	0
-3070.804932	0
-3066.373779	0
-3061.942627	0
-3057.511475	0
-3053.080322	0
-3048.648926	0
-3044.217773	0
-3039.786621	0
-3035.355469	0
-3030.924316	0
-3026.493164	0
-3022.062012	0
-3017.630859	0
-3013.199707	0
-3008.768555	0
-3004.337402	0
-2999.906006	0
-2995.474854	0
-2991.043701	0
-2986.612549	0
-2982.181396	0
-2977.750244	0
-2973.319092	0
-2968.887939	0
-2964.456787	0
-2960.025635	0
-2955.594238	0
-2951.163086	0
-2946.731934	0
-2942.300781	0
-2937.869629	0
-2933.438477	0
-2929.007324	0
-2924.576172	0
-2920.145020	0
-2915.713867	0
-2911.282471	0
-2906.851318	0
-2902.420166	0
-2897.989014	0
-2893.557861	0
-2889.126709	0
-2884.695557	0
-2880.264404	0
-2875.833252	0
-2871.402100	0
-2866.970947	0
-2862.539551	0
-2858.108398	0
-2853.677246	0
-2849.246094	0
-2844.814941	0
-2840.383789	0
-2835.952637	0
-2831.521484	0
-2827.090332	0
-2822.659180	0
-2818.227783	0
-2813.796631	0
-2809.365479	0
-2804.934326	0
-2800.503174	0
-2796.072021	0
-2791.640869	0
-2787.209717	0
-2782.778564	0
-2778.347412	0
-2773.916016	0
-2769.484863	0
-2765.053711	0
-2760.622559	0
-2756.191406	0
-2751.760254	0
-2747.329102	0
-2742.897949	0
-2738.466797	0
-2734.035645	0
-2729.604492	0
-2725.173096	0
-2720.741943	0
-2716.310791	0
-2711.879639	0
-2707.448486	0
-2703.017334	0
-2698.586182	0
-2694.155029	0
-2689.723877	0
-2685.292725	0
-2680.861328	0
-2676.430176	0
-2671.999023	0
-2667.567871	0
-2663.136719	0
-2658.705566	0
-2654.274414	0
-2649.843262	0
-2645.412109	0
-2640.980957	0
-2636.549561	0
-2632.118408	0
-2627.687256	0
-2623.256104	0
-2618.824951	0
-2614.393799	0
-2609.962646	0
-2605.531494	0
-2601.100342	0
-2596.669189	0
-2592.238037	0
-2587.806641	0
-2583.375488	0
-2578.944336	0
-2574.513184	0
-2570.082031	0
-2565.650879	0
-2561.219727	0
-2556.788574	0
-2552.357422	0
-2547.926270	0
-2543.494873	0
-2539.063721	0
-2534.632568	0
-2530.201416	0
-2525.770264	0
-2521.339111	0
-2516.907959	0
-2512.476807	0
-2508.045654	0
-2503.614502	0
-2499.183105	0
-2494.751953	0
-2490.320801	0
-2485.889648	0
-2481.458496	0
-2477.027344	0
-2472.596191	0
-2468.165039	0
-2463.733887	0
-2459.302734	0
-2454.871582	0
-2450.440186	0
-2446.009033	0
-2441.577881	0
-2437.146729	0
-2432.715576	0
-2428.284424	0
-2423.853271	0
-2419.422119	0
-2414.990967	0
-2410.559814	0
-2406.128418	0
-2401.697266	0
-2397.266113	0
-2392.834961	0
-2388.403809	0
-2383.972656	0
-2379.541504	0
-2375.110352	0
-2370.679199	0
-2366.248047	0
-2361.816895	0
-2357.385498	0
-2352.954346	0
-2348.523193	0
-2344.092041	0
-2339.660889	0
-2335.229736	0
-2330.798584	0
-2326.367432	0
-2321.936279	0
-2317.505127	0
-2313.073730	0
-2308.642578	0
-2304.211426	0
-2299.780273	0
-2295.349121	0
-2290.917969	0
-2286.486816	0
-2282.055664	0
-2277.624512	0
-2273.193359	0
-2268.761963	0
-2264.330811	0
-2259.899658	0
-2255.468506	0
-2251.037354	0
-2246.606201	0
-2242.175049	0
-2237.743896	0
-2233.312744	2
-2228.881592	5
-2224.450439	9
-2220.019043	12
-2215.587891	13
-2211.156738	15
-2206.725586	19
-2202.294434	24
-2197.863281	31
-2193.432129	34
-2189.000977	37
-2184.569824	39
-2180.138672	39
-2175.707275	40
-2171.276123	47
-2166.844971	49
-2162.413818	55
-2157.982666	56
-2153.551514	61
-2149.120361	64
-2144.689209	68
-2140.258057	71
-2135.826904	74
-2131.395508	81
-2126.964355	79
-2122.533203	81
-2118.102051	87
-2113.670898	88
-2109.239746	87
-2104.808594	98
-2100.377441	104
-2095.946289	108
-2091.515137	108
-2087.083984	112
-2082.652588	113
-2078.221436	115
-2073.790283	118
-2069.359131	121
-2064.927979	123
-2060.496826	122
-2056.065674	126
-2051.634521	138
-2047.203247	135
-2042.772095	142
-2038.340942	146
-2033.909790	152
-2029.478638	155
-2025.047363	156
-2020.616211	153
-2016.185059	155
-2011.753906	158
-2007.322754	164
-2002.891479	171
-1998.460327	177
-1994.029175	181
-1989.598022	184
-1985.166870	184
-1980.735596	191
-1976.304443	194
-1971.873291	196
-1967.442139	200
-1963.010986	198
-1958.579712	196
-1954.148560	207
-1949.717407	214
-1945.286255	212
-1940.855103	217
-1936.423828	227
-1931.992676	222
-1927.561523	227
-1923.130371	228
-1918.699219	227
-1914.267944	227
-1909.836792	233
-1905.405640	242
-1900.974487	239
-1896.543335	242
-1892.112183	247
-1887.680908	248
-1883.249756	253
-1878.818604	254
-1874.387451	261
-1869.956299	266
-1865.525024	260
-1861.093872	266
-1856.662720	275
-1852.231567	278
-1847.800415	279
-1843.369141	281
-1838.937988	280
-1834.506836	276
-1830.075684	279
-1825.644531	280
-1821.213257	282
-1816.782104	279
-1812.350952	273
-1807.919800	275
-1803.488647	274
-1799.057373	274
-1794.626221	278
-1790.195068	275
-1785.763916	282
-1781.332764	284
-1776.901489	281
-1772.470337	284
-1768.039185	284
-1763.608032	288
-1759.176880	281
-1754.745728	281
-1750.314453	283
-1745.883301	279
-1741.452148	283
-1737.020996	282
-1732.589844	281
-1728.158569	267
-1723.727417	265
-1719.296265	275
-1714.865112	280
-1710.433960	276
-1706.002686	280
-1701.571533	281
-1697.140381	285
-1692.709229	285
-1688.278076	282
-1683.846802	282
-1679.415649	274
-1674.984497	279
-1670.553345	280
-1666.122192	281
-1661.690918	280
-1657.259766	279
-1652.828613	279
-1648.397461	280
-1643.966309	276
-1639.535156	275
-1635.103882	272
-1630.672729	278
-1626.241577	280
-1621.810425	279
-1617.379272	275
-1612.947998	276
-1608.516846	279
-1604.085693	283
-1599.654541	285
-1595.223389	285
-1590.792114	279
-1586.360962	281
-1581.929810	277
-1577.498657	275
-1573.067505	279
-1568.636230	281
-1564.205078	283
-1559.773926	282
-1555.342773	287
-1550.911621	288
-1546.480347	273
-1542.049194	281
-1537.618042	275
-1533.186890	278
-1528.755737	278
-1524.324463	278
-1519.893311	282
-1515.462158	280
-1511.031006	276
-1506.599854	279
-1502.168701	274
-1497.737427	277
-1493.306274	278
-1488.875122	279
-1484.443970	269
-1480.012817	263
-1475.581543	274
-1471.150391	275
-1466.719238	273
-1462.288086	282
-1457.856934	280
-1453.425659	276
-1448.994507	276
-1444.563354	283
-1440.132202	278
-1435.701050	277
-1431.269775	275
-1426.838623	279
-1422.407471	282
-1417.976318	276
-1413.545166	273
-1409.113892	280
-1404.682739	277
-1400.251587	277
-1395.820435	273
-1391.389282	273
-1386.958008	276
-1382.526855	277
-1378.095703	274
-1373.664551	273
-1369.233398	281
-1364.802246	281
-1360.370972	274
-1355.939819	278
-1351.508667	278
-1347.077515	279
-1342.646362	279
-1338.215088	272
-1333.783936	273
-1329.352783	272
-1324.921631	280
-1320.490479	275
-1316.059204	283
-1311.628052	279
-1307.196899	281
-1302.765747	273
-1298.334595	269
-1293.903320	267
-1289.472168	274
-1285.041016	279
-1280.609863	275
-1276.178711	275
-1271.747437	283
-1267.316284	277
-1262.885132	274
-1258.453979	271
-1254.022827	280
-1249.591553	277
-1245.160400	282
-1240.729248	278
-1236.298096	272
-1231.866943	271
-1227.435791	283
-1223.004517	282
-1218.573364	274
-1214.142212	278
-1209.711060	282
-1205.279907	285
-1200.848633	281
-1196.417480	282
-1191.986328	268
-1187.555176	264
-1183.124023	274
-1178.692749	274
-1174.261597	286
-1169.830444	286
-1165.399292	275
-1160.968140	269
-1156.536865	277
-1152.105713	278
-1147.674561	283
-1143.243408	283
-1138.812256	277
-1134.380981	271
-1129.949829	267
-1125.518677	274
-1121.087524	283
-1116.656372	283
-1112.225220	278
-1107.793945	280
-1103.362793	283
-1098.931641	279
-1094.500488	281
-1090.069336	282
-1085.638062	275
-1081.206909	271
-1076.775757	277
-1072.344604	277
-1067.913452	279
-1063.482178	276
-1059.051025	277
-1054.619873	274
-1050.188721	267
-1045.757568	276
-1041.326294	274
-1036.895142	282
-1032.463989	286
-1028.032837	279
-1023.601624	278
-1019.170471	275
-1014.739319	278
-1010.308105	280
-1005.876953	277
-1001.445740	277
-997.014587	275
-992.583435	269
-988.152222	274
-983.721069	270
-979.289856	278
-974.858704	279
-970.427551	282
-965.996338	277
-961.565186	270
-957.133972	267
-952.702820	284
-948.271667	284
-943.840454	281
-939.409302	282
-934.978149	275
-930.546936	277
-926.115784	282
-921.684570	279
-917.253418	286
-912.822266	287
-908.391052	281
-903.959900	282
-899.528687	281
-895.097534	281
-890.666382	276
-886.235168	274
-881.804016	274
-877.372864	277
-872.941650	280
-868.510498	276
-864.079285	275
-859.648132	278
-855.216980	278
-850.785767	276
-846.354614	271
-841.923401	269
-837.492249	272
-833.061096	278
-828.629883	280
-824.198730	282
-819.767578	278
-815.336365	282
-810.905212	276
-806.473999	277
-802.042847	277
-797.611694	277
-793.180481	281
-788.749329	277
-784.318115	276
-779.886963	275
-775.455811	280
-771.024597	283
-766.593445	288
-762.162231	286
-757.731079	285
-753.299927	280
-748.868713	279
-744.437561	283
-740.006409	282
-735.575195	280
-731.144043	285
-726.712830	276
-722.281677	276
-717.850525	275
-713.419312	277
-708.988159	277
-704.556946	279
-700.125793	270
-695.694641	266
-691.263428	271
-686.832275	281
-682.401123	279
-677.969910	278
-673.538757	273
-669.107544	279
-664.676392	280
-660.245239	288
-655.814026	286
-651.382874	278
-646.951660	271
-642.520508	275
-638.089355	278
-633.658142	279
-629.226990	275
-624.795776	273
-620.364624	274
-615.933472	270
-611.502258	282
-607.071106	280
-602.639954	282
-598.208740	285
-593.777588	289
-589.346375	283
-584.915222	279
-580.484070	283
-576.052856	278
-571.621704	285
-567.190491	277
-562.759338	284
-558.328186	282
-553.896973	278
-549.465820	283
-545.034668	288
-540.603455	288
-536.172302	283
-531.741089	280
-527.309937	289
-522.878784	285
-518.447571	280
-514.016418	279
-509.585236	276
-505.154053	279
-500.722870	283
-496.291718	285
-491.860535	288
-487.429352	285
-482.998169	282
-478.566986	285
-474.135834	277
-469.704651	276
-465.273468	281
-460.842285	286
-456.411133	290
-451.979950	288
-447.548767	287
-443.117584	297
-438.686432	287
-434.255249	285
-429.824066	281
-425.392883	279
-420.961700	285
-416.530548	290
-412.099365	286
-407.668182	288
-403.237000	283
-398.805847	286
-394.374664	288
-389.943481	287
-385.512299	283
-381.081116	280
-376.649963	284
-372.218781	290
-367.787598	294
-363.356415	292
-358.925262	289
-354.494080	284
-350.062897	290
-345.631714	287
-341.200562	284
-336.769379	287
-332.338196	288
-327.907013	298
-323.475830	291
-319.044678	287
-314.613495	285
-310.182312	298
-305.751129	294
-301.319977	289
-296.888794	294
-292.457611	296
-288.026428	285
-283.595245	288
-279.164093	292
-274.732910	295
-270.301727	302
-265.870544	298
-261.439392	308
-257.008209	308
-252.577026	305
-248.145859	303
-243.714676	311
-239.283493	318
-234.852325	318
-230.421143	325
-225.989975	326
-221.558792	323
-217.127625	324
-212.696442	326
-208.265274	347
-203.834091	353
-199.402924	344
-194.971741	351
-190.540558	348
-186.109390	349
-181.678207	359
-177.247040	364
-172.815857	370
-168.384689	378
-163.953506	397
-159.522339	411
-155.091156	406
-150.659988	415
-146.228806	425
-141.797623	454
-137.366455	470
-132.935272	481
-128.504105	502
-124.072929	541
-119.641747	568
-115.210571	583
-110.779396	610
-106.348221	664
-101.917046	715
-97.485870	768
-93.054695	846
-88.623520	937
-84.192345	1039
-79.761169	1180
-75.329994	1346
-70.898811	1535
-66.467636	1766
-62.036465	2090
-57.605286	2575
-53.174110	3233
-48.742935	4019
-44.311760	4980
-39.880585	5803
-35.449406	6368
-31.018232	6763
-26.587055	7099
-22.155880	7420
-17.724703	7700
-13.293528	7894
-8.862351	7986
-4.431176	8077
0.000000	8121
4.431176	8083
8.862351	8019
13.293528	7895
17.724703	7757
22.155880	7556
26.587055	7322
31.018232	6994
35.449406	6674
39.880585	6354
44.311760	5952
48.742935	5447
53.174110	4816
57.605286	4093
62.036465	3297
66.467636	2636
70.898811	2132
75.329994	1788
79.761169	1527
84.192345	1348
88.623520	1197
93.054695	1103
97.485870	1008
101.917046	887
106.348221	832
110.779396	788
115.210571	730
119.641747	658
124.072929	609
128.504105	586
132.935272	565
137.366455	536
141.797623	512
146.228806	494
150.659988	478
155.091156	458
159.522339	454
163.953506	433
168.384689	421
172.815857	407
177.247040	387
181.678207	383
186.109390	380
190.540558	378
194.971741	369
199.402924	368
203.834091	351
208.265274	347
212.696442	340
217.127625	339
221.558792	322
225.989975	322
230.421143	337
234.852325	327
239.283493	324
243.714676	328
248.145859	323
252.577026	315
257.008209	323
261.439392	324
265.870544	315
270.301727	308
274.732910	300
279.164093	302
283.595245	298
288.026428	305
292.457611	308
296.888794	299
301.319977	295
305.751129	309
310.182312	296
314.613495	296
319.044678	299
323.475830	302
327.907013	294
332.338196	299
336.769379	296
341.200562	292
345.631714	295
350.062897	301
354.494080	299
358.925262	295
363.356415	297
367.787598	292
372.218781	288
376.649963	289
381.081116	289
385.512299	290
389.943481	281
394.374664	285
398.805847	293
403.237000	295
407.668182	290
412.099365	285
416.530548	290
420.961700	290
425.392883	289
429.824066	283
434.255249	283
438.686432	276
443.117584	283
447.548767	289
451.979950	284
456.411133	287
460.842285	283
465.273468	288
469.704651	286
474.135834	298
478.566986	295
482.998169	297
487.429352	286
491.860535	286
496.291718	290
500.722870	281
505.154053	285
509.585236	286
514.016418	280
518.447571	281
522.878784	287
527.309937	287
531.741089	285
536.172302	289
540.603455	294
545.034668	286
549.465820	286
553.896973	275
558.328186	278
562.759338	289
567.190491	286
571.621704	291
576.052856	283
580.484070	285
584.915222	296
589.346375	299
593.777588	285
598.208740	286
602.639954	289
607.071106	286
611.502258	284
615.933472	278
620.364624	275
624.795776	279
629.226990	286
633.658142	286
638.089355	283
642.520508	289
646.951660	287
651.382874	286
655.814026	292
660.245239	289
664.676392	274
669.107544	284
673.538757	288
677.969910	283
682.401123	286
686.832275	283
691.263428	283
695.694641	280
700.125793	282
704.556946	286
708.988159	280
713.419312	279
717.850525	285
722.281677	279
726.712830	274
731.144043	276
735.575195	279
740.006409	283
744.437561	286
748.868713	291
753.299927	288
757.731079	279
762.162231	281
766.593445	275
771.024597	280
775.455811	284
779.886963	286
784.318115	281
788.749329	286
793.180481	287
797.611694	287
802.042847	283
806.473999	285
810.905212	286
815.336365	290
819.767578	287
824.198730	290
828.629883	290
833.061096	283
837.492249	283
841.923401	284
846.354614	283
850.785767	284
855.216980	283
859.648132	280
864.079285	282
868.510498	279
872.941650	282
877.372864	284
881.804016	284
886.235168	279
890.666382	282
895.097534	285
899.528687	287
903.959900	280
908.391052	277
912.822266	281
917.253418	294
921.684570	298
926.115784	286
930.546936	285
934.978149	283
939.409302	286
943.840454	283
948.271667	271
952.702820	274
957.133972	277
961.565186	274
965.996338	270
970.427551	278
974.858704	287
979.289856	280
983.721069	280
988.152222	281
992.583435	283
997.014587	278
1001.445740	280
1005.876953	291
1010.308105	278
1014.739319	276
1019.170471	276
1023.601624	283
1028.032837	285
1032.463989	280
1036.895142	288
1041.326294	289
1045.757568	288
1050.188721	277
1054.619873	280
1059.051025	289
1063.482178	285
1067.913452	288
1072.344604	283
1076.775757	282
1081.206909	279
1085.638062	275
1090.069336	283
1094.500488	285
1098.931641	279
1103.362793	279
1107.793945	283
1112.225220	285
1116.656372	280
1121.087524	278
1125.518677	291
1129.949829	280
1134.380981	277
1138.812256	284
1143.243408	282
1147.674561	288
1152.105713	284
1156.536865	291
1160.968140	286
1165.399292	282
1169.830444	281
1174.261597	276
1178.692749	270
1183.124023	284
1187.555176	284
1191.986328	278
1196.417480	285
1200.848633	288
1205.279907	286
1209.711060	285
1214.142212	285
1218.573364	278
1223.004517	283
1227.435791	292
1231.866943	286
1236.298096	282
1240.729248	282
1245.160400	287
1249.591553	288
1254.022827	289
1258.453979	290
1262.885132	288
1267.316284	286
1271.747437	284
1276.178711	283
1280.609863	285
1285.041016	291
1289.472168	290
1293.903320	287
1298.334595	285
1302.765747	280
1307.196899	292
1311.628052	290
1316.059204	286
1320.490479	284
1324.921631	292
1329.352783	293
1333.783936	287
1338.215088	281
1342.646362	287
1347.077515	294
1351.508667	290
1355.939819	291
1360.370972	282
1364.802246	278
1369.233398	286
1373.664551	281
1378.095703	295
1382.526855	291
1386.958008	286
1391.389282	283
1395.820435	283
1400.251587	282
1404.682739	282
1409.113892	292
1413.545166	294
1417.976318	291
1422.407471	293
1426.838623	292
1431.269775	298
1435.701050	288
1440.132202	285
1444.563354	278
1448.994507	281
1453.425659	288
1457.856934	288
1462.288086	291
1466.719238	295
1471.150391	285
1475.581543	288
1480.012817	285
1484.443970	288
1488.875122	290
1493.306274	291
1497.737427	283
1502.168701	282
1506.599854	288
1511.031006	293
1515.462158	297
1519.893311	289
1524.324463	291
1528.755737	289
1533.186890	284
1537.618042	289
1542.049194	291
1546.480347	292
1550.911621	291
1555.342773	282
1559.773926	284
1564.205078	284
1568.636230	292
1573.067505	289
1577.498657	287
1581.929810	287
1586.360962	284
1590.792114	286
1595.223389	284
1599.654541	289
1604.085693	285
1608.516846	286
1612.947998	291
1617.379272	290
1621.810425	283
1626.241577	281
1630.672729	285
1635.103882	296
1639.535156	295
1643.966309	286
1648.397461	291
1652.828613	279
1657.259766	280
1661.690918	291
1666.122192	285
1670.553345	284
1674.984497	283
1679.415649	283
1683.846802	290
1688.278076	295
1692.709229	292
1697.140381	290
1701.571533	286
1706.002686	280
1710.433960	285
1714.865112	290
1719.296265	297
1723.727417	294
1728.158569	286
1732.589844	279
1737.020996	279
1741.452148	287
1745.883301	289
1750.314453	286
1754.745728	289
1759.176880	281
1763.608032	282
1768.039185	283
1772.470337	289
1776.901489	279
1781.332764	286
1785.763916	288
1790.195068	298
1794.626221	297
1799.057373	300
1803.488647	288
1807.919800	280
1812.350952	285
1816.782104	285
1821.213257	292
1825.644531	290
1830.075684	289
1834.506836	288
1838.937988	292
1843.369141	295
1847.800415	289
1852.231567	293
1856.662720	298
1861.093872	295
1865.525024	299
1869.956299	292
1874.387451	283
1878.818604	289
1883.249756	282
1887.680908	282
1892.112183	290
1896.543335	288
1900.974487	285
1905.405640	287
1909.836792	284
1914.267944	293
1918.699219	294
1923.130371	285
1927.561523	291
1931.992676	294
1936.423828	288
1940.855103	287
1945.286255	287
1949.717407	281
1954.148560	285
1958.579712	291
1963.010986	292
1967.442139	293
1971.873291	291
1976.304443	289
1980.735596	291
1985.166870	289
1989.598022	289
1994.029175	286
1998.460327	289
2002.891479	290
2007.322754	287
2011.753906	283
2016.185059	291
2020.616211	298
2025.047363	295
2029.478638	285
2033.909790	284
2038.340942	287
2042.772095	293
2047.203247	291
2051.634521	286
2056.065674	295
2060.496826	292
2064.927979	277
2069.359131	269
2073.790283	272
2078.221436	285
2082.652588	288
2087.083984	284
2091.515137	292
2095.946289	291
2100.377441	292
2104.808594	286
2109.239746	283
2113.670898	284
2118.102051	288
2122.533203	291
2126.964355	287
2131.395508	284
2135.826904	284
2140.258057	293
2144.689209	290
2149.120361	289
2153.551514	285
2157.982666	289
2162.413818	289
2166.844971	290
2171.276123	290
2175.707275	289
2180.138672	284
2184.569824	284
2189.000977	283
2193.432129	280
2197.863281	283
2202.294434	280
2206.725586	284
2211.156738	290
2215.587891	296
2220.019043	303
2224.450439	296
2228.881592	299
2233.312744	301
2237.743896	290
2242.175049	300
2246.606201	297
2251.037354	290
2255.468506	287
2259.899658	288
2264.330811	294
2268.761963	295
2273.193359	294
2277.624512	285
2282.055664	285
2286.486816	290
2290.917969	290
2295.349121	296
2299.780273	300
2304.211426	298
2308.642578	291
2313.073730	292
2317.505127	289
2321.936279	293
2326.367432	293
2330.798584	299
2335.229736	301
2339.660889	291
2344.092041	286
2348.523193	289
2352.954346	289
2357.385498	289
2361.816895	290
2366.248047	289
2370.679199	287
2375.110352	282
2379.541504	292
2383.972656	289
2388.403809	294
2392.834961	294
2397.266113	290
2401.697266	295
2406.128418	299
2410.559814	288
2414.990967	295
2419.422119	290
2423.853271	297
2428.284424	295
2432.715576	288
2437.146729	292
2441.577881	288
2446.009033	284
2450.440186	284
2454.871582	290
2459.302734	292
2463.733887	301
2468.165039	297
2472.596191	291
2477.027344	291
2481.458496	293
2485.889648	296
2490.320801	291
2494.751953	288
2499.183105	293
2503.614502	292
2508.045654	294
2512.476807	294
2516.907959	289
2521.339111	293
2525.770264	291
2530.201416	292
2534.632568	295
2539.063721	293
2543.494873	289
2547.926270	285
2552.357422	281
2556.788574	284
2561.219727	290
2565.650879	290
2570.082031	296
2574.513184	293
2578.944336	284
2583.375488	289
2587.806641	294
2592.238037	293
2596.669189	300
2601.100342	300
2605.531494	296
2609.962646	293
2614.393799	296
2618.824951	293
2623.256104	292
2627.687256	292
2632.118408	297
2636.549561	299
2640.980957	297
2645.412109	293
2649.843262	288
2654.274414	290
2658.705566	297
2663.136719	293
2667.567871	297
2671.999023	289
2676.430176	286
2680.861328	290
2685.292725	287
2689.723877	292
2694.155029	293
2698.586182	292
2703.017334	294
2707.448486	297
2711.879639	301
2716.310791	294
2720.741943	294
2725.173096	288
2729.604492	281
2734.035645	282
2738.466797	285
2742.897949	288
2747.329102	303
2751.760254	300
2756.191406	295
2760.622559	285
2765.053711	287
2769.484863	291
2773.916016	292
2778.347412	291
2782.778564	302
2787.209717	290
2791.640869	288
2796.072021	290
2800.503174	286
2804.934326	288
2809.365479	294
2813.796631	295
2818.227783	291
2822.659180	297
2827.090332	294
2831.521484	289
2835.952637	284
2840.383789	288
2844.814941	289
2849.246094	285
2853.677246	285
2858.108398	293
2862.539551	291
2866.970947	290
2871.402100	293
2875.833252	290
2880.264404	288
2884.695557	295
2889.126709	292
2893.557861	288
2897.989014	295
2902.420166	295
2906.851318	297
2911.282471	293
2915.713867	291
2920.145020	290
2924.576172	305
2929.007324	304
2933.438477	299
2937.869629	298
2942.300781	305
2946.731934	306
2951.163086	297
2955.594238	299
2960.025635	295
2964.456787	292
2968.887939	296
2973.319092	294
2977.750244	292
2982.181396	293
2986.612549	288
2991.043701	295
2995.474854	289
2999.906006	283
3004.337402	278
3008.768555	285
3013.199707	293
3017.630859	286
3022.062012	296
3026.493164	299
3030.924316	290
3035.355469	282
3039.786621	291
3044.217773	291
3048.648926	301
3053.080322	302
3057.511475	292
3061.942627	282
3066.373779	283
3070.804932	293
3075.236084	293
3079.667236	295
3084.098389	287
3088.529541	297
3092.960693	303
3097.392090	296
3101.823242	292
3106.254395	296
3110.685547	297
3115.116699	297
3119.547852	293
3123.979004	295
3128.410156	290
3132.841309	291
3137.272461	290
3141.703857	291
3146.135010	283
3150.566162	292
3154.997314	297
3159.428467	294
3163.859619	285
3168.290771	288
3172.721924	298
3177.153076	289
3181.584229	280
3186.015381	288
3190.446777	296
3194.877930	291
3199.309082	288
3203.740234	286
3208.171387	288
3212.602539	293
3217.033691	293
3221.464844	299
3225.895996	298
3230.327148	290
3234.758545	282
3239.189697	291
3243.620850	296
3248.052002	290
3252.483154	295
3256.914307	297
3261.345459	295
3265.776611	294
3270.207764	295
3274.638916	291
3279.070313	289
3283.501465	291
3287.932617	288
3292.363770	289
3296.794922	292
3301.226074	289
3305.657227	288
3310.088379	292
3314.519531	290
3318.950684	293
3323.381836	287
3327.813232	286
3332.244385	298
3336.675537	297
3341.106689	291
3345.537842	289
3349.968994	289
3354.400146	293
3358.831299	292
3363.262451	289
3367.693604	293
3372.125000	296
3376.556152	307
3380.987305	292
3385.418457	291
3389.849609	285
3394.280762	295
3398.711914	303
3403.143066	296
3407.574219	294
3412.005371	295
3416.436523	294
3420.867920	299
3425.299072	295
3429.730225	288
3434.161377	296
3438.592529	299
3443.023682	294
3447.454834	291
3451.885986	292
3456.317139	297
3460.748291	285
3465.179688	288
3469.610840	296
3474.041992	299
3478.473145	294
3482.904297	293
3487.335449	303
3491.766602	299
3496.197754	292
3500.628906	295
3505.060059	299
3509.491455	300
3513.922607	303
3518.353760	298
3522.784912	300
3527.216064	298
3531.647217	298
3536.078369	296
3540.509521	295
3544.940674	299
3549.371826	288
3553.802979	292
3558.234375	299
3562.665527	290
3567.096680	293
3571.527832	294
3575.958984	292
3580.390137	294
3584.821289	300
3589.252441	305
3593.683594	294
3598.114746	303
3602.546143	304
3606.977295	300
3611.408447	297
3615.839600	316
3620.270752	305
3624.701904	302
3629.133057	309
3633.564209	304
3637.995361	304
3642.426514	303
3646.857910	301
3651.289063	319
3655.720215	315
3660.151367	310
3664.582520	310
3669.013672	303
3673.444824	302
3677.875977	298
3682.307129	313
3686.738281	317
3691.169434	318
3695.600830	312
3700.031982	314
3704.463135	317
3708.894287	314
3713.325439	317
3717.756592	311
3722.187744	321
3726.618896	325
3731.050049	334
3735.481201	338
3739.912598	327
3744.343750	331
3748.774902	327
3753.206055	344
3757.637207	336
3762.068359	348
3766.499512	342
3770.930664	340
3775.361816	339
3779.792969	336
3784.224365	340
3788.655518	345
3793.086670	352
3797.517822	361
3801.948975	363
3806.380127	361
3810.811279	361
3815.242432	352
3819.673584	362
3824.104736	369
3828.535889	368
3832.967285	378
3837.398438	372
3841.829590	372
3846.260742	373
3850.691895	386
3855.123047	411
3859.554199	408
3863.985352	423
3868.416504	435
3872.847656	439
3877.279053	453
3881.710205	463
3886.141357	467
3890.572510	474
3895.003662	481
3899.434814	473
3903.865967	474
3908.297119	486
3912.728271	496
3917.159424	500
3921.590820	490
3926.021973	497
3930.453125	527
3934.884277	524
3939.315430	548
3943.746582	563
3948.177734	562
3952.608887	574
3957.040039	605
3961.471191	635
3965.902344	649
3970.333740	675
3974.764893	705
3979.196045	717
3983.627197	730
3988.058350	743
3992.489502	767
3996.920654	791
4001.351807	809
4005.782959	831
4010.214111	828
4014.645508	832
4019.076660	854
4023.507813	867
4027.938965	880
4032.370117	877
4036.801270	869
4041.232422	885
4045.663574	909
4050.094727	912
4054.525879	887
4058.957275	877
4063.388428	905
4067.819580	951
4072.250732	991
4076.681885	995
4081.113037	989
4085.544189	999
4089.975342	1027
4094.406494	1027
4098.837891	1005
4103.269043	1021
4107.700195	1032
4112.131348	1036
4116.562500	1014
4120.993652	1001
4125.424805	976
4129.855957	973
4134.287109	983
4138.718262	995
4143.149414	988
4147.580566	965
4152.011719	977
4156.442871	984
4160.874023	999
4165.305176	980
4169.736328	975
4174.167969	978
4178.599121	996
4183.030273	1011
4187.461426	1007
4191.892578	1059
4196.323730	1076
4200.754883	1063
4205.186035	1077
4209.617188	1108
4214.048340	1114
4218.479492	1121
4222.910645	1128
4227.341797	1157
4231.772949	1167
4236.204102	1165
4240.635254	1163
4245.066406	1170
4249.497559	1163
4253.928711	1143
4258.359863	1150
4262.791016	1165
4267.222656	1137
4271.653809	1142
4276.084961	1157
4280.516113	1130
4284.947266	1145
4289.378418	1144
4293.809570	1127
4298.240723	1139
4302.671875	1167
4307.103027	1179
4311.534180	1198
4315.965332	1208
4320.396484	1203
4324.827637	1236
4329.258789	1279
4333.689941	1287
4338.121094	1304
4342.552246	1324
4346.983398	1331
4351.414551	1328
4355.845703	1338
4360.277344	1346
4364.708496	1324
4369.139648	1309
4373.570801	1296
4378.001953	1303
4382.433105	1335
4386.864258	1351
4391.295410	1355
4395.726563	1340
4400.157715	1341
4404.588867	1352
4409.020020	1365
4413.451172	1376
4417.882324	1391
4422.313477	1406
4426.744629	1399
4431.175781	1410
4435.606934	1437
4440.038086	1431
4444.469238	1410
4448.900879	1445
4453.332031	1432
4457.763184	1445
4462.194336	1470
4466.625488	1469
4471.056641	1443
4475.487793	1453
4479.918945	1463
4484.350098	1472
4488.781250	1458
4493.212402	1446
4497.643555	1458
4502.074707	1487
4506.505859	1494
4510.937012	1499
4515.368164	1502
4519.799316	1489
4524.230469	1484
4528.661621	1474
4533.092773	1462
4537.523926	1472
4541.955566	1491
4546.386719	1486
4550.817871	1454
4555.249023	1477
4559.680176	1497
4564.111328	1479
4568.542480	1480
4572.973633	1462
4577.404785	1460
4581.835938	1513
4586.267090	1536
4590.698242	1547
4595.129395	1572
4599.560547	1588
4603.991699	1597
4608.422852	1598
4612.854004	1631
4617.285156	1652
4621.716309	1630
4626.147461	1606
4630.578613	1620
4635.010254	1645
4639.441406	1677
4643.872559	1719
4648.303711	1716
4652.734863	1690
4657.166016	1713
4661.597168	1731
4666.028320	1751
4670.459473	1773
4674.890625	1790
4679.321777	1825
4683.752930	1869
4688.184082	1894
4692.615234	1896
4697.046387	1931
4701.477539	1964
4705.908691	1977
4710.339844	2013
4714.770996	2071
4719.202148	2118
4723.633789	2173
4728.064941	2188
4732.496094	2235
4736.927246	2292
4741.358398	2301
4745.789551	2335
4750.220703	2386
4754.651855	2394
4759.083008	2414
4763.514160	2437
4767.945313	2465
4772.376465	2484
4776.807617	2464
4781.238770	2487
4785.669922	2538
4790.101074	2546
4794.532227	2593
4798.963379	2607
4803.394531	2591
4807.825684	2593
4812.256836	2606
4816.688477	2632
4821.119629	2610
4825.550781	2586
4829.981934	2638
4834.413086	2650
4838.844238	2608
4843.275391	2590
4847.706543	2601
4852.137695	2571
4856.568848	2551
4861.000000	2551
4865.431152	2584
4869.862305	2582
4874.293457	2583
4878.724609	2587
4883.155762	2615
4887.586914	2657
4892.018066	2650
4896.449219	2610
4900.880371	2593
4905.311523	2623
4909.743164	2621
4914.174316	2660
4918.605469	2648
4923.036621	2631
4927.467773	2651
4931.898926	2652
4936.330078	2654
4940.761230	2666
4945.192383	2652
4949.623535	2666
4954.054688	2656
4958.485840	2633
4962.916992	2645
4967.348145	2632
4971.779297	2593
4976.210449	2602
4980.641602	2603
4985.072754	2588
4989.503906	2578
4993.935059	2552
4998.366211	2546
5002.797852	2551
5007.229004	2558
5011.660156	2541
5016.091309	2565
5020.522461	2575
5024.953613	2544
5029.384766	2548
5033.815918	2547
5038.247070	2517
5042.678223	2540
5047.109375	2576
5051.540527	2575
5055.971680	2586
5060.402832	2575
5064.833984	2533
5069.265137	2524
5073.696289	2520
5078.127441	2486
5082.558594	2473
5086.989746	2502
5091.421387	2525
5095.852539	2544
5100.283691	2554
5104.714844	2508
5109.145996	2516
5113.577148	2536
5118.008301	2520
5122.439453	2491
5126.870605	2483
5131.301758	2502
5135.732910	2487
5140.164063	2469
5144.595215	2436
5149.026367	2401
5153.457520	2403
5157.888672	2383
5162.319824	2354
5166.750977	2348
5171.182129	2323
5175.613281	2322
5180.044434	2314
5184.476074	2304
5188.907227	2308
5193.338379	2310
5197.769531	2340
5202.200684	2321
5206.631836	2324
5211.062988	2318
5215.494141	2312
5219.925293	2315
5224.356445	2315
5228.787598	2311
5233.218750	2312
5237.649902	2331
5242.081055	2323
5246.512207	2326
5250.943359	2311
5255.374512	2291
5259.805664	2287
5264.236816	2262
5268.667969	2249
5273.099121	2270
5277.530762	2260
5281.961914	2279
5286.393066	2303
5290.824219	2293
5295.255371	2282
5299.686523	2309
5304.117676	2327
5308.548828	2303
5312.979980	2310
5317.411133	2305
5321.842285	2279
5326.273438	2259
5330.704590	2277
5335.135742	2259
5339.566895	2254
5343.998047	2255
5348.429199	2253
5352.860352	2274
5357.291504	2294
5361.722656	2272
5366.154297	2247
5370.585449	2271
5375.016602	2271
5379.447754	2249
5383.878906	2236
5388.310059	2249
5392.741211	2236
5397.172363	2243
5401.603516	2236
5406.034668	2212
5410.465820	2200
5414.896973	2198
5419.328125	2202
5423.759277	2210
5428.190430	2199
5432.621582	2192
5437.052734	2201
5441.483887	2217
5445.915039	2199
5450.346191	2167
5454.777344	2175
5459.208984	2194
5463.640137	2169
5468.071289	2172
5472.502441	2187
5476.933594	2188
5481.364746	2189
5485.795898	2164
5490.227051	2161
5494.658203	2148
5499.089355	2149
5503.520508	2154
5507.951660	2146
5512.382813	2162
5516.813965	2155
5521.245117	2152
5525.676270	2133
5530.107422	2120
5534.538574	2140
5538.969727	2163
5543.400879	2170
5547.832031	2165
5552.263672	2142
5556.694824	2128
5561.125977	2158
5565.557129	2155
5569.988281	2135
5574.419434	2148
5578.850586	2135
5583.281738	2090
5587.712891	2079
5592.144043	2072
5596.575195	2073
5601.006348	2077
5605.437500	2069
5609.868652	2073
5614.299805	2067
5618.730957	2052
5623.162109	2051
5627.593262	2055
5632.024414	2071
5636.455566	2043
5640.887207	2057
5645.318359	2078
5649.749512	2044
5654.180664	2041
5658.611816	2058
5663.042969	2052
5667.474121	2012
5671.905273	2009
5676.336426	2041
5680.767578	2020
5685.198730	1992
5689.629883	1976
5694.061035	1982
5698.492188	2000
5702.923340	1990
5707.354492	2019
5711.785645	2035
5716.216797	2043
5720.647949	2029
5725.079102	2004
5729.510254	2024
5733.941895	2030
5738.373047	2045
5742.804199	2057
5747.235352	2046
5751.666504	2053
5756.097656	2026
5760.528809	2034
5764.959961	2073
5769.391113	2103
5773.822266	2079
5778.253418	2063
5782.684570	2090
5787.115723	2123
5791.546875	2138
5795.978027	2157
5800.409180	2159
5804.840332	2164
5809.271484	2191
5813.702637	2173
5818.133789	2157
5822.564941	2190
5826.996582	2232
5831.427734	2211
5835.858887	2222
5840.290039	2232
5844.721191	2255
5849.152344	2259
5853.583496	2232
5858.014648	2227
5862.445801	2207
5866.876953	2202
5871.308105	2202
5875.739258	2191
5880.170410	2176
5884.601563	2147
5889.032715	2155
5893.463867	2161
5897.895020	2145
5902.326172	2133
5906.757324	2144
5911.188477	2151
5915.619629	2162
5920.051270	2163
5924.482422	2149
5928.913574	2141
5933.344727	2125
5937.775879	2138
5942.207031	2174
5946.638184	2197
5951.069336	2160
5955.500488	2116
5959.931641	2127
5964.362793	2119
5968.793945	2121
5973.225098	2121
5977.656250	2130
5982.087402	2110
5986.518555	2102
5990.949707	2077
5995.380859	2070
5999.812012	2093
6004.243164	2065
6008.674805	2024
6013.105957	2050
6017.537109	2079
6021.968262	2054
6026.399414	2021
6030.830566	2019
6035.261719	2036
6039.692871	2012
6044.124023	2011
6048.555176	2033
6052.986328	1969
6057.417480	1955
6061.848633	2002
6066.279785	2004
6070.710938	1978
6075.142090	1951
6079.573242	1911
6084.004395	1909
6088.435547	1887
6092.866699	1860
6097.297852	1880
6101.729492	1886
6106.160645	1874
6110.591797	1848
6115.022949	1825
6119.454102	1807
6123.885254	1790
6128.316406	1768
6132.747559	1730
6137.178711	1720
6141.609863	1725
6146.041016	1729
6150.472168	1733
6154.903320	1715
6159.334473	1691
6163.765625	1706
6168.196777	1698
6172.627930	1648
6177.059082	1689
6181.490234	1700
6185.921387	1697
6190.352539	1668
6194.784180	1688
6199.215332	1698
6203.646484	1676
6208.077637	1624
6212.508789	1616
6216.939941	1653
6221.371094	1661
6225.802246	1631
6230.233398	1627
6234.664551	1599
6239.095703	1563
6243.526855	1566
6247.958008	1564
6252.389160	1555
6256.820313	1562
6261.251465	1547
6265.682617	1524
6270.113770	1509
6274.544922	1535
6278.976074	1541
6283.407715	1487
6287.838867	1486
6292.270020	1515
6296.701172	1533
6301.132324	1517
6305.563477	1507
6309.994629	1555
6314.425781	1541
6318.856934	1527
6323.288086	1525
6327.719238	1530
6332.150391	1524
6336.581543	1542
6341.012695	1549
6345.443848	1513
6349.875000	1523
6354.306152	1493
6358.737305	1492
6363.168457	1504
6367.599609	1500
6372.030762	1508
6376.462402	1546
6380.893555	1543
6385.324707	1538
6389.755859	1520
6394.187012	1508
6398.618164	1516
6403.049316	1501
6407.480469	1492
6411.911621	1508
6416.342773	1481
6420.773926	1479
6425.205078	1495
6429.636230	1487
6434.067383	1503
6438.498535	1501
6442.929688	1483
6447.360840	1466
6451.791992	1479
6456.223145	1497
6460.654297	1496
6465.085449	1471
6469.517090	1468
6473.948242	1483
6478.379395	1475
6482.810547	1448
6487.241699	1437
6491.672852	1438
6496.104004	1421
6500.535156	1426
6504.966309	1479
6509.397461	1486
6513.828613	1482
6518.259766	1480
6522.690918	1474
6527.122070	1450
6531.553223	1455
6535.984375	1467
6540.415527	1471
6544.846680	1452
6549.277832	1438
6553.708984	1446
6558.140625	1422
6562.571777	1407
6567.002930	1419
6571.434082	1410
6575.865234	1422
6580.296387	1425
6584.727539	1444
6589.158691	1454
6593.589844	1484
6598.020996	1497
6602.452148	1496
6606.883301	1495
6611.314453	1486
6615.745605	1490
6620.176758	1479
6624.607910	1464
6629.039063	1497
6633.470215	1520
6637.901367	1504
6642.332520	1476
6646.763672	1490
6651.195313	1512
6655.626465	1509
6660.057617	1512
6664.488770	1519
6668.919922	1512
6673.351074	1509
6677.782227	1540
6682.213379	1560
6686.644531	1547
6691.075684	1545
6695.506836	1554
6699.937988	1575
6704.369141	1559
6708.800293	1546
6713.231445	1569
6717.662598	1567
6722.093750	1522
6726.524902	1538
6730.956055	1603
6735.387207	1589
6739.818359	1577
6744.250000	1591
6748.681152	1580
6753.112305	1595
6757.543457	1614
6761.974609	1601
6766.405762	1605
6770.836914	1625
6775.268066	1629
6779.699219	1615
6784.130371	1600
6788.561523	1591
6792.992676	1619
6797.423828	1635
6801.854980	1623
6806.286133	1599
6810.717285	1599
6815.148438	1639
6819.579590	1660
6824.010742	1667
6828.441895	1625
6832.873047	1605
6837.304688	1623
6841.735840	1605
6846.166992	1602
6850.598145	1585
6855.029297	1558
6859.460449	1551
6863.891602	1513
6868.322754	1485
6872.753906	1479
6877.185059	1456
6881.616211	1463
6886.047363	1478
6890.478516	1450
6894.909668	1469
6899.340820	1517
6903.771973	1516
6908.203125	1532
6912.634277	1532
6917.065430	1561
6921.496582	1553
6925.928223	1540
6930.359375	1532
6934.790527	1554
6939.221680	1585
6943.652832	1605
6948.083984	1622
6952.515137	1620
6956.946289	1600
6961.377441	1632
6965.808594	1655
6970.239746	1644
6974.670898	1633
6979.102051	1641
6983.533203	1635
6987.964355	1638
6992.395508	1652
6996.826660	1650
7001.257813	1634
7005.688965	1616
7010.120117	1651
7014.551270	1670
7018.982910	1641
7023.414063	1642
7027.845215	1653
7032.276367	1658
7036.707520	1675
7041.138672	1685
7045.569824	1685
7050.000977	1676
7054.432129	1666
7058.863281	1668
7063.294434	1665
7067.725586	1672
7072.156738	1675
7076.587891	1682
7081.019043	1694
7085.450195	1685
7089.881348	1676
7094.312500	1688
7098.743652	1679
7103.174805	1679
7107.605957	1694
7112.037598	1675
7116.468750	1643
7120.899902	1616
7125.331055	1637
7129.762207	1649
7134.193359	1660
7138.624512	1635
7143.055664	1616
7147.486816	1621
7151.917969	1620
7156.349121	1593
7160.780273	1559
7165.211426	1502
7169.642578	1478
7174.073730	1448
7178.504883	1410
7182.936035	1392
7187.367188	1400
7191.798340	1400
7196.229492	1408
7200.661133	1393
7205.092285	1387
7209.523438	1423
7213.954590	1461
7218.385742	1456
7222.816895	1419
7227.248047	1406
7231.679199	1377
7236.110352	1389
7240.541504	1398
7244.972656	1384
7249.403809	1362
7253.834961	1350
7258.266113	1338
7262.697266	1368
7267.128418	1356
7271.559570	1336
7275.990723	1320
7280.421875	1312
7284.853027	1312
7289.284180	1315
7293.715820	1329
7298.146973	1326
7302.578125	1321
7307.009277	1318
7311.440430	1319
7315.871582	1333
7320.302734	1338
7324.733887	1347
7329.165039	1349
7333.596191	1342
7338.027344	1324
7342.458496	1321
7346.889648	1329
7351.320801	1336
7355.751953	1302
7360.183105	1347
7364.614258	1355
7369.045410	1328
7373.476563	1347
7377.907715	1363
7382.338867	1343
7386.770508	1349
7391.201660	1364
7395.632813	1374
7400.063965	1364
7404.495117	1347
7408.926270	1326
7413.357422	1328
7417.788574	1312
7422.219727	1293
7426.650879	1291
7431.082031	1272
7435.513184	1273
7439.944336	1290
7444.375488	1292
7448.806641	1277
7453.237793	1287
7457.668945	1295
7462.100098	1255
7466.531250	1263
7470.962402	1282
7475.394043	1264
7479.825195	1263
7484.256348	1246
7488.687500	1222
7493.118652	1223
7497.549805	1231
7501.980957	1216
7506.412109	1194
7510.843262	1207
7515.274414	1217
7519.705566	1159
7524.136719	1139
7528.567871	1152
7532.999023	1152
7537.430176	1144
7541.861328	1143
7546.292480	1123
7550.723633	1107
7555.154785	1102
7559.585938	1098
7564.017090	1092
7568.448730	1067
7572.879883	1033
7577.311035	997
7581.742188	964
7586.173340	926
7590.604492	869
7595.035645	792
7599.466797	741
7603.897949	712
7608.329102	697
7612.760254	712
7617.191406	711
7621.622559	687
7626.053711	671
7630.484863	664
7634.916016	671
7639.347168	666
7643.778320	686
7648.209473	714
7652.640625	719
7657.071777	731
7661.503418	759
7665.934570	777
7670.365723	784
7674.796875	799
7679.228027	808
7683.659180	809
7688.090332	807
7692.521484	832
7696.952637	843
7701.383789	823
7705.814941	834
7710.246094	833
7714.677246	839
7719.108398	844
7723.539551	854
7727.970703	863
7732.401855	854
7736.833008	844
7741.264160	856
7745.695313	876
7750.126953	864
7754.558105	848
7758.989258	841
7763.420410	831
7767.851563	824
7772.282715	812
7776.713867	812
7781.145020	802
7785.576172	794
7790.007324	792
7794.438477	773
7798.869629	760
7803.300781	744
7807.731934	717
7812.163086	707
7816.594238	692
7821.025391	700
7825.456543	698
7829.887695	694
7834.318848	663
7838.750000	651
7843.181641	662
7847.612793	635
7852.043945	629
7856.475098	613
7860.906250	591
7865.337402	601
7869.768555	603
7874.199707	588
7878.630859	589
7883.062012	582
7887.493164	579
7891.924316	573
7896.355469	572
7900.786621	568
7905.217773	566
7909.648926	563
7914.080078	555
7918.511230	568
7922.942383	576
7927.373535	574
7931.804688	590
7936.236328	606
7940.667480	603
7945.098633	595
7949.529785	593
7953.960938	605
7958.392090	622
7962.823242	617
7967.254395	611
7971.685547	627
7976.116699	622
7980.547852	613
7984.979004	625
7989.410156	613
7993.841309	617
7998.272461	625
8002.703613	628
8007.134766	618
8011.565918	627
8015.997070	644
8020.428223	654
8024.859375	635
8029.291016	617
8033.722168	623
8038.153320	641
8042.584473	630
8047.015625	624
8051.446777	629
8055.877930	635
8060.309082	648
8064.740234	631
8069.171387	616
8073.602539	609
8078.033691	618
8082.464844	635
8086.895996	618
8091.327148	596
8095.758301	590
8100.189453	592
8104.620605	581
8109.051758	580
8113.482910	570
8117.914551	556
8122.345703	547
8126.776855	555
8131.208008	557
8135.639160	542
8140.070313	518
8144.501465	516
8148.932617	498
8153.363770	487
8157.794922	490
8162.226074	483
8166.657227	473
8171.088379	468
8175.519531	478
8179.950684	475
8184.381836	459
8188.812988	463
8193.244141	468
8197.675781	449
8202.106445	451
8206.538086	451
8210.968750	441
8215.400391	437
8219.831055	434
8224.262695	436
8228.693359	423
8233.125000	404
8237.555664	406
8241.987305	414
8246.417969	407
8250.849609	419
8255.281250	417
8259.711914	418
8264.143555	425
8268.574219	425
8273.005859	416
8277.436523	424
8281.868164	422
8286.298828	426
8290.730469	416
8295.161133	420
8299.592773	431
8304.023438	436
8308.455078	421
8312.885742	412
8317.317383	418
8321.748047	433
8326.179688	443
8330.610352	444
8335.041992	461
8339.472656	467
8343.904297	441
8348.335938	447
8352.766602	469
8357.198242	469
8361.628906	476
8366.060547	487
8370.491211	494
8374.922852	494
8379.353516	489
8383.785156	490
8388.215820	487
8392.647461	498
8397.078125	506
8401.509766	518
8405.940430	515
8410.372070	507
8414.802734	514
8419.234375	521
8423.665039	507
8428.096680	516
8432.527344	531
8436.958984	530
8441.390625	511
8445.821289	522
8450.252930	533
8454.683594	521
8459.115234	523
8463.545898	533
8467.977539	533
8472.408203	526
8476.839844	524
8481.270508	523
8485.702148	533
8490.132813	541
8494.564453	532
8498.995117	525
8503.426758	521
8507.857422	508
8512.289063	519
8516.719727	527
8521.151367	516
8525.582031	504
8530.013672	499
8534.445313	521
8538.875977	507
8543.307617	512
8547.738281	531
8552.169922	518
8556.600586	511
8561.032227	505
8565.462891	499
8569.894531	503
8574.325195	504
8578.756836	497
8583.187500	497
8587.619141	491
8592.049805	483
8596.481445	482
8600.912109	501
8605.343750	479
8609.774414	462
8614.206055	478
8618.636719	478
8623.068359	474
8627.500000	478
8631.930664	469
8636.362305	464
8640.792969	459
8645.224609	457
8649.655273	457
8654.086914	454
8658.517578	437
8662.949219	428
8667.379883	440
8671.811523	437
8676.242188	435
8680.673828	426
8685.104492	422
8689.536133	409
8693.966797	410
8698.398438	402
8702.829102	393
8707.260742	396
8711.691406	407
8716.123047	401
8720.554688	408
8724.985352	409
8729.416992	400
8733.847656	390
8738.279297	374
8742.709961	384
8747.141602	378
8751.572266	369
8756.003906	374
8760.434570	360
8764.866211	361
8769.296875	366
8773.728516	370
8778.159180	374
8782.590820	356
8787.021484	356
8791.453125	357
8795.883789	343
8800.315430	337
8804.746094	344
8809.177734	338
8813.609375	345
8818.040039	337
8822.471680	339
8826.902344	332
8831.333984	323
8835.764648	327
8840.196289	323
8844.626953	329
8849.058594	332
8853.489258	338
8857.920898	323
8862.351563	324
8866.783203	334
8871.213867	322
8875.645508	323
8880.076172	311
8884.507813	309
8888.938477	320
8893.370117	317
8897.801758	312
8902.232422	319
8906.664063	325
8911.094727	327
8915.526367	321
8919.957031	317
8924.388672	316
8928.819336	315
8933.250977	314
8937.681641	312
8942.113281	314
8946.543945	320
8950.975586	323
8955.406250	317
8959.837891	319
8964.268555	327
8968.700195	332
8973.130859	328
8977.562500	325
8981.993164	316
8986.424805	316
8990.856445	320
8995.287109	324
8999.718750	324
9004.149414	319
9008.581055	331
9013.011719	332
9017.443359	335
9021.874023	323
9026.305664	331
9030.736328	326
9035.167969	326
9039.598633	317
9044.030273	328
9048.460938	328
9052.892578	327
9057.323242	329
9061.754883	329
9066.185547	316
9070.617188	319
9075.047852	332
9079.479492	337
9083.911133	338
9088.341797	335
9092.773438	335
9097.204102	327
9101.635742	318
9106.066406	320
9110.498047	324
9114.928711	315
9119.360352	319
9123.791016	315
9128.222656	316
9132.653320	316
9137.084961	328
9141.515625	328
9145.947266	331
9150.377930	330
9154.809570	337
9159.240234	324
9163.671875	324
9168.102539	323
9172.534180	330
9176.965820	327
9181.396484	323
9185.828125	331
9190.258789	332
9194.690430	322
9199.121094	315
9203.552734	324
9207.983398	331
9212.415039	327
9216.845703	332
9221.277344	325
9225.708008	323
9230.139648	322
9234.570313	326
9239.001953	323
9243.432617	324
9247.864258	335
9252.294922	329
9256.726563	323
9261.157227	304
9265.588867	311
9270.020508	323
9274.451172	318
9278.882813	315
9283.313477	318
9287.745117	318
9292.175781	318
9296.607422	310
9301.038086	316
9305.469727	321
9309.900391	320
9314.332031	320
9318.762695	315
9323.194336	310
9327.625000	315
9332.056641	314
9336.487305	303
9340.918945	298
9345.349609	313
9349.781250	317
9354.211914	318
9358.643555	305
9363.075195	296
9367.505859	293
9371.937500	304
9376.368164	299
9380.799805	302
9385.230469	312
9389.662109	310
9394.092773	311
9398.524414	314
9402.955078	318
9407.386719	316
9411.817383	306
9416.249023	300
9420.679688	302
9425.111328	307
9429.541992	308
9433.973633	303
9438.404297	303
9442.835938	307
9447.267578	311
9451.698242	310
9456.129883	315
9460.560547	310
9464.992188	309
9469.422852	305
9473.854492	306
9478.285156	301
9482.716797	295
9487.147461	302
9491.579102	309
9496.009766	311
9500.441406	308
9504.872070	309
9509.303711	310
9513.734375	314
9518.166016	314
9522.596680	314
9527.028320	297
9531.458984	303
9535.890625	298
9540.322266	293
9544.752930	297
9549.184570	306
9553.615234	311
9558.046875	322
9562.477539	314
9566.909180	328
9571.339844	319
9575.771484	321
9580.202148	326
9584.633789	318
9589.064453	314
9593.496094	312
9597.926758	326
9602.358398	318
9606.789063	307
9611.220703	316
9615.651367	323
9620.083008	316
9624.513672	319
9628.945313	330
9633.376953	325
9637.807617	324
9642.239258	325
9646.669922	324
9651.101563	329
9655.532227	327
9659.963867	314
9664.394531	306
9668.826172	320
9673.256836	319
9677.688477	322
9682.119141	334
9686.550781	332
9690.981445	329
9695.413086	337
9699.843750	335
9704.275391	339
9708.706055	337
9713.137695	332
9717.568359	331
9722.000000	335
9726.431641	336
9730.862305	329
9735.293945	328
9739.724609	327
9744.156250	324
9748.586914	321
9753.018555	314
9757.449219	318
9761.880859	326
9766.311523	328
9770.743164	327
9775.173828	327
9779.605469	332
9784.036133	338
9788.467773	341
9792.898438	344
9797.330078	333
9801.760742	328
9806.192383	331
9810.623047	344
9815.054688	337
9819.486328	346
9823.916992	336
9828.348633	323
9832.779297	322
9837.210938	328
9841.641602	332
9846.073242	339
9850.503906	330
9854.935547	327
9859.366211	324
9863.797852	329
9868.228516	332
9872.660156	329
9877.090820	332
9881.522461	334
9885.953125	335
9890.384766	326
9894.815430	333
9899.247070	340
9903.677734	349
9908.109375	347
9912.541016	351
9916.971680	350
9921.403320	343
9925.833984	335
9930.265625	332
9934.696289	328
9939.127930	337
9943.558594	340
9947.990234	332
9952.420898	338
9956.852539	337
9961.283203	328
9965.714844	332
9970.145508	338
9974.577148	338
9979.007813	342
9983.439453	336
9987.870117	334
9992.301758	339
9996.732422	338
10001.164063	335
10005.595703	333
10010.026367	332
10014.458008	337
10018.888672	333
10023.320313	334
10027.750977	326
10032.182617	315
10036.613281	324
10041.044922	319
10045.475586	320
10049.907227	326
10054.337891	333
10058.769531	336
10063.200195	325
10067.631836	315
10072.062500	319
10076.494141	325
10080.924805	331
10085.356445	323
10089.788086	323
10094.218750	333
10098.650391	325
10103.081055	318
10107.512695	325
10111.943359	321
10116.375000	333
10120.805664	330
10125.237305	329
10129.667969	333
10134.099609	320
10138.530273	317
10142.961914	317
10147.392578	311
10151.824219	320
10156.254883	323
10160.686523	325
10165.117188	323
10169.548828	320
10173.979492	315
10178.411133	318
10182.842773	323
10187.273438	323
10191.705078	323
10196.135742	328
10200.567383	326
10204.998047	326
10209.429688	333
10213.860352	322
10218.291992	319
10222.722656	310
10227.154297	326
10231.584961	333
10236.016602	329
10240.447266	326
10244.878906	327
10249.309570	328
10253.741211	325
10258.171875	321
10262.603516	327
10267.034180	327
10271.465820	326
10275.897461	326
10280.328125	323
10284.759766	327
10289.190430	326
10293.622070	327
10298.052734	330
10302.484375	332
10306.915039	326
10311.346680	329
10315.777344	320
10320.208984	314
10324.639648	311
10329.071289	319
10333.501953	325
10337.933594	317
10342.364258	322
10346.795898	320
10351.226563	315
10355.658203	323
10360.088867	310
10364.520508	310
10368.952148	312
10373.382813	328
10377.814453	326
10382.245117	320
10386.676758	323
10391.107422	318
10395.539063	319
10399.969727	318
10404.401367	324
10408.832031	322
10413.263672	318
10417.694336	318
10422.125977	319
10426.556641	314
10430.988281	318
10435.418945	326
10439.850586	324
10444.281250	320
10448.712891	319
10453.143555	320
10457.575195	321
10462.006836	330
10466.437500	317
10470.869141	312
10475.299805	326
10479.731445	323
10484.162109	321
10488.593750	324
10493.024414	328
10497.456055	326
10501.886719	319
10506.318359	322
10510.749023	317
10515.180664	316
10519.611328	321
10524.042969	320
10528.473633	325
10532.905273	325
10537.335938	318
10541.767578	322
10546.198242	323
10550.629883	316
10555.061523	328
10559.492188	331
10563.923828	323
10568.354492	324
10572.786133	328
10577.216797	320
10581.648438	313
10586.079102	318
10590.510742	318
10594.941406	322
10599.373047	324
10603.803711	328
10608.235352	327
10612.666016	335
10617.097656	327
10621.528320	321
10625.959961	324
10630.390625	327
10634.822266	327
10639.253906	327
10643.684570	330
10648.116211	339
10652.546875	330
10656.978516	322
10661.409180	320
10665.840820	323
10670.271484	315
10674.703125	321
10679.133789	322
10683.565430	325
10687.996094	319
10692.427734	321
10696.858398	330
10701.290039	325
10705.720703	323
10710.152344	326
10714.583008	329
10719.014648	329
10723.445313	336
10727.876953	329
10732.308594	320
10736.739258	310
10741.170898	313
10745.601563	312
10750.033203	319
10754.463867	330
10758.895508	318
10763.326172	307
10767.757813	309
10772.188477	298
10776.620117	295
10781.050781	287
10785.482422	287
10789.913086	292
10794.344727	294
10798.775391	293
10803.207031	283
10807.637695	272
10812.069336	266
10816.500000	261
10820.931641	268
10825.363281	273
10829.793945	261
10834.225586	258
10838.656250	247
10843.087891	250
10847.518555	239
10851.950195	234
10856.380859	238
10860.812500	230
10865.243164	230
10869.674805	230
10874.105469	223
10878.537109	218
10882.967773	225
10887.399414	211
10891.830078	205
10896.261719	217
10900.692383	206
10905.124023	203
10909.554688	205
10913.986328	203
10918.417969	201
10922.848633	196
10927.280273	190
10931.710938	176
10936.142578	178
10940.573242	157
10945.004883	153
10949.435547	151
10953.867188	149
10958.297852	140
10962.729492	127
10967.160156	119
10971.591797	115
10976.022461	110
10980.454102	106
10984.884766	97
10989.316406	95
10993.747070	95
10998.178711	88
11002.609375	85
11007.041016	84
11011.472656	82
11015.903320	78
11020.334961	75
11024.765625	70
11029.197266	68
11033.627930	65
11038.059570	59
11042.490234	55
11046.921875	52
11051.352539	49
11055.784180	44
11060.214844	43
11064.646484	42
11069.077148	37
11073.508789	34
11077.939453	32
11082.371094	28
11086.801758	24
11091.233398	19
11095.664063	18
11100.095703	14
11104.527344	10
11108.958008	9
11113.389648	6
11117.820313	3
11122.251953	0
11126.682617	0
11131.114258	0
11135.544922	0
11139.976563	0
11144.407227	0
11148.838867	0
11153.269531	0
11157.701172	0
11162.131836	0
11166.563477	0
11170.994141	0
11175.425781	0
11179.856445	0
11184.288086	0
11188.718750	0
11193.150391	0
11197.582031	0
11202.012695	0
11206.444336	0
11210.875000	0
11215.306641	0
11219.737305	0
11224.168945	0
11228.599609	0
11233.031250	0
11237.461914	0
11241.893555	0
11246.324219	0
11250.755859	0
11255.186523	0
11259.618164	0
11264.048828	0
11268.480469	0
11272.911133	0
11277.342773	0
11281.774414	0
11286.205078	0
11290.636719	0
11295.067383	0
11299.499023	0
11303.929688	0
11308.361328	0
11312.791992	0
11317.223633	0
11321.654297	0
11326.085938	0
11330.516602	0
11334.948242	0
11339.378906	0
11343.810547	0
11348.241211	0
11352.672852	0
11357.103516	0
11361.535156	0
11365.965820	0
11370.397461	0
11374.829102	0
11379.259766	0
11383.691406	0
11388.122070	0
11392.553711	0
11396.984375	0
11401.416016	0
11405.846680	0
11410.278320	0
11414.708984	0
11419.140625	0
11423.571289	0
11428.002930	0
11432.433594	0
11436.865234	0
11441.295898	0
11445.727539	0
11450.158203	0
11454.589844	0
11459.020508	0
11463.452148	0
11467.883789	0
11472.314453	0
11476.746094	0
11481.176758	0
11485.608398	0
11490.039063	0
11494.470703	0
11498.901367	0
11503.333008	0
11507.763672	0
11512.195313	0
11516.625977	0
11521.057617	0
11525.488281	0
11529.919922	0
11534.350586	0
11538.782227	0
11543.212891	0
11547.644531	0
11552.075195	0
11556.506836	0
11560.938477	0
11565.369141	0
11569.800781	0
11574.231445	0
11578.663086	0
11583.093750	0
11587.525391	0
11591.956055	0
11596.387695	0
11600.818359	0
11605.250000	0
11609.680664	0
11614.112305	0
11618.542969	0
11622.974609	0
11627.405273	0
11631.836914	0
11636.267578	0
11640.699219	0
11645.129883	0
11649.561523	0
11653.993164	0
11658.423828	0
11662.855469	0
11667.286133	0
11671.717773	0
11676.148438	0
11680.580078	0
11685.010742	0
11689.442383	0
11693.873047	0
11698.304688	0
11702.735352	0
11707.166992	0
11711.597656	0
11716.029297	0
11720.459961	0
11724.891602	0
11729.322266	0
11733.753906	0
11738.184570	0
11742.616211	0
11747.047852	0
11751.478516	0
11755.910156	0
11760.340820	0
11764.772461	0
11769.203125	0
11773.634766	0
11778.065430	0
11782.497070	0
11786.927734	0
11791.359375	0
11795.790039	0
11800.221680	0
11804.652344	0
11809.083984	0
11813.514648	0
11817.946289	0
11822.376953	0
11826.808594	0
11831.239258	0
11835.670898	0
11840.102539	0
11844.533203	0
11848.964844	0
11853.395508	0
11857.827148	0
11862.257813	0
11866.689453	0
11871.120117	0
11875.551758	0
11879.982422	0
11884.414063	0
11888.844727	0
11893.276367	0
11897.707031	0
11902.138672	0
11906.569336	0
11911.000977	0
11915.431641	0
11919.863281	0
11924.294922	0
11928.725586	0
11933.157227	0
11937.587891	0
11942.019531	0
11946.450195	0
11950.881836	0
11955.312500	0
11959.744141	0
11964.174805	0
11968.606445	0
11973.037109	0
11977.468750	0
11981.899414	0
11986.331055	0
11990.761719	0
11995.193359	0
11999.624023	0
12004.055664	0
12008.486328	0
12012.917969	0
12017.349609	0
12021.780273	0
12026.211914	0
12030.642578	0
12035.074219	0
12039.504883	0
12043.936523	0
12048.367188	0
12052.798828	0
12057.229492	0
12061.661133	0
12066.091797	0
12070.523438	0
12074.954102	0
12079.385742	0
12083.816406	0
12088.248047	0
12092.678711	0
12097.110352	0
12101.541016	0
12105.972656	0
12110.404297	0
12114.834961	0
12119.266602	0
12123.697266	0
12128.128906	0
12132.559570	0
12136.991211	0
12141.421875	0
12145.853516	0
12150.284180	0
12154.715820	0
12159.146484	0
12163.578125	0
12168.008789	0
12172.440430	0
12176.871094	0
12181.302734	0
12185.733398	0
12190.165039	0
12194.595703	0
12199.027344	0
12203.458984	0
12207.889648	0
12212.321289	0
12216.751953	0
12221.183594	0
12225.614258	0
12230.045898	0
12234.476563	0
12238.908203	0
12243.338867	0
12247.770508	0
12252.201172	0
12256.632813	0
12261.063477	0
12265.495117	0
12269.925781	0
12274.357422	0
12278.788086	0
12283.219727	0
12287.650391	0
12292.082031	0
12296.513672	0
12300.944336	0
12305.375977	0
12309.806641	0
12314.238281	0
12318.668945	0
12323.100586	0
12327.531250	0
12331.962891	0
12336.393555	0
12340.825195	0
12345.255859	0
12349.687500	0
12354.118164	0
12358.549805	0
12362.980469	0
12367.412109	0
12371.842773	0
12376.274414	0
12380.705078	0
12385.136719	0
12389.568359	0
12393.999023	0
12398.430664	0
12402.861328	0
12407.292969	0
12411.723633	0
12416.155273	0
12420.585938	0
12425.017578	0
12429.448242	0
12433.879883	0
12438.310547	0
12442.742188	0
12447.172852	0
12451.604492	0
12456.035156	0
12460.466797	0
12464.897461	0
12469.329102	0
12473.760742	0
12478.191406	0
12482.623047	0
12487.053711	0
12491.485352	0
12495.916016	0
12500.347656	0
12504.778320	0
12509.209961	0
12513.640625	0
12518.072266	0
12522.502930	0
12526.934570	0
12531.365234	0
12535.796875	0
12540.227539	0
12544.659180	0
12549.089844	0
12553.521484	0
12557.952148	0
12562.383789	0
12566.815430	0
12571.246094	0
12575.677734	0
12580.108398	0
12584.540039	0
12588.970703	0
12593.402344	0
12597.833008	0
12602.264648	0
12606.695313	0
12611.126953	0
12615.557617	0
12619.989258	0
12624.419922	0
12628.851563	0
12633.282227	0
12637.713867	0
12642.144531	0
12646.576172	0
12651.006836	0
12655.438477	0
12659.870117	0
12664.300781	0
12668.732422	0
12673.163086	0
12677.594727	0
12682.025391	0
12686.457031	0
12690.887695	0
12695.319336	0
12699.750000	0
12704.181641	0
12708.612305	0
12713.043945	0
12717.474609	0
12721.906250	0
12726.336914	0
12730.768555	0
12735.199219	0
12739.630859	0
12744.061523	0
12748.493164	0
12752.924805	0
