-2616.101807	0
-2611.682617	0
-2607.263672	0
-2602.844482	0
-2598.425537	0
-2594.006348	0
-2589.587158	0
-2585.168213	0
-2580.749023	0
-2576.330078	0
-2571.910889	0
-2567.491699	0
-2563.072754	0
-2558.653564	0
-2554.234619	0
-2549.815430	0
-2545.396484	0
-2540.977295	0
-2536.558105	0
-2532.139160	0
-2527.719971	0
-2523.301025	0
-2518.881836	0
-2514.462646	0
-2510.043701	0
-2505.624512	0
-2501.205566	0
-2496.786377	0
-2492.367188	0
-2487.948242	0
-2483.529053	0
-2479.110107	0
-2474.690918	0
-2470.271729	0
-2465.852783	0
-2461.433594	0
-2457.014648	0
-2452.595459	0
-2448.176270	0
-2443.757324	0
-2439.338135	0
-2434.919189	0
-2430.500000	0
-2426.080811	0
-2421.661865	0
-2417.242676	0
-2412.823730	0
-2408.404541	0
-2403.985352	0
-2399.566406	0
-2395.147217	0
-2390.728271	0
-2386.309082	0
-2381.889893	0
-2377.470947	0
-2373.051758	0
-2368.632813	0
-2364.213623	0
-2359.794434	0
-2355.375488	0
-2350.956299	0
-2346.537354	0
-2342.118164	0
-2337.698975	0
-2333.280029	0
-2328.860840	0
-2324.441895	0
-2320.022705	0
-2315.603516	0
-2311.184570	0
-2306.765381	0
-2302.346436	0
-2297.927246	0
-2293.508301	0
-2289.089111	0
-2284.669922	0
-2280.250977	0
-2275.831787	0
-2271.412842	0
-2266.993652	0
-2262.574463	0
-2258.155518	0
-2253.736328	0
-2249.317383	0
-2244.898193	0
-2240.479004	0
-2236.060059	0
-2231.640869	0
-2227.221924	0
-2222.802734	0
-2218.383545	0
-2213.964600	0
-2209.545410	0
-2205.126465	0
-2200.707275	0
-2196.288086	0
-2191.869141	0
-2187.449951	0
-2183.031006	0
-2178.611816	0
-2174.192627	0
-2169.773682	0
-2165.354492	0
-2160.935547	0
-2156.516357	0
-2152.097168	0
-2147.678223	0
-2143.259033	0
-2138.840088	0
-2134.420898	0
-2130.001709	0
-2125.582764	0
-2121.163574	0
-2116.744629	0
-2112.325439	0
-2107.906250	0
-2103.487305	0
-2099.068115	0
-2094.649170	0
-2090.229980	0
-2085.810791	0
-2081.391846	0
-2076.972656	0
-2072.553711	0
-2068.134521	0
-2063.715576	0
-2059.296387	0
-2054.877197	0
-2050.458252	0
-2046.039063	0
-2041.619995	0
-2037.200928	0
-2032.781860	0
-2028.362671	0
-2023.943604	0
-2019.524536	0
-2015.105469	0
-2010.686401	0
-2006.267212	0
-2001.848145	0
-1997.429077	0
-1993.010010	0
-1988.590942	0
-1984.171875	0
-1979.752686	0
-1975.333618	0
-1970.914551	0
-1966.495483	0
-1962.076416	0
-1957.657227	0
-1953.238159	0
-1948.819092	0
-1944.400024	0
-1939.980957	0
-1935.561768	0
-1931.142700	0
-1926.723633	0
-1922.304565	0
-1917.885498	0
-1913.466309	0
-1909.047241	0
-1904.628174	0
-1900.209106	0
-1895.790039	0
-1891.370850	0
-1886.951782	0
-1882.532715	0
-1878.113647	0
-1873.694580	0
-1869.275513	0
-1864.856323	0
-1860.437256	0
-1856.018188	0
-1851.599121	0
-1847.180054	0
-1842.760864	0
-1838.341797	0
-1833.922729	0
-1829.503662	0
-1825.084595	0
-1820.665405	0
-1816.246338	0
-1811.827271	0
-1807.408203	0
-1802.989136	0
-1798.569946	0
-1794.150879	0
-1789.731812	0
-1785.312744	0
-1780.893677	0
-1776.474487	0
-1772.055420	0
-1767.636353	0
-1763.217285	0
-1758.798218	0
-1754.379150	0
-1749.959961	0
-1745.540894	0
-1741.121826	0
-1736.702759	0
-1732.283691	0
-1727.864502	0
-1723.445435	0
-1719.026367	0
-1714.607300	0
-1710.188232	0
-1705.769043	0
-1701.349976	0
-1696.930908	0
-1692.511841	0
-1688.092773	0
-1683.673584	0
-1679.254517	0
-1674.835449	0
-1670.416382	0
-1665.997314	0
-1661.578125	0
-1657.159058	0
-1652.739990	0
-1648.320923	0
-1643.901855	0
-1639.482788	0
-1635.063599	0
-1630.644531	0
-1626.225464	0
-1621.806396	0
-1617.387329	0
-1612.968140	0
-1608.549072	0
-1604.130005	0
-1599.710938	0
-1595.291870	0
-1590.872681	0
-1586.453613	0
-1582.034546	0
-1577.615479	0
-1573.196411	0
-1568.777222	0
-1564.358154	0
-1559.939087	0
-1555.520020	1
-1551.100952	0
-1546.681763	0
-1542.262695	0
-1537.843628	2
-1533.424561	3
-1529.005493	1
-1524.586304	2
-1520.167236	3
-1515.748169	3
-1511.329102	1
-1506.910034	6
-1502.490967	5
-1498.071777	3
-1493.652710	5
-1489.233643	4
-1484.814575	2
-1480.395508	2
-1475.976318	3
-1471.557251	6
-1467.138184	4
-1462.719116	4
-1458.300049	6
-1453.880859	7
-1449.461792	11
-1445.042725	9
-1440.623657	8
-1436.204590	10
-1431.785400	8
-1427.366333	11
-1422.947266	4
-1418.528198	7
-1414.109131	11
-1409.689941	6
-1405.270874	12
-1400.851807	12
-1396.432739	12
-1392.013672	14
-1387.594604	13
-1383.175415	8
-1378.756348	10
-1374.337280	16
-1369.918213	17
-1365.499146	13
-1361.079956	8
-1356.660889	10
-1352.241821	14
-1347.822754	19
-1343.403687	9
-1338.984497	12
-1334.565430	18
-1330.146362	18
-1325.727295	16
-1321.308228	18
-1316.889038	18
-1312.469971	14
-1308.050903	13
-1303.631836	11
-1299.212769	14
-1294.793579	14
-1290.374512	9
-1285.955444	12
-1281.536377	17
-1277.117310	10
-1272.698242	15
-1268.279053	13
-1263.859985	19
-1259.440918	15
-1255.021851	15
-1250.602783	19
-1246.183594	21
-1241.764526	19
-1237.345459	22
-1232.926392	33
-1228.507324	24
-1224.088135	28
-1219.669067	28
-1215.250000	24
-1210.830933	20
-1206.411865	23
-1201.992676	19
-1197.573608	17
-1193.154541	15
-1188.735474	18
-1184.316406	25
-1179.897217	19
-1175.478149	26
-1171.059082	18
-1166.640015	16
-1162.220947	23
-1157.801758	24
-1153.382690	24
-1148.963623	27
-1144.544556	19
-1140.125488	13
-1135.706421	16
-1131.287231	18
-1126.868164	25
-1122.449097	24
-1118.030029	21
-1113.610962	22
-1109.191772	17
-1104.772705	15
-1100.353638	17
-1095.934570	18
-1091.515503	23
-1087.096313	20
-1082.677246	27
-1078.258179	22
-1073.839111	29
-1069.420044	23
-1065.000854	27
-1060.581787	26
-1056.162720	28
-1051.743652	15
-1047.324585	21
-1042.905396	19
-1038.486328	26
-1034.067261	23
-1029.648193	18
-1025.229126	16
-1020.809998	20
-1016.390930	23
-1011.971802	25
-1007.552734	26
-1003.133606	24
-998.714539	26
-994.295471	32
-989.876343	20
-985.457275	18
-981.038208	29
-976.619080	21
-972.200012	13
-967.780884	25
-963.361816	20
-958.942749	25
-954.523621	20
-950.104553	19
-945.685425	24
-941.266357	18
-936.847290	24
-932.428162	24
-928.009094	22
-923.590027	23
-919.170898	21
-914.751831	24
-910.332703	30
-905.913635	19
-901.494568	17
-897.075439	19
-892.656372	16
-888.237244	26
-883.818176	29
-879.399109	16
-874.979980	27
-870.560913	30
-866.141846	22
-861.722717	19
-857.303650	22
-852.884521	22
-848.465454	16
-844.046387	22
-839.627258	27
-835.208191	24
-830.789063	17
-826.369995	23
-821.950928	27
-817.531799	22
-813.112732	21
-808.693665	26
-804.274536	17
-799.855469	24
-795.436340	19
-791.017273	19
-786.598206	19
-782.179077	24
-777.760010	22
-773.340881	15
-768.921814	18
-764.502747	21
-760.083618	18
-755.664551	23
-751.245483	23
-746.826355	25
-742.407288	21
-737.988159	31
-733.569092	31
-729.150024	19
-724.730896	12
-720.311829	27
-715.892700	21
-711.473633	19
-707.054565	22
-702.635437	27
-698.216370	28
-693.797302	30
-689.378174	25
-684.959106	27
-680.539978	25
-676.120911	25
-671.701843	27
-667.282715	24
-662.863647	32
-658.444519	35
-654.025452	28
-649.606384	25
-645.187256	24
-640.768188	23
-636.349121	26
-631.929993	26
-627.510925	24
-623.091797	31
-618.672729	29
-614.253662	30
-609.834534	26
-605.415466	21
-600.996338	22
-596.577271	24
-592.158203	28
-587.739075	26
-583.320007	25
-578.900879	22
-574.481812	22
-570.062744	18
-565.643616	25
-561.224548	22
-556.805481	28
-552.386353	23
-547.967285	28
-543.548157	35
-539.129089	30
-534.710022	22
-530.290894	21
-525.871826	25
-521.452698	35
-517.033630	28
-512.614563	23
-508.195465	23
-503.776367	28
-499.357269	25
-494.938171	31
-490.519104	27
-486.100006	35
-481.680908	35
-477.261810	35
-472.842712	24
-468.423645	26
-464.004547	25
-459.585449	29
-455.166351	47
-450.747284	35
-446.328186	31
-441.909088	21
-437.489990	31
-433.070923	47
-428.651825	46
-424.232727	31
-419.813629	37
-415.394531	38
-410.975464	34
-406.556366	34
-402.137268	25
-397.718170	34
-393.299103	40
-388.880005	26
-384.460907	26
-380.041809	49
-375.622742	51
-371.203644	50
-366.784546	42
-362.365448	48
-357.946350	38
-353.527283	39
-349.108185	44
-344.689087	34
-340.269989	39
-335.850922	44
-331.431824	54
-327.012726	50
-322.593628	56
-318.174561	55
-313.755463	51
-309.336365	51
-304.917267	54
-300.498169	52
-296.079102	53
-291.660004	50
-287.240906	52
-282.821808	55
-278.402740	59
-273.983643	72
-269.564545	69
-265.145447	62
-260.726349	82
-256.307281	71
-251.888184	75
-247.469086	79
-243.050003	76
-238.630905	81
-234.211823	86
-229.792725	82
-225.373642	89
-220.954544	99
-216.535461	103
-212.116364	108
-207.697266	116
-203.278183	112
-198.859085	129
-194.440002	139
-190.020905	138
-185.601822	144
-181.182724	163
-176.763641	181
-172.344543	190
-167.925461	202
-163.506363	225
-159.087280	256
-154.668182	294
-150.249084	348
-145.830002	417
-141.410904	521
-136.991821	656
-132.572723	874
-128.153641	1229
-123.734543	1736
-119.315453	2279
-114.896362	2593
-110.477272	2750
-106.058182	2803
-101.639091	2752
-97.220001	2555
-92.800911	2258
-88.381821	1939
-83.962730	1673
-79.543640	1489
-75.124542	1444
-70.705452	1485
-66.286362	1594
-61.867271	1786
-57.448181	2080
-53.029091	2502
-48.610001	3089
-44.190910	3839
-39.771820	4730
-35.352726	5539
-30.933636	6007
-26.514545	6309
-22.095455	6511
-17.676363	6641
-13.257273	6749
-8.838181	6774
-4.419091	6764
0.000000	6779
4.419091	6772
8.838181	6691
13.257273	6576
17.676363	6402
22.095455	6165
26.514545	5865
30.933636	5497
35.352726	5050
39.771820	4559
44.190910	4020
48.610001	3310
53.029091	2682
57.448181	2185
61.867271	1794
66.286362	1511
70.705452	1284
75.124542	1112
79.543640	976
83.962730	864
88.381821	761
92.800911	679
97.220001	586
101.639091	519
106.058182	473
110.477272	430
114.896362	398
119.315453	367
123.734543	344
128.153641	313
132.572723	284
136.991821	266
141.410904	236
145.830002	225
150.249084	202
154.668182	188
159.087280	177
163.506363	175
167.925461	159
172.344543	157
176.763641	148
181.182724	142
185.601822	139
190.020905	135
194.440002	125
198.859085	118
203.278183	100
207.697266	102
212.116364	96
216.535461	92
220.954544	84
225.373642	93
229.792725	84
234.211823	78
238.630905	72
243.050003	75
247.469086	74
251.888184	76
256.307281	72
260.726349	70
265.145447	73
269.564545	62
273.983643	61
278.402740	45
282.821808	48
287.240906	63
291.660004	66
296.079102	55
300.498169	60
304.917267	50
309.336365	45
313.755463	52
318.174561	57
322.593628	54
327.012726	45
331.431824	45
335.850922	48
340.269989	58
344.689087	55
349.108185	49
353.527283	41
357.946350	44
362.365448	49
366.784546	48
371.203644	52
375.622742	50
380.041809	47
384.460907	46
388.880005	40
393.299103	38
397.718170	42
402.137268	37
406.556366	38
410.975464	41
415.394531	42
419.813629	33
424.232727	36
428.651825	31
433.070923	37
437.489990	42
441.909088	31
446.328186	38
450.747284	37
455.166351	24
459.585449	30
464.004547	28
468.423645	37
472.842712	41
477.261810	46
481.680908	40
486.100006	38
490.519104	33
494.938171	31
499.357269	35
503.776367	25
508.195465	27
512.614563	36
517.033630	27
521.452698	31
525.871826	34
530.290894	37
534.710022	34
539.129089	22
543.548157	24
547.967285	31
552.386353	32
556.805481	37
561.224548	35
565.643616	33
570.062744	37
574.481812	31
578.900879	25
583.320007	25
587.739075	29
592.158203	29
596.577271	32
600.996338	27
605.415466	37
609.834534	30
614.253662	28
618.672729	35
623.091797	30
627.510925	25
631.929993	26
636.349121	34
640.768188	32
645.187256	42
649.606384	38
654.025452	32
658.444519	29
662.863647	29
667.282715	29
671.701843	26
676.120911	35
680.539978	35
684.959106	33
689.378174	28
693.797302	29
698.216370	35
702.635437	34
707.054565	31
711.473633	27
715.892700	31
720.311829	23
724.730896	41
729.150024	34
733.569092	30
737.988159	24
742.407288	25
746.826355	26
751.245483	30
755.664551	26
760.083618	34
764.502747	36
768.921814	33
773.340881	35
777.760010	29
782.179077	27
786.598206	22
791.017273	36
795.436340	37
799.855469	34
804.274536	33
808.693665	33
813.112732	25
817.531799	29
821.950928	37
826.369995	34
830.789063	34
835.208191	29
839.627258	36
844.046387	30
848.465454	32
852.884521	33
857.303650	33
861.722717	31
866.141846	28
870.560913	29
874.979980	33
879.399109	30
883.818176	21
888.237244	21
892.656372	25
897.075439	37
901.494568	33
905.913635	25
910.332703	32
914.751831	44
919.170898	38
923.590027	27
928.009094	34
932.428162	34
936.847290	37
941.266357	34
945.685425	26
950.104553	32
954.523621	24
958.942749	27
963.361816	29
967.780884	27
972.200012	25
976.619080	38
981.038208	33
985.457275	24
989.876343	23
994.295471	23
998.714539	32
1003.133606	32
1007.552734	19
1011.971802	22
1016.390930	16
1020.809998	29
1025.229126	28
1029.648193	28
1034.067261	32
1038.486328	33
1042.905396	32
1047.324585	30
1051.743652	36
1056.162720	23
1060.581787	27
1065.000854	29
1069.420044	35
1073.839111	37
1078.258179	29
1082.677246	30
1087.096313	24
1091.515503	21
1095.934570	26
1100.353638	23
1104.772705	36
1109.191772	33
1113.610962	34
1118.030029	32
1122.449097	23
1126.868164	24
1131.287231	33
1135.706421	31
1140.125488	38
1144.544556	36
1148.963623	29
1153.382690	30
1157.801758	40
1162.220947	29
1166.640015	31
1171.059082	28
1175.478149	20
1179.897217	27
1184.316406	23
1188.735474	29
1193.154541	34
1197.573608	31
1201.992676	34
1206.411865	24
1210.830933	25
1215.250000	28
1219.669067	25
1224.088135	27
1228.507324	31
1232.926392	28
1237.345459	22
1241.764526	24
1246.183594	24
1250.602783	27
1255.021851	27
1259.440918	33
1263.859985	36
1268.279053	27
1272.698242	28
1277.117310	29
1281.536377	38
1285.955444	36
1290.374512	26
1294.793579	25
1299.212769	21
1303.631836	24
1308.050903	22
1312.469971	28
1316.889038	38
1321.308228	34
1325.727295	34
1330.146362	35
1334.565430	34
1338.984497	28
1343.403687	34
1347.822754	30
1352.241821	26
1356.660889	26
1361.079956	25
1365.499146	28
1369.918213	29
1374.337280	21
1378.756348	38
1383.175415	40
1387.594604	38
1392.013672	38
1396.432739	25
1400.851807	26
1405.270874	28
1409.689941	36
1414.109131	40
1418.528198	35
1422.947266	32
1427.366333	24
1431.785400	28
1436.204590	37
1440.623657	30
1445.042725	32
1449.461792	30
1453.880859	25
1458.300049	29
1462.719116	36
1467.138184	31
1471.557251	28
1475.976318	34
1480.395508	27
1484.814575	31
1489.233643	31
1493.652710	32
1498.071777	23
1502.490967	30
1506.910034	33
1511.329102	29
1515.748169	36
1520.167236	38
1524.586304	32
1529.005493	37
1533.424561	32
1537.843628	39
1542.262695	37
1546.681763	33
1551.100952	25
1555.520020	39
1559.939087	31
1564.358154	27
1568.777222	30
1573.196411	23
1577.615479	25
1582.034546	26
1586.453613	37
1590.872681	31
1595.291870	27
1599.710938	32
1604.130005	32
1608.549072	27
1612.968140	30
1617.387329	26
1621.806396	26
1626.225464	22
1630.644531	27
1635.063599	32
1639.482788	39
1643.901855	32
1648.320923	30
1652.739990	35
1657.159058	35
1661.578125	33
1665.997314	27
1670.416382	29
1674.835449	37
1679.254517	33
1683.673584	39
1688.092773	42
1692.511841	39
1696.930908	40
1701.349976	32
1705.769043	29
1710.188232	38
1714.607300	31
1719.026367	29
1723.445435	29
1727.864502	34
1732.283691	39
1736.702759	33
1741.121826	31
1745.540894	32
1749.959961	30
1754.379150	37
1758.798218	32
1763.217285	33
1767.636353	33
1772.055420	33
1776.474487	25
1780.893677	27
1785.312744	30
1789.731812	29
1794.150879	32
1798.569946	23
1802.989136	26
1807.408203	28
1811.827271	31
1816.246338	35
1820.665405	36
1825.084595	35
1829.503662	30
1833.922729	32
1838.341797	26
1842.760864	32
1847.180054	39
1851.599121	44
1856.018188	35
1860.437256	32
1864.856323	37
1869.275513	25
1873.694580	20
1878.113647	37
1882.532715	26
1886.951782	30
1891.370850	31
1895.790039	31
1900.209106	24
1904.628174	29
1909.047241	35
1913.466309	37
1917.885498	38
1922.304565	28
1926.723633	29
1931.142700	38
1935.561768	30
1939.980957	21
1944.400024	36
1948.819092	40
1953.238159	38
1957.657227	28
1962.076416	33
1966.495483	32
1970.914551	28
1975.333618	36
1979.752686	35
1984.171875	41
1988.590942	31
1993.010010	37
1997.429077	32
2001.848145	26
2006.267212	27
2010.686401	31
2015.105469	28
2019.524536	30
2023.943604	43
2028.362671	33
2032.781860	31
2037.200928	36
2041.619995	39
2046.039063	38
2050.458252	32
2054.877197	39
2059.296387	35
2063.715576	27
2068.134521	39
2072.553711	38
2076.972656	29
2081.391846	28
2085.810791	40
2090.229980	28
2094.649170	26
2099.068115	28
2103.487305	30
2107.906250	33
2112.325439	27
2116.744629	29
2121.163574	30
2125.582764	28
2130.001709	32
2134.420898	34
2138.840088	28
2143.259033	32
2147.678223	30
2152.097168	29
2156.516357	29
2160.935547	32
2165.354492	36
2169.773682	28
2174.192627	28
2178.611816	34
2183.031006	35
2187.449951	35
2191.869141	41
2196.288086	33
2200.707275	25
2205.126465	29
2209.545410	35
2213.964600	36
2218.383545	40
2222.802734	36
2227.221924	33
2231.640869	29
2236.060059	30
2240.479004	36
2244.898193	49
2249.317383	38
2253.736328	35
2258.155518	33
2262.574463	30
2266.993652	31
2271.412842	36
2275.831787	33
2280.250977	35
2284.669922	29
2289.089111	34
2293.508301	34
2297.927246	32
2302.346436	32
2306.765381	39
2311.184570	35
2315.603516	22
2320.022705	32
2324.441895	36
2328.860840	46
2333.280029	37
2337.698975	31
2342.118164	31
2346.537354	42
2350.956299	38
2355.375488	49
2359.794434	49
2364.213623	32
2368.632813	32
2373.051758	30
2377.470947	36
2381.889893	32
2386.309082	31
2390.728271	39
2395.147217	34
2399.566406	28
2403.985352	40
2408.404541	31
2412.823730	26
2417.242676	34
2421.661865	35
2426.080811	40
2430.500000	37
2434.919189	30
2439.338135	30
2443.757324	22
2448.176270	35
2452.595459	32
2457.014648	26
2461.433594	34
2465.852783	32
2470.271729	32
2474.690918	31
2479.110107	34
2483.529053	29
2487.948242	37
2492.367188	41
2496.786377	36
2501.205566	37
2505.624512	36
2510.043701	38
2514.462646	24
2518.881836	28
2523.301025	40
2527.719971	29
2532.139160	31
2536.558105	37
2540.977295	39
2545.396484	31
2549.815430	35
2554.234619	50
2558.653564	42
2563.072754	40
2567.491699	38
2571.910889	34
2576.330078	32
2580.749023	38
2585.168213	37
2589.587158	31
2594.006348	26
2598.425537	30
2602.844482	34
2607.263672	39
2611.682617	36
2616.101807	30
2620.520996	30
2624.939941	27
2629.359131	22
2633.778076	35
2638.197266	25
2642.616455	31
2647.035400	45
2651.454590	46
2655.873535	41
2660.292725	41
2664.711914	36
2669.130859	26
2673.550049	31
2677.968994	39
2682.388184	39
2686.807373	45
2691.226318	47
2695.645508	37
2700.064453	29
2704.483643	36
2708.902832	43
2713.321777	30
2717.740967	34
2722.159912	38
2726.579102	34
2730.998291	43
2735.417236	41
2739.836426	39
2744.255371	32
2748.674561	34
2753.093750	41
2757.512695	34
2761.931885	32
2766.350830	46
2770.770020	42
2775.189209	36
2779.608154	33
2784.027344	29
2788.446289	26
2792.865479	32
2797.284424	43
2801.703613	32
2806.122803	40
2810.541748	33
2814.960938	34
2819.379883	31
2823.799072	36
2828.218262	31
2832.637207	43
2837.056396	43
2841.475342	33
2845.894531	40
2850.313721	33
2854.732666	32
2859.151855	34
2863.570801	37
2867.989990	36
2872.409180	36
2876.828125	41
2881.247314	35
2885.666260	42
2890.085449	36
2894.504639	33
2898.923584	33
2903.342773	36
2907.761719	43
2912.180908	46
2916.600098	50
2921.019043	32
2925.438232	38
2929.857178	39
2934.276367	31
2938.695557	36
2943.114502	33
2947.533691	30
2951.952637	34
2956.371826	37
2960.791016	29
2965.209961	34
2969.629150	32
2974.048096	39
2978.467285	39
2982.886475	27
2987.305420	30
2991.724609	46
2996.143555	42
3000.562744	39
3004.981934	40
3009.400879	27
3013.820068	36
3018.239014	35
3022.658203	40
3027.077393	34
3031.496338	38
3035.915527	39
3040.334473	39
3044.753662	34
3049.172607	36
3053.591797	31
3058.010986	23
3062.429932	39
3066.849121	41
3071.268066	39
3075.687256	37
3080.106445	50
3084.525391	49
3088.944580	43
3093.363525	42
3097.782715	39
3102.201904	33
3106.620850	21
3111.040039	34
3115.458984	37
3119.878174	30
3124.297363	35
3128.716309	31
3133.135498	30
3137.554443	31
3141.973633	38
3146.392822	38
3150.811768	32
3155.230957	28
3159.649902	33
3164.069092	29
3168.488281	30
3172.907227	34
3177.326416	34
3181.745361	29
3186.164551	32
3190.583740	35
3195.002686	39
3199.421875	33
3203.840820	37
3208.260010	24
3212.679199	30
3217.098145	31
3221.517334	28
3225.936279	36
3230.355469	41
3234.774658	34
3239.193604	36
3243.612793	42
3248.031738	45
3252.450928	44
3256.870117	39
3261.289063	36
3265.708252	39
3270.127197	35
3274.546387	31
3278.965576	28
3283.384521	31
3287.803711	37
3292.222656	37
3296.641846	42
3301.060791	33
3305.479980	33
3309.899170	32
3314.318115	31
3318.737305	29
3323.156250	39
3327.575439	39
3331.994629	37
3336.413574	39
3340.832764	37
3345.251709	31
3349.670898	36
3354.090088	35
3358.509033	35
3362.928223	37
3367.347168	42
3371.766357	41
3376.185547	39
3380.604492	28
3385.023682	38
3389.442627	38
3393.861816	35
3398.281006	36
3402.699951	33
3407.119141	37
3411.538086	36
3415.957275	41
3420.376465	45
3424.795410	36
3429.214600	37
3433.633545	35
3438.052734	46
3442.471924	47
3446.890869	42
3451.310059	35
3455.729004	34
3460.148193	39
3464.567383	39
3468.986328	44
3473.405518	47
3477.824463	37
3482.243652	39
3486.662842	51
3491.081787	34
3495.500977	39
3499.919922	48
3504.339111	39
3508.758301	34
3513.177246	28
3517.596436	43
3522.015381	43
3526.434570	41
3530.853516	46
3535.272705	40
3539.691895	43
3544.110840	53
3548.530029	48
3552.948975	38
3557.368164	43
3561.787354	38
3566.206299	43
3570.625488	48
3575.044434	42
3579.463623	43
3583.882813	40
3588.301758	42
3592.720947	54
3597.139893	54
3601.559082	60
3605.978271	56
3610.397217	49
3614.816406	50
3619.235352	50
3623.654541	57
3628.073730	62
3632.492676	57
3636.911865	49
3641.330811	49
3645.750000	55
3650.169189	63
3654.588135	60
3659.007324	56
3663.426270	62
3667.845459	71
3672.264648	68
3676.683594	63
3681.102783	71
3685.521729	70
3689.940918	71
3694.360107	82
3698.779053	82
3703.198242	83
3707.617188	84
3712.036377	82
3716.455566	92
3720.874512	95
3725.293701	94
3729.712646	103
3734.131836	108
3738.551025	109
3742.969971	114
3747.389160	118
3751.808105	107
3756.227295	112
3760.646484	111
3765.065430	115
3769.484619	119
3773.903564	126
3778.322754	136
3782.741699	141
3787.160889	141
3791.580078	143
3795.999023	146
3800.418213	156
3804.837158	146
3809.256348	160
3813.675537	162
3818.094482	159
3822.513672	168
3826.932617	167
3831.351807	164
3835.770996	162
3840.189941	156
3844.609131	162
3849.028076	158
3853.447266	153
3857.866455	169
3862.285400	171
3866.704590	200
3871.123535	200
3875.542725	205
3879.961914	217
3884.380859	223
3888.800049	224
3893.218994	228
3897.638184	215
3902.057373	227
3906.476318	216
3910.895508	219
3915.314453	226
3919.733643	240
3924.152832	239
3928.571777	234
3932.990967	239
3937.409912	263
3941.829102	269
3946.248291	248
3950.667236	251
3955.086426	258
3959.505371	263
3963.924561	269
3968.343750	275
3972.762695	270
3977.181885	275
3981.600830	282
3986.020020	296
3990.439209	311
3994.858154	337
3999.277344	340
4003.696289	348
4008.115479	354
4012.534424	361
4016.953613	373
4021.372803	383
4025.791748	366
4030.210938	366
4034.629883	386
4039.049072	390
4043.468262	378
4047.887207	378
4052.306396	380
4056.725342	404
4061.144531	404
4065.563721	413
4069.982666	421
4074.401855	424
4078.820801	428
4083.239990	422
4087.659180	420
4092.078125	429
4096.497070	427
4100.916504	424
4105.335449	418
4109.754395	414
4114.173828	415
4118.592773	412
4123.011719	400
4127.431152	404
4131.850098	409
4136.269043	400
4140.687988	412
4145.107422	397
4149.526367	416
4153.945313	414
4158.364746	409
4162.783691	413
4167.202637	415
4171.621582	414
4176.041016	429
4180.459961	439
4184.878906	423
4189.298340	418
4193.717285	415
4198.136230	424
4202.555664	428
4206.974609	429
4211.393555	424
4215.812500	438
4220.231934	427
4224.650879	447
4229.069824	471
4233.489258	471
4237.908203	487
4242.327148	496
4246.746582	492
4251.165527	510
4255.584473	513
4260.003418	508
4264.422852	504
4268.841797	511
4273.260742	514
4277.680176	509
4282.099121	508
4286.518066	512
4290.937500	528
4295.356445	540
4299.775391	568
4304.194336	592
4308.613770	606
4313.032715	620
4317.451660	628
4321.871094	631
4326.290039	635
4330.708984	663
4335.128418	676
4339.547363	668
4343.966309	683
4348.385254	702
4352.804688	691
4357.223633	695
4361.642578	687
4366.062012	678
4370.480957	686
4374.899902	679
4379.318848	687
4383.738281	699
4388.157227	688
4392.576172	702
4396.995605	714
4401.414551	725
4405.833496	736
4410.252930	735
4414.671875	746
4419.090820	743
4423.509766	739
4427.929199	756
4432.348145	763
4436.767090	757
4441.186523	757
4445.605469	762
4450.024414	771
4454.443848	776
4458.862793	773
4463.281738	802
4467.700684	817
4472.120117	823
4476.539063	809
4480.958008	809
4485.377441	827
4489.796387	849
4494.215332	860
4498.634766	865
4503.053711	854
4507.472656	848
4511.891602	851
4516.311035	843
4520.729980	854
4525.148926	863
4529.568359	843
4533.987305	846
4538.406250	851
4542.825684	859
4547.244629	883
4551.663574	880
4556.082520	883
4560.501953	894
4564.920898	872
4569.339844	883
4573.759277	916
4578.178223	932
4582.597168	940
4587.016602	926
4591.435547	928
4595.854492	950
4600.273438	975
4604.692871	978
4609.111816	979
4613.530762	987
4617.950195	1015
4622.369141	1020
4626.788086	1029
4631.207031	1039
4635.626465	1039
4640.045410	1041
4644.464355	1046
4648.883789	1037
4653.302734	1047
4657.721680	1080
4662.141113	1098
4666.560059	1103
4670.979004	1103
4675.397949	1087
4679.817383	1114
4684.236328	1140
4688.655273	1174
4693.074707	1181
4697.493652	1201
4701.912598	1236
4706.332031	1253
4710.750977	1267
4715.169922	1272
4719.588867	1284
4724.008301	1294
4728.427246	1310
4732.846191	1330
4737.265625	1342
4741.684570	1349
4746.103516	1380
4750.522949	1401
4754.941895	1424
4759.360840	1441
4763.779785	1461
4768.199219	1485
4772.618164	1497
4777.037109	1527
4781.456543	1543
4785.875488	1547
4790.294434	1596
4794.713867	1610
4799.132813	1641
4803.551758	1637
4807.970703	1632
4812.390137	1623
4816.809082	1614
4821.228027	1633
4825.647461	1649
4830.066406	1631
4834.485352	1633
4838.904785	1632
4843.323730	1636
4847.742676	1645
4852.161621	1644
4856.581055	1623
4861.000000	1618
4865.418945	1632
4869.838379	1664
4874.257324	1687
4878.676270	1708
4883.095215	1708
4887.514648	1691
4891.933594	1712
4896.352539	1719
4900.771973	1710
4905.190918	1711
4909.609863	1697
4914.029297	1707
4918.448242	1702
4922.867188	1702
4927.286133	1719
4931.705566	1716
4936.124512	1714
4940.543457	1739
4944.962891	1737
4949.381836	1724
4953.800781	1705
4958.220215	1712
4962.639160	1693
4967.058105	1674
4971.477051	1658
4975.896484	1641
4980.315430	1631
4984.734375	1621
4989.153809	1626
4993.572754	1623
4997.991699	1600
5002.411133	1589
5006.830078	1600
5011.249023	1584
5015.667969	1599
5020.087402	1609
5024.506348	1599
5028.925293	1602
5033.344727	1608
5037.763672	1617
5042.182617	1607
5046.602051	1597
5051.020996	1583
5055.439941	1565
5059.858887	1548
5064.278320	1564
5068.697266	1559
5073.116211	1529
5077.535645	1531
5081.954590	1530
5086.373535	1523
5090.792969	1531
5095.211914	1529
5099.630859	1504
5104.049805	1474
5108.469238	1472
5112.888184	1477
5117.307129	1451
5121.726563	1443
5126.145508	1418
5130.564453	1426
5134.983398	1421
5139.402832	1391
5143.821777	1382
5148.240723	1358
5152.660156	1353
5157.079102	1356
5161.498047	1366
5165.917480	1342
5170.336426	1346
5174.755371	1365
5179.174316	1362
5183.593750	1368
5188.012695	1366
5192.431641	1337
5196.851074	1339
5201.270020	1362
5205.688965	1369
5210.108398	1392
5214.527344	1408
5218.946289	1367
5223.365234	1356
5227.784668	1398
5232.203613	1401
5236.622559	1378
5241.041992	1384
5245.460938	1355
5249.879883	1357
5254.299316	1375
5258.718262	1386
5263.137207	1385
5267.556152	1415
5271.975586	1414
5276.394531	1409
5280.813477	1424
5285.232910	1427
5289.651855	1431
5294.070801	1439
5298.490234	1429
5302.909180	1435
5307.328125	1446
5311.747070	1417
5316.166504	1416
5320.585449	1430
5325.004395	1418
5329.423828	1421
5333.842773	1450
5338.261719	1467
5342.681152	1459
5347.100098	1459
5351.519043	1456
5355.937988	1446
5360.357422	1438
5364.776367	1422
5369.195313	1393
5373.614746	1396
5378.033691	1388
5382.452637	1391
5386.871582	1380
5391.291016	1381
5395.709961	1394
5400.128906	1378
5404.548340	1378
5408.967285	1387
5413.386230	1373
5417.805664	1379
5422.224609	1380
5426.643555	1371
5431.062500	1363
5435.481934	1370
5439.900879	1380
5444.319824	1375
5448.739258	1357
5453.158203	1362
5457.577148	1365
5461.996582	1368
5466.415527	1363
5470.834473	1356
5475.253418	1338
5479.672852	1351
5484.091797	1361
5488.510742	1343
5492.930176	1342
5497.349121	1340
5501.768066	1351
5506.187500	1340
5510.606445	1343
5515.025391	1363
5519.444336	1374
5523.863770	1355
5528.282715	1362
5532.701660	1365
5537.121094	1349
5541.540039	1336
5545.958984	1342
5550.378418	1353
5554.797363	1346
5559.216309	1341
5563.635254	1329
5568.054688	1319
5572.473633	1317
5576.892578	1313
5581.312012	1314
5585.730957	1311
5590.149902	1304
5594.568848	1322
5598.988281	1320
5603.407227	1306
5607.826172	1289
5612.245605	1302
5616.664551	1299
5621.083496	1302
5625.502930	1289
5629.921875	1276
5634.340820	1286
5638.759766	1283
5643.179199	1302
5647.598145	1316
5652.017090	1312
5656.436523	1318
5660.855469	1312
5665.274414	1290
5669.693848	1278
5674.112793	1272
5678.531738	1246
5682.950684	1246
5687.370117	1268
5691.789063	1270
5696.208008	1291
5700.627441	1263
5705.046387	1260
5709.465332	1287
5713.884766	1280
5718.303711	1254
5722.722656	1258
5727.141602	1257
5731.561035	1287
5735.979980	1289
5740.398926	1294
5744.818359	1300
5749.237305	1292
5753.656250	1282
5758.075684	1288
5762.494629	1295
5766.913574	1297
5771.332520	1311
5775.751953	1326
5780.170898	1341
5784.589844	1368
5789.009277	1362
5793.428223	1364
5797.847168	1390
5802.266602	1405
5806.685547	1421
5811.104492	1430
5815.523438	1433
5819.942871	1451
5824.361816	1423
5828.780762	1421
5833.200195	1418
5837.619141	1413
5842.038086	1426
5846.457031	1418
5850.876465	1386
5855.295410	1378
5859.714355	1379
5864.133789	1360
5868.552734	1321
5872.971680	1308
5877.391113	1322
5881.810059	1315
5886.229004	1323
5890.647949	1331
5895.067383	1339
5899.486328	1342
5903.905273	1336
5908.324707	1360
5912.743652	1355
5917.162598	1321
5921.582031	1329
5926.000977	1320
5930.419922	1316
5934.838867	1326
5939.258301	1332
5943.677246	1332
5948.096191	1334
5952.515625	1308
5956.934570	1307
5961.353516	1308
5965.772949	1278
5970.191895	1276
5974.610840	1275
5979.029785	1271
5983.449219	1254
5987.868164	1219
5992.287109	1211
5996.706543	1231
6001.125488	1213
6005.544434	1207
6009.963867	1206
6014.382813	1189
6018.801758	1186
6023.220703	1210
6027.640137	1227
6032.059082	1198
6036.478027	1181
6040.897461	1184
6045.316406	1183
6049.735352	1174
6054.154785	1154
6058.573730	1121
6062.992676	1108
6067.411621	1101
6071.831055	1101
6076.250000	1088
6080.668945	1083
6085.088379	1066
6089.507324	1049
6093.926270	1037
6098.345215	1033
6102.764648	1037
6107.183594	1038
6111.602539	1016
6116.021973	998
6120.440918	993
6124.859863	988
6129.279297	977
6133.698242	967
6138.117188	967
6142.536133	967
6146.955566	960
6151.374512	953
6155.793457	934
6160.212891	942
6164.631836	934
6169.050781	930
6173.470215	952
6177.889160	957
6182.308105	938
6186.727051	924
6191.146484	925
6195.565430	919
6199.984375	905
6204.403809	883
6208.822754	891
6213.241699	883
6217.661133	865
6222.080078	867
6226.499023	853
6230.917969	836
6235.337402	833
6239.756348	845
6244.175293	844
6248.594727	846
6253.013672	845
6257.432617	851
6261.852051	866
6266.270996	866
6270.689941	861
6275.108887	850
6279.528320	840
6283.947266	834
6288.366211	836
6292.785645	848
6297.204590	864
6301.623535	843
6306.042969	836
6310.461914	832
6314.880859	842
6319.299805	839
6323.719238	822
6328.138184	834
6332.557129	831
6336.976563	823
6341.395508	846
6345.814453	840
6350.233398	833
6354.652832	856
6359.071777	853
6363.490723	836
6367.910156	829
6372.329102	821
6376.748047	830
6381.167480	826
6385.586426	839
6390.005371	851
6394.424316	828
6398.843750	825
6403.262695	834
6407.681641	831
6412.101074	833
6416.520020	840
6420.938965	839
6425.358398	830
6429.777344	809
6434.196289	821
6438.615234	815
6443.034668	815
6447.453613	822
6451.872559	821
6456.291992	827
6460.710938	824
6465.129883	815
6469.549316	809
6473.968262	814
6478.387207	810
6482.806152	801
6487.225586	799
6491.644531	809
6496.063477	819
6500.482910	822
6504.901855	818
6509.320801	817
6513.740234	811
6518.159180	809
6522.578125	804
6526.997070	802
6531.416504	807
6535.835449	797
6540.254395	804
6544.673828	801
6549.092773	805
6553.511719	819
6557.931152	814
6562.350098	809
6566.769043	821
6571.187988	827
6575.607422	816
6580.026367	831
6584.445313	828
6588.864746	822
6593.283691	835
6597.702637	836
6602.121582	830
6606.541016	831
6610.959961	822
6615.378906	832
6619.798340	844
6624.217285	851
6628.636230	840
6633.055664	839
6637.474609	855
6641.893555	851
6646.312500	849
6650.731934	842
6655.150879	846
6659.569824	872
6663.989258	887
6668.408203	870
6672.827148	877
6677.246582	894
6681.665527	881
6686.084473	876
6690.503418	877
6694.922852	884
6699.341797	892
6703.760742	886
6708.180176	889
6712.599121	896
6717.018066	898
6721.437500	903
6725.856445	907
6730.275391	895
6734.694336	890
6739.113770	883
6743.532715	881
6747.951660	907
6752.371094	883
6756.790039	871
6761.208984	886
6765.628418	898
6770.047363	904
6774.466309	905
6778.885254	912
6783.304688	906
6787.723633	903
6792.142578	902
6796.562012	903
6800.980957	895
6805.399902	907
6809.818848	922
6814.238281	924
6818.657227	913
6823.076172	922
6827.495605	912
6831.914551	875
6836.333496	851
6840.752930	847
6845.171875	842
6849.590820	843
6854.009766	840
6858.429199	844
6862.848145	843
6867.267090	854
6871.686523	855
6876.105469	847
6880.524414	870
6884.943848	882
6889.362793	881
6893.781738	876
6898.200684	877
6902.620117	887
6907.039063	883
6911.458008	881
6915.877441	897
6920.296387	887
6924.715332	890
6929.134766	909
6933.553711	905
6937.972656	896
6942.391602	889
6946.811035	894
6951.229980	900
6955.648926	903
6960.068359	908
6964.487305	910
6968.906250	908
6973.325684	897
6977.744629	905
6982.163574	915
6986.582520	916
6991.001953	939
6995.420898	943
6999.839844	937
7004.259277	927
7008.678223	937
7013.097168	919
7017.516602	917
7021.935547	937
7026.354492	952
7030.773438	947
7035.192871	935
7039.611816	946
7044.030762	934
7048.450195	925
7052.869141	935
7057.288086	932
7061.707031	928
7066.126465	915
7070.545410	908
7074.964355	917
7079.383789	927
7083.802734	907
7088.221680	907
7092.641113	912
7097.060059	909
7101.479004	907
7105.897949	892
7110.317383	884
7114.736328	879
7119.155273	876
7123.574707	876
7127.993652	871
7132.412598	854
7136.832031	842
7141.250977	827
7145.669922	825
7150.088867	815
7154.508301	793
7158.927246	796
7163.346191	795
7167.765625	792
7172.184570	796
7176.603516	793
7181.022949	797
7185.441895	790
7189.860840	798
7194.279785	805
7198.699219	810
7203.118164	787
7207.537109	782
7211.956543	770
7216.375488	769
7220.794434	776
7225.213867	772
7229.632813	763
7234.051758	752
7238.470703	749
7242.890137	749
7247.309082	751
7251.728027	743
7256.147461	729
7260.566406	716
7264.985352	732
7269.404785	723
7273.823730	727
7278.242676	722
7282.661621	706
7287.081055	704
7291.500000	738
7295.918945	754
7300.338379	734
7304.757324	719
7309.176270	730
7313.595215	720
7318.014648	696
7322.433594	699
7326.852539	722
7331.271973	734
7335.690918	732
7340.109863	717
7344.529297	728
7348.948242	733
7353.367188	718
7357.786133	717
7362.205566	716
7366.624512	725
7371.043457	715
7375.462891	722
7379.881836	722
7384.300781	708
7388.720215	696
7393.139160	695
7397.558105	706
7401.977051	694
7406.396484	683
7410.815430	678
7415.234375	680
7419.653809	682
7424.072754	672
7428.491699	681
7432.911133	693
7437.330078	676
7441.749023	677
7446.167969	677
7450.587402	652
7455.006348	652
7459.425293	649
7463.844727	644
7468.263672	645
7472.682617	633
7477.102051	633
7481.520996	638
7485.939941	623
7490.358887	617
7494.778320	613
7499.197266	605
7503.616211	601
7508.035645	600
7512.454590	608
7516.873535	603
7521.292969	572
7525.711914	566
7530.130859	577
7534.549805	562
7538.969238	544
7543.388184	547
7547.807129	543
7552.226563	521
7556.645508	498
7561.064453	469
7565.483398	435
7569.902832	404
7574.321777	397
7578.740723	390
7583.160156	384
7587.579102	378
7591.998047	380
7596.417480	370
7600.836426	367
7605.255371	365
7609.674316	356
7614.093750	350
7618.512695	356
7622.931641	358
7627.351074	361
7631.770020	378
7636.188965	387
7640.608398	401
7645.027344	407
7649.446289	418
7653.865234	420
7658.284668	424
7662.703613	417
7667.122559	409
7671.541992	411
7675.960938	405
7680.379883	412
7684.799316	431
7689.218262	416
7693.637207	405
7698.056152	418
7702.475586	413
7706.894531	415
7711.313477	417
7715.732910	402
7720.151855	394
7724.570801	400
7728.990234	415
7733.409180	396
7737.828125	389
7742.247070	389
7746.666504	396
7751.085449	394
7755.504395	401
7759.923828	385
7764.342773	372
7768.761719	370
7773.181152	358
7777.600098	346
7782.019043	349
7786.437988	346
7790.857422	343
7795.276367	330
7799.695313	326
7804.114746	323
7808.533691	303
7812.952637	297
7817.371582	298
7821.791016	291
7826.209961	285
7830.628906	283
7835.048340	281
7839.467285	279
7843.886230	279
7848.305664	267
7852.724609	273
7857.143555	268
7861.562500	259
7865.981934	264
7870.400879	260
7874.819824	239
7879.239258	247
7883.658203	242
7888.077148	242
7892.496582	237
7896.915527	242
7901.334473	245
7905.753418	251
7910.172852	249
7914.591797	248
7919.010742	253
7923.430176	250
7927.849121	250
7932.268066	239
7936.687500	241
7941.106445	252
7945.525391	246
7949.944336	252
7954.363770	249
7958.782715	251
7963.201660	250
7967.621094	260
7972.040039	263
7976.458984	252
7980.878418	257
7985.297363	269
7989.716309	255
7994.135254	264
7998.554688	257
8002.973633	259
8007.392578	260
8011.812012	267
8016.230957	254
8020.649902	251
8025.068848	259
8029.488281	252
8033.907227	232
8038.326172	231
8042.745605	240
8047.164551	249
8051.583496	242
8056.002930	245
8060.421875	237
8064.840820	227
8069.259766	244
8073.679199	242
8078.098145	218
8082.517090	216
8086.936523	220
8091.355469	217
8095.774414	212
8100.193848	207
8104.612793	208
8109.031738	200
8113.450684	201
8117.870117	201
8122.289063	187
8126.708008	192
8131.127441	186
8135.546387	191
8139.965332	176
8144.384766	170
8148.803711	174
8153.222656	170
8157.641602	172
8162.061035	162
8166.479980	170
8170.898926	172
8175.318359	153
8179.737305	158
8184.156250	156
8188.575684	156
8192.994141	148
8197.414063	150
8201.833008	151
8206.251953	159
8210.670898	153
8215.089844	141
8219.508789	141
8223.927734	131
8228.347656	141
8232.766602	148
8237.185547	160
8241.604492	148
8246.023438	143
8250.442383	137
8254.862305	140
8259.281250	147
8263.700195	146
8268.119141	144
8272.538086	151
8276.957031	142
8281.375977	148
8285.795898	144
8290.214844	139
8294.633789	147
8299.052734	157
8303.471680	156
8307.890625	161
8312.309570	156
8316.729492	157
8321.148438	160
8325.567383	158
8329.986328	169
8334.405273	173
8338.824219	161
8343.243164	164
8347.663086	168
8352.082031	173
8356.500977	182
8360.919922	182
8365.338867	171
8369.757813	177
8374.177734	185
8378.596680	183
8383.015625	174
8387.434570	184
8391.853516	187
8396.272461	190
8400.691406	184
8405.111328	197
8409.530273	194
8413.949219	196
8418.368164	195
8422.787109	187
8427.206055	190
8431.625000	183
8436.044922	195
8440.463867	199
8444.882813	194
8449.301758	193
8453.720703	191
8458.139648	190
8462.559570	208
8466.978516	195
8471.397461	194
8475.816406	213
8480.235352	201
8484.654297	187
8489.073242	185
8493.493164	196
8497.912109	196
8502.331055	180
8506.750000	178
8511.168945	177
8515.587891	176
8520.006836	185
8524.426758	185
8528.845703	186
8533.264648	186
8537.683594	195
8542.102539	205
8546.521484	197
8550.940430	182
8555.360352	183
8559.779297	176
8564.198242	175
8568.617188	172
8573.036133	174
8577.455078	162
8581.875000	168
8586.293945	175
8590.712891	169
8595.131836	169
8599.550781	176
8603.969727	164
8608.388672	159
8612.808594	166
8617.227539	152
8621.646484	142
8626.065430	135
8630.484375	144
8634.903320	136
8639.322266	148
8643.742188	155
8648.161133	141
8652.580078	142
8656.999023	148
8661.417969	128
8665.836914	121
8670.256836	118
8674.675781	125
8679.094727	113
8683.513672	114
8687.932617	121
8692.351563	123
8696.770508	126
8701.190430	110
8705.609375	108
8710.028320	108
8714.447266	103
8718.866211	105
8723.285156	106
8727.704102	105
8732.124023	106
8736.542969	100
8740.961914	93
8745.380859	91
8749.799805	89
8754.218750	95
8758.637695	98
8763.057617	101
8767.476563	90
8771.895508	87
8776.314453	80
8780.733398	86
8785.152344	75
8789.572266	74
8793.991211	86
8798.410156	84
8802.829102	73
8807.248047	75
8811.666992	69
8816.085938	77
8820.505859	79
8824.924805	70
8829.343750	59
8833.762695	64
8838.181641	74
8842.600586	72
8847.019531	64
8851.439453	62
8855.858398	69
8860.277344	72
8864.696289	71
8869.115234	76
8873.534180	65
8877.954102	61
8882.373047	63
8886.791992	72
8891.210938	76
8895.629883	62
8900.048828	63
8904.467773	68
8908.887695	70
8913.306641	70
8917.725586	71
8922.144531	60
8926.563477	56
8930.982422	58
8935.401367	65
8939.821289	64
8944.240234	62
8948.659180	64
8953.078125	65
8957.497070	65
8961.916016	62
8966.335938	72
8970.754883	71
8975.173828	75
8979.592773	64
8984.011719	58
8988.430664	56
8992.849609	69
8997.269531	76
9001.688477	67
9006.107422	56
9010.526367	58
9014.945313	62
9019.364258	69
9023.783203	67
9028.203125	65
9032.622070	67
9037.041016	71
9041.459961	71
9045.878906	62
9050.297852	67
9054.716797	69
9059.136719	67
9063.555664	71
9067.974609	61
9072.393555	58
9076.812500	62
9081.231445	71
9085.651367	64
9090.070313	57
9094.489258	63
9098.908203	65
9103.327148	67
9107.746094	72
9112.165039	74
9116.584961	69
9121.003906	75
9125.422852	66
9129.841797	74
9134.260742	71
9138.679688	69
9143.098633	73
9147.518555	69
9151.937500	81
9156.356445	79
9160.775391	61
9165.194336	59
9169.613281	61
9174.033203	62
9178.452148	57
9182.871094	62
9187.290039	59
9191.708984	61
9196.127930	57
9200.546875	66
9204.966797	63
9209.385742	59
9213.804688	56
9218.223633	62
9222.642578	69
9227.061523	59
9231.480469	55
9235.900391	66
9240.319336	63
9244.738281	60
9249.157227	68
9253.576172	57
9257.995117	62
9262.414063	57
9266.833984	49
9271.252930	52
9275.671875	53
9280.090820	62
9284.509766	54
9288.928711	60
9293.348633	59
9297.767578	61
9302.186523	57
9306.605469	51
9311.024414	50
9315.443359	54
9319.862305	57
9324.282227	58
9328.701172	52
9333.120117	53
9337.539063	52
9341.958008	46
9346.376953	45
9350.795898	47
9355.215820	45
9359.634766	49
9364.053711	49
9368.472656	49
9372.891602	55
9377.310547	54
9381.730469	54
9386.149414	47
9390.568359	48
9394.987305	51
9399.406250	49
9403.825195	56
9408.244141	48
9412.664063	53
9417.083008	57
9421.501953	57
9425.920898	57
9430.339844	43
9434.758789	50
9439.177734	45
9443.597656	46
9448.016602	51
9452.435547	48
9456.854492	52
9461.273438	53
9465.692383	62
9470.112305	55
9474.531250	50
9478.950195	49
9483.369141	48
9487.788086	39
9492.207031	44
9496.625977	45
9501.045898	56
9505.464844	50
9509.883789	55
9514.302734	37
9518.721680	42
9523.140625	52
9527.559570	51
9531.979492	42
9536.398438	44
9540.817383	52
9545.236328	47
9549.655273	48
9554.074219	52
9558.493164	59
9562.913086	49
9567.332031	48
9571.750977	52
9576.169922	53
9580.588867	59
9585.007813	54
9589.427734	50
9593.846680	52
9598.265625	47
9602.684570	58
9607.103516	46
9611.522461	68
9615.941406	60
9620.361328	52
9624.780273	51
9629.199219	56
9633.618164	55
9638.037109	52
9642.456055	59
9646.875000	55
9651.294922	63
9655.713867	63
9660.132813	52
9664.551758	54
9668.970703	54
9673.389648	54
9677.809570	55
9682.228516	49
9686.647461	48
9691.066406	63
9695.485352	67
9699.904297	55
9704.323242	58
9708.743164	59
9713.162109	66
9717.581055	59
9722.000000	57
9726.418945	48
9730.837891	49
9735.256836	56
9739.676758	56
9744.095703	61
9748.514648	56
9752.933594	61
9757.352539	62
9761.771484	54
9766.190430	52
9770.610352	55
9775.029297	59
9779.448242	57
9783.867188	69
9788.286133	65
9792.705078	66
9797.125000	48
9801.543945	60
9805.962891	65
9810.381836	63
9814.800781	68
9819.219727	59
9823.638672	64
9828.058594	75
9832.477539	73
9836.896484	56
9841.315430	51
9845.734375	61
9850.153320	60
9854.572266	56
9858.992188	56
9863.411133	74
9867.830078	57
9872.249023	59
9876.667969	60
9881.086914	51
9885.506836	72
9889.925781	67
9894.344727	72
9898.763672	70
9903.182617	60
9907.601563	67
9912.020508	72
9916.440430	60
9920.859375	67
9925.278320	62
9929.697266	61
9934.116211	68
9938.535156	71
9942.954102	61
9947.374023	52
9951.792969	54
9956.211914	62
9960.630859	58
9965.049805	58
9969.468750	65
9973.887695	52
9978.307617	54
9982.726563	55
9987.145508	57
9991.564453	65
9995.983398	59
10000.402344	59
10004.822266	51
10009.241211	60
10013.660156	59
10018.079102	53
10022.498047	60
10026.916992	61
10031.335938	62
10035.755859	57
10040.174805	59
10044.593750	62
10049.012695	50
10053.431641	53
10057.850586	51
10062.269531	57
10066.689453	54
10071.108398	63
10075.527344	61
10079.946289	65
10084.365234	59
10088.784180	65
10093.204102	61
10097.623047	59
10102.041992	61
10106.460938	55
10110.879883	63
10115.298828	60
10119.717773	59
10124.137695	57
10128.556641	51
10132.975586	55
10137.394531	45
10141.813477	48
10146.232422	56
10150.651367	54
10155.071289	63
10159.490234	59
10163.909180	60
10168.328125	60
10172.747070	49
10177.166016	50
10181.585938	52
10186.004883	49
10190.423828	50
10194.842773	61
10199.261719	55
10203.680664	58
10208.099609	57
10212.519531	62
10216.938477	60
10221.357422	45
10225.776367	50
10230.195313	58
10234.614258	51
10239.033203	56
10243.453125	43
10247.872070	55
10252.291016	56
10256.709961	52
10261.128906	45
10265.547852	47
10269.966797	65
10274.386719	54
10278.805664	58
10283.224609	63
10287.643555	62
10292.062500	54
10296.481445	52
10300.901367	51
10305.320313	55
10309.739258	54
10314.158203	53
10318.577148	41
10322.996094	47
10327.415039	51
10331.834961	46
10336.253906	50
10340.672852	44
10345.091797	48
10349.510742	51
10353.929688	53
10358.348633	52
10362.768555	54
10367.187500	50
10371.606445	48
10376.025391	36
10380.444336	48
10384.863281	45
10389.283203	49
10393.702148	47
10398.121094	47
10402.540039	49
10406.958984	55
10411.377930	50
10415.796875	47
10420.216797	54
10424.635742	57
10429.054688	52
10433.473633	55
10437.892578	57
10442.311523	52
10446.730469	47
10451.150391	53
10455.569336	64
10459.988281	57
10464.407227	50
10468.826172	48
10473.245117	50
10477.664063	52
10482.083984	49
10486.502930	49
10490.921875	53
10495.340820	51
10499.759766	49
10504.178711	48
10508.598633	43
10513.017578	57
10517.436523	54
10521.855469	53
10526.274414	54
10530.693359	52
10535.112305	49
10539.532227	49
10543.951172	48
10548.370117	59
10552.789063	61
10557.208008	50
10561.626953	46
10566.045898	40
10570.465820	53
10574.884766	56
10579.303711	53
10583.722656	60
10588.141602	52
10592.560547	53
10596.980469	50
10601.399414	47
10605.818359	48
10610.237305	48
10614.656250	50
10619.075195	61
10623.494141	54
10627.914063	63
10632.333008	59
10636.751953	56
10641.170898	64
10645.589844	50
10650.008789	66
10654.427734	53
10658.847656	56
10663.266602	57
10667.685547	54
10672.104492	60
10676.523438	49
10680.942383	58
10685.362305	54
10689.781250	55
10694.200195	65
10698.619141	56
10703.038086	47
10707.457031	55
10711.875977	60
10716.295898	57
10720.714844	57
10725.133789	55
10729.552734	58
10733.971680	61
10738.390625	55
10742.809570	53
10747.229492	52
10751.648438	49
10756.067383	55
10760.486328	56
10764.905273	58
10769.324219	58
10773.743164	61
10778.163086	58
10782.582031	57
10787.000977	65
10791.419922	58
10795.838867	59
10800.257813	52
10804.677734	56
10809.096680	58
10813.515625	45
10817.934570	56
10822.353516	53
10826.772461	65
10831.191406	64
10835.611328	54
10840.030273	55
10844.449219	53
10848.868164	58
10853.287109	51
10857.706055	56
10862.125000	50
10866.544922	45
10870.963867	46
10875.382813	56
10879.801758	59
10884.220703	50
10888.639648	47
10893.059570	53
10897.478516	51
10901.897461	52
10906.316406	60
10910.735352	65
10915.154297	59
10919.573242	53
10923.993164	50
10928.412109	60
10932.831055	51
10937.250000	47
10941.668945	46
10946.087891	47
10950.506836	60
10954.926758	61
10959.345703	51
10963.764648	53
10968.183594	57
10972.602539	48
10977.021484	57
10981.440430	50
10985.860352	57
10990.279297	53
10994.698242	54
10999.117188	58
11003.536133	61
11007.955078	48
11012.375000	55
11016.793945	53
11021.212891	51
11025.631836	49
11030.050781	59
11034.469727	62
11038.888672	66
11043.308594	57
11047.727539	51
11052.146484	57
11056.565430	57
11060.984375	51
11065.403320	49
11069.822266	53
11074.242188	54
11078.661133	56
11083.080078	50
11087.499023	57
11091.917969	59
11096.336914	62
11100.756836	54
11105.175781	52
11109.594727	51
11114.013672	61
11118.432617	54
11122.851563	57
11127.270508	67
11131.690430	60
11136.109375	53
11140.528320	50
11144.947266	58
11149.366211	55
11153.785156	58
11158.204102	50
11162.624023	50
11167.042969	48
11171.461914	53
11175.880859	55
11180.299805	65
11184.718750	54
11189.137695	48
11193.557617	52
11197.976563	56
11202.395508	62
11206.814453	61
11211.233398	70
11215.652344	61
11220.072266	60
11224.491211	56
11228.910156	58
11233.329102	62
11237.748047	52
11242.166992	55
11246.585938	51
11251.005859	50
11255.424805	57
11259.843750	56
11264.262695	58
11268.681641	54
11273.100586	50
11277.519531	57
11281.939453	56
11286.358398	53
11290.777344	56
11295.196289	52
11299.615234	51
11304.034180	44
11308.454102	50
11312.873047	61
11317.291992	57
11321.710938	54
11326.129883	55
11330.548828	57
11334.967773	48
11339.387695	42
11343.806641	51
11348.225586	46
11352.644531	51
11357.063477	57
11361.482422	55
11365.901367	51
11370.321289	48
11374.740234	52
11379.159180	43
11383.578125	42
11387.997070	41
11392.416016	34
11396.835938	36
11401.254883	38
11405.673828	31
11410.092773	33
11414.511719	24
11418.930664	21
11423.349609	17
11427.769531	15
11432.188477	21
11436.607422	13
11441.026367	14
11445.445313	14
11449.864258	10
11454.283203	14
11458.703125	14
11463.122070	9
11467.541016	6
11471.959961	14
11476.378906	12
11480.797852	8
11485.216797	6
11489.636719	7
11494.055664	9
11498.474609	9
11502.893555	7
11507.312500	6
11511.731445	5
11516.151367	9
11520.570313	6
11524.989258	6
11529.408203	3
11533.827148	3
11538.246094	2
11542.665039	4
11547.084961	5
11551.503906	3
11555.922852	4
11560.341797	5
11564.760742	3
11569.179688	2
11573.598633	5
11578.018555	1
11582.437500	0
11586.856445	2
11591.275391	7
11595.694336	7
11600.113281	4
11604.533203	4
11608.952148	3
11613.371094	1
11617.790039	3
11622.208984	2
11626.627930	2
11631.046875	1
11635.466797	2
11639.885742	1
11644.304688	0
11648.723633	0
11653.142578	0
11657.561523	0
11661.980469	0
11666.400391	0
11670.819336	0
11675.238281	0
11679.657227	0
11684.076172	0
11688.495117	0
11692.914063	0
11697.333984	0
11701.752930	0
11706.171875	0
11710.590820	0
11715.009766	0
11719.428711	0
11723.848633	0
11728.267578	0
11732.686523	0
11737.105469	0
11741.524414	0
11745.943359	0
11750.362305	0
11754.782227	0
11759.201172	0
11763.620117	0
11768.039063	0
11772.458008	0
11776.876953	0
11781.295898	0
11785.715820	0
11790.134766	0
11794.553711	0
11798.972656	0
11803.391602	0
11807.810547	0
11812.230469	0
11816.649414	0
11821.068359	0
11825.487305	0
11829.906250	0
11834.325195	0
11838.744141	0
11843.164063	0
11847.583008	0
11852.001953	0
11856.420898	0
11860.839844	0
11865.258789	0
11869.677734	0
11874.097656	0
11878.516602	0
11882.935547	0
11887.354492	0
11891.773438	0
11896.192383	0
11900.612305	0
11905.031250	0
11909.450195	0
11913.869141	0
11918.288086	0
11922.707031	0
11927.125977	0
11931.545898	0
11935.964844	0
11940.383789	0
11944.802734	0
11949.221680	0
11953.640625	0
11958.059570	0
11962.479492	0
11966.898438	0
11971.317383	0
11975.736328	0
11980.155273	0
11984.574219	0
11988.993164	0
11993.413086	0
11997.832031	0
12002.250977	0
12006.669922	0
12011.088867	0
12015.507813	0
12019.927734	0
12024.346680	0
12028.765625	0
12033.184570	0
12037.603516	0
12042.022461	0
12046.441406	0
12050.861328	0
12055.280273	0
12059.699219	0
12064.118164	0
12068.537109	0
12072.956055	0
12077.375000	0
12081.794922	0
12086.213867	0
12090.632813	0
12095.051758	0
12099.470703	0
12103.889648	0
12108.309570	0
12112.728516	0
12117.147461	0
12121.566406	0
12125.985352	0
12130.404297	0
12134.823242	0
12139.243164	0
12143.662109	0
12148.081055	0
12152.500000	0
12156.918945	0
12161.337891	0
12165.756836	0
12170.176758	0
12174.595703	0
12179.014648	0
12183.433594	0
12187.852539	0
12192.271484	0
12196.690430	0
12201.110352	0
12205.529297	0
12209.948242	0
12214.367188	0
12218.786133	0
12223.205078	0
12227.625000	0
12232.043945	0
12236.462891	0
12240.881836	0
12245.300781	0
12249.719727	0
12254.138672	0
12258.558594	0
12262.977539	0
12267.396484	0
12271.815430	0
12276.234375	0
12280.653320	0
12285.072266	0
12289.492188	0
12293.911133	0
12298.330078	0
12302.749023	0
12307.167969	0
12311.586914	0
12316.006836	0
12320.425781	0
12324.844727	0
12329.263672	0
12333.682617	0
12338.101563	0
12342.520508	0
12346.940430	0
12351.359375	0
12355.778320	0
12360.197266	0
12364.616211	0
12369.035156	0
12373.454102	0
12377.874023	0
12382.292969	0
12386.711914	0
12391.130859	0
12395.549805	0
12399.968750	0
12404.387695	0
12408.807617	0
12413.226563	0
12417.645508	0
12422.064453	0
12426.483398	0
12430.902344	0
12435.322266	0
12439.741211	0
12444.160156	0
12448.579102	0
12452.998047	0
12457.416992	0
12461.835938	0
12466.255859	0
12470.674805	0
12475.093750	0
12479.512695	0
12483.931641	0
12488.350586	0
12492.769531	0
12497.189453	0
12501.608398	0
12506.027344	0
12510.446289	0
12514.865234	0
12519.284180	0
12523.704102	0
12528.123047	0
12532.541992	0
12536.960938	0
12541.379883	0
12545.798828	0
12550.217773	0
12554.637695	0
12559.056641	0
12563.475586	0
12567.894531	0
12572.313477	0
12576.732422	0
12581.151367	0
12585.571289	0
12589.990234	0
12594.409180	0
12598.828125	0
12603.247070	0
12607.666016	0
12612.085938	0
12616.504883	0
12620.923828	0
12625.342773	0
12629.761719	0
12634.180664	0
12638.599609	0
12643.019531	0
12647.438477	0
12651.857422	0
12656.276367	0
12660.695313	0
12665.114258	0
12669.533203	0
12673.953125	0
12678.372070	0
12682.791016	0
12687.209961	0
12691.628906	0
12696.047852	0
12700.466797	0
12704.886719	0
12709.305664	0
12713.724609	0
12718.143555	0
12722.562500	0
12726.981445	0
12731.401367	0
12735.820313	0
12740.239258	0
12744.658203	0
12749.077148	0
12753.496094	0
12757.915039	0
12762.334961	0
12766.753906	0
12771.172852	0
12775.591797	0
12780.010742	0
12784.429688	0
12788.848633	0
12793.268555	0
12797.687500	0
12802.106445	0
12806.525391	0
12810.944336	0
12815.363281	0
12819.783203	0
12824.202148	0
12828.621094	0
12833.040039	0
12837.458984	0
12841.877930	0
12846.296875	0
12850.716797	0
12855.135742	0
12859.554688	0
12863.973633	0
12868.392578	0
12872.811523	0
12877.230469	0
12881.650391	0
12886.069336	0
12890.488281	0
12894.907227	0
12899.326172	0
12903.745117	0
12908.164063	0
12912.583984	0
12917.002930	0
12921.421875	0
12925.840820	0
12930.259766	0
12934.678711	0
12939.098633	0
12943.517578	0
12947.936523	0
12952.355469	0
12956.774414	0
12961.193359	0
12965.612305	0
12970.032227	0
12974.451172	0
12978.870117	0
12983.289063	0
12987.708008	0
12992.126953	0
12996.545898	0
13000.965820	0
13005.384766	0
13009.803711	0
13014.222656	0
13018.641602	0
13023.060547	0
13027.480469	0
13031.899414	0
13036.318359	0
13040.737305	0
13045.156250	0
13049.575195	0
13053.994141	0
13058.414063	0
13062.833008	0
13067.251953	0
13071.670898	0
13076.089844	0
13080.508789	0
13084.927734	0
13089.347656	0
13093.766602	0
13098.185547	0
13102.604492	0
13107.023438	0
13111.442383	0
13115.862305	0
13120.281250	0
13124.700195	0
13129.119141	0
13133.538086	0
13137.957031	0
13142.375977	0
13146.795898	0
13151.214844	0
13155.633789	0
13160.052734	0
13164.471680	0
13168.890625	0
13173.309570	0
13177.729492	0
13182.148438	0
13186.567383	0
13190.986328	0
13195.405273	0
13199.824219	0
13204.243164	0
13208.663086	0
13213.082031	0
13217.500977	0
13221.919922	0
13226.338867	0
13230.757813	0
13235.177734	0
13239.596680	0
13244.015625	0
13248.434570	0
13252.853516	0
13257.272461	0
13261.691406	0
13266.111328	0
13270.530273	0
13274.949219	0
13279.368164	0
13283.787109	0
13288.206055	0
13292.625000	0
13297.044922	0
13301.463867	0
13305.882813	0
13310.301758	0
13314.720703	0
13319.139648	0
13323.559570	0
13327.978516	0
13332.397461	0
13336.816406	0
13341.235352	0
13345.654297	0
13350.073242	0
13354.493164	0
13358.912109	0
13363.331055	0
13367.750000	0
13372.168945	0
13376.587891	0
13381.006836	0
13385.426758	0
13389.845703	0
13394.264648	0
13398.683594	0
13403.102539	0
13407.521484	0
13411.940430	0
13416.360352	0
13420.779297	0
13425.198242	0
13429.617188	0
13434.036133	0
13438.455078	0
13442.875000	0
13447.293945	0
13451.712891	0
13456.131836	0
13460.550781	0
13464.969727	0
13469.388672	0
13473.808594	0
13478.227539	0
13482.646484	0
13487.065430	0
13491.484375	0
13495.903320	0
13500.322266	0
13504.742188	0
13509.161133	0
13513.580078	0
13517.999023	0
13522.417969	0
13526.836914	0
13531.256836	0
13535.675781	0
13540.094727	0
13544.513672	0
13548.932617	0
13553.351563	0
13557.770508	0
13562.190430	0
13566.609375	0
13571.028320	0
13575.447266	0
13579.866211	0
13584.285156	0
13588.704102	0
13593.124023	0
13597.542969	0
13601.961914	0
13606.380859	0
13610.799805	0
13615.218750	0
13619.637695	0
13624.057617	0
13628.476563	0
13632.895508	0
13637.314453	0
13641.733398	0
13646.152344	0
13650.572266	0
13654.991211	0
13659.410156	0
13663.829102	0
13668.248047	0
13672.666992	0
13677.085938	0
13681.505859	0
13685.924805	0
13690.343750	0
13694.762695	0
13699.181641	0
13703.600586	0
13708.019531	0
13712.439453	0
13716.858398	0
13721.277344	0
13725.696289	0
13730.115234	0
13734.534180	0
13738.954102	0
13743.373047	0
13747.791992	0
13752.210938	0
13756.629883	0
13761.048828	0
13765.467773	0
13769.887695	0
13774.306641	0
13778.725586	0
13783.144531	0
13787.563477	0
13791.982422	0
13796.401367	0
13800.821289	0
13805.240234	0
13809.659180	0
13814.078125	0
13818.497070	0
13822.916016	0
13827.335938	0
13831.754883	0
13836.173828	0
13840.592773	0
13845.011719	0
13849.430664	0
13853.849609	0
13858.269531	0
13862.688477	0
13867.107422	0
13871.526367	0
13875.945313	0
13880.364258	0
13884.783203	0
13889.203125	0
13893.622070	0
13898.041016	0
13902.459961	0
13906.878906	0
13911.297852	0
13915.716797	0
13920.136719	0
13924.555664	0
13928.974609	0
13933.393555	0
13937.812500	0
13942.231445	0
13946.651367	0
13951.070313	0
13955.489258	0
13959.908203	0
13964.327148	0
13968.746094	0
13973.165039	0
13977.584961	0
13982.003906	0
13986.422852	0
13990.841797	0
13995.260742	0
13999.679688	0
14004.098633	0
14008.518555	0
14012.937500	0
14017.356445	0
14021.775391	0
14026.194336	0
14030.613281	0
14035.033203	0
14039.452148	0
14043.871094	0
14048.290039	0
14052.708984	0
14057.127930	0
14061.546875	0
14065.966797	0
14070.385742	0
14074.804688	0
14079.223633	0
14083.642578	0
14088.061523	0
14092.480469	0
14096.900391	0
14101.319336	0
14105.738281	0
14110.157227	0
14114.576172	0
14118.995117	0
14123.414063	0
14127.833984	0
14132.252930	0
14136.671875	0
14141.090820	0
14145.509766	0
14149.928711	0
14154.348633	0
14158.767578	0
14163.186523	0
14167.605469	0
14172.024414	0
14176.443359	0
14180.862305	0
14185.282227	0
14189.701172	0
14194.120117	0
14198.539063	0
14202.958008	0
14207.376953	0
14211.795898	0
14216.215820	0
14220.634766	0
14225.053711	0
14229.472656	0
14233.891602	0
14238.310547	0
14242.730469	0
14247.149414	0
14251.568359	0
14255.987305	0
14260.406250	0
14264.825195	0
14269.244141	0
14273.664063	0
14278.083008	0
14282.501953	0
14286.920898	0
14291.339844	0
14295.758789	0
14300.177734	0
14304.597656	0
14309.016602	0
14313.435547	0
14317.854492	0
14322.273438	0
14326.692383	0
14331.112305	0
14335.531250	0
14339.950195	0
14344.369141	0
14348.788086	0
