-3609.125977	0
-3604.686768	0
-3600.247559	0
-3595.808105	0
-3591.368896	0
-3586.929688	0
-3582.490479	0
-3578.051025	0
-3573.611816	0
-3569.172607	0
-3564.733398	0
-3560.293945	0
-3555.854736	0
-3551.415527	0
-3546.976318	0
-3542.536865	0
-3538.097656	0
-3533.658447	0
-3529.219238	0
-3524.780029	0
-3520.340576	0
-3515.901367	0
-3511.462158	0
-3507.022949	0
-3502.583496	0
-3498.144287	0
-3493.705078	0
-3489.265869	0
-3484.826416	0
-3480.387207	0
-3475.947998	0
-3471.508789	0
-3467.069336	0
-3462.630127	0
-3458.190918	0
-3453.751709	0
-3449.312256	0
-3444.873047	0
-3440.433838	0
-3435.994629	0
-3431.555176	0
-3427.115967	0
-3422.676758	0
-3418.237549	0
-3413.798096	0
-3409.358887	0
-3404.919678	0
-3400.480469	0
-3396.041016	0
-3391.601807	0
-3387.162598	0
-3382.723389	0
-3378.283936	0
-3373.844727	0
-3369.405518	0
-3364.966309	0
-3360.526855	0
-3356.087646	0
-3351.648438	0
-3347.209229	0
-3342.769775	0
-3338.330566	0
-3333.891357	0
-3329.452148	0
-3325.012695	0
-3320.573486	0
-3316.134277	0
-3311.695068	0
-3307.255615	0
-3302.816406	0
-3298.377197	0
-3293.937988	0
-3289.498535	0
-3285.059326	0
-3280.620117	0
-3276.180908	0
-3271.741455	0
-3267.302246	0
-3262.863037	0
-3258.423828	0
-3253.984375	0
-3249.545166	0
-3245.105957	0
-3240.666748	0
-3236.227295	0
-3231.788086	0
-3227.348877	0
-3222.909668	0
-3218.470215	0
-3214.031006	0
-3209.591797	0
-3205.152588	0
-3200.713135	0
-3196.273926	0
-3191.834717	0
-3187.395508	0
-3182.956055	0
-3178.516846	0
-3174.077637	0
-3169.638428	0
-3165.198975	0
-3160.759766	0
-3156.320557	0
-3151.881348	0
-3147.441895	0
-3143.002686	0
-3138.563477	0
-3134.124268	0
-3129.684814	0
-3125.245605	0
-3120.806396	0
-3116.367188	0
-3111.927734	0
-3107.488525	0
-3103.049316	0
-3098.610107	0
-3094.170654	0
-3089.731445	0
-3085.292236	0
-3080.853027	0
-3076.413818	0
-3071.974365	0
-3067.535156	0
-3063.095947	0
-3058.656738	0
-3054.217285	0
-3049.778076	0
-3045.338867	0
-3040.899658	0
-3036.460205	0
-3032.020996	0
-3027.581787	0
-3023.142578	0
-3018.703125	0
-3014.263916	0
-3009.824707	0
-3005.385498	0
-3000.946045	0
-2996.506836	0
-2992.067627	0
-2987.628418	0
-2983.188965	0
-2978.749756	0
-2974.310547	0
-2969.871338	0
-2965.431885	0
-2960.992676	0
-2956.553467	0
-2952.114258	0
-2947.674805	0
-2943.235596	0
-2938.796387	0
-2934.357178	0
-2929.917725	0
-2925.478516	0
-2921.039307	0
-2916.600098	0
-2912.160645	0
-2907.721436	0
-2903.282227	0
-2898.843018	0
-2894.403564	0
-2889.964355	0
-2885.525146	0
-2881.085938	0
-2876.646484	0
-2872.207275	0
-2867.768066	0
-2863.328857	0
-2858.889404	0
-2854.450195	0
-2850.010986	0
-2845.571777	0
-2841.132324	0
-2836.693115	0
-2832.253906	0
-2827.814697	0
-2823.375244	0
-2818.936035	0
-2814.496826	0
-2810.057617	0
-2805.618164	0
-2801.178955	0
-2796.739746	0
-2792.300537	0
-2787.861084	0
-2783.421875	0
-2778.982666	0
-2774.543457	0
-2770.104004	0
-2765.664795	0
-2761.225586	0
-2756.786377	0
-2752.346924	0
-2747.907715	0
-2743.468506	0
-2739.029297	0
-2734.589844	0
-2730.150635	0
-2725.711426	0
-2721.272217	0
-2716.832764	0
-2712.393555	0
-2707.954346	0
-2703.515137	0
-2699.075684	0
-2694.636475	0
-2690.197266	0
-2685.758057	0
-2681.318604	0
-2676.879395	0
-2672.440186	0
-2668.000977	0
-2663.561523	0
-2659.122314	0
-2654.683105	0
-2650.243896	0
-2645.804688	0
-2641.365234	0
-2636.926025	0
-2632.486816	0
-2628.047607	0
-2623.608154	0
-2619.168945	0
-2614.729736	0
-2610.290527	0
-2605.851074	0
-2601.411865	0
-2596.972656	0
-2592.533447	0
-2588.093994	0
-2583.654785	0
-2579.215576	0
-2574.776367	0
-2570.336914	0
-2565.897705	0
-2561.458496	0
-2557.019287	0
-2552.579834	0
-2548.140625	0
-2543.701416	0
-2539.262207	0
-2534.822754	0
-2530.383545	0
-2525.944336	0
-2521.505127	0
-2517.065674	0
-2512.626465	0
-2508.187256	0
-2503.748047	0
-2499.308594	0
-2494.869385	0
-2490.430176	0
-2485.990967	0
-2481.551514	0
-2477.112305	0
-2472.673096	0
-2468.233887	0
-2463.794434	0
-2459.355225	0
-2454.916016	0
-2450.476807	0
-2446.037354	0
-2441.598145	0
-2437.158936	0
-2432.719727	0
-2428.280273	1
-2423.841064	0
-2419.401855	0
-2414.962646	1
-2410.523193	0
-2406.083984	1
-2401.644775	2
-2397.205566	2
-2392.766113	2
-2388.326904	5
-2383.887695	1
-2379.448486	1
-2375.009033	2
-2370.569824	8
-2366.130615	4
-2361.691406	5
-2357.251953	5
-2352.812744	8
-2348.373535	11
-2343.934326	7
-2339.494873	7
-2335.055664	4
-2330.616455	5
-2326.177246	11
-2321.737793	12
-2317.298584	9
-2312.859375	8
-2308.420166	6
-2303.980713	7
-2299.541504	5
-2295.102295	3
-2290.663086	5
-2286.223633	7
-2281.784424	11
-2277.345215	12
-2272.906006	11
-2268.466553	9
-2264.027344	5
-2259.588135	5
-2255.148926	11
-2250.709473	6
-2246.270264	9
-2241.831055	8
-2237.391846	12
-2232.952393	11
-2228.513184	9
-2224.073975	13
-2219.634766	16
-2215.195313	13
-2210.756104	13
-2206.316895	13
-2201.877686	9
-2197.438477	14
-2192.999023	9
-2188.559814	15
-2184.120605	13
-2179.681396	12
-2175.241943	16
-2170.802734	3
-2166.363525	10
-2161.924316	21
-2157.484863	20
-2153.045654	12
-2148.606445	12
-2144.167236	11
-2139.727783	14
-2135.288574	16
-2130.849365	14
-2126.410156	18
-2121.970703	27
-2117.531494	16
-2113.092285	20
-2108.653076	16
-2104.213623	9
-2099.774414	14
-2095.335205	12
-2090.895996	13
-2086.456543	21
-2082.017334	12
-2077.578125	19
-2073.138916	23
-2068.699463	14
-2064.260254	14
-2059.821045	19
-2055.381836	18
-2050.942383	20
-2046.503174	17
-2042.063965	11
-2037.624634	14
-2033.185425	23
-2028.746094	23
-2024.306885	15
-2019.867554	24
-2015.428345	23
-2010.989014	26
-2006.549805	24
-2002.110474	27
-1997.671265	24
-1993.231934	19
-1988.792725	25
-1984.353394	24
-1979.914185	27
-1975.474854	20
-1971.035645	19
-1966.596313	19
-1962.157104	20
-1957.717773	18
-1953.278564	21
-1948.839233	32
-1944.400024	22
-1939.960693	20
-1935.521484	21
-1931.082153	19
-1926.642944	25
-1922.203613	25
-1917.764404	20
-1913.325073	16
-1908.885864	28
-1904.446533	32
-1900.007324	33
-1895.567993	31
-1891.128784	22
-1886.689453	33
-1882.250244	32
-1877.810913	36
-1873.371704	28
-1868.932373	23
-1864.493164	19
-1860.053833	30
-1855.614624	25
-1851.175293	19
-1846.736084	29
-1842.296753	31
-1837.857544	24
-1833.418213	29
-1828.979004	44
-1824.539673	31
-1820.100464	33
-1815.661133	24
-1811.221924	25
-1806.782593	34
-1802.343384	36
-1797.904053	33
-1793.464844	43
-1789.025513	31
-1784.586304	24
-1780.146973	35
-1775.707764	20
-1771.268433	41
-1766.829224	46
-1762.390015	42
-1757.950684	42
-1753.511475	37
-1749.072144	43
-1744.632935	42
-1740.193604	37
-1735.754395	44
-1731.315063	49
-1726.875854	39
-1722.436523	40
-1717.997314	38
-1713.557983	35
-1709.118774	26
-1704.679443	39
-1700.240234	35
-1695.800903	34
-1691.361694	31
-1686.922363	36
-1682.483154	47
-1678.043823	52
-1673.604614	41
-1669.165283	47
-1664.726074	50
-1660.286743	36
-1655.847534	43
-1651.408203	46
-1646.968994	44
-1642.529663	31
-1638.090454	42
-1633.651123	34
-1629.211914	37
-1624.772583	50
-1620.333374	44
-1615.894043	42
-1611.454834	42
-1607.015503	45
-1602.576294	46
-1598.136963	48
-1593.697754	51
-1589.258423	50
-1584.819214	50
-1580.379883	44
-1575.940674	41
-1571.501343	47
-1567.062134	45
-1562.622803	50
-1558.183594	58
-1553.744263	53
-1549.305054	38
-1544.865723	42
-1540.426514	44
-1535.987183	43
-1531.547974	52
-1527.108643	59
-1522.669434	51
-1518.230103	38
-1513.790894	40
-1509.351563	50
-1504.912354	43
-1500.473022	34
-1496.033813	46
-1491.594482	40
-1487.155273	57
-1482.715942	46
-1478.276733	30
-1473.837402	41
-1469.398193	47
-1464.958862	50
-1460.519653	49
-1456.080322	49
-1451.641113	45
-1447.201782	55
-1442.762573	58
-1438.323242	54
-1433.884033	41
-1429.444702	37
-1425.005493	59
-1420.566162	55
-1416.126953	51
-1411.687622	48
-1407.248413	52
-1402.809082	55
-1398.369873	65
-1393.930542	61
-1389.491333	65
-1385.052002	48
-1380.612793	55
-1376.173462	54
-1371.734253	63
-1367.294922	52
-1362.855713	46
-1358.416382	53
-1353.977173	55
-1349.537842	44
-1345.098633	46
-1340.659302	53
-1336.220093	52
-1331.780762	50
-1327.341553	53
-1322.902344	46
-1318.463013	51
-1314.023804	68
-1309.584473	62
-1305.145264	68
-1300.705933	62
-1296.266724	44
-1291.827393	52
-1287.388184	54
-1282.948853	54
-1278.509644	54
-1274.070313	52
-1269.631104	61
-1265.191772	62
-1260.752563	59
-1256.313232	52
-1251.874023	47
-1247.434692	55
-1242.995483	71
-1238.556152	57
-1234.116943	61
-1229.677612	57
-1225.238403	64
-1220.799072	52
-1216.359863	63
-1211.920532	56
-1207.481323	49
-1203.041992	49
-1198.602783	54
-1194.163452	54
-1189.724243	59
-1185.284912	70
-1180.845703	50
-1176.406372	47
-1171.967163	45
-1167.527832	49
-1163.088623	45
-1158.649292	59
-1154.210083	54
-1149.770752	58
-1145.331543	63
-1140.892212	57
-1136.453003	48
-1132.013672	59
-1127.574463	62
-1123.135132	58
-1118.695923	50
-1114.256592	52
-1109.817383	47
-1105.378052	56
-1100.938843	61
-1096.499512	59
-1092.060303	52
-1087.620972	51
-1083.181763	52
-1078.742432	44
-1074.303223	44
-1069.863892	48
-1065.424683	54
-1060.985352	56
-1056.546143	57
-1052.106812	53
-1047.667603	53
-1043.228271	59
-1038.789063	63
-1034.349731	72
-1029.910522	60
-1025.471191	67
-1021.031982	53
-1016.592712	57
-1012.153442	52
-1007.714172	54
-1003.274902	46
-998.835632	58
-994.396362	56
-989.957092	54
-985.517822	59
-981.078552	51
-976.639282	45
-972.200012	59
-967.760742	54
-963.321472	56
-958.882202	55
-954.442932	52
-950.003662	45
-945.564392	58
-941.125122	63
-936.685852	60
-932.246582	68
-927.807312	63
-923.368042	55
-918.928772	57
-914.489502	58
-910.050232	52
-905.610962	54
-901.171692	66
-896.732422	58
-892.293152	52
-887.853882	65
-883.414612	60
-878.975342	65
-874.536072	59
-870.096802	46
-865.657532	71
-861.218262	61
-856.778992	51
-852.339722	57
-847.900452	64
-843.461182	43
-839.021912	56
-834.582642	57
-830.143372	54
-825.704102	63
-821.264832	60
-816.825562	54
-812.386292	66
-807.947021	71
-803.507751	66
-799.068481	62
-794.629211	54
-790.189941	55
-785.750671	70
-781.311401	49
-776.872131	56
-772.432861	61
-767.993591	52
-763.554321	51
-759.115051	56
-754.675781	67
-750.236511	63
-745.797241	48
-741.357971	56
-736.918701	47
-732.479431	52
-728.040161	49
-723.600891	57
-719.161621	68
-714.722351	62
-710.283081	61
-705.843811	53
-701.404541	66
-696.965271	63
-692.526001	67
-688.086731	67
-683.647461	69
-679.208191	72
-674.768921	64
-670.329651	52
-665.890381	52
-661.451172	58
-657.011902	64
-652.572632	53
-648.133362	79
-643.694092	85
-639.254822	82
-634.815552	70
-630.376282	64
-625.937012	65
-621.497742	57
-617.058472	62
-612.619202	62
-608.179932	70
-603.740662	62
-599.301392	54
-594.862122	58
-590.422852	65
-585.983582	59
-581.544312	52
-577.105042	60
-572.665771	74
-568.226501	56
-563.787231	71
-559.347961	62
-554.908691	66
-550.469421	76
-546.030151	82
-541.590881	83
-537.151611	68
-532.712341	84
-528.273071	68
-523.833801	60
-519.394531	65
-514.955261	64
-510.515991	67
-506.076721	74
-501.637451	58
-497.198181	68
-492.758911	57
-488.319641	65
-483.880371	68
-479.441101	63
-475.001831	67
-470.562561	68
-466.123291	73
-461.684021	73
-457.244751	68
-452.805481	75
-448.366211	78
-443.926941	67
-439.487671	79
-435.048401	78
-430.609131	83
-426.169861	88
-421.730591	75
-417.291321	67
-412.852051	78
-408.412781	93
-403.973511	87
-399.534241	73
-395.094971	84
-390.655701	85
-386.216431	91
-381.777161	76
-377.337891	82
-372.898621	86
-368.459351	85
-364.020081	83
-359.580811	75
-355.141541	81
-350.702271	90
-346.263000	87
-341.823730	87
-337.384460	90
-332.945190	86
-328.505951	76
-324.066681	86
-319.627411	84
-315.188141	97
-310.748871	89
-306.309601	101
-301.870331	107
-297.431061	95
-292.991791	109
-288.552521	111
-284.113251	103
-279.673981	113
-275.234711	113
-270.795441	101
-266.356171	119
-261.916901	105
-257.477631	120
-253.038361	114
-248.599091	116
-244.159821	110
-239.720551	139
-235.281281	121
-230.842010	122
-226.402740	160
-221.963470	145
-217.524200	151
-213.084930	153
-208.645660	156
-204.206390	173
-199.767120	177
-195.327850	182
-190.888580	160
-186.449310	168
-182.010040	193
-177.570770	194
-173.131500	202
-168.692230	224
-164.252975	235
-159.813705	236
-155.374435	241
-150.935165	256
-146.495895	279
-142.056625	309
-137.617355	300
-133.178085	331
-128.738815	371
-124.299545	407
-119.860275	454
-115.421005	505
-110.981735	555
-106.542465	644
-102.103195	736
-97.663925	833
-93.224655	934
-88.785385	1086
-84.346115	1304
-79.906853	1508
-75.467583	1821
-71.028313	2184
-66.589043	2638
-62.149773	3244
-57.710503	4081
-53.271233	4839
-48.831963	5429
-44.392693	5882
-39.953426	6224
-35.514156	6577
-31.074886	6818
-26.635616	7038
-22.196346	7158
-17.757078	7258
-13.317808	7333
-8.878539	7425
-4.439270	7532
0.000000	7618
4.439270	7593
8.878539	7458
13.317808	7289
17.757078	6978
22.196346	6667
26.635616	6396
31.074886	6021
35.514156	5552
39.953426	4908
44.392693	4177
48.831963	3440
53.271233	2836
57.710503	2398
62.149773	2068
66.589043	1805
71.028313	1610
75.467583	1418
79.906853	1228
84.346115	1048
88.785385	892
93.224655	753
97.663925	644
102.103195	570
106.542465	495
110.981735	457
115.421005	424
119.860275	372
124.299545	367
128.738815	335
133.178085	319
137.617355	285
142.056625	254
146.495895	259
150.935165	236
155.374435	225
159.813705	221
164.252975	208
168.692230	195
173.131500	193
177.570770	193
182.010040	200
186.449310	201
190.888580	185
195.327850	160
199.767120	142
204.206390	140
208.645660	156
213.084930	131
217.524200	120
221.963470	137
226.402740	138
230.842010	116
235.281281	115
239.720551	125
244.159821	125
248.599091	122
253.038361	137
257.477631	117
261.916901	108
266.356171	102
270.795441	111
275.234711	124
279.673981	112
284.113251	110
288.552521	100
292.991791	100
297.431061	106
301.870331	90
306.309601	111
310.748871	106
315.188141	113
319.627411	100
324.066681	89
328.505951	93
332.945190	114
337.384460	117
341.823730	109
346.263000	99
350.702271	101
355.141541	99
359.580811	89
364.020081	91
368.459351	94
372.898621	85
377.337891	96
381.777161	91
386.216431	91
390.655701	97
395.094971	81
399.534241	78
403.973511	67
408.412781	84
412.852051	84
417.291321	90
421.730591	94
426.169861	82
430.609131	78
435.048401	64
439.487671	86
443.926941	77
448.366211	83
452.805481	82
457.244751	89
461.684021	70
466.123291	77
470.562561	82
475.001831	93
479.441101	83
483.880371	60
488.319641	88
492.758911	76
497.198181	72
501.637451	88
506.076721	84
510.515991	68
514.955261	59
519.394531	80
523.833801	77
528.273071	68
532.712341	66
537.151611	77
541.590881	78
546.030151	76
550.469421	65
554.908691	83
559.347961	63
563.787231	71
568.226501	62
572.665771	70
577.105042	77
581.544312	81
585.983582	64
590.422852	67
594.862122	87
599.301392	89
603.740662	80
608.179932	89
612.619202	94
617.058472	78
621.497742	79
625.937012	72
630.376282	64
634.815552	78
639.254822	62
643.694092	72
648.133362	75
652.572632	75
657.011902	70
661.451172	69
665.890381	88
670.329651	77
674.768921	74
679.208191	72
683.647461	74
688.086731	65
692.526001	67
696.965271	73
701.404541	73
705.843811	67
710.283081	75
714.722351	73
719.161621	81
723.600891	85
728.040161	72
732.479431	73
736.918701	71
741.357971	72
745.797241	75
750.236511	77
754.675781	66
759.115051	67
763.554321	74
767.993591	82
772.432861	75
776.872131	80
781.311401	64
785.750671	79
790.189941	74
794.629211	62
799.068481	56
803.507751	75
807.947021	73
812.386292	71
816.825562	84
821.264832	86
825.704102	70
830.143372	63
834.582642	71
839.021912	79
843.461182	87
847.900452	80
852.339722	81
856.778992	79
861.218262	75
865.657532	72
870.096802	75
874.536072	70
878.975342	81
883.414612	89
887.853882	75
892.293152	61
896.732422	66
901.171692	66
905.610962	73
910.050232	86
914.489502	70
918.928772	73
923.368042	68
927.807312	84
932.246582	76
936.685852	69
941.125122	76
945.564392	84
950.003662	79
954.442932	69
958.882202	71
963.321472	58
967.760742	70
972.200012	67
976.639282	67
981.078552	64
985.517822	57
989.957092	68
994.396362	68
998.835632	69
1003.274902	72
1007.714172	76
1012.153442	71
1016.592712	82
1021.031982	70
1025.471191	65
1029.910522	73
1034.349731	78
1038.789063	85
1043.228271	61
1047.667603	74
1052.106812	83
1056.546143	83
1060.985352	80
1065.424683	70
1069.863892	95
1074.303223	65
1078.742432	62
1083.181763	81
1087.620972	78
1092.060303	78
1096.499512	79
1100.938843	65
1105.378052	64
1109.817383	67
1114.256592	64
1118.695923	81
1123.135132	79
1127.574463	67
1132.013672	74
1136.453003	73
1140.892212	70
1145.331543	73
1149.770752	72
1154.210083	71
1158.649292	75
1163.088623	71
1167.527832	78
1171.967163	77
1176.406372	70
1180.845703	71
1185.284912	77
1189.724243	57
1194.163452	79
1198.602783	91
1203.041992	77
1207.481323	69
1211.920532	63
1216.359863	63
1220.799072	81
1225.238403	77
1229.677612	69
1234.116943	76
1238.556152	78
1242.995483	63
1247.434692	70
1251.874023	78
1256.313232	74
1260.752563	82
1265.191772	80
1269.631104	79
1274.070313	77
1278.509644	76
1282.948853	93
1287.388184	88
1291.827393	79
1296.266724	94
1300.705933	85
1305.145264	78
1309.584473	78
1314.023804	89
1318.463013	76
1322.902344	77
1327.341553	83
1331.780762	76
1336.220093	72
1340.659302	81
1345.098633	86
1349.537842	86
1353.977173	94
1358.416382	76
1362.855713	85
1367.294922	87
1371.734253	76
1376.173462	88
1380.612793	86
1385.052002	80
1389.491333	98
1393.930542	75
1398.369873	77
1402.809082	81
1407.248413	74
1411.687622	90
1416.126953	81
1420.566162	72
1425.005493	77
1429.444702	87
1433.884033	87
1438.323242	73
1442.762573	72
1447.201782	87
1451.641113	75
1456.080322	75
1460.519653	84
1464.958862	91
1469.398193	91
1473.837402	78
1478.276733	81
1482.715942	76
1487.155273	67
1491.594482	75
1496.033813	79
1500.473022	85
1504.912354	81
1509.351563	91
1513.790894	85
1518.230103	64
1522.669434	74
1527.108643	85
1531.547974	86
1535.987183	90
1540.426514	69
1544.865723	82
1549.305054	69
1553.744263	69
1558.183594	80
1562.622803	88
1567.062134	91
1571.501343	91
1575.940674	92
1580.379883	75
1584.819214	76
1589.258423	86
1593.697754	78
1598.136963	74
1602.576294	82
1607.015503	82
1611.454834	77
1615.894043	97
1620.333374	77
1624.772583	83
1629.211914	74
1633.651123	81
1638.090454	86
1642.529663	87
1646.968994	77
1651.408203	97
1655.847534	94
1660.286743	86
1664.726074	79
1669.165283	82
1673.604614	85
1678.043823	86
1682.483154	88
1686.922363	94
1691.361694	83
1695.800903	94
1700.240234	90
1704.679443	85
1709.118774	85
1713.557983	69
1717.997314	85
1722.436523	90
1726.875854	75
1731.315063	96
1735.754395	88
1740.193604	78
1744.632935	83
1749.072144	85
1753.511475	90
1757.950684	80
1762.390015	65
1766.829224	73
1771.268433	94
1775.707764	83
1780.146973	85
1784.586304	84
1789.025513	66
1793.464844	84
1797.904053	78
1802.343384	79
1806.782593	87
1811.221924	80
1815.661133	80
1820.100464	74
1824.539673	73
1828.979004	96
1833.418213	85
1837.857544	88
1842.296753	103
1846.736084	103
1851.175293	97
1855.614624	98
1860.053833	83
1864.493164	90
1868.932373	83
1873.371704	88
1877.810913	86
1882.250244	87
1886.689453	86
1891.128784	95
1895.567993	92
1900.007324	92
1904.446533	84
1908.885864	83
1913.325073	82
1917.764404	84
1922.203613	85
1926.642944	77
1931.082153	85
1935.521484	88
1939.960693	74
1944.400024	76
1948.839233	91
1953.278564	80
1957.717773	80
1962.157104	78
1966.596313	92
1971.035645	92
1975.474854	101
1979.914185	92
1984.353394	94
1988.792725	98
1993.231934	86
1997.671265	80
2002.110474	93
2006.549805	90
2010.989014	97
2015.428345	94
2019.867554	92
2024.306885	89
2028.746094	81
2033.185425	89
2037.624634	85
2042.063965	95
2046.503174	96
2050.942383	95
2055.381836	96
2059.821045	105
2064.260254	98
2068.699463	97
2073.138916	102
2077.578125	97
2082.017334	93
2086.456543	96
2090.895996	94
2095.335205	83
2099.774414	93
2104.213623	85
2108.653076	93
2113.092285	82
2117.531494	86
2121.970703	92
2126.410156	90
2130.849365	77
2135.288574	77
2139.727783	95
2144.167236	83
2148.606445	89
2153.045654	98
2157.484863	86
2161.924316	89
2166.363525	81
2170.802734	81
2175.241943	93
2179.681396	89
2184.120605	99
2188.559814	96
2192.999023	87
2197.438477	87
2201.877686	90
2206.316895	95
2210.756104	85
2215.195313	99
2219.634766	98
2224.073975	90
2228.513184	84
2232.952393	98
2237.391846	91
2241.831055	94
2246.270264	82
2250.709473	99
2255.148926	100
2259.588135	91
2264.027344	90
2268.466553	82
2272.906006	101
2277.345215	89
2281.784424	89
2286.223633	88
2290.663086	102
2295.102295	89
2299.541504	91
2303.980713	87
2308.420166	90
2312.859375	88
2317.298584	103
2321.737793	96
2326.177246	99
2330.616455	99
2335.055664	85
2339.494873	95
2343.934326	100
2348.373535	81
2352.812744	73
2357.251953	87
2361.691406	103
2366.130615	95
2370.569824	93
2375.009033	98
2379.448486	94
2383.887695	75
2388.326904	86
2392.766113	92
2397.205566	80
2401.644775	92
2406.083984	80
2410.523193	95
2414.962646	101
2419.401855	91
2423.841064	87
2428.280273	101
2432.719727	94
2437.158936	86
2441.598145	85
2446.037354	85
2450.476807	78
2454.916016	87
2459.355225	89
2463.794434	97
2468.233887	93
2472.673096	84
2477.112305	96
2481.551514	88
2485.990967	93
2490.430176	100
2494.869385	88
2499.308594	81
2503.748047	96
2508.187256	93
2512.626465	95
2517.065674	87
2521.505127	90
2525.944336	92
2530.383545	89
2534.822754	106
2539.262207	106
2543.701416	85
2548.140625	82
2552.579834	69
2557.019287	86
2561.458496	91
2565.897705	96
2570.336914	96
2574.776367	95
2579.215576	106
2583.654785	92
2588.093994	101
2592.533447	87
2596.972656	102
2601.411865	90
2605.851074	98
2610.290527	106
2614.729736	101
2619.168945	95
2623.608154	93
2628.047607	98
2632.486816	101
2636.926025	94
2641.365234	93
2645.804688	86
2650.243896	88
2654.683105	93
2659.122314	102
2663.561523	111
2668.000977	106
2672.440186	106
2676.879395	112
2681.318604	97
2685.758057	109
2690.197266	97
2694.636475	90
2699.075684	107
2703.515137	99
2707.954346	81
2712.393555	94
2716.832764	104
2721.272217	105
2725.711426	103
2730.150635	94
2734.589844	85
2739.029297	73
2743.468506	94
2747.907715	95
2752.346924	96
2756.786377	89
2761.225586	90
2765.664795	91
2770.104004	96
2774.543457	96
2778.982666	105
2783.421875	96
2787.861084	103
2792.300537	103
2796.739746	102
2801.178955	95
2805.618164	106
2810.057617	94
2814.496826	91
2818.936035	97
2823.375244	97
2827.814697	115
2832.253906	91
2836.693115	90
2841.132324	90
2845.571777	92
2850.010986	101
2854.450195	81
2858.889404	83
2863.328857	100
2867.768066	112
2872.207275	110
2876.646484	96
2881.085938	100
2885.525146	99
2889.964355	109
2894.403564	96
2898.843018	109
2903.282227	109
2907.721436	92
2912.160645	92
2916.600098	92
2921.039307	106
2925.478516	85
2929.917725	91
2934.357178	85
2938.796387	94
2943.235596	96
2947.674805	96
2952.114258	97
2956.553467	101
2960.992676	99
2965.431885	110
2969.871338	104
2974.310547	111
2978.749756	128
2983.188965	99
2987.628418	92
2992.067627	114
2996.506836	102
3000.946045	95
3005.385498	89
3009.824707	89
3014.263916	103
3018.703125	102
3023.142578	104
3027.581787	99
3032.020996	106
3036.460205	111
3040.899658	107
3045.338867	98
3049.778076	108
3054.217285	113
3058.656738	100
3063.095947	99
3067.535156	96
3071.974365	106
3076.413818	98
3080.853027	119
3085.292236	115
3089.731445	111
3094.170654	101
3098.610107	112
3103.049316	108
3107.488525	93
3111.927734	93
3116.367188	97
3120.806396	94
3125.245605	95
3129.684814	94
3134.124268	91
3138.563477	99
3143.002686	110
3147.441895	109
3151.881348	110
3156.320557	107
3160.759766	114
3165.198975	111
3169.638428	92
3174.077637	122
3178.516846	107
3182.956055	93
3187.395508	105
3191.834717	113
3196.273926	100
3200.713135	91
3205.152588	115
3209.591797	99
3214.031006	106
3218.470215	108
3222.909668	107
3227.348877	108
3231.788086	100
3236.227295	104
3240.666748	98
3245.105957	100
3249.545166	92
3253.984375	93
3258.423828	99
3262.863037	106
3267.302246	99
3271.741455	100
3276.180908	94
3280.620117	109
3285.059326	99
3289.498535	93
3293.937988	101
3298.377197	99
3302.816406	103
3307.255615	111
3311.695068	110
3316.134277	113
3320.573486	103
3325.012695	107
3329.452148	112
3333.891357	115
3338.330566	113
3342.769775	111
3347.209229	100
3351.648438	110
3356.087646	106
3360.526855	108
3364.966309	104
3369.405518	103
3373.844727	104
3378.283936	107
3382.723389	94
3387.162598	95
3391.601807	92
3396.041016	109
3400.480469	114
3404.919678	104
3409.358887	99
3413.798096	106
3418.237549	114
3422.676758	117
3427.115967	117
3431.555176	122
3435.994629	97
3440.433838	102
3444.873047	113
3449.312256	113
3453.751709	115
3458.190918	117
3462.630127	122
3467.069336	116
3471.508789	115
3475.947998	120
3480.387207	130
3484.826416	117
3489.265869	125
3493.705078	130
3498.144287	131
3502.583496	127
3507.022949	128
3511.462158	138
3515.901367	129
3520.340576	117
3524.780029	136
3529.219238	115
3533.658447	129
3538.097656	128
3542.536865	127
3546.976318	136
3551.415527	150
3555.854736	147
3560.293945	158
3564.733398	151
3569.172607	150
3573.611816	149
3578.051025	153
3582.490479	160
3586.929688	155
3591.368896	162
3595.808105	170
3600.247559	155
3604.686768	166
3609.125977	188
3613.565186	181
3618.004639	181
3622.443848	195
3626.883057	192
3631.322266	189
3635.761719	200
3640.200928	199
3644.640137	209
3649.079346	221
3653.518799	213
3657.958008	212
3662.397217	239
3666.836426	252
3671.275879	250
3675.715088	265
3680.154297	280
3684.593506	293
3689.032959	324
3693.472168	320
3697.911377	315
3702.350586	332
3706.790039	351
3711.229248	378
3715.668457	384
3720.107666	416
3724.547119	443
3728.986328	466
3733.425537	476
3737.864746	501
3742.304199	511
3746.743408	539
3751.182617	531
3755.621826	553
3760.061279	582
3764.500488	613
3768.939697	622
3773.378906	661
3777.818359	675
3782.257568	734
3786.696777	760
3791.135986	795
3795.575439	845
3800.014648	877
3804.453857	937
3808.893066	983
3813.332520	1037
3817.771729	1076
3822.210938	1130
3826.650146	1172
3831.089600	1209
3835.528809	1274
3839.968018	1331
3844.407227	1374
3848.846680	1405
3853.285889	1454
3857.725098	1535
3862.164307	1581
3866.603760	1594
3871.042969	1647
3875.482178	1717
3879.921387	1761
3884.360840	1812
3888.800049	1831
3893.239258	1914
3897.678467	1980
3902.117920	2064
3906.557129	2101
3910.996338	2128
3915.435547	2168
3919.875000	2222
3924.314209	2268
3928.753418	2285
3933.192627	2297
3937.632080	2309
3942.071289	2337
3946.510498	2364
3950.949707	2388
3955.389160	2378
3959.828369	2386
3964.267578	2385
3968.706787	2409
3973.146240	2458
3977.585449	2497
3982.024658	2498
3986.463867	2515
3990.903076	2530
3995.342529	2552
3999.781738	2572
4004.220947	2589
4008.660156	2596
4013.099609	2602
4017.538818	2626
4021.978027	2615
4026.417236	2604
4030.856689	2612
4035.295898	2612
4039.735107	2631
4044.174316	2648
4048.613770	2663
4053.052979	2654
4057.492188	2646
4061.931396	2645
4066.370850	2644
4070.810059	2667
4075.249268	2683
4079.688477	2686
4084.127930	2683
4088.567139	2649
4093.006348	2619
4097.445801	2618
4101.884766	2635
4106.324219	2623
4110.763672	2635
4115.202637	2635
4119.642090	2624
4124.081055	2584
4128.520508	2607
4132.959961	2608
4137.398926	2623
4141.838379	2602
4146.277832	2592
4150.716797	2609
4155.156250	2614
4159.595215	2608
4164.034668	2599
4168.474121	2582
4172.913086	2597
4177.352539	2578
4181.791992	2565
4186.230957	2575
4190.670410	2545
4195.109375	2548
4199.548828	2530
4203.988281	2519
4208.427246	2498
4212.866699	2505
4217.306152	2504
4221.745117	2497
4226.184570	2461
4230.623535	2488
4235.062988	2470
4239.502441	2449
4243.941406	2442
4248.380859	2409
4252.820313	2433
4257.259277	2435
4261.698730	2426
4266.137695	2405
4270.577148	2379
4275.016602	2374
4279.455566	2398
4283.895020	2399
4288.334473	2384
4292.773438	2373
4297.212891	2356
4301.651855	2341
4306.091309	2363
4310.530762	2356
4314.969727	2351
4319.409180	2332
4323.848633	2336
4328.287598	2326
4332.727051	2334
4337.166016	2354
4341.605469	2310
4346.044922	2304
4350.483887	2348
4354.923340	2368
4359.362793	2368
4363.801758	2385
4368.241211	2373
4372.680176	2381
4377.119629	2397
4381.559082	2426
4385.998047	2420
4390.437500	2434
4394.876953	2430
4399.315918	2417
4403.755371	2431
4408.194336	2428
4412.633789	2420
4417.073242	2418
4421.512207	2437
4425.951660	2416
4430.390625	2422
4434.830078	2452
4439.269531	2447
4443.708496	2459
4448.147949	2462
4452.587402	2432
4457.026367	2434
4461.465820	2464
4465.904785	2436
4470.344238	2424
4474.783691	2424
4479.222656	2399
4483.662109	2386
4488.101563	2385
4492.540527	2386
4496.979980	2389
4501.418945	2382
4505.858398	2355
4510.297852	2357
4514.736816	2353
4519.176270	2337
4523.615723	2322
4528.054688	2316
4532.494141	2305
4536.933105	2302
4541.372559	2308
4545.812012	2307
4550.250977	2286
4554.690430	2289
4559.129883	2285
4563.568848	2306
4568.008301	2319
4572.447266	2301
4576.886719	2309
4581.326172	2309
4585.765137	2318
4590.204590	2325
4594.644043	2365
4599.083008	2344
4603.522461	2366
4607.961426	2368
4612.400879	2379
4616.840332	2421
4621.279297	2453
4625.718750	2466
4630.158203	2505
4634.597168	2502
4639.036621	2541
4643.475586	2568
4647.915039	2598
4652.354492	2665
4656.793457	2688
4661.232910	2721
4665.672363	2785
4670.111328	2832
4674.550781	2845
4678.989746	2882
4683.429199	2934
4687.868652	2948
4692.307617	2997
4696.747070	3037
4701.186523	3043
4705.625488	3094
4710.064941	3122
4714.503906	3155
4718.943359	3198
4723.382813	3222
4727.821777	3231
4732.261230	3228
4736.700684	3267
4741.139648	3285
4745.579102	3318
4750.018066	3359
4754.457520	3405
4758.896973	3408
4763.335938	3415
4767.775391	3455
4772.214844	3470
4776.653809	3503
4781.093262	3519
4785.532227	3524
4789.971680	3510
4794.411133	3515
4798.850098	3547
4803.289551	3563
4807.729004	3545
4812.167969	3543
4816.607422	3565
4821.046387	3566
4825.485840	3581
4829.925293	3618
4834.364258	3613
4838.803711	3595
4843.243164	3602
4847.682129	3594
4852.121582	3614
4856.560547	3606
4861.000000	3586
4865.439453	3599
4869.878418	3613
4874.317871	3593
4878.756836	3589
4883.196289	3597
4887.635742	3614
4892.074707	3625
4896.514160	3620
4900.953613	3594
4905.392578	3574
4909.832031	3573
4914.270996	3583
4918.710449	3592
4923.149902	3602
4927.588867	3563
4932.028320	3569
4936.467773	3562
4940.906738	3536
4945.346191	3516
4949.785156	3527
4954.224609	3506
4958.664063	3530
4963.103027	3536
4967.542480	3543
4971.981934	3543
4976.420898	3523
4980.860352	3490
4985.299316	3499
4989.738770	3506
4994.178223	3494
4998.617188	3493
5003.056641	3474
5007.496094	3454
5011.935059	3417
5016.374512	3407
5020.813477	3406
5025.252930	3401
5029.692383	3368
5034.131348	3369
5038.570801	3365
5043.010254	3366
5047.449219	3359
5051.888672	3341
5056.327637	3333
5060.767090	3312
5065.206543	3320
5069.645508	3322
5074.084961	3321
5078.524414	3293
5082.963379	3302
5087.402832	3276
5091.841797	3258
5096.281250	3249
5100.720703	3208
5105.159668	3222
5109.599121	3229
5114.038574	3195
5118.477539	3185
5122.916992	3220
5127.355957	3195
5131.795410	3182
5136.234863	3183
5140.673828	3145
5145.113281	3121
5149.552734	3171
5153.991699	3154
5158.431152	3126
5162.870117	3124
5167.309570	3113
5171.749023	3095
5176.187988	3081
5180.627441	3086
5185.066895	3068
5189.505859	3059
5193.945313	3044
5198.384277	3040
5202.823730	3043
5207.263184	3019
5211.702148	3013
5216.141602	2993
5220.581055	2978
5225.020020	2969
5229.459473	2965
5233.898438	2946
5238.337891	2928
5242.777344	2911
5247.216309	2894
5251.655762	2901
5256.095215	2926
5260.534180	2897
5264.973633	2857
5269.412598	2864
5273.852051	2884
5278.291504	2847
5282.730469	2845
5287.169922	2841
5291.609375	2832
5296.048340	2812
5300.487793	2814
5304.926758	2810
5309.366211	2764
5313.805664	2745
5318.244629	2730
5322.684082	2718
5327.123047	2716
5331.562500	2700
5336.001953	2712
5340.440918	2677
5344.880371	2649
5349.319824	2666
5353.758789	2694
5358.198242	2686
5362.637207	2665
5367.076660	2652
5371.516113	2640
5375.955078	2652
5380.394531	2633
5384.833984	2633
5389.272949	2634
5393.712402	2592
5398.151367	2549
5402.590820	2555
5407.030273	2552
5411.469238	2551
5415.908691	2550
5420.348145	2533
5424.787109	2526
5429.226563	2497
5433.665527	2506
5438.104980	2507
5442.544434	2498
5446.983398	2495
5451.422852	2498
5455.862305	2466
5460.301270	2452
5464.740723	2426
5469.179688	2420
5473.619141	2428
5478.058594	2395
5482.497559	2409
5486.937012	2388
5491.376465	2387
5495.815430	2363
5500.254883	2342
5504.693848	2368
5509.133301	2371
5513.572754	2379
5518.011719	2366
5522.451172	2337
5526.890625	2342
5531.329590	2327
5535.769043	2315
5540.208008	2306
5544.647461	2324
5549.086914	2311
5553.525879	2299
5557.965332	2285
5562.404785	2258
5566.843750	2243
5571.283203	2219
5575.722168	2221
5580.161621	2205
5584.601074	2199
5589.040039	2205
5593.479492	2210
5597.918945	2180
5602.357910	2189
5606.797363	2184
5611.236328	2166
5615.675781	2159
5620.115234	2172
5624.554199	2186
5628.993652	2185
5633.433105	2170
5637.872070	2171
5642.311523	2172
5646.750488	2157
5651.189941	2153
5655.629395	2132
5660.068359	2113
5664.507813	2093
5668.947266	2071
5673.386230	2068
5677.825684	2073
5682.264648	2070
5686.704102	2067
5691.143555	2056
5695.582520	2034
5700.021973	2029
5704.461426	2044
5708.900391	2039
5713.339844	2023
5717.778809	2015
5722.218262	2002
5726.657715	2012
5731.096680	1999
5735.536133	1985
5739.975586	1972
5744.414551	1992
5748.854004	2011
5753.292969	1998
5757.732422	2003
5762.171875	2006
5766.610840	1989
5771.050293	2008
5775.489258	2008
5779.928711	2014
5784.368164	2012
5788.807129	2009
5793.246582	2030
5797.686035	2060
5802.125000	2068
5806.564453	2110
5811.003418	2100
5815.442871	2115
5819.882324	2104
5824.321289	2091
5828.760742	2105
5833.200195	2127
5837.639160	2142
5842.078613	2137
5846.517578	2111
5850.957031	2107
5855.396484	2100
5859.835449	2093
5864.274902	2111
5868.714355	2092
5873.153320	2076
5877.592773	2047
5882.031738	2031
5886.471191	2031
5890.910645	2065
5895.349609	2026
5899.789063	2008
5904.228516	2024
5908.667480	2038
5913.106934	2021
5917.545898	1988
5921.985352	1976
5926.424805	1969
5930.863770	1959
5935.303223	1949
5939.742676	1934
5944.181641	1969
5948.621094	1960
5953.060059	1945
5957.499512	1913
5961.938965	1899
5966.377930	1882
5970.817383	1860
5975.256836	1849
5979.695801	1860
5984.135254	1865
5988.574219	1844
5993.013672	1826
5997.453125	1807
6001.892090	1784
6006.331543	1754
6010.770996	1725
6015.209961	1778
6019.649414	1739
6024.088379	1709
6028.527832	1745
6032.967285	1702
6037.406250	1675
6041.845703	1674
6046.285156	1665
6050.724121	1655
6055.163574	1629
6059.602539	1607
6064.041992	1592
6068.481445	1580
6072.920410	1582
6077.359863	1583
6081.799316	1581
6086.238281	1535
6090.677734	1517
6095.116699	1488
6099.556152	1498
6103.995605	1500
6108.434570	1484
6112.874023	1479
6117.313477	1474
6121.752441	1426
6126.191895	1402
6130.630859	1413
6135.070313	1416
6139.509766	1400
6143.948730	1373
6148.388184	1377
6152.827637	1357
6157.266602	1337
6161.706055	1325
6166.145020	1330
6170.584473	1326
6175.023926	1311
6179.462891	1316
6183.902344	1291
6188.341309	1277
6192.780762	1276
6197.220215	1264
6201.659180	1272
6206.098633	1270
6210.538086	1268
6214.977051	1251
6219.416504	1230
6223.855469	1243
6228.294922	1233
6232.734375	1233
6237.173340	1228
6241.612793	1208
6246.052246	1204
6250.491211	1211
6254.930664	1162
6259.369629	1147
6263.809082	1170
6268.248535	1137
6272.687500	1138
6277.126953	1136
6281.566406	1141
6286.005371	1130
6290.444824	1144
6294.883789	1139
6299.323242	1134
6303.762695	1128
6308.201660	1117
6312.641113	1120
6317.080566	1141
6321.519531	1115
6325.958984	1101
6330.397949	1105
6334.837402	1101
6339.276855	1096
6343.715820	1098
6348.155273	1120
6352.594727	1104
6357.033691	1090
6361.473145	1076
6365.912109	1075
6370.351563	1073
6374.791016	1066
6379.229980	1056
6383.669434	1058
6388.108887	1059
6392.547852	1076
6396.987305	1082
6401.426270	1093
6405.865723	1066
6410.305176	1065
6414.744141	1062
6419.183594	1043
6423.623047	1049
6428.062012	1031
6432.501465	1038
6436.940430	1047
6441.379883	1033
6445.819336	1040
6450.258301	1026
6454.697754	1030
6459.137207	1022
6463.576172	1014
6468.015625	1009
6472.454590	1023
6476.894043	1031
6481.333496	1014
6485.772461	1003
6490.211914	997
6494.651367	988
6499.090332	983
6503.529785	988
6507.968750	990
6512.408203	955
6516.847656	972
6521.286621	991
6525.726074	1001
6530.165527	1004
6534.604492	974
6539.043945	963
6543.482910	981
6547.922363	993
6552.361816	996
6556.800781	984
6561.240234	971
6565.679688	982
6570.118652	964
6574.558105	953
6578.997070	961
6583.436523	972
6587.875977	967
6592.314941	971
6596.754395	957
6601.193848	974
6605.632813	990
6610.072266	986
6614.511230	968
6618.950684	970
6623.390137	965
6627.829102	975
6632.268555	983
6636.707520	964
6641.146973	960
6645.586426	954
6650.025391	950
6654.464844	958
6658.904297	975
6663.343262	974
6667.782715	965
6672.221680	967
6676.661133	968
6681.100586	968
6685.539551	971
6689.979004	981
6694.418457	980
6698.857422	1001
6703.296875	982
6707.735840	982
6712.175293	1000
6716.614746	992
6721.053711	987
6725.493164	973
6729.932617	974
6734.371582	982
6738.811035	996
6743.250000	958
6747.689453	957
6752.128906	978
6756.567871	973
6761.007324	961
6765.446777	965
6769.885742	974
6774.325195	978
6778.764160	954
6783.203613	989
6787.643066	967
6792.082031	951
6796.521484	956
6800.960938	975
6805.399902	985
6809.839355	982
6814.278320	961
6818.717773	956
6823.157227	955
6827.596191	973
6832.035645	975
6836.475098	964
6840.914063	966
6845.353516	943
6849.792480	919
6854.231934	896
6858.671387	886
6863.110352	860
6867.549805	861
6871.989258	852
6876.428223	838
6880.867676	838
6885.306641	841
6889.746094	838
6894.185547	829
6898.624512	858
6903.063965	862
6907.503418	855
6911.942383	850
6916.381836	885
6920.820801	887
6925.260254	894
6929.699707	882
6934.138672	881
6938.578125	883
6943.017578	910
6947.456543	914
6951.895996	919
6956.334961	912
6960.774414	939
6965.213867	958
6969.652832	944
6974.092285	941
6978.531738	918
6982.970703	928
6987.410156	932
6991.849121	916
6996.288574	934
7000.728027	942
7005.166992	918
7009.606445	938
7014.045898	942
7018.484863	933
7022.924316	946
7027.363281	948
7031.802734	951
7036.242188	935
7040.681152	916
7045.120605	936
7049.560059	931
7053.999023	927
7058.438477	933
7062.877441	931
7067.316895	926
7071.756348	913
7076.195313	916
7080.634766	909
7085.073730	925
7089.513184	932
7093.952637	929
7098.391602	919
7102.831055	924
7107.270508	927
7111.709473	932
7116.148926	933
7120.587891	904
7125.027344	894
7129.466797	892
7133.905762	885
7138.345215	896
7142.784668	885
7147.223633	851
7151.663086	825
7156.102051	846
7160.541504	849
7164.980957	801
7169.419922	765
7173.859375	754
7178.298828	748
7182.737793	729
7187.177246	736
7191.616211	747
7196.055664	724
7200.495117	741
7204.934082	757
7209.373535	771
7213.812988	738
7218.251953	718
7222.691406	713
7227.130371	708
7231.569824	708
7236.009277	688
7240.448242	687
7244.887695	695
7249.327148	695
7253.766113	661
7258.205566	657
7262.644531	663
7267.083984	658
7271.523438	673
7275.962402	687
7280.401855	687
7284.841309	666
7289.280273	652
7293.719727	659
7298.158691	664
7302.598145	662
7307.037598	662
7311.476563	664
7315.916016	658
7320.355469	651
7324.794434	650
7329.233887	652
7333.672852	675
7338.112305	675
7342.551758	666
7346.990723	663
7351.430176	674
7355.869629	669
7360.308594	657
7364.748047	672
7369.187012	688
7373.626465	685
7378.065918	676
7382.504883	679
7386.944336	662
7391.383789	657
7395.822754	661
7400.262207	641
7404.701172	672
7409.140625	667
7413.580078	653
7418.019043	655
7422.458496	645
7426.897949	643
7431.336914	643
7435.776367	625
7440.215332	623
7444.654785	612
7449.094238	634
7453.533203	628
7457.972656	608
7462.412109	594
7466.851074	604
7471.290527	600
7475.729492	580
7480.168945	592
7484.608398	586
7489.047363	574
7493.486816	558
7497.926270	555
7502.365234	549
7506.804688	569
7511.243652	538
7515.683105	532
7520.122559	540
7524.561523	547
7529.000977	532
7533.439941	515
7537.879395	507
7542.318848	517
7546.757813	501
7551.197266	496
7555.636719	494
7560.075684	500
7564.515137	475
7568.954102	468
7573.393555	453
7577.833008	416
7582.271973	401
7586.711426	380
7591.150879	350
7595.589844	336
7600.029297	327
7604.468262	315
7608.907715	302
7613.347168	301
7617.786133	285
7622.225586	277
7626.665039	278
7631.104004	292
7635.543457	295
7639.982422	284
7644.421875	302
7648.861328	311
7653.300293	299
7657.739746	304
7662.179199	324
7666.618164	316
7671.057617	329
7675.496582	349
7679.936035	352
7684.375488	347
7688.814453	335
7693.253906	353
7697.693359	353
7702.132324	337
7706.571777	349
7711.010742	351
7715.450195	363
7719.889648	347
7724.328613	340
7728.768066	350
7733.207520	347
7737.646484	331
7742.085938	349
7746.524902	343
7750.964355	338
7755.403809	342
7759.842773	345
7764.282227	328
7768.721680	342
7773.160645	338
7777.600098	316
7782.039063	305
7786.478516	304
7790.917969	309
7795.356934	298
7799.796387	298
7804.235840	290
7808.674805	278
7813.114258	285
7817.553223	280
7821.992676	271
7826.432129	259
7830.871094	270
7835.310547	277
7839.750000	259
7844.188965	249
7848.628418	259
7853.067383	246
7857.506836	224
7861.946289	227
7866.385254	239
7870.824707	236
7875.264160	242
7879.703125	228
7884.142578	213
7888.581543	219
7893.020996	235
7897.460449	228
7901.899414	231
7906.338867	235
7910.778320	227
7915.217285	216
7919.656738	236
7924.095703	232
7928.535156	231
7932.974609	226
7937.413574	233
7941.853027	232
7946.292480	226
7950.731445	236
7955.170898	237
7959.609863	235
7964.049316	246
7968.488770	235
7972.927734	242
7977.367188	241
7981.806152	240
7986.245605	233
7990.685059	235
7995.124023	247
7999.563477	244
8004.002930	242
8008.441895	247
8012.881348	236
8017.320313	237
8021.759766	239
8026.199219	230
8030.638184	234
8035.077637	240
8039.517090	240
8043.956055	224
8048.395508	230
8052.834473	226
8057.273926	222
8061.713379	235
8066.152344	229
8070.591797	231
8075.031250	229
8079.470215	220
8083.909668	234
8088.348633	220
8092.788086	236
8097.227539	224
8101.666504	208
8106.105957	207
8110.545410	206
8114.984375	208
8119.423828	201
8123.862793	210
8128.302246	205
8132.741699	191
8137.180664	196
8141.620117	206
8146.059570	195
8150.498535	179
8154.937988	176
8159.376953	167
8163.816406	171
8168.255859	175
8172.694824	172
8177.134277	172
8181.573730	162
8186.012695	156
8190.452148	161
8194.891602	159
8199.331055	149
8203.769531	148
8208.208984	134
8212.648438	146
8217.087891	140
8221.527344	153
8225.965820	134
8230.405273	171
8234.844727	149
8239.284180	139
8243.723633	162
8248.162109	136
8252.601563	143
8257.041016	155
8261.480469	143
8265.919922	142
8270.359375	152
8274.797852	157
8279.237305	143
8283.676758	147
8288.116211	148
8292.555664	144
8296.994141	143
8301.433594	144
8305.873047	174
8310.312500	149
8314.751953	151
8319.190430	157
8323.629883	155
8328.069336	159
8332.508789	164
8336.948242	161
8341.387695	162
8345.826172	165
8350.265625	173
8354.705078	171
8359.144531	175
8363.583984	165
8368.022461	164
8372.461914	165
8376.901367	173
8381.340820	167
8385.780273	179
8390.218750	174
8394.658203	175
8399.097656	194
8403.537109	187
8407.976563	197
8412.415039	184
8416.854492	184
8421.293945	188
8425.733398	176
8430.172852	172
8434.612305	188
8439.050781	195
8443.490234	197
8447.929688	197
8452.369141	180
8456.808594	172
8461.247070	188
8465.686523	188
8470.125977	191
8474.565430	184
8479.004883	198
8483.443359	199
8487.882813	210
8492.322266	188
8496.761719	197
8501.201172	196
8505.640625	193
8510.079102	181
8514.518555	200
8518.958008	201
8523.397461	191
8527.836914	186
8532.275391	188
8536.714844	183
8541.154297	197
8545.593750	206
8550.033203	191
8554.471680	188
8558.911133	197
8563.350586	189
8567.790039	190
8572.229492	184
8576.668945	177
8581.107422	188
8585.546875	192
8589.986328	176
8594.425781	174
8598.865234	175
8603.303711	178
8607.743164	186
8612.182617	174
8616.622070	175
8621.061523	180
8625.500000	173
8629.939453	180
8634.378906	175
8638.818359	156
8643.257813	168
8647.697266	163
8652.135742	175
8656.575195	158
8661.014648	142
8665.454102	156
8669.893555	150
8674.332031	150
8678.771484	157
8683.210938	173
8687.650391	162
8692.089844	138
8696.528320	134
8700.967773	148
8705.407227	152
8709.846680	140
8714.286133	135
8718.725586	132
8723.164063	146
8727.603516	138
8732.042969	131
8736.482422	125
8740.921875	130
8745.360352	129
8749.799805	126
8754.239258	128
8758.678711	119
8763.118164	137
8767.556641	117
8771.996094	123
8776.435547	131
8780.875000	136
8785.314453	123
8789.753906	113
8794.192383	122
8798.631836	112
8803.071289	107
8807.510742	113
8811.950195	124
8816.388672	133
8820.828125	132
8825.267578	109
8829.707031	102
8834.146484	107
8838.584961	112
8843.024414	106
8847.463867	117
8851.903320	111
8856.342773	122
8860.781250	105
8865.220703	117
8869.660156	112
8874.099609	113
8878.539063	107
8882.978516	110
8887.416992	118
8891.856445	98
8896.295898	109
8900.735352	104
8905.174805	112
8909.613281	113
8914.052734	94
8918.492188	121
8922.931641	113
8927.371094	112
8931.809570	99
8936.249023	104
8940.688477	117
8945.127930	107
8949.567383	102
8954.006836	115
8958.445313	117
8962.884766	117
8967.324219	111
8971.763672	104
8976.203125	105
8980.641602	120
8985.081055	114
8989.520508	105
8993.959961	110
8998.399414	102
9002.837891	122
9007.277344	129
9011.716797	119
9016.156250	117
9020.595703	110
9025.035156	110
9029.473633	108
9033.913086	121
9038.352539	125
9042.791992	101
9047.231445	120
9051.669922	106
9056.109375	104
9060.548828	92
9064.988281	117
9069.427734	121
9073.866211	111
9078.305664	109
9082.745117	116
9087.184570	113
9091.624023	118
9096.063477	118
9100.501953	131
9104.941406	112
9109.380859	98
9113.820313	123
9118.259766	115
9122.698242	111
9127.137695	109
9131.577148	117
9136.016602	132
9140.456055	131
9144.894531	122
9149.333984	120
9153.773438	123
9158.212891	104
9162.652344	115
9167.091797	108
9171.530273	108
9175.969727	126
9180.409180	110
9184.848633	117
9189.288086	115
9193.726563	111
9198.166016	110
9202.605469	123
9207.044922	134
9211.484375	115
9215.922852	120
9220.362305	118
9224.801758	117
9229.241211	119
9233.680664	119
9238.120117	108
9242.558594	126
9246.998047	124
9251.437500	105
9255.876953	116
9260.316406	105
9264.754883	114
9269.194336	107
9273.633789	105
9278.073242	123
9282.512695	104
9286.951172	105
9291.390625	121
9295.830078	117
9300.269531	119
9304.708984	123
9309.147461	120
9313.586914	117
9318.026367	108
9322.465820	107
9326.905273	113
9331.344727	92
9335.783203	122
9340.222656	126
9344.662109	121
9349.101563	115
9353.541016	120
9357.979492	123
9362.418945	113
9366.858398	112
9371.297852	114
9375.737305	131
9380.175781	120
9384.615234	129
9389.054688	118
9393.494141	121
9397.933594	121
9402.373047	134
9406.811523	132
9411.250977	117
9415.690430	126
9420.129883	117
9424.569336	122
9429.007813	115
9433.447266	115
9437.886719	110
9442.326172	120
9446.765625	123
9451.204102	122
9455.643555	122
9460.083008	131
9464.522461	144
9468.961914	126
9473.401367	120
9477.839844	128
9482.279297	119
9486.718750	130
9491.158203	129
9495.597656	120
9500.036133	121
9504.475586	116
9508.915039	124
9513.354492	126
9517.793945	147
9522.232422	135
9526.671875	144
9531.111328	134
9535.550781	144
9539.990234	135
9544.429688	124
9548.868164	127
9553.307617	133
9557.747070	125
9562.186523	131
9566.625977	133
9571.064453	129
9575.503906	140
9579.943359	141
9584.382813	148
9588.822266	131
9593.260742	138
9597.700195	149
9602.139648	132
9606.579102	145
9611.018555	135
9615.458008	139
9619.896484	137
9624.335938	154
9628.775391	155
9633.214844	160
9637.654297	149
9642.092773	143
9646.532227	140
9650.971680	141
9655.411133	137
9659.850586	147
9664.289063	145
9668.728516	153
9673.167969	143
9677.607422	128
9682.046875	130
9686.486328	148
9690.924805	165
9695.364258	150
9699.803711	143
9704.243164	142
9708.682617	160
9713.121094	151
9717.560547	143
9722.000000	134
9726.439453	144
9730.878906	138
9735.317383	141
9739.756836	144
9744.196289	138
9748.635742	140
9753.075195	145
9757.513672	147
9761.953125	153
9766.392578	148
9770.832031	150
9775.271484	162
9779.710938	158
9784.149414	149
9788.588867	153
9793.028320	141
9797.467773	154
9801.907227	158
9806.345703	143
9810.785156	147
9815.224609	151
9819.664063	149
9824.103516	145
9828.541992	142
9832.981445	144
9837.420898	136
9841.860352	135
9846.299805	140
9850.739258	144
9855.177734	142
9859.617188	153
9864.056641	148
9868.496094	148
9872.935547	148
9877.374023	156
9881.813477	154
9886.252930	154
9890.692383	143
9895.131836	149
9899.570313	157
9904.009766	171
9908.449219	145
9912.888672	133
9917.328125	140
9921.767578	161
9926.206055	149
9930.645508	161
9935.084961	143
9939.524414	139
9943.963867	147
9948.402344	156
9952.841797	146
9957.281250	151
9961.720703	152
9966.160156	159
9970.598633	144
9975.038086	144
9979.477539	150
9983.916992	163
9988.356445	156
9992.795898	149
9997.234375	145
10001.673828	159
10006.113281	146
10010.552734	143
10014.992188	141
10019.430664	137
10023.870117	145
10028.309570	160
10032.749023	133
10037.188477	150
10041.626953	150
10046.066406	160
10050.505859	151
10054.945313	145
10059.384766	149
10063.824219	154
10068.262695	146
10072.702148	147
10077.141602	146
10081.581055	149
10086.020508	149
10090.458984	140
10094.898438	141
10099.337891	141
10103.777344	143
10108.216797	163
10112.655273	152
10117.094727	160
10121.534180	134
10125.973633	142
10130.413086	141
10134.852539	144
10139.291016	139
10143.730469	134
10148.169922	141
10152.609375	150
10157.048828	145
10161.487305	145
10165.926758	125
10170.366211	136
10174.805664	149
10179.245117	144
10183.683594	143
10188.123047	137
10192.562500	146
10197.001953	140
10201.441406	140
10205.879883	129
10210.319336	157
10214.758789	143
10219.198242	160
10223.637695	135
10228.077148	131
10232.515625	126
10236.955078	134
10241.394531	144
10245.833984	144
10250.273438	148
10254.711914	149
10259.151367	151
10263.590820	140
10268.030273	150
10272.469727	152
10276.908203	156
10281.347656	141
10285.787109	137
10290.226563	143
10294.666016	134
10299.105469	139
10303.543945	132
10307.983398	136
10312.422852	138
10316.862305	140
10321.301758	152
10325.740234	148
10330.179688	145
10334.619141	141
10339.058594	138
10343.498047	138
10347.936523	143
10352.375977	141
10356.815430	128
10361.254883	120
10365.694336	132
10370.133789	134
10374.572266	133
10379.011719	135
10383.451172	130
10387.890625	138
10392.330078	141
10396.768555	154
10401.208008	124
10405.647461	119
10410.086914	147
10414.526367	146
10418.964844	143
10423.404297	148
10427.843750	138
10432.283203	131
10436.722656	138
10441.162109	140
10445.600586	142
10450.040039	128
10454.479492	138
10458.918945	132
10463.358398	122
10467.796875	134
10472.236328	145
10476.675781	144
10481.115234	135
10485.554688	151
10489.993164	133
10494.432617	128
10498.872070	130
10503.311523	133
10507.750977	140
10512.190430	141
10516.628906	134
10521.068359	138
10525.507813	139
10529.947266	118
10534.386719	131
10538.825195	136
10543.264648	137
10547.704102	127
10552.143555	121
10556.583008	127
10561.021484	127
10565.460938	121
10569.900391	125
10574.339844	138
10578.779297	140
10583.218750	142
10587.657227	131
10592.096680	123
10596.536133	109
10600.975586	114
10605.415039	123
10609.853516	137
10614.292969	132
10618.732422	131
10623.171875	114
10627.611328	130
10632.049805	123
10636.489258	117
10640.928711	125
10645.368164	130
10649.807617	121
10654.246094	114
10658.685547	126
10663.125000	119
10667.564453	123
10672.003906	115
10676.443359	111
10680.881836	116
10685.321289	117
10689.760742	118
10694.200195	112
10698.639648	118
10703.078125	112
10707.517578	117
10711.957031	119
10716.396484	132
10720.835938	117
10725.274414	112
10729.713867	104
10734.153320	121
10738.592773	117
10743.032227	107
10747.471680	122
10751.910156	109
10756.349609	105
10760.789063	118
10765.228516	122
10769.667969	113
10774.106445	112
10778.545898	107
10782.985352	117
10787.424805	121
10791.864258	116
10796.302734	118
10800.742188	110
10805.181641	110
10809.621094	112
10814.060547	118
10818.500000	116
10822.938477	98
10827.377930	113
10831.817383	105
10836.256836	98
10840.696289	108
10845.134766	105
10849.574219	104
10854.013672	99
10858.453125	109
10862.892578	110
10867.331055	108
10871.770508	97
10876.209961	111
10880.649414	117
10885.088867	116
10889.528320	110
10893.966797	100
10898.406250	105
10902.845703	103
10907.285156	110
10911.724609	111
10916.163086	93
10920.602539	99
10925.041992	111
10929.481445	96
10933.920898	100
10938.359375	105
10942.798828	108
10947.238281	98
10951.677734	94
10956.117188	102
10960.556641	94
10964.995117	111
10969.434570	111
10973.874023	95
10978.313477	96
10982.752930	92
10987.191406	91
10991.630859	94
10996.070313	96
11000.509766	84
11004.949219	81
11009.387695	74
11013.827148	58
11018.266602	56
11022.706055	62
11027.145508	40
11031.584961	44
11036.023438	39
11040.462891	34
11044.902344	30
11049.341797	30
11053.781250	36
11058.219727	35
11062.659180	26
11067.098633	23
11071.538086	23
11075.977539	23
11080.416016	23
11084.855469	20
11089.294922	15
11093.734375	20
11098.173828	23
11102.612305	21
11107.051758	25
11111.491211	32
11115.930664	17
11120.370117	21
11124.809570	11
11129.248047	14
11133.687500	22
11138.126953	16
11142.566406	24
11147.005859	22
11151.444336	18
11155.883789	19
11160.323242	16
11164.762695	15
11169.202148	21
11173.640625	15
11178.080078	12
11182.519531	13
11186.958984	10
11191.398438	17
11195.837891	16
11200.276367	11
11204.715820	13
11209.155273	15
11213.594727	19
11218.034180	17
11222.472656	11
11226.912109	14
11231.351563	15
11235.791016	7
11240.230469	14
11244.668945	16
11249.108398	11
11253.547852	11
11257.987305	19
11262.426758	17
11266.866211	13
11271.304688	13
11275.744141	6
11280.183594	8
11284.623047	11
11289.062500	8
11293.500977	10
11297.940430	10
11302.379883	9
11306.819336	8
11311.258789	9
11315.697266	12
11320.136719	7
11324.576172	8
11329.015625	9
11333.455078	12
11337.894531	9
11342.333008	8
11346.772461	11
11351.211914	8
11355.651367	8
11360.090820	9
11364.529297	4
11368.968750	5
11373.408203	7
11377.847656	9
11382.287109	4
11386.725586	4
11391.165039	3
11395.604492	5
11400.043945	1
11404.483398	3
11408.922852	9
11413.361328	7
11417.800781	7
11422.240234	5
11426.679688	3
11431.119141	3
11435.557617	6
11439.997070	3
11444.436523	4
11448.875977	5
11453.315430	4
11457.753906	4
11462.193359	4
11466.632813	2
11471.072266	5
11475.511719	4
11479.951172	2
11484.389648	2
11488.829102	1
11493.268555	0
11497.708008	1
11502.147461	0
11506.585938	0
11511.025391	0
11515.464844	0
11519.904297	0
11524.343750	0
11528.782227	0
11533.221680	0
11537.661133	0
11542.100586	0
11546.540039	0
11550.978516	0
11555.417969	0
11559.857422	0
11564.296875	0
11568.736328	0
11573.175781	0
11577.614258	0
11582.053711	0
11586.493164	0
11590.932617	0
11595.372070	0
11599.810547	0
11604.250000	0
11608.689453	0
11613.128906	0
11617.568359	0
11622.006836	0
11626.446289	0
11630.885742	0
11635.325195	0
11639.764648	0
11644.204102	0
11648.642578	0
11653.082031	0
11657.521484	0
11661.960938	0
11666.400391	0
11670.838867	0
11675.278320	0
11679.717773	0
11684.157227	0
11688.596680	0
11693.035156	0
11697.474609	0
11701.914063	0
11706.353516	0
11710.792969	0
11715.232422	0
11719.670898	0
11724.110352	0
11728.549805	0
11732.989258	0
11737.428711	0
11741.867188	0
11746.306641	0
11750.746094	0
11755.185547	0
11759.625000	0
11764.063477	0
11768.502930	0
11772.942383	0
11777.381836	0
11781.821289	0
11786.260742	0
11790.699219	0
11795.138672	0
11799.578125	0
11804.017578	0
11808.457031	0
11812.895508	0
11817.334961	0
11821.774414	0
11826.213867	0
11830.653320	0
11835.091797	0
11839.531250	0
11843.970703	0
11848.410156	0
11852.849609	0
11857.289063	0
11861.727539	0
11866.166992	0
11870.606445	0
11875.045898	0
11879.485352	0
11883.923828	0
11888.363281	0
11892.802734	0
11897.242188	0
11901.681641	0
11906.120117	0
11910.559570	0
11914.999023	0
11919.438477	0
11923.877930	0
11928.317383	0
11932.755859	0
11937.195313	0
11941.634766	0
11946.074219	0
11950.513672	0
11954.952148	0
11959.391602	0
11963.831055	0
11968.270508	0
11972.709961	0
11977.148438	0
11981.587891	0
11986.027344	0
11990.466797	0
11994.906250	0
11999.344727	0
12003.784180	0
12008.223633	0
12012.663086	0
12017.102539	0
12021.541992	0
12025.980469	0
12030.419922	0
12034.859375	0
12039.298828	0
12043.738281	0
12048.176758	0
12052.616211	0
12057.055664	0
12061.495117	0
12065.934570	0
12070.373047	0
12074.812500	0
12079.251953	0
12083.691406	0
12088.130859	0
12092.570313	0
12097.008789	0
12101.448242	0
12105.887695	0
12110.327148	0
12114.766602	0
12119.205078	0
12123.644531	0
12128.083984	0
12132.523438	0
12136.962891	0
12141.401367	0
12145.840820	0
12150.280273	0
12154.719727	0
12159.159180	0
12163.598633	0
12168.037109	0
12172.476563	0
12176.916016	0
12181.355469	0
12185.794922	0
12190.233398	0
12194.672852	0
12199.112305	0
12203.551758	0
12207.991211	0
12212.429688	0
12216.869141	0
12221.308594	0
12225.748047	0
12230.187500	0
12234.626953	0
12239.065430	0
12243.504883	0
12247.944336	0
12252.383789	0
12256.823242	0
12261.261719	0
12265.701172	0
12270.140625	0
12274.580078	0
12279.019531	0
12283.458008	0
12287.897461	0
12292.336914	0
12296.776367	0
12301.215820	0
12305.655273	0
12310.093750	0
12314.533203	0
12318.972656	0
12323.412109	0
12327.851563	0
12332.290039	0
12336.729492	0
12341.168945	0
12345.608398	0
12350.047852	0
12354.486328	0
12358.925781	0
12363.365234	0
12367.804688	0
12372.244141	0
12376.682617	0
12381.122070	0
12385.561523	0
12390.000977	0
12394.440430	0
12398.879883	0
12403.318359	0
12407.757813	0
12412.197266	0
12416.636719	0
12421.076172	0
12425.514648	0
12429.954102	0
12434.393555	0
12438.833008	0
12443.272461	0
12447.710938	0
12452.150391	0
12456.589844	0
12461.029297	0
12465.468750	0
12469.908203	0
12474.346680	0
12478.786133	0
12483.225586	0
12487.665039	0
12492.104492	0
12496.542969	0
12500.982422	0
12505.421875	0
12509.861328	0
12514.300781	0
12518.739258	0
12523.178711	0
12527.618164	0
12532.057617	0
12536.497070	0
12540.936523	0
12545.375000	0
12549.814453	0
12554.253906	0
12558.693359	0
12563.132813	0
12567.571289	0
12572.010742	0
12576.450195	0
12580.889648	0
12585.329102	0
12589.767578	0
12594.207031	0
12598.646484	0
12603.085938	0
12607.525391	0
12611.964844	0
12616.403320	0
12620.842773	0
12625.282227	0
12629.721680	0
12634.161133	0
12638.599609	0
12643.039063	0
12647.478516	0
12651.917969	0
12656.357422	0
12660.795898	0
12665.235352	0
12669.674805	0
12674.114258	0
12678.553711	0
12682.993164	0
12687.431641	0
12691.871094	0
12696.310547	0
12700.750000	0
12705.189453	0
12709.627930	0
12714.067383	0
12718.506836	0
12722.946289	0
12727.385742	0
12731.824219	0
12736.263672	0
12740.703125	0
12745.142578	0
12749.582031	0
12754.021484	0
12758.459961	0
12762.899414	0
12767.338867	0
12771.778320	0
12776.217773	0
12780.656250	0
12785.095703	0
12789.535156	0
12793.974609	0
12798.414063	0
12802.852539	0
12807.291992	0
12811.731445	0
12816.170898	0
12820.610352	0
12825.048828	0
12829.488281	0
12833.927734	0
12838.367188	0
12842.806641	0
12847.246094	0
12851.684570	0
12856.124023	0
12860.563477	0
12865.002930	0
12869.442383	0
12873.880859	0
12878.320313	0
12882.759766	0
12887.199219	0
12891.638672	0
12896.077148	0
12900.516602	0
12904.956055	0
12909.395508	0
12913.834961	0
12918.274414	0
12922.712891	0
12927.152344	0
12931.591797	0
12936.031250	0
12940.470703	0
12944.909180	0
12949.348633	0
12953.788086	0
12958.227539	0
12962.666992	0
12967.105469	0
12971.544922	0
12975.984375	0
12980.423828	0
12984.863281	0
12989.302734	0
12993.741211	0
12998.180664	0
13002.620117	0
13007.059570	0
13011.499023	0
13015.937500	0
13020.376953	0
13024.816406	0
13029.255859	0
13033.695313	0
13038.133789	0
13042.573242	0
13047.012695	0
13051.452148	0
13055.891602	0
13060.331055	0
13064.769531	0
13069.208984	0
13073.648438	0
13078.087891	0
13082.527344	0
13086.965820	0
13091.405273	0
13095.844727	0
13100.284180	0
13104.723633	0
13109.162109	0
13113.601563	0
13118.041016	0
13122.480469	0
13126.919922	0
13131.359375	0
13135.797852	0
13140.237305	0
13144.676758	0
13149.116211	0
13153.555664	0
13157.994141	0
13162.433594	0
13166.873047	0
13171.312500	0
13175.751953	0
13180.190430	0
13184.629883	0
13189.069336	0
13193.508789	0
13197.948242	0
13202.387695	0
13206.826172	0
13211.265625	0
13215.705078	0
13220.144531	0
13224.583984	0
13229.022461	0
13233.461914	0
13237.901367	0
13242.340820	0
13246.780273	0
13251.218750	0
13255.658203	0
13260.097656	0
13264.537109	0
13268.976563	0
13273.415039	0
13277.854492	0
13282.293945	0
13286.733398	0
13291.172852	0
13295.612305	0
13300.050781	0
13304.490234	0
13308.929688	0
13313.369141	0
13317.808594	0
13322.247070	0
13326.686523	0
13331.125977	0
13335.565430	0
13340.004883	0
13344.443359	0
13348.882813	0
13353.322266	0
13357.761719	0
13362.201172	0
13366.640625	0
13371.079102	0
13375.518555	0
13379.958008	0
13384.397461	0
13388.836914	0
13393.275391	0
13397.714844	0
13402.154297	0
13406.593750	0
13411.033203	0
13415.471680	0
13419.911133	0
13424.350586	0
13428.790039	0
13433.229492	0
