-3811.767822	0
-3807.340576	0
-3802.913574	0
-3798.486328	0
-3794.059082	0
-3789.632080	0
-3785.204834	0
-3780.777832	0
-3776.350586	0
-3771.923584	0
-3767.496338	0
-3763.069336	0
-3758.642090	0
-3754.214844	0
-3749.787842	0
-3745.360596	0
-3740.933594	0
-3736.506348	0
-3732.079346	0
-3727.652100	0
-3723.224854	0
-3718.797852	0
-3714.370605	0
-3709.943604	0
-3705.516357	0
-3701.089355	0
-3696.662109	0
-3692.234863	0
-3687.807861	0
-3683.380615	0
-3678.953613	0
-3674.526367	0
-3670.099365	0
-3665.672119	0
-3661.244873	0
-3656.817871	0
-3652.390625	0
-3647.963623	0
-3643.536377	0
-3639.109375	0
-3634.682129	0
-3630.255127	0
-3625.827881	0
-3621.400635	0
-3616.973633	0
-3612.546387	0
-3608.119385	0
-3603.692139	0
-3599.265137	0
-3594.837891	0
-3590.410645	0
-3585.983643	0
-3581.556396	0
-3577.129395	0
-3572.702148	0
-3568.275146	0
-3563.847900	0
-3559.420654	0
-3554.993652	0
-3550.566406	0
-3546.139404	0
-3541.712158	0
-3537.285156	0
-3532.857910	0
-3528.430664	0
-3524.003662	0
-3519.576416	0
-3515.149414	0
-3510.722168	0
-3506.295166	0
-3501.867920	0
-3497.440918	0
-3493.013672	0
-3488.586426	0
-3484.159424	0
-3479.732178	0
-3475.305176	0
-3470.877930	0
-3466.450928	0
-3462.023682	0
-3457.596436	0
-3453.169434	0
-3448.742188	0
-3444.315186	0
-3439.887939	0
-3435.460938	0
-3431.033691	0
-3426.606445	0
-3422.179443	0
-3417.752197	0
-3413.325195	0
-3408.897949	0
-3404.470947	0
-3400.043701	0
-3395.616455	0
-3391.189453	0
-3386.762207	0
-3382.335205	0
-3377.907959	0
-3373.480957	0
-3369.053711	0
-3364.626709	0
-3360.199463	0
-3355.772217	0
-3351.345215	0
-3346.917969	0
-3342.490967	0
-3338.063721	0
-3333.636719	0
-3329.209473	0
-3324.782227	0
-3320.355225	0
-3315.927979	0
-3311.500977	0
-3307.073730	0
-3302.646729	0
-3298.219482	0
-3293.792236	0
-3289.365234	0
-3284.937988	0
-3280.510986	0
-3276.083740	0
-3271.656738	0
-3267.229492	0
-3262.802246	0
-3258.375244	0
-3253.947998	0
-3249.520996	0
-3245.093750	0
-3240.666748	0
-3236.239502	0
-3231.812500	0
-3227.385254	0
-3222.958008	0
-3218.531006	0
-3214.103760	0
-3209.676758	0
-3205.249512	0
-3200.822510	0
-3196.395264	0
-3191.968018	0
-3187.541016	0
-3183.113770	0
-3178.686768	0
-3174.259521	0
-3169.832520	0
-3165.405273	0
-3160.978027	0
-3156.551025	0
-3152.123779	0
-3147.696777	0
-3143.269531	0
-3138.842529	0
-3134.415283	0
-3129.988281	0
-3125.561035	0
-3121.133789	0
-3116.706787	0
-3112.279541	0
-3107.852539	0
-3103.425293	0
-3098.998291	0
-3094.571045	0
-3090.143799	0
-3085.716797	0
-3081.289551	0
-3076.862549	0
-3072.435303	0
-3068.008301	0
-3063.581055	0
-3059.153809	0
-3054.726807	0
-3050.299561	0
-3045.872559	0
-3041.445313	0
-3037.018311	0
-3032.591064	0
-3028.163818	0
-3023.736816	0
-3019.309570	0
-3014.882568	0
-3010.455322	0
-3006.028320	0
-3001.601074	0
-2997.174072	0
-2992.746826	0
-2988.319580	0
-2983.892578	0
-2979.465332	0
-2975.038330	0
-2970.611084	0
-2966.184082	0
-2961.756836	0
-2957.329590	0
-2952.902588	0
-2948.475342	0
-2944.048340	0
-2939.621094	0
-2935.194092	0
-2930.766846	0
-2926.339600	3
-2921.912598	5
-2917.485352	4
-2913.058350	6
-2908.631104	7
-2904.204102	7
-2899.776855	8
-2895.349609	9
-2890.922607	10
-2886.495361	10
-2882.068359	12
-2877.641113	12
-2873.214111	12
-2868.786865	14
-2864.359863	11
-2859.932617	18
-2855.505371	15
-2851.078369	15
-2846.651123	16
-2842.224121	19
-2837.796875	19
-2833.369873	23
-2828.942627	31
-2824.515381	26
-2820.088379	30
-2815.661133	26
-2811.234131	21
-2806.806885	26
-2802.379883	27
-2797.952637	26
-2793.525391	29
-2789.098389	35
-2784.671143	33
-2780.244141	28
-2775.816895	30
-2771.389893	35
-2766.962646	35
-2762.535400	29
-2758.108398	36
-2753.681152	34
-2749.254150	31
-2744.826904	44
-2740.399902	47
-2735.972656	40
-2731.545654	42
-2727.118408	39
-2722.691162	39
-2718.264160	45
-2713.836914	49
-2709.409912	55
-2704.982666	46
-2700.555664	49
-2696.128418	60
-2691.701172	60
-2687.274170	55
-2682.846924	48
-2678.419922	52
-2673.992676	56
-2669.565674	59
-2665.138428	56
-2660.711182	52
-2656.284180	55
-2651.856934	66
-2647.429932	64
-2643.002686	54
-2638.575684	52
-2634.148438	64
-2629.721191	65
-2625.294189	60
-2620.866943	59
-2616.439941	69
-2612.012695	60
-2607.585693	63
-2603.158447	70
-2598.731445	61
-2594.304199	56
-2589.876953	61
-2585.449951	61
-2581.022705	72
-2576.595703	70
-2572.168457	68
-2567.741455	79
-2563.314209	79
-2558.886963	81
-2554.459961	75
-2550.032715	77
-2545.605713	71
-2541.178467	85
-2536.751465	87
-2532.324219	87
-2527.896973	92
-2523.469971	83
-2519.042725	88
-2514.615723	89
-2510.188477	82
-2505.761475	74
-2501.334229	77
-2496.906982	87
-2492.479980	82
-2488.052734	77
-2483.625732	68
-2479.198486	71
-2474.771484	80
-2470.344238	68
-2465.917236	65
-2461.489990	79
-2457.062744	79
-2452.635742	82
-2448.208496	79
-2443.781494	86
-2439.354248	77
-2434.927246	88
-2430.500000	79
-2426.072754	73
-2421.645752	77
-2417.218506	82
-2412.791504	71
-2408.364258	70
-2403.937256	78
-2399.510010	81
-2395.082764	83
-2390.655762	86
-2386.228516	89
-2381.801514	81
-2377.374268	71
-2372.947266	66
-2368.520020	76
-2364.093018	84
-2359.665771	76
-2355.238525	71
-2350.811523	76
-2346.384277	78
-2341.957275	80
-2337.530029	91
-2333.103027	90
-2328.675781	81
-2324.248535	81
-2319.821533	86
-2315.394287	82
-2310.967285	88
-2306.540039	84
-2302.113037	76
-2297.685791	83
-2293.258545	93
-2288.831543	95
-2284.404297	76
-2279.977295	72
-2275.550049	79
-2271.123047	76
-2266.695801	70
-2262.268555	63
-2257.841553	69
-2253.414307	77
-2248.987305	75
-2244.560059	70
-2240.133057	78
-2235.705811	70
-2231.278809	83
-2226.851563	80
-2222.424316	83
-2217.997314	88
-2213.570068	89
-2209.143066	76
-2204.715820	73
-2200.288818	67
-2195.861572	70
-2191.434326	71
-2187.007324	72
-2182.580078	73
-2178.153076	80
-2173.725830	76
-2169.298828	78
-2164.871582	88
-2160.444336	84
-2156.017334	76
-2151.590088	75
-2147.163086	72
-2142.735840	82
-2138.308838	76
-2133.881592	79
-2129.454346	82
-2125.027344	76
-2120.600098	85
-2116.173096	85
-2111.745850	67
-2107.318848	68
-2102.891602	80
-2098.464600	85
-2094.037354	88
-2089.610107	79
-2085.183105	78
-2080.755859	75
-2076.328857	66
-2071.901611	70
-2067.474609	78
-2063.047363	80
-2058.620117	85
-2054.193115	85
-2049.765869	88
-2045.338745	84
-2040.911621	80
-2036.484497	87
-2032.057373	92
-2027.630249	91
-2023.203125	87
-2018.776001	73
-2014.348877	79
-2009.921631	77
-2005.494507	78
-2001.067383	80
-1996.640259	73
-1992.213135	73
-1987.786011	75
-1983.358887	74
-1978.931641	77
-1974.504517	74
-1970.077393	81
-1965.650269	79
-1961.223145	92
-1956.796021	73
-1952.368896	60
-1947.941772	68
-1943.514526	87
-1939.087402	75
-1934.660278	76
-1930.233154	80
-1925.806030	89
-1921.378906	76
-1916.951782	75
-1912.524536	76
-1908.097412	85
-1903.670288	83
-1899.243164	79
-1894.816040	80
-1890.388916	78
-1885.961792	82
-1881.534668	71
-1877.107422	78
-1872.680298	85
-1868.253174	76
-1863.826050	70
-1859.398926	75
-1854.971802	87
-1850.544678	87
-1846.117432	75
-1841.690308	74
-1837.263184	69
-1832.836060	73
-1828.408936	70
-1823.981812	86
-1819.554688	82
-1815.127563	74
-1810.700317	74
-1806.273193	70
-1801.846069	79
-1797.418945	81
-1792.991821	82
-1788.564697	66
-1784.137573	67
-1779.710327	81
-1775.283203	85
-1770.856079	77
-1766.428955	61
-1762.001831	71
-1757.574707	85
-1753.147583	82
-1748.720459	78
-1744.293213	65
-1739.866089	68
-1735.438965	64
-1731.011841	69
-1726.584717	75
-1722.157593	68
-1717.730469	81
-1713.303223	90
-1708.876099	92
-1704.448975	84
-1700.021851	90
-1695.594727	87
-1691.167603	85
-1686.740479	75
-1682.313354	76
-1677.886108	80
-1673.458984	77
-1669.031860	76
-1664.604736	84
-1660.177612	82
-1655.750488	82
-1651.323364	81
-1646.896118	79
-1642.468994	75
-1638.041870	86
-1633.614746	77
-1629.187622	79
-1624.760498	77
-1620.333374	80
-1615.906250	71
-1611.479004	77
-1607.051880	71
-1602.624756	66
-1598.197632	68
-1593.770508	75
-1589.343384	81
-1584.916260	74
-1580.489014	78
-1576.061890	92
-1571.634766	85
-1567.207642	79
-1562.780518	65
-1558.353394	67
-1553.926270	77
-1549.499146	76
-1545.071899	81
-1540.644775	81
-1536.217651	75
-1531.790527	81
-1527.363403	88
-1522.936279	83
-1518.509155	80
-1514.081909	87
-1509.654785	78
-1505.227661	73
-1500.800537	85
-1496.373413	76
-1491.946289	72
-1487.519165	68
-1483.092041	69
-1478.664795	82
-1474.237671	75
-1469.810547	64
-1465.383423	63
-1460.956299	76
-1456.529175	80
-1452.102051	81
-1447.674805	75
-1443.247681	82
-1438.820557	76
-1434.393433	75
-1429.966309	73
-1425.539185	68
-1421.112061	84
-1416.684937	83
-1412.257690	81
-1407.830566	90
-1403.403442	85
-1398.976318	68
-1394.549194	69
-1390.122070	83
-1385.694946	84
-1381.267700	83
-1376.840576	90
-1372.413452	98
-1367.986328	86
-1363.559204	88
-1359.132080	85
-1354.704956	85
-1350.277832	77
-1345.850586	84
-1341.423462	70
-1336.996338	73
-1332.569214	83
-1328.142090	81
-1323.714966	88
-1319.287842	89
-1314.860596	76
-1310.433472	77
-1306.006348	86
-1301.579224	89
-1297.152100	84
-1292.724976	73
-1288.297852	70
-1283.870728	72
-1279.443481	81
-1275.016357	83
-1270.589233	81
-1266.162109	72
-1261.734985	75
-1257.307861	67
-1252.880737	72
-1248.453491	81
-1244.026367	78
-1239.599243	71
-1235.172119	74
-1230.744995	68
-1226.317871	61
-1221.890747	79
-1217.463623	78
-1213.036377	86
-1208.609253	87
-1204.182129	74
-1199.755005	79
-1195.327881	86
-1190.900757	97
-1186.473633	87
-1182.046509	74
-1177.619263	75
-1173.192139	79
-1168.765015	87
-1164.337891	77
-1159.910767	78
-1155.483643	94
-1151.056519	84
-1146.629272	80
-1142.202148	80
-1137.775024	82
-1133.347900	78
-1128.920776	76
-1124.493652	78
-1120.066528	90
-1115.639404	86
-1111.212158	76
-1106.785034	82
-1102.357910	93
-1097.930786	96
-1093.503662	89
-1089.076538	87
-1084.649414	73
-1080.222168	74
-1075.795044	76
-1071.367920	77
-1066.940796	76
-1062.513672	85
-1058.086548	85
-1053.659424	73
-1049.232300	71
-1044.805054	68
-1040.377930	76
-1035.950806	81
-1031.523682	74
-1027.096558	80
-1022.669373	90
-1018.242249	91
-1013.815125	87
-1009.388000	86
-1004.960815	91
-1000.533691	89
-996.106567	75
-991.679443	84
-987.252258	96
-982.825134	88
-978.398010	84
-973.970886	81
-969.543701	85
-965.116577	89
-960.689453	89
-956.262268	83
-951.835144	81
-947.408020	76
-942.980896	78
-938.553711	81
-934.126587	90
-929.699463	83
-925.272339	81
-920.845154	85
-916.418030	77
-911.990906	76
-907.563782	76
-903.136597	84
-898.709473	70
-894.282349	80
-889.855164	98
-885.428040	94
-881.000916	84
-876.573792	76
-872.146606	77
-867.719482	78
-863.292358	85
-858.865234	79
-854.438049	83
-850.010925	85
-845.583801	80
-841.156677	81
-836.729492	80
-832.302368	84
-827.875244	85
-823.448059	76
-819.020935	78
-814.593811	88
-810.166687	83
-805.739502	85
-801.312378	75
-796.885254	76
-792.458130	77
-788.030945	77
-783.603821	86
-779.176697	83
-774.749573	89
-770.322388	80
-765.895264	78
-761.468140	81
-757.040955	82
-752.613831	82
-748.186707	85
-743.759583	94
-739.332397	90
-734.905273	86
-730.478149	97
-726.051025	87
-721.623840	87
-717.196716	79
-712.769592	81
-708.342468	69
-703.915283	72
-699.488159	76
-695.061035	82
-690.633850	83
-686.206726	88
-681.779602	74
-677.352478	70
-672.925293	81
-668.498169	85
-664.071045	88
-659.643921	92
-655.216736	87
-650.789612	90
-646.362488	89
-641.935364	90
-637.508179	81
-633.081055	83
-628.653931	84
-624.226746	80
-619.799622	79
-615.372498	95
-610.945374	102
-606.518188	99
-602.091064	81
-597.663940	72
-593.236816	81
-588.809631	84
-584.382507	85
-579.955383	81
-575.528259	93
-571.101074	84
-566.673950	94
-562.246826	94
-557.819702	100
-553.392517	90
-548.965393	85
-544.538269	97
-540.111084	98
-535.683960	89
-531.256836	73
-526.829712	91
-522.402527	97
-517.975403	84
-513.548279	91
-509.121124	89
-504.694000	80
-500.266846	94
-495.839722	97
-491.412567	101
-486.985443	98
-482.558289	101
-478.131134	84
-473.704010	82
-469.276855	101
-464.849731	84
-460.422577	80
-455.995453	82
-451.568298	85
-447.141174	92
-442.714020	96
-438.286896	100
-433.859741	102
-429.432617	100
-425.005463	89
-420.578339	95
-416.151184	96
-411.724030	97
-407.296906	97
-402.869751	89
-398.442627	87
-394.015472	98
-389.588348	79
-385.161194	92
-380.734070	94
-376.306915	90
-371.879791	88
-367.452637	89
-363.025513	90
-358.598358	99
-354.171234	104
-349.744080	103
-345.316925	89
-340.889801	89
-336.462646	99
-332.035522	106
-327.608368	108
-323.181244	103
-318.754089	113
-314.326965	112
-309.899811	104
-305.472687	111
-301.045532	122
-296.618408	107
-292.191254	104
-287.764130	110
-283.336975	118
-278.909851	131
-274.482697	126
-270.055542	124
-265.628418	125
-261.201263	110
-256.774139	118
-252.347000	126
-247.919861	130
-243.492722	126
-239.065567	139
-234.638428	145
-230.211288	143
-225.784149	144
-221.357010	147
-216.929871	154
-212.502731	150
-208.075592	160
-203.648453	170
-199.221313	172
-194.794174	168
-190.367035	171
-185.939896	156
-181.512756	176
-177.085617	183
-172.658463	208
-168.231323	226
-163.804184	227
-159.377045	249
-154.949905	262
-150.522766	269
-146.095627	290
-141.668488	298
-137.241348	317
-132.814209	358
-128.387070	382
-123.959930	408
-119.532784	457
-115.105644	528
-110.678505	561
-106.251366	619
-101.824226	679
-97.397087	776
-92.969948	888
-88.542809	974
-84.115662	1130
-79.688522	1348
-75.261383	1600
-70.834244	1940
-66.407104	2356
-61.979965	2838
-57.552822	3451
-53.125683	4318
-48.698544	5195
-44.271404	5930
-39.844261	6370
-35.417122	6697
-30.989983	6969
-26.562841	7201
-22.135702	7299
-17.708561	7338
-13.281421	7327
-8.854280	7392
-4.427140	7445
0.000000	7494
4.427140	7483
8.854280	7414
13.281421	7332
17.708561	7151
22.135702	6978
26.562841	6566
30.989983	5990
35.417122	5420
39.844261	4726
44.271404	3983
48.698544	3360
53.125683	2850
57.552822	2405
61.979965	2009
66.407104	1688
70.834244	1430
75.261383	1216
79.688522	1113
84.115662	987
88.542809	853
92.969948	750
97.397087	661
101.824226	587
106.251366	540
110.678505	489
115.105644	444
119.532784	423
123.959930	395
128.387070	346
132.814209	328
137.241348	312
141.668488	282
146.095627	273
150.522766	264
154.949905	239
159.377045	232
163.804184	229
168.231323	215
172.658463	201
177.085617	197
181.512756	194
185.939896	191
190.367035	171
194.794174	169
199.221313	168
203.648453	164
208.075592	163
212.502731	144
216.929871	140
221.357010	146
225.784149	137
230.211288	130
234.638428	120
239.065567	122
243.492722	137
247.919861	133
252.347000	119
256.774139	118
261.201263	122
265.628418	117
270.055542	124
274.482697	114
278.909851	114
283.336975	113
287.764130	121
292.191254	144
296.618408	139
301.045532	118
305.472687	109
309.899811	108
314.326965	115
318.754089	115
323.181244	114
327.608368	108
332.035522	117
336.462646	119
340.889801	107
345.316925	101
349.744080	98
354.171234	101
358.598358	110
363.025513	112
367.452637	107
371.879791	107
376.306915	100
380.734070	96
385.161194	100
389.588348	103
394.015472	105
398.442627	95
402.869751	97
407.296906	88
411.724030	98
416.151184	95
420.578339	96
425.005463	110
429.432617	115
433.859741	106
438.286896	96
442.714020	97
447.141174	105
451.568298	103
455.995453	103
460.422577	82
464.849731	86
469.276855	87
473.704010	101
478.131134	96
482.558289	92
486.985443	99
491.412567	106
495.839722	103
500.266846	106
504.694000	101
509.121124	100
513.548279	93
517.975403	84
522.402527	79
526.829712	89
531.256836	92
535.683960	88
540.111084	88
544.538269	98
548.965393	97
553.392517	96
557.819702	94
562.246826	87
566.673950	90
571.101074	106
575.528259	101
579.955383	100
584.382507	87
588.809631	92
593.236816	91
597.663940	95
602.091064	90
606.518188	94
610.945374	107
615.372498	95
619.799622	94
624.226746	96
628.653931	95
633.081055	99
637.508179	100
641.935364	99
646.362488	99
650.789612	93
655.216736	96
659.643921	94
664.071045	98
668.498169	103
672.925293	105
677.352478	93
681.779602	89
686.206726	99
690.633850	99
695.061035	106
699.488159	100
703.915283	91
708.342468	97
712.769592	88
717.196716	89
721.623840	100
726.051025	97
730.478149	90
734.905273	81
739.332397	91
743.759583	100
748.186707	81
752.613831	88
757.040955	97
761.468140	102
765.895264	107
770.322388	106
774.749573	89
779.176697	85
783.603821	92
788.030945	89
792.458130	92
796.885254	84
801.312378	91
805.739502	93
810.166687	94
814.593811	96
819.020935	103
823.448059	89
827.875244	83
832.302368	94
836.729492	95
841.156677	97
845.583801	97
850.010925	96
854.438049	99
858.865234	106
863.292358	97
867.719482	87
872.146606	90
876.573792	89
881.000916	89
885.428040	79
889.855164	88
894.282349	99
898.709473	89
903.136597	86
907.563782	98
911.990906	88
916.418030	84
920.845154	95
925.272339	107
929.699463	102
934.126587	108
938.553711	109
942.980896	95
947.408020	90
951.835144	97
956.262268	101
960.689453	103
965.116577	100
969.543701	99
973.970886	110
978.398010	101
982.825134	106
987.252258	113
991.679443	104
996.106567	90
1000.533691	92
1004.960815	98
1009.388000	105
1013.815125	117
1018.242249	115
1022.669373	94
1027.096558	84
1031.523682	91
1035.950806	101
1040.377930	103
1044.805054	104
1049.232300	117
1053.659424	98
1058.086548	87
1062.513672	83
1066.940796	95
1071.367920	102
1075.795044	85
1080.222168	90
1084.649414	97
1089.076538	103
1093.503662	89
1097.930786	85
1102.357910	84
1106.785034	90
1111.212158	93
1115.639404	106
1120.066528	105
1124.493652	105
1128.920776	88
1133.347900	98
1137.775024	96
1142.202148	99
1146.629272	99
1151.056519	99
1155.483643	92
1159.910767	91
1164.337891	101
1168.765015	101
1173.192139	92
1177.619263	101
1182.046509	114
1186.473633	106
1190.900757	90
1195.327881	85
1199.755005	88
1204.182129	105
1208.609253	104
1213.036377	100
1217.463623	99
1221.890747	107
1226.317871	104
1230.744995	108
1235.172119	107
1239.599243	92
1244.026367	94
1248.453491	89
1252.880737	91
1257.307861	91
1261.734985	111
1266.162109	107
1270.589233	105
1275.016357	110
1279.443481	104
1283.870728	94
1288.297852	99
1292.724976	107
1297.152100	98
1301.579224	100
1306.006348	111
1310.433472	103
1314.860596	99
1319.287842	92
1323.714966	87
1328.142090	100
1332.569214	108
1336.996338	97
1341.423462	96
1345.850586	107
1350.277832	106
1354.704956	103
1359.132080	98
1363.559204	100
1367.986328	97
1372.413452	97
1376.840576	101
1381.267700	97
1385.694946	98
1390.122070	100
1394.549194	100
1398.976318	101
1403.403442	83
1407.830566	97
1412.257690	105
1416.684937	104
1421.112061	100
1425.539185	113
1429.966309	109
1434.393433	100
1438.820557	96
1443.247681	101
1447.674805	106
1452.102051	99
1456.529175	89
1460.956299	90
1465.383423	91
1469.810547	98
1474.237671	102
1478.664795	102
1483.092041	99
1487.519165	101
1491.946289	106
1496.373413	98
1500.800537	109
1505.227661	103
1509.654785	92
1514.081909	86
1518.509155	89
1522.936279	103
1527.363403	105
1531.790527	101
1536.217651	99
1540.644775	92
1545.071899	87
1549.499146	93
1553.926270	90
1558.353394	100
1562.780518	98
1567.207642	102
1571.634766	106
1576.061890	103
1580.489014	104
1584.916260	103
1589.343384	107
1593.770508	96
1598.197632	94
1602.624756	94
1607.051880	110
1611.479004	112
1615.906250	105
1620.333374	105
1624.760498	101
1629.187622	100
1633.614746	101
1638.041870	99
1642.468994	105
1646.896118	107
1651.323364	89
1655.750488	102
1660.177612	105
1664.604736	111
1669.031860	113
1673.458984	131
1677.886108	111
1682.313354	91
1686.740479	102
1691.167603	115
1695.594727	116
1700.021851	109
1704.448975	104
1708.876099	99
1713.303223	118
1717.730469	116
1722.157593	99
1726.584717	112
1731.011841	118
1735.438965	120
1739.866089	106
1744.293213	97
1748.720459	94
1753.147583	96
1757.574707	110
1762.001831	107
1766.428955	109
1770.856079	111
1775.283203	115
1779.710327	114
1784.137573	105
1788.564697	100
1792.991821	103
1797.418945	100
1801.846069	97
1806.273193	100
1810.700317	113
1815.127563	109
1819.554688	99
1823.981812	110
1828.408936	96
1832.836060	108
1837.263184	110
1841.690308	115
1846.117432	109
1850.544678	109
1854.971802	108
1859.398926	104
1863.826050	105
1868.253174	120
1872.680298	113
1877.107422	112
1881.534668	115
1885.961792	108
1890.388916	106
1894.816040	104
1899.243164	95
1903.670288	97
1908.097412	103
1912.524536	103
1916.951782	101
1921.378906	103
1925.806030	112
1930.233154	106
1934.660278	111
1939.087402	99
1943.514526	104
1947.941772	101
1952.368896	109
1956.796021	107
1961.223145	109
1965.650269	102
1970.077393	93
1974.504517	98
1978.931641	119
1983.358887	109
1987.786011	103
1992.213135	111
1996.640259	107
2001.067383	114
2005.494507	98
2009.921631	112
2014.348877	102
2018.776001	115
2023.203125	117
2027.630249	116
2032.057373	110
2036.484497	117
2040.911621	110
2045.338745	108
2049.765869	113
2054.193115	120
2058.620117	112
2063.047363	107
2067.474609	105
2071.901611	110
2076.328857	115
2080.755859	119
2085.183105	118
2089.610107	111
2094.037354	104
2098.464600	107
2102.891602	106
2107.318848	101
2111.745850	105
2116.173096	117
2120.600098	113
2125.027344	112
2129.454346	112
2133.881592	110
2138.308838	108
2142.735840	96
2147.163086	100
2151.590088	108
2156.017334	99
2160.444336	105
2164.871582	117
2169.298828	110
2173.725830	110
2178.153076	98
2182.580078	110
2187.007324	119
2191.434326	123
2195.861572	118
2200.288818	121
2204.715820	112
2209.143066	102
2213.570068	104
2217.997314	119
2222.424316	121
2226.851563	108
2231.278809	119
2235.705811	120
2240.133057	114
2244.560059	106
2248.987305	106
2253.414307	109
2257.841553	107
2262.268555	110
2266.695801	113
2271.123047	107
2275.550049	114
2279.977295	127
2284.404297	119
2288.831543	101
2293.258545	91
2297.685791	109
2302.113037	109
2306.540039	109
2310.967285	104
2315.394287	99
2319.821533	111
2324.248535	107
2328.675781	114
2333.103027	114
2337.530029	104
2341.957275	107
2346.384277	109
2350.811523	100
2355.238525	101
2359.665771	99
2364.093018	95
2368.520020	108
2372.947266	111
2377.374268	114
2381.801514	101
2386.228516	102
2390.655762	103
2395.082764	107
2399.510010	115
2403.937256	121
2408.364258	122
2412.791504	117
2417.218506	108
2421.645752	115
2426.072754	121
2430.500000	126
2434.927246	117
2439.354248	124
2443.781494	115
2448.208496	112
2452.635742	110
2457.062744	108
2461.489990	116
2465.917236	112
2470.344238	101
2474.771484	103
2479.198486	115
2483.625732	114
2488.052734	115
2492.479980	121
2496.906982	113
2501.334229	119
2505.761475	110
2510.188477	111
2514.615723	107
2519.042725	114
2523.469971	111
2527.896973	104
2532.324219	106
2536.751465	108
2541.178467	110
2545.605713	123
2550.032715	119
2554.459961	114
2558.886963	115
2563.314209	121
2567.741455	118
2572.168457	118
2576.595703	119
2581.022705	116
2585.449951	113
2589.876953	114
2594.304199	108
2598.731445	109
2603.158447	111
2607.585693	110
2612.012695	118
2616.439941	111
2620.866943	103
2625.294189	119
2629.721191	110
2634.148438	111
2638.575684	115
2643.002686	105
2647.429932	100
2651.856934	113
2656.284180	110
2660.711182	103
2665.138428	117
2669.565674	118
2673.992676	116
2678.419922	117
2682.846924	118
2687.274170	113
2691.701172	119
2696.128418	119
2700.555664	111
2704.982666	105
2709.409912	109
2713.836914	111
2718.264160	115
2722.691162	125
2727.118408	127
2731.545654	135
2735.972656	120
2740.399902	111
2744.826904	107
2749.254150	116
2753.681152	118
2758.108398	121
2762.535400	113
2766.962646	129
2771.389893	126
2775.816895	133
2780.244141	125
2784.671143	136
2789.098389	127
2793.525391	118
2797.952637	110
2802.379883	102
2806.806885	105
2811.234131	99
2815.661133	123
2820.088379	138
2824.515381	127
2828.942627	113
2833.369873	122
2837.796875	133
2842.224121	120
2846.651123	114
2851.078369	115
2855.505371	116
2859.932617	120
2864.359863	116
2868.786865	117
2873.214111	127
2877.641113	126
2882.068359	113
2886.495361	114
2890.922607	125
2895.349609	129
2899.776855	111
2904.204102	103
2908.631104	105
2913.058350	106
2917.485352	123
2921.912598	123
2926.339600	127
2930.766846	125
2935.194092	112
2939.621094	116
2944.048340	120
2948.475342	108
2952.902588	109
2957.329590	119
2961.756836	115
2966.184082	102
2970.611084	99
2975.038330	101
2979.465332	111
2983.892578	115
2988.319580	124
2992.746826	113
2997.174072	118
3001.601074	119
3006.028320	113
3010.455322	128
3014.882568	137
3019.309570	130
3023.736816	117
3028.163818	101
3032.591064	106
3037.018311	117
3041.445313	101
3045.872559	108
3050.299561	97
3054.726807	111
3059.153809	110
3063.581055	112
3068.008301	104
3072.435303	109
3076.862549	118
3081.289551	105
3085.716797	109
3090.143799	109
3094.571045	100
3098.998291	106
3103.425293	114
3107.852539	115
3112.279541	118
3116.706787	111
3121.133789	103
3125.561035	113
3129.988281	117
3134.415283	124
3138.842529	119
3143.269531	117
3147.696777	114
3152.123779	125
3156.551025	110
3160.978027	120
3165.405273	120
3169.832520	116
3174.259521	112
3178.686768	115
3183.113770	119
3187.541016	120
3191.968018	116
3196.395264	128
3200.822510	128
3205.249512	109
3209.676758	104
3214.103760	110
3218.531006	119
3222.958008	111
3227.385254	109
3231.812500	109
3236.239502	111
3240.666748	126
3245.093750	112
3249.520996	98
3253.947998	101
3258.375244	108
3262.802246	113
3267.229492	112
3271.656738	118
3276.083740	116
3280.510986	97
3284.937988	95
3289.365234	119
3293.792236	117
3298.219482	106
3302.646729	120
3307.073730	123
3311.500977	130
3315.927979	117
3320.355225	107
3324.782227	107
3329.209473	107
3333.636719	110
3338.063721	108
3342.490967	110
3346.917969	114
3351.345215	119
3355.772217	122
3360.199463	118
3364.626709	114
3369.053711	119
3373.480957	118
3377.907959	109
3382.335205	114
3386.762207	119
3391.189453	108
3395.616455	107
3400.043701	107
3404.470947	118
3408.897949	109
3413.325195	100
3417.752197	108
3422.179443	125
3426.606445	127
3431.033691	129
3435.460938	122
3439.887939	109
3444.315186	122
3448.742188	120
3453.169434	108
3457.596436	109
3462.023682	114
3466.450928	129
3470.877930	131
3475.305176	129
3479.732178	123
3484.159424	120
3488.586426	120
3493.013672	110
3497.440918	118
3501.867920	127
3506.295166	123
3510.722168	127
3515.149414	122
3519.576416	120
3524.003662	124
3528.430664	139
3532.857910	136
3537.285156	134
3541.712158	142
3546.139404	144
3550.566406	145
3554.993652	132
3559.420654	131
3563.847900	131
3568.275146	140
3572.702148	141
3577.129395	145
3581.556396	150
3585.983643	149
3590.410645	145
3594.837891	140
3599.265137	152
3603.692139	163
3608.119385	155
3612.546387	151
3616.973633	140
3621.400635	143
3625.827881	157
3630.255127	171
3634.682129	173
3639.109375	174
3643.536377	189
3647.963623	187
3652.390625	183
3656.817871	182
3661.244873	197
3665.672119	206
3670.099365	201
3674.526367	200
3678.953613	216
3683.380615	219
3687.807861	215
3692.234863	228
3696.662109	246
3701.089355	255
3705.516357	260
3709.943604	266
3714.370605	277
3718.797852	298
3723.224854	317
3727.652100	310
3732.079346	318
3736.506348	333
3740.933594	338
3745.360596	357
3749.787842	379
3754.214844	393
3758.642090	408
3763.069336	420
3767.496338	438
3771.923584	459
3776.350586	461
3780.777832	478
3785.204834	557
3789.632080	629
3794.059082	650
3798.486328	667
3802.913574	676
3807.340576	677
3811.767822	677
3816.194824	699
3820.622070	736
3825.049072	804
3829.476318	857
3833.903564	893
3838.330566	936
3842.757813	997
3847.184814	1037
3851.612061	1067
3856.039063	1079
3860.466309	1077
3864.893555	1086
3869.320557	1057
3873.747803	1104
3878.174805	1209
3882.602051	1249
3887.029053	1261
3891.456299	1280
3895.883545	1295
3900.310547	1316
3904.737793	1333
3909.164795	1288
3913.592041	1233
3918.019043	1263
3922.446289	1312
3926.873291	1348
3931.300537	1387
3935.727783	1428
3940.154785	1428
3944.582031	1369
3949.009033	1366
3953.436279	1433
3957.863281	1495
3962.290527	1609
3966.717773	1717
3971.144775	1710
3975.572021	1741
3979.999023	1783
3984.426270	1811
3988.853271	1851
3993.280518	1838
3997.707764	1855
4002.134766	1884
4006.562012	1934
4010.989014	1935
4015.416260	1927
4019.843262	1943
4024.270508	1975
4028.697754	1988
4033.124756	1975
4037.552002	1982
4041.979004	1961
4046.406250	1952
4050.833252	1937
4055.260498	1940
4059.687500	1901
4064.114746	1862
4068.541992	1918
4072.968994	1915
4077.396240	1840
4081.823242	1836
4086.250488	1835
4090.677490	1830
4095.104736	1866
4099.531738	1896
4103.958984	1907
4108.386230	1925
4112.813477	1941
4117.240234	1916
4121.667480	1927
4126.094727	1891
4130.521973	1887
4134.949219	1940
4139.375977	1981
4143.803223	1941
4148.230469	1918
4152.657715	1901
4157.084473	1926
4161.511719	1942
4165.938965	1914
4170.366211	1850
4174.793457	1837
4179.220215	1853
4183.647461	1878
4188.074707	1848
4192.501953	1861
4196.929199	1879
4201.355957	1880
4205.783203	1878
4210.210449	1849
4214.637695	1840
4219.064453	1834
4223.491699	1842
4227.918945	1836
4232.346191	1825
4236.773438	1784
4241.200195	1765
4245.627441	1794
4250.054688	1799
4254.481934	1786
4258.908691	1749
4263.335938	1741
4267.763184	1770
4272.190430	1730
4276.617676	1709
4281.044434	1691
4285.471680	1711
4289.898926	1698
4294.326172	1653
4298.753418	1660
4303.180176	1709
4307.607422	1719
4312.034668	1695
4316.461914	1689
4320.888672	1667
4325.315918	1674
4329.743164	1697
4334.170410	1696
4338.597656	1705
4343.024414	1726
4347.451660	1735
4351.878906	1769
4356.306152	1777
4360.732910	1760
4365.160156	1767
4369.587402	1809
4374.014648	1846
4378.441895	1865
4382.868652	1844
4387.295898	1826
4391.723145	1848
4396.150391	1878
4400.577637	1903
4405.004395	1895
4409.431641	1896
4413.858887	1848
4418.286133	1838
4422.712891	1866
4427.140137	1876
4431.567383	1870
4435.994629	1907
4440.421875	1894
4444.848633	1897
4449.275879	1949
4453.703125	1914
4458.130371	1872
4462.557617	1858
4466.984375	1838
4471.411621	1861
4475.838867	1872
4480.266113	1881
4484.692871	1900
4489.120117	1862
4493.547363	1828
4497.974609	1839
4502.401855	1846
4506.828613	1838
4511.255859	1828
4515.683105	1799
4520.110352	1815
4524.537109	1827
4528.964355	1792
4533.391602	1785
4537.818848	1795
4542.246094	1776
4546.672852	1780
4551.100098	1780
4555.527344	1800
4559.954590	1817
4564.381836	1808
4568.808594	1812
4573.235840	1836
4577.663086	1825
4582.090332	1840
4586.517090	1869
4590.944336	1888
4595.371582	1883
4599.798828	1923
4604.226074	1968
4608.652832	2005
4613.080078	2029
4617.507324	2029
4621.934570	2019
4626.361328	2060
4630.788574	2099
4635.215820	2151
4639.643066	2198
4644.070313	2212
4648.497070	2230
4652.924316	2249
4657.351563	2281
4661.778809	2290
4666.206055	2335
4670.632813	2364
4675.060059	2383
4679.487305	2437
4683.914551	2465
4688.341309	2427
4692.768555	2469
4697.195801	2505
4701.623047	2582
4706.050293	2630
4710.477051	2643
4714.904297	2666
4719.331543	2700
4723.758789	2668
4728.186035	2667
4732.612793	2708
4737.040039	2683
4741.467285	2707
4745.894531	2720
4750.321289	2729
4754.748535	2789
4759.175781	2802
4763.603027	2794
4768.030273	2825
4772.457031	2828
4776.884277	2870
4781.311523	2905
4785.738770	2885
4790.165527	2897
4794.592773	2868
4799.020020	2860
4803.447266	2883
4807.874512	2910
4812.301270	2896
4816.728516	2879
4821.155762	2860
4825.583008	2837
4830.010254	2825
4834.437012	2809
4838.864258	2812
4843.291504	2817
4847.718750	2796
4852.145508	2791
4856.572754	2778
4861.000000	2779
4865.427246	2800
4869.854492	2823
4874.281250	2857
4878.708496	2868
4883.135742	2849
4887.562988	2883
4891.989746	2885
4896.416992	2887
4900.844238	2913
4905.271484	2910
4909.698730	2933
4914.125488	2928
4918.552734	2902
4922.979980	2916
4927.407227	2905
4931.834473	2942
4936.261230	2992
4940.688477	2981
4945.115723	2960
4949.542969	2958
4953.969727	2926
4958.396973	2890
4962.824219	2942
4967.251465	2920
4971.678711	2899
4976.105469	2887
4980.532715	2823
4984.959961	2845
4989.387207	2910
4993.813965	2876
4998.241211	2841
5002.668457	2791
5007.095703	2805
5011.522949	2824
5015.949707	2801
5020.376953	2790
5024.804199	2804
5029.231445	2815
5033.658691	2825
5038.085449	2842
5042.512695	2827
5046.939941	2776
5051.367188	2754
5055.793945	2759
5060.221191	2773
5064.648438	2780
5069.075684	2774
5073.502930	2772
5077.929688	2740
5082.356934	2755
5086.784180	2759
5091.211426	2723
5095.638672	2733
5100.065430	2757
5104.492676	2741
5108.919922	2708
5113.347168	2703
5117.773926	2688
5122.201172	2703
5126.628418	2664
5131.055664	2648
5135.482910	2677
5139.909668	2642
5144.336914	2624
5148.764160	2643
5153.191406	2648
5157.618164	2620
5162.045410	2629
5166.472656	2617
5170.899902	2608
5175.327148	2622
5179.753906	2633
5184.181152	2613
5188.608398	2591
5193.035645	2600
5197.462891	2600
5201.889648	2586
5206.316895	2571
5210.744141	2575
5215.171387	2601
5219.598145	2579
5224.025391	2579
5228.452637	2557
5232.879883	2543
5237.307129	2577
5241.733887	2573
5246.161133	2529
5250.588379	2505
5255.015625	2461
5259.442383	2469
5263.869629	2508
5268.296875	2513
5272.724121	2548
5277.151367	2555
5281.578125	2521
5286.005371	2514
5290.432617	2496
5294.859863	2470
5299.287109	2481
5303.713867	2461
5308.141113	2465
5312.568359	2493
5316.995605	2445
5321.422363	2424
5325.849609	2411
5330.276855	2427
5334.704102	2455
5339.131348	2498
5343.558105	2475
5347.985352	2445
5352.412598	2410
5356.839844	2378
5361.267090	2411
5365.693848	2429
5370.121094	2397
5374.548340	2367
5378.975586	2373
5383.402344	2419
5387.829590	2439
5392.256836	2385
5396.684082	2357
5401.111328	2358
5405.538086	2338
5409.965332	2325
5414.392578	2363
5418.819824	2365
5423.246582	2335
5427.673828	2347
5432.101074	2357
5436.528320	2331
5440.955566	2312
5445.382324	2349
5449.809570	2352
5454.236816	2310
5458.664063	2284
5463.091309	2286
5467.518066	2290
5471.945313	2324
5476.372559	2308
5480.799805	2268
5485.226563	2291
5489.653809	2287
5494.081055	2282
5498.508301	2260
5502.935547	2290
5507.362305	2270
5511.789551	2259
5516.216797	2278
5520.644043	2252
5525.070801	2244
5529.498047	2248
5533.925293	2286
5538.352539	2269
5542.779785	2234
5547.206543	2215
5551.633789	2219
5556.061035	2217
5560.488281	2225
5564.915527	2243
5569.342285	2248
5573.769531	2219
5578.196777	2209
5582.624023	2160
5587.050781	2156
5591.478027	2175
5595.905273	2184
5600.332520	2169
5604.759766	2147
5609.186523	2142
5613.613770	2131
5618.041016	2105
5622.468262	2125
5626.895508	2130
5631.322266	2147
5635.749512	2141
5640.176758	2142
5644.604004	2136
5649.030762	2104
5653.458008	2076
5657.885254	2079
5662.312500	2106
5666.739746	2099
5671.166504	2044
5675.593750	2017
5680.020996	2032
5684.448242	2020
5688.875000	2035
5693.302246	2082
5697.729492	2087
5702.156738	2047
5706.583984	2043
5711.010742	2077
5715.437988	2077
5719.865234	2055
5724.292480	2040
5728.719727	2053
5733.146484	2072
5737.573730	2096
5742.000977	2104
5746.428223	2099
5750.854980	2109
5755.282227	2114
5759.709473	2107
5764.136719	2138
5768.563965	2149
5772.990723	2135
5777.417969	2139
5781.845215	2155
5786.272461	2149
5790.699219	2162
5795.126465	2191
5799.553711	2207
5803.980957	2199
5808.408203	2176
5812.834961	2190
5817.262207	2225
5821.689453	2233
5826.116699	2229
5830.543945	2233
5834.970703	2226
5839.397949	2239
5843.825195	2238
5848.252441	2192
5852.679199	2173
5857.106445	2186
5861.533691	2186
5865.960938	2173
5870.388184	2159
5874.814941	2184
5879.242188	2173
5883.669434	2155
5888.096680	2136
5892.523438	2159
5896.950684	2162
5901.377930	2153
5905.805176	2117
5910.232422	2131
5914.659180	2127
5919.086426	2109
5923.513672	2146
5927.940918	2139
5932.368164	2099
5936.794922	2084
5941.222168	2052
5945.649414	2054
5950.076660	2081
5954.503418	2080
5958.930664	2041
5963.357910	2043
5967.785156	2042
5972.212402	2014
5976.639160	2003
5981.066406	1989
5985.493652	2022
5989.920898	2014
5994.348145	1989
5998.774902	1972
6003.202148	1981
6007.629395	1976
6012.056641	1971
6016.483398	1975
6020.910645	1963
6025.337891	1955
6029.765137	1944
6034.192383	1914
6038.619141	1880
6043.046387	1889
6047.473633	1897
6051.900879	1886
6056.327637	1870
6060.754883	1819
6065.182129	1810
6069.609375	1794
6074.036621	1818
6078.463379	1822
6082.890625	1808
6087.317871	1818
6091.745117	1822
6096.172363	1805
6100.599121	1784
6105.026367	1767
6109.453613	1777
6113.880859	1768
6118.307617	1724
6122.734863	1692
6127.162109	1684
6131.589355	1692
6136.016602	1660
6140.443359	1648
6144.870605	1638
6149.297852	1618
6153.725098	1654
6158.151855	1663
6162.579102	1637
6167.006348	1621
6171.433594	1626
6175.860840	1622
6180.287598	1607
6184.714844	1617
6189.142090	1628
6193.569336	1634
6197.996582	1592
6202.423340	1561
6206.850586	1559
6211.277832	1568
6215.705078	1548
6220.131836	1571
6224.559082	1580
6228.986328	1578
6233.413574	1573
6237.840820	1551
6242.267578	1534
6246.694824	1548
6251.122070	1553
6255.549316	1525
6259.976563	1497
6264.403320	1505
6268.830566	1510
6273.257813	1451
6277.685059	1472
6282.111816	1479
6286.539063	1445
6290.966309	1437
6295.393555	1434
6299.820801	1466
6304.247559	1456
6308.674805	1422
6313.102051	1422
6317.529297	1414
6321.956055	1411
6326.383301	1430
6330.810547	1403
6335.237793	1379
6339.665039	1390
6344.091797	1422
6348.519043	1444
6352.946289	1459
6357.373535	1439
6361.800781	1439
6366.227539	1451
6370.654785	1435
6375.082031	1434
6379.509277	1444
6383.936035	1445
6388.363281	1460
6392.790527	1436
6397.217773	1426
6401.645020	1444
6406.071777	1442
6410.499023	1396
6414.926270	1399
6419.353516	1426
6423.780273	1392
6428.207520	1364
6432.634766	1359
6437.062012	1389
6441.489258	1384
6445.916016	1337
6450.343262	1322
6454.770508	1296
6459.197754	1336
6463.625000	1365
6468.051758	1347
6472.479004	1333
6476.906250	1340
6481.333496	1350
6485.760254	1357
6490.187500	1359
6494.614746	1329
6499.041992	1341
6503.469238	1345
6507.895996	1338
6512.323242	1331
6516.750488	1334
6521.177734	1320
6525.604492	1258
6530.031738	1232
6534.458984	1257
6538.886230	1238
6543.313477	1216
6547.740234	1178
6552.167480	1175
6556.594727	1177
6561.021973	1214
6565.449219	1257
6569.875977	1291
6574.303223	1245
6578.730469	1234
6583.157715	1265
6587.584473	1266
6592.011719	1287
6596.438965	1279
6600.866211	1277
6605.293457	1316
6609.720215	1309
6614.147461	1320
6618.574707	1351
6623.001953	1331
6627.429199	1324
6631.855957	1337
6636.283203	1348
6640.710449	1323
6645.137695	1313
6649.564453	1309
6653.991699	1332
6658.418945	1370
6662.846191	1349
6667.273438	1343
6671.700195	1367
6676.127441	1353
6680.554688	1329
6684.981934	1390
6689.408691	1415
6693.835938	1368
6698.263184	1360
6702.690430	1350
6707.117676	1323
6711.544434	1339
6715.971680	1372
6720.398926	1411
6724.826172	1424
6729.253418	1378
6733.680176	1389
6738.107422	1397
6742.534668	1392
6746.961914	1389
6751.388672	1377
6755.815918	1359
6760.243164	1391
6764.670410	1392
6769.097656	1375
6773.524414	1380
6777.951660	1417
6782.378906	1451
6786.806152	1435
6791.232910	1422
6795.660156	1447
6800.087402	1440
6804.514648	1414
6808.941895	1405
6813.368652	1408
6817.795898	1413
6822.223145	1429
6826.650391	1444
6831.077637	1423
6835.504395	1398
6839.931641	1365
6844.358887	1341
6848.786133	1290
6853.212891	1288
6857.640137	1319
6862.067383	1327
6866.494629	1303
6870.921875	1292
6875.348633	1320
6879.775879	1331
6884.203125	1329
6888.630371	1295
6893.057617	1318
6897.484375	1349
6901.911621	1391
6906.338867	1401
6910.766113	1395
6915.192871	1394
6919.620117	1359
6924.047363	1370
6928.474609	1363
6932.901855	1373
6937.328613	1436
6941.755859	1433
6946.183105	1400
6950.610352	1464
6955.037109	1432
6959.464355	1418
6963.891602	1476
6968.318848	1452
6972.746094	1456
6977.172852	1490
6981.600098	1467
6986.027344	1446
6990.454590	1453
6994.881836	1459
6999.308594	1427
7003.735840	1437
7008.163086	1427
7012.590332	1403
7017.017090	1437
7021.444336	1468
7025.871582	1460
7030.298828	1461
7034.726074	1442
7039.152832	1431
7043.580078	1464
7048.007324	1459
7052.434570	1457
7056.861328	1442
7061.288574	1459
7065.715820	1480
7070.143066	1457
7074.570313	1461
7078.997070	1464
7083.424316	1461
7087.851563	1460
7092.278809	1456
7096.706055	1437
7101.132813	1427
7105.560059	1439
7109.987305	1414
7114.414551	1390
7118.841309	1380
7123.268555	1385
7127.695801	1370
7132.123047	1360
7136.550293	1356
7140.977051	1346
7145.404297	1357
7149.831543	1358
7154.258789	1328
7158.686035	1314
7163.112793	1319
7167.540039	1271
7171.967285	1253
7176.394531	1255
7180.821289	1279
7185.248535	1285
7189.675781	1263
7194.103027	1271
7198.530273	1265
7202.957031	1229
7207.384277	1212
7211.811523	1221
7216.238770	1195
7220.665527	1167
7225.092773	1214
7229.520020	1243
7233.947266	1223
7238.374512	1203
7242.801270	1191
7247.228516	1172
7251.655762	1163
7256.083008	1155
7260.510254	1169
7264.937012	1156
7269.364258	1159
7273.791504	1166
7278.218750	1166
7282.645508	1158
7287.072754	1149
7291.500000	1162
7295.927246	1152
7300.354492	1114
7304.781250	1121
7309.208496	1152
7313.635742	1128
7318.062988	1105
7322.489746	1097
7326.916992	1095
7331.344238	1108
7335.771484	1132
7340.198730	1165
7344.625488	1144
7349.052734	1107
7353.479980	1086
7357.907227	1082
7362.334473	1141
7366.761230	1158
7371.188477	1148
7375.615723	1114
7380.042969	1081
7384.469727	1058
7388.896973	1047
7393.324219	1075
7397.751465	1076
7402.178711	1067
7406.605469	1069
7411.032715	1063
7415.459961	1066
7419.887207	1051
7424.313965	1051
7428.741211	1032
7433.168457	998
7437.595703	1037
7442.022949	1039
7446.449707	1009
7450.876953	990
7455.304199	993
7459.731445	972
7464.158691	970
7468.585449	976
7473.012695	965
7477.439941	941
7481.867188	937
7486.293945	922
7490.721191	897
7495.148438	898
7499.575684	925
7504.002930	927
7508.429688	892
7512.856934	881
7517.284180	859
7521.711426	877
7526.138672	867
7530.565430	840
7534.992676	813
7539.419922	796
7543.847168	765
7548.273926	743
7552.701172	731
7557.128418	756
7561.555664	751
7565.982910	714
7570.409668	649
7574.836914	618
7579.264160	589
7583.691406	555
7588.118164	547
7592.545410	533
7596.972656	509
7601.399902	487
7605.827148	472
7610.253906	473
7614.681152	495
7619.108398	479
7623.535645	481
7627.962891	499
7632.389648	486
7636.816895	493
7641.244141	511
7645.671387	532
7650.098145	530
7654.525391	543
7658.952637	559
7663.379883	554
7667.807129	561
7672.233887	548
7676.661133	553
7681.088379	547
7685.515625	540
7689.942383	545
7694.369629	553
7698.796875	560
7703.224121	564
7707.651367	586
7712.078125	571
7716.505371	548
7720.932617	560
7725.359863	559
7729.787109	550
7734.213867	544
7738.641113	549
7743.068359	542
7747.495605	538
7751.922363	540
7756.349609	567
7760.776855	589
7765.204102	569
7769.631348	551
7774.058105	553
7778.485352	529
7782.912598	515
7787.339844	501
7791.767090	492
7796.193848	488
7800.621094	475
7805.048340	457
7809.475586	460
7813.902344	462
7818.329590	434
7822.756836	425
7827.184082	398
7831.611328	377
7836.038086	366
7840.465332	368
7844.892578	361
7849.319824	341
7853.746582	333
7858.173828	328
7862.601074	326
7867.028320	303
7871.455566	288
7875.882324	286
7880.309570	301
7884.736816	306
7889.164063	314
7893.591309	297
7898.018066	288
7902.445313	293
7906.872559	306
7911.299805	318
7915.726563	304
7920.153809	321
7924.581055	335
7929.008301	320
7933.435547	331
7937.862305	348
7942.289551	359
7946.716797	359
7951.144043	354
7955.570801	351
7959.998047	347
7964.425293	357
7968.852539	377
7973.279785	381
7977.706543	369
7982.133789	381
7986.561035	388
7990.988281	367
7995.415527	368
7999.842285	384
8004.269531	404
8008.696777	417
8013.124023	404
8017.550781	381
8021.978027	392
8026.405273	407
8030.832520	386
8035.259766	395
8039.686523	396
8044.113770	377
8048.541016	400
8052.968262	400
8057.395508	379
8061.822266	385
8066.249512	408
8070.676758	399
8075.104004	384
8079.530762	376
8083.958008	370
8088.385254	358
8092.812500	355
8097.239746	368
8101.666504	352
8106.093750	358
8110.520996	357
8114.948242	361
8119.375000	354
8123.802246	360
8128.229492	353
8132.656738	328
8137.083984	312
8141.510742	306
8145.937988	298
8150.365234	309
8154.792480	303
8159.219727	272
8163.646484	273
8168.073730	273
8172.500977	272
8176.928223	277
8181.354980	270
8185.782227	263
8190.209473	247
8194.636719	261
8199.063477	255
8203.491211	241
8207.917969	236
8212.344727	232
8216.772461	226
8221.199219	218
8225.626953	212
8230.053711	202
8234.480469	201
8238.908203	214
8243.334961	221
8247.762695	211
8252.189453	200
8256.616211	200
8261.043945	202
8265.470703	194
8269.898438	191
8274.325195	199
8278.751953	218
8283.179688	202
8287.606445	203
8292.034180	212
8296.460938	206
8300.887695	215
8305.315430	208
8309.742188	207
8314.168945	222
8318.596680	223
8323.023438	216
8327.451172	217
8331.877930	236
8336.304688	243
8340.732422	239
8345.159180	248
8349.586914	254
8354.013672	255
8358.440430	257
8362.868164	262
8367.294922	270
8371.722656	283
8376.149414	289
8380.576172	277
8385.003906	280
8389.430664	266
8393.858398	280
8398.285156	282
8402.711914	281
8407.139648	291
8411.566406	302
8415.993164	311
8420.420898	300
8424.847656	297
8429.275391	302
8433.702148	288
8438.128906	289
8442.556641	309
8446.983398	317
8451.411133	308
8455.837891	298
8460.264648	298
8464.692383	306
8469.119141	287
8473.546875	298
8477.973633	300
8482.400391	312
8486.828125	313
8491.254883	323
8495.682617	310
8500.109375	306
8504.536133	286
8508.963867	287
8513.390625	306
8517.817383	281
8522.245117	289
8526.671875	280
8531.099609	275
8535.526367	282
8539.953125	290
8544.380859	276
8548.807617	282
8553.235352	270
8557.662109	264
8562.088867	273
8566.516602	277
8570.943359	291
8575.371094	284
8579.797852	264
8584.224609	267
8588.652344	271
8593.079102	257
8597.506836	253
8601.933594	262
8606.360352	252
8610.788086	236
8615.214844	243
8619.641602	251
8624.069336	258
8628.496094	258
8632.923828	258
8637.350586	255
8641.777344	242
8646.205078	236
8650.631836	233
8655.059570	231
8659.486328	215
8663.913086	211
8668.340820	215
8672.767578	218
8677.195313	217
8681.622070	196
8686.048828	205
8690.476563	209
8694.903320	196
8699.331055	187
8703.757813	184
8708.184570	175
8712.612305	166
8717.039063	164
8721.465820	165
8725.893555	177
8730.320313	181
8734.748047	172
8739.174805	162
8743.601563	163
8748.029297	173
8752.456055	171
8756.883789	164
8761.310547	158
8765.737305	163
8770.165039	156
8774.591797	153
8779.019531	152
8783.446289	138
8787.873047	133
8792.300781	128
8796.727539	142
8801.155273	142
8805.582031	142
8810.008789	133
8814.436523	150
8818.863281	145
8823.291016	146
8827.717773	138
8832.144531	142
8836.572266	141
8840.999023	140
8845.425781	145
8849.853516	134
8854.280273	149
8858.708008	142
8863.134766	125
8867.561523	123
8871.989258	115
8876.416016	129
8880.843750	142
8885.270508	141
8889.697266	141
8894.125000	121
8898.551758	129
8902.979492	133
8907.406250	133
8911.833008	132
8916.260742	133
8920.687500	137
8925.115234	148
8929.541992	133
8933.968750	135
8938.396484	136
8942.823242	133
8947.250000	117
8951.677734	124
8956.104492	146
8960.532227	157
8964.958984	144
8969.385742	133
8973.813477	136
8978.240234	136
8982.667969	135
8987.094727	141
8991.521484	151
8995.949219	151
9000.375977	140
9004.803711	137
9009.230469	140
9013.657227	140
9018.084961	137
9022.511719	127
9026.939453	139
9031.366211	147
9035.792969	147
9040.220703	144
9044.647461	143
9049.074219	153
9053.501953	157
9057.928711	144
9062.356445	139
9066.783203	147
9071.209961	153
9075.637695	167
9080.064453	160
9084.492188	144
9088.918945	137
9093.345703	142
9097.773438	150
9102.200195	147
9106.627930	152
9111.054688	143
9115.481445	146
9119.909180	146
9124.335938	142
9128.763672	156
9133.190430	168
9137.617188	146
9142.044922	145
9146.471680	138
9150.898438	153
9155.326172	136
9159.752930	142
9164.180664	151
9168.607422	162
9173.034180	155
9177.461914	140
9181.888672	154
9186.316406	149
9190.743164	156
9195.169922	163
9199.597656	156
9204.024414	141
9208.452148	146
9212.878906	153
9217.305664	153
9221.733398	153
9226.160156	153
9230.587891	143
9235.014648	144
9239.441406	147
9243.869141	154
9248.295898	149
9252.722656	137
9257.150391	138
9261.577148	147
9266.004883	136
9270.431641	137
9274.858398	130
9279.286133	136
9283.712891	126
9288.140625	134
9292.567383	135
9296.994141	147
9301.421875	134
9305.848633	131
9310.276367	143
9314.703125	135
9319.129883	137
9323.557617	150
9327.984375	155
9332.412109	144
9336.838867	142
9341.265625	140
9345.693359	128
9350.120117	133
9354.546875	138
9358.974609	136
9363.401367	139
9367.829102	153
9372.255859	139
9376.682617	142
9381.110352	135
9385.537109	134
9389.964844	125
9394.391602	120
9398.818359	131
9403.246094	145
9407.672852	138
9412.100586	131
9416.527344	135
9420.954102	147
9425.381836	145
9429.808594	145
9434.236328	150
9438.663086	155
9443.089844	155
9447.517578	157
9451.944336	160
9456.372070	159
9460.798828	150
9465.225586	144
9469.653320	144
9474.080078	136
9478.506836	140
9482.934570	133
9487.361328	130
9491.789063	133
9496.215820	138
9500.642578	147
9505.070313	153
9509.497070	151
9513.924805	145
9518.351563	144
9522.778320	153
9527.206055	150
9531.632813	148
9536.060547	143
9540.487305	138
9544.914063	141
9549.341797	164
9553.768555	169
9558.196289	162
9562.623047	143
9567.049805	139
9571.477539	141
9575.904297	151
9580.331055	177
9584.758789	181
9589.185547	154
9593.613281	137
9598.040039	161
9602.466797	169
9606.894531	162
9611.321289	151
9615.749023	160
9620.175781	152
9624.602539	153
9629.030273	163
9633.457031	177
9637.884766	167
9642.311523	166
9646.738281	163
9651.166016	159
9655.592773	158
9660.020508	160
9664.447266	156
9668.874023	168
9673.301758	175
9677.728516	176
9682.155273	144
9686.583008	148
9691.009766	160
9695.437500	164
9699.864258	176
9704.291016	176
9708.718750	166
9713.145508	178
9717.573242	188
9722.000000	185
9726.426758	170
9730.854492	149
9735.281250	160
9739.708984	161
9744.135742	170
9748.562500	177
9752.990234	173
9757.416992	164
9761.844727	175
9766.271484	167
9770.698242	153
9775.125977	154
9779.552734	160
9783.979492	170
9788.407227	170
9792.833984	168
9797.261719	168
9801.688477	172
9806.115234	171
9810.542969	167
9814.969727	175
9819.397461	183
9823.824219	178
9828.250977	170
9832.678711	167
9837.105469	183
9841.533203	189
9845.959961	180
9850.386719	184
9854.814453	170
9859.241211	178
9863.668945	170
9868.095703	157
9872.522461	164
9876.950195	158
9881.376953	152
9885.803711	166
9890.231445	175
9894.658203	173
9899.085938	166
9903.512695	160
9907.939453	165
9912.367188	177
9916.793945	182
9921.221680	173
9925.648438	164
9930.075195	172
9934.502930	175
9938.929688	166
9943.357422	173
9947.784180	178
9952.210938	191
9956.638672	178
9961.065430	167
9965.493164	165
9969.919922	168
9974.346680	172
9978.774414	169
9983.201172	163
9987.627930	161
9992.055664	164
9996.482422	164
10000.910156	168
10005.336914	163
10009.763672	159
10014.191406	153
10018.618164	152
10023.045898	157
10027.472656	166
10031.899414	179
10036.327148	158
10040.753906	151
10045.181641	156
10049.608398	142
10054.035156	150
10058.462891	151
10062.889648	159
10067.317383	164
10071.744141	170
10076.170898	173
10080.598633	162
10085.025391	157
10089.453125	146
10093.879883	160
10098.306641	168
10102.734375	168
10107.161133	151
10111.587891	158
10116.015625	163
10120.442383	171
10124.870117	169
10129.296875	160
10133.723633	167
10138.151367	175
10142.578125	168
10147.005859	150
10151.432617	154
10155.859375	165
10160.287109	174
10164.713867	156
10169.141602	150
10173.568359	162
10177.995117	160
10182.422852	160
10186.849609	165
10191.277344	160
10195.704102	151
10200.130859	159
10204.558594	159
10208.985352	159
10213.412109	155
10217.839844	158
10222.266602	149
10226.694336	157
10231.121094	168
10235.547852	161
10239.975586	162
10244.402344	157
10248.830078	154
10253.256836	157
10257.683594	141
10262.111328	143
10266.538086	150
10270.965820	145
10275.392578	134
10279.819336	154
10284.247070	148
10288.673828	145
10293.101563	142
10297.528320	140
10301.955078	135
10306.382813	146
10310.809570	144
10315.236328	139
10319.664063	146
10324.090820	143
10328.518555	128
10332.945313	103
10337.372070	114
10341.799805	126
10346.226563	131
10350.654297	132
10355.081055	134
10359.507813	137
10363.935547	131
10368.362305	129
10372.790039	130
10377.216797	127
10381.643555	121
10386.071289	114
10390.498047	114
10394.925781	106
10399.352539	98
10403.779297	95
10408.207031	85
10412.633789	84
10417.060547	83
10421.488281	80
10425.915039	78
10430.342773	70
10434.769531	67
10439.196289	48
10443.624023	48
10448.050781	54
10452.478516	38
10456.905273	34
10461.332031	37
10465.759766	36
10470.186523	31
10474.614258	35
10479.041016	34
10483.467773	28
10487.895508	24
10492.322266	24
10496.750000	22
10501.176758	21
10505.603516	23
10510.031250	23
10514.458008	18
10518.884766	12
10523.312500	21
10527.739258	20
10532.166992	14
10536.593750	20
10541.020508	26
10545.448242	17
10549.875000	15
10554.302734	15
10558.729492	13
10563.156250	13
10567.583984	10
10572.010742	11
10576.438477	8
10580.865234	5
10585.291992	7
10589.719727	4
10594.146484	4
10598.574219	3
10603.000977	2
10607.427734	1
10611.855469	0
10616.282227	0
10620.708984	0
10625.136719	0
10629.563477	0
10633.991211	0
10638.417969	0
10642.844727	0
10647.272461	0
10651.699219	0
10656.126953	0
10660.553711	0
10664.980469	0
10669.408203	0
10673.834961	0
10678.262695	0
10682.689453	0
10687.116211	0
10691.543945	0
10695.970703	0
10700.398438	0
10704.825195	0
10709.251953	0
10713.679688	0
10718.106445	0
10722.534180	0
10726.960938	0
10731.387695	0
10735.815430	0
10740.242188	0
10744.668945	0
10749.096680	0
10753.523438	0
10757.951172	0
10762.377930	0
10766.804688	0
10771.232422	0
10775.659180	0
10780.086914	0
10784.513672	0
10788.940430	0
10793.368164	0
10797.794922	0
10802.222656	0
10806.649414	0
10811.076172	0
10815.503906	0
10819.930664	0
10824.358398	0
10828.785156	0
10833.211914	0
10837.639648	0
10842.066406	0
10846.493164	0
10850.920898	0
10855.347656	0
10859.775391	0
10864.202148	0
10868.628906	0
10873.056641	0
10877.483398	0
10881.911133	0
10886.337891	0
10890.764648	0
10895.192383	0
10899.619141	0
10904.046875	0
10908.473633	0
10912.900391	0
10917.328125	0
10921.754883	0
10926.182617	0
10930.609375	0
10935.036133	0
10939.463867	0
10943.890625	0
10948.317383	0
10952.745117	0
10957.171875	0
10961.599609	0
10966.026367	0
10970.453125	0
10974.880859	0
10979.307617	0
10983.735352	0
10988.162109	0
10992.588867	0
10997.016602	0
11001.443359	0
11005.871094	0
11010.297852	0
11014.724609	0
11019.152344	0
11023.579102	0
11028.006836	0
11032.433594	0
11036.860352	0
11041.288086	0
11045.714844	0
11050.141602	0
11054.569336	0
11058.996094	0
11063.423828	0
11067.850586	0
11072.277344	0
11076.705078	0
11081.131836	0
11085.559570	0
11089.986328	0
11094.413086	0
11098.840820	0
11103.267578	0
11107.695313	0
11112.122070	0
11116.548828	0
11120.976563	0
11125.403320	0
11129.831055	0
11134.257813	0
11138.684570	0
11143.112305	0
11147.539063	0
11151.965820	0
11156.393555	0
11160.820313	0
11165.248047	0
11169.674805	0
11174.101563	0
11178.529297	0
11182.956055	0
11187.383789	0
11191.810547	0
11196.237305	0
11200.665039	0
11205.091797	0
11209.519531	0
11213.946289	0
11218.373047	0
11222.800781	0
11227.227539	0
11231.655273	0
11236.082031	0
11240.508789	0
11244.936523	0
11249.363281	0
11253.791016	0
11258.217773	0
11262.644531	0
11267.072266	0
11271.499023	0
11275.925781	0
11280.353516	0
11284.780273	0
11289.208008	0
11293.634766	0
11298.061523	0
11302.489258	0
11306.916016	0
11311.343750	0
11315.770508	0
11320.197266	0
11324.625000	0
11329.051758	0
11333.479492	0
11337.906250	0
11342.333008	0
11346.760742	0
11351.187500	0
11355.615234	0
11360.041992	0
11364.468750	0
11368.896484	0
11373.323242	0
11377.750000	0
11382.177734	0
11386.604492	0
11391.032227	0
11395.458984	0
11399.885742	0
11404.313477	0
11408.740234	0
11413.167969	0
11417.594727	0
11422.021484	0
11426.449219	0
11430.875977	0
11435.303711	0
11439.730469	0
11444.157227	0
11448.584961	0
11453.011719	0
11457.439453	0
11461.866211	0
11466.292969	0
11470.720703	0
11475.147461	0
11479.574219	0
11484.001953	0
11488.428711	0
11492.856445	0
11497.283203	0
11501.709961	0
11506.137695	0
11510.564453	0
11514.992188	0
11519.418945	0
11523.845703	0
11528.273438	0
11532.700195	0
11537.127930	0
11541.554688	0
11545.981445	0
11550.409180	0
11554.835938	0
11559.263672	0
11563.690430	0
11568.117188	0
11572.544922	0
11576.971680	0
11581.398438	0
11585.826172	0
11590.252930	0
11594.680664	0
11599.107422	0
11603.534180	0
11607.961914	0
11612.388672	0
11616.816406	0
11621.243164	0
11625.669922	0
11630.097656	0
11634.524414	0
11638.952148	0
11643.378906	0
11647.805664	0
11652.233398	0
11656.660156	0
11661.087891	0
11665.514648	0
11669.941406	0
11674.369141	0
11678.795898	0
11683.222656	0
11687.650391	0
11692.077148	0
11696.504883	0
11700.931641	0
11705.358398	0
11709.786133	0
11714.212891	0
11718.640625	0
11723.067383	0
11727.494141	0
11731.921875	0
11736.348633	0
11740.776367	0
11745.203125	0
11749.629883	0
11754.057617	0
11758.484375	0
11762.912109	0
11767.338867	0
11771.765625	0
11776.193359	0
11780.620117	0
11785.046875	0
11789.474609	0
11793.901367	0
11798.329102	0
11802.755859	0
11807.182617	0
11811.610352	0
11816.037109	0
11820.464844	0
11824.891602	0
11829.318359	0
11833.746094	0
11838.172852	0
11842.600586	0
11847.027344	0
11851.454102	0
11855.881836	0
11860.308594	0
11864.736328	0
11869.163086	0
11873.589844	0
11878.017578	0
11882.444336	0
11886.872070	0
11891.298828	0
11895.725586	0
11900.153320	0
11904.580078	0
11909.006836	0
11913.434570	0
11917.861328	0
11922.289063	0
11926.715820	0
11931.142578	0
11935.570313	0
11939.997070	0
11944.424805	0
11948.851563	0
11953.278320	0
11957.706055	0
11962.132813	0
11966.560547	0
11970.987305	0
11975.414063	0
11979.841797	0
11984.268555	0
11988.696289	0
11993.123047	0
11997.549805	0
12001.977539	0
12006.404297	0
12010.831055	0
12015.258789	0
12019.685547	0
12024.113281	0
12028.540039	0
12032.966797	0
12037.394531	0
12041.821289	0
12046.249023	0
12050.675781	0
12055.102539	0
12059.530273	0
12063.957031	0
12068.384766	0
12072.811523	0
12077.238281	0
12081.666016	0
12086.092773	0
12090.520508	0
12094.947266	0
12099.374023	0
12103.801758	0
12108.228516	0
12112.655273	0
12117.083008	0
12121.509766	0
12125.937500	0
12130.364258	0
12134.791016	0
12139.218750	0
12143.645508	0
12148.073242	0
12152.500000	0
12156.926758	0
12161.354492	0
12165.781250	0
12170.208984	0
12174.635742	0
12179.062500	0
12183.490234	0
12187.916992	0
12192.344727	0
12196.771484	0
12201.198242	0
12205.625977	0
12210.052734	0
12214.479492	0
12218.907227	0
12223.333984	0
12227.761719	0
12232.188477	0
12236.615234	0
12241.042969	0
12245.469727	0
12249.897461	0
12254.324219	0
12258.750977	0
12263.178711	0
12267.605469	0
12272.033203	0
12276.459961	0
12280.886719	0
12285.314453	0
12289.741211	0
12294.168945	0
12298.595703	0
12303.022461	0
12307.450195	0
12311.876953	0
12316.303711	0
12320.731445	0
12325.158203	0
12329.585938	0
12334.012695	0
12338.439453	0
12342.867188	0
12347.293945	0
12351.721680	0
12356.148438	0
12360.575195	0
12365.002930	0
12369.429688	0
12373.857422	0
12378.284180	0
12382.710938	0
12387.138672	0
12391.565430	0
12395.993164	0
12400.419922	0
12404.846680	0
12409.274414	0
12413.701172	0
12418.127930	0
12422.555664	0
12426.982422	0
12431.410156	0
12435.836914	0
12440.263672	0
12444.691406	0
12449.118164	0
12453.545898	0
12457.972656	0
12462.399414	0
12466.827148	0
12471.253906	0
12475.681641	0
12480.108398	0
12484.535156	0
12488.962891	0
12493.389648	0
12497.817383	0
12502.244141	0
12506.670898	0
12511.098633	0
12515.525391	0
12519.953125	0
12524.379883	0
12528.806641	0
12533.234375	0
12537.661133	0
12542.087891	0
12546.515625	0
12550.942383	0
12555.370117	0
12559.796875	0
12564.223633	0
12568.651367	0
12573.078125	0
12577.505859	0
12581.932617	0
12586.359375	0
12590.787109	0
12595.213867	0
12599.641602	0
12604.068359	0
12608.495117	0
12612.922852	0
12617.349609	0
12621.777344	0
12626.204102	0
12630.630859	0
12635.058594	0
12639.485352	0
12643.912109	0
12648.339844	0
12652.766602	0
12657.194336	0
12661.621094	0
12666.047852	0
12670.475586	0
12674.902344	0
12679.330078	0
12683.756836	0
12688.183594	0
12692.611328	0
12697.038086	0
12701.465820	0
12705.892578	0
12710.319336	0
12714.747070	0
12719.173828	0
12723.601563	0
12728.028320	0
12732.455078	0
12736.882813	0
12741.309570	0
12745.736328	0
12750.164063	0
12754.590820	0
12759.018555	0
12763.445313	0
12767.872070	0
12772.299805	0
12776.726563	0
12781.154297	0
12785.581055	0
12790.007813	0
12794.435547	0
12798.862305	0
12803.290039	0
12807.716797	0
12812.143555	0
12816.571289	0
12820.998047	0
12825.425781	0
12829.852539	0
12834.279297	0
12838.707031	0
12843.133789	0
12847.560547	0
12851.988281	0
12856.415039	0
12860.842773	0
12865.269531	0
12869.696289	0
12874.124023	0
12878.550781	0
12882.978516	0
12887.405273	0
12891.832031	0
12896.259766	0
12900.686523	0
12905.114258	0
12909.541016	0
12913.967773	0
12918.395508	0
12922.822266	0
12927.250000	0
12931.676758	0
12936.103516	0
12940.531250	0
12944.958008	0
12949.384766	0
12953.812500	0
12958.239258	0
12962.666992	0
12967.093750	0
12971.520508	0
12975.948242	0
12980.375000	0
12984.802734	0
12989.229492	0
12993.656250	0
12998.083984	0
13002.510742	0
13006.938477	0
13011.365234	0
13015.791992	0
13020.219727	0
13024.646484	0
13029.074219	0
13033.500977	0
13037.927734	0
13042.355469	0
13046.782227	0
13051.208984	0
13055.636719	0
13060.063477	0
13064.491211	0
13068.917969	0
13073.344727	0
13077.772461	0
13082.199219	0
13086.626953	0
13091.053711	0
13095.480469	0
13099.908203	0
13104.334961	0
13108.762695	0
13113.189453	0
13117.616211	0
13122.043945	0
13126.470703	0
13130.898438	0
13135.325195	0
13139.751953	0
13144.179688	0
13148.606445	0
13153.034180	0
13157.460938	0
13161.887695	0
13166.315430	0
13170.742188	0
13175.168945	0
13179.596680	0
13184.023438	0
