-3317.451416	0
-3313.004395	0
-3308.557373	0
-3304.110352	0
-3299.663330	0
-3295.216553	0
-3290.769531	0
-3286.322510	0
-3281.875488	0
-3277.428467	0
-3272.981445	0
-3268.534424	0
-3264.087646	0
-3259.640625	0
-3255.193604	0
-3250.746582	0
-3246.299561	0
-3241.852539	0
-3237.405518	0
-3232.958740	0
-3228.511719	0
-3224.064697	0
-3219.617676	0
-3215.170654	0
-3210.723633	0
-3206.276611	0
-3201.829834	0
-3197.382813	0
-3192.935791	0
-3188.488770	0
-3184.041748	0
-3179.594727	0
-3175.147705	0
-3170.700928	0
-3166.253906	0
-3161.806885	0
-3157.359863	0
-3152.912842	0
-3148.465820	0
-3144.018799	0
-3139.572021	0
-3135.125000	0
-3130.677979	0
-3126.230957	0
-3121.783936	0
-3117.336914	0
-3112.890137	0
-3108.443115	0
-3103.996094	0
-3099.549072	0
-3095.102051	0
-3090.655029	0
-3086.208008	0
-3081.761230	0
-3077.314209	0
-3072.867188	0
-3068.420166	0
-3063.973145	0
-3059.526123	0
-3055.079102	0
-3050.632324	0
-3046.185303	0
-3041.738281	0
-3037.291260	0
-3032.844238	0
-3028.397217	0
-3023.950195	0
-3019.503418	0
-3015.056396	0
-3010.609375	0
-3006.162354	0
-3001.715332	0
-2997.268311	0
-2992.821289	0
-2988.374512	0
-2983.927490	0
-2979.480469	0
-2975.033447	0
-2970.586426	0
-2966.139404	0
-2961.692383	0
-2957.245605	0
-2952.798584	0
-2948.351563	0
-2943.904541	0
-2939.457520	0
-2935.010498	0
-2930.563721	0
-2926.116699	0
-2921.669678	0
-2917.222656	0
-2912.775635	0
-2908.328613	0
-2903.881592	0
-2899.434814	0
-2894.987793	0
-2890.540771	0
-2886.093750	0
-2881.646729	0
-2877.199707	0
-2872.752686	0
-2868.305908	0
-2863.858887	0
-2859.411865	0
-2854.964844	0
-2850.517822	0
-2846.070801	0
-2841.623779	0
-2837.177002	0
-2832.729980	0
-2828.282959	0
-2823.835938	0
-2819.388916	0
-2814.941895	0
-2810.494873	0
-2806.048096	0
-2801.601074	0
-2797.154053	0
-2792.707031	0
-2788.260010	0
-2783.812988	0
-2779.365967	0
-2774.919189	0
-2770.472168	0
-2766.025146	0
-2761.578125	0
-2757.131104	0
-2752.684082	0
-2748.237305	0
-2743.790283	0
-2739.343262	0
-2734.896240	0
-2730.449219	0
-2726.002197	0
-2721.555176	0
-2717.108398	0
-2712.661377	0
-2708.214355	0
-2703.767334	0
-2699.320313	0
-2694.873291	0
-2690.426270	0
-2685.979492	0
-2681.532471	0
-2677.085449	0
-2672.638428	0
-2668.191406	0
-2663.744385	0
-2659.297363	0
-2654.850586	0
-2650.403564	0
-2645.956543	0
-2641.509521	0
-2637.062500	0
-2632.615479	0
-2628.168457	0
-2623.721680	0
-2619.274658	0
-2614.827637	0
-2610.380615	0
-2605.933594	0
-2601.486572	0
-2597.039551	0
-2592.592773	0
-2588.145752	0
-2583.698730	0
-2579.251709	0
-2574.804688	0
-2570.357666	0
-2565.910889	0
-2561.463867	0
-2557.016846	0
-2552.569824	0
-2548.122803	0
-2543.675781	0
-2539.228760	0
-2534.781982	0
-2530.334961	0
-2525.887939	0
-2521.440918	0
-2516.993896	0
-2512.546875	0
-2508.099854	0
-2503.653076	0
-2499.206055	0
-2494.759033	0
-2490.312012	0
-2485.864990	0
-2481.417969	0
-2476.970947	0
-2472.524170	0
-2468.077148	0
-2463.630127	0
-2459.183105	0
-2454.736084	0
-2450.289063	0
-2445.842041	0
-2441.395264	1
-2436.948242	0
-2432.501221	3
-2428.054199	4
-2423.607178	4
-2419.160156	5
-2414.713135	12
-2410.266357	9
-2405.819336	7
-2401.372314	8
-2396.925293	12
-2392.478271	11
-2388.031250	11
-2383.584473	9
-2379.137451	13
-2374.690430	14
-2370.243408	14
-2365.796387	19
-2361.349365	16
-2356.902344	16
-2352.455566	16
-2348.008545	14
-2343.561523	19
-2339.114502	19
-2334.667480	18
-2330.220459	22
-2325.773438	22
-2321.326660	26
-2316.879639	28
-2312.432617	26
-2307.985596	29
-2303.538574	32
-2299.091553	36
-2294.644531	35
-2290.197754	36
-2285.750732	39
-2281.303711	36
-2276.856689	38
-2272.409668	41
-2267.962646	40
-2263.515625	40
-2259.068848	42
-2254.621826	39
-2250.174805	40
-2245.727783	44
-2241.280762	34
-2236.833740	34
-2232.386719	41
-2227.939941	46
-2223.492920	54
-2219.045898	50
-2214.598877	53
-2210.151855	56
-2205.704834	50
-2201.258057	54
-2196.811035	51
-2192.364014	47
-2187.916992	51
-2183.469971	49
-2179.022949	53
-2174.575928	56
-2170.129150	50
-2165.682129	50
-2161.235107	54
-2156.788086	52
-2152.341064	48
-2147.894043	58
-2143.447021	45
-2139.000244	60
-2134.553223	62
-2130.106201	61
-2125.659180	66
-2121.212158	76
-2116.765137	66
-2112.318115	68
-2107.871338	66
-2103.424316	65
-2098.977295	71
-2094.530273	78
-2090.083252	73
-2085.636230	76
-2081.189209	77
-2076.742432	81
-2072.295410	88
-2067.848389	83
-2063.401367	85
-2058.954346	82
-2054.507324	80
-2050.060303	83
-2045.613403	70
-2041.166504	80
-2036.719482	84
-2032.272461	74
-2027.825439	78
-2023.378540	84
-2018.931519	86
-2014.484497	92
-2010.037598	92
-2005.590576	93
-2001.143555	98
-1996.696655	101
-1992.249634	102
-1987.802612	94
-1983.355591	99
-1978.908691	89
-1974.461670	83
-1970.014648	101
-1965.567749	107
-1961.120728	103
-1956.673706	109
-1952.226685	106
-1947.779785	93
-1943.332764	101
-1938.885742	107
-1934.438843	113
-1929.991821	112
-1925.544800	111
-1921.097778	111
-1916.650879	106
-1912.203857	102
-1907.756836	98
-1903.309937	103
-1898.862915	102
-1894.415894	110
-1889.968994	98
-1885.521973	101
-1881.074951	110
-1876.627930	126
-1872.181030	131
-1867.734009	134
-1863.286987	136
-1858.840088	127
-1854.393066	103
-1849.946045	117
-1845.499023	127
-1841.052124	131
-1836.605103	120
-1832.158081	123
-1827.711182	122
-1823.264160	134
-1818.817139	133
-1814.370239	142
-1809.923218	143
-1805.476196	133
-1801.029175	125
-1796.582275	115
-1792.135254	133
-1787.688232	139
-1783.241333	152
-1778.794312	151
-1774.347290	138
-1769.900269	128
-1765.453369	137
-1761.006348	145
-1756.559326	139
-1752.112427	141
-1747.665405	155
-1743.218384	154
-1738.771362	158
-1734.324463	147
-1729.877441	147
-1725.430420	151
-1720.983521	150
-1716.536499	141
-1712.089478	145
-1707.642578	144
-1703.195557	144
-1698.748535	148
-1694.301514	135
-1689.854614	147
-1685.407593	147
-1680.960571	152
-1676.513672	156
-1672.066650	166
-1667.619629	148
-1663.172607	152
-1658.725708	170
-1654.278687	160
-1649.831665	165
-1645.384766	159
-1640.937744	135
-1636.490723	156
-1632.043823	169
-1627.596802	166
-1623.149780	162
-1618.702759	156
-1614.255859	158
-1609.808838	159
-1605.361816	149
-1600.914917	157
-1596.467896	177
-1592.020874	166
-1587.573853	162
-1583.126953	156
-1578.679932	157
-1574.232910	160
-1569.786011	167
-1565.338989	165
-1560.891968	170
-1556.445068	168
-1551.998047	157
-1547.551025	158
-1543.104004	175
-1538.657104	160
-1534.210083	157
-1529.763062	148
-1525.316162	150
-1520.869141	140
-1516.422119	137
-1511.975098	155
-1507.528198	170
-1503.081177	159
-1498.634155	154
-1494.187256	141
-1489.740234	163
-1485.293213	170
-1480.846191	159
-1476.399292	154
-1471.952271	163
-1467.505249	152
-1463.058350	157
-1458.611328	161
-1454.164307	151
-1449.717407	158
-1445.270386	153
-1440.823364	154
-1436.376343	160
-1431.929443	159
-1427.482422	151
-1423.035400	165
-1418.588501	161
-1414.141479	169
-1409.694458	166
-1405.247437	144
-1400.800537	165
-1396.353516	162
-1391.906494	146
-1387.459595	145
-1383.012573	157
-1378.565552	167
-1374.118652	160
-1369.671631	163
-1365.224609	181
-1360.777588	165
-1356.330688	157
-1351.883667	162
-1347.436646	169
-1342.989746	162
-1338.542725	162
-1334.095703	151
-1329.648682	149
-1325.201782	149
-1320.754761	147
-1316.307739	154
-1311.860840	155
-1307.413818	162
-1302.966797	169
-1298.519775	168
-1294.072876	161
-1289.625854	156
-1285.178833	156
-1280.731934	162
-1276.284912	150
-1271.837891	163
-1267.390991	162
-1262.943970	151
-1258.496948	154
-1254.049927	153
-1249.603027	155
-1245.156006	159
-1240.708984	154
-1236.262085	152
-1231.815063	155
-1227.368042	157
-1222.921021	155
-1218.474121	159
-1214.027100	158
-1209.580078	154
-1205.133179	162
-1200.686157	172
-1196.239136	168
-1191.792236	170
-1187.345215	164
-1182.898193	160
-1178.451172	173
-1174.004272	157
-1169.557251	155
-1165.110229	153
-1160.663330	164
-1156.216309	159
-1151.769287	148
-1147.322266	162
-1142.875366	164
-1138.428345	160
-1133.981323	159
-1129.534424	169
-1125.087402	169
-1120.640381	165
-1116.193359	167
-1111.746460	167
-1107.299438	163
-1102.852417	167
-1098.405518	173
-1093.958496	172
-1089.511475	156
-1085.064575	168
-1080.617554	170
-1076.170532	166
-1071.723511	172
-1067.276611	165
-1062.829590	152
-1058.382568	158
-1053.935669	164
-1049.488647	157
-1045.041626	148
-1040.594604	154
-1036.147705	145
-1031.700684	147
-1027.253662	155
-1022.806702	159
-1018.359741	175
-1013.912720	154
-1009.465759	162
-1005.018799	151
-1000.571777	152
-996.124817	164
-991.677795	159
-987.230835	156
-982.783875	158
-978.336853	164
-973.889893	166
-969.442871	173
-964.995911	173
-960.548889	154
-956.101929	153
-951.654968	162
-947.207947	174
-942.760986	158
-938.313965	149
-933.867004	166
-929.420044	170
-924.973022	162
-920.526062	159
-916.079041	163
-911.632080	167
-907.185120	158
-902.738098	152
-898.291138	172
-893.844116	179
-889.397156	171
-884.950134	153
-880.503174	147
-876.056213	156
-871.609192	156
-867.162231	170
-862.715210	163
-858.268250	159
-853.821289	156
-849.374268	158
-844.927307	156
-840.480286	147
-836.033325	153
-831.586304	165
-827.139343	166
-822.692383	167
-818.245361	177
-813.798401	169
-809.351379	168
-804.904419	169
-800.457458	164
-796.010437	161
-791.563477	170
-787.116455	167
-782.669495	167
-778.222534	159
-773.775513	163
-769.328552	163
-764.881531	163
-760.434570	152
-755.987549	162
-751.540588	166
-747.093628	159
-742.646606	157
-738.199646	158
-733.752625	168
-729.305664	159
-724.858704	171
-720.411682	167
-715.964722	172
-711.517700	174
-707.070740	151
-702.623718	143
-698.176758	158
-693.729797	172
-689.282776	174
-684.835815	171
-680.388794	159
-675.941833	148
-671.494873	154
-667.047852	172
-662.600891	176
-658.153870	164
-653.706909	169
-649.259888	179
-644.812927	157
-640.365967	157
-635.918945	156
-631.471985	158
-627.024963	146
-622.578003	152
-618.131042	163
-613.684021	175
-609.237061	164
-604.790039	178
-600.343079	185
-595.896118	167
-591.449097	169
-587.002136	175
-582.555115	174
-578.108154	168
-573.661133	183
-569.214172	171
-564.767212	159
-560.320190	161
-555.873230	179
-551.426208	173
-546.979248	168
-542.532288	170
-538.085266	171
-533.638306	171
-529.191284	164
-524.744324	157
-520.297302	155
-515.850342	175
-511.403351	171
-506.956360	167
-502.509399	174
-498.062408	189
-493.615417	176
-489.168427	181
-484.721436	184
-480.274445	180
-475.827484	177
-471.380493	164
-466.933502	160
-462.486511	158
-458.039520	172
-453.592560	182
-449.145569	177
-444.698578	166
-440.251587	161
-435.804596	182
-431.357605	188
-426.910645	185
-422.463654	179
-418.016663	178
-413.569672	182
-409.122681	188
-404.675690	181
-400.228729	185
-395.781738	183
-391.334747	178
-386.887756	176
-382.440765	180
-377.993774	179
-373.546814	179
-369.099823	177
-364.652832	174
-360.205841	191
-355.758850	206
-351.311859	199
-346.864899	191
-342.417908	196
-337.970917	188
-333.523926	184
-329.076935	197
-324.629944	199
-320.182983	200
-315.735992	195
-311.289001	209
-306.842010	213
-302.395020	204
-297.948059	206
-293.501068	205
-289.054077	200
-284.607086	195
-280.160095	205
-275.713104	213
-271.266144	192
-266.819153	189
-262.372162	203
-257.925171	201
-253.478180	206
-249.031204	208
-244.584213	209
-240.137222	229
-235.690247	230
-231.243256	230
-226.796280	232
-222.349289	235
-217.902298	243
-213.455322	224
-209.008331	244
-204.561340	257
-200.114365	268
-195.667374	266
-191.220383	263
-186.773407	271
-182.326416	270
-177.879425	277
-173.432449	275
-168.985458	296
-164.538467	307
-160.091492	328
-155.644501	341
-151.197510	341
-146.750534	356
-142.303543	375
-137.856552	380
-133.409576	387
-128.962585	423
-124.515602	453
-120.068611	487
-115.621628	526
-111.174644	571
-106.727661	639
-102.280670	711
-97.833687	803
-93.386703	897
-88.939713	1016
-84.492729	1145
-80.045746	1312
-75.598755	1516
-71.151772	1840
-66.704788	2306
-62.257801	2857
-57.810814	3536
-53.363831	4066
-48.916843	4583
-44.469856	5180
-40.022873	5700
-35.575886	6149
-31.128901	6480
-26.681915	6635
-22.234928	6654
-17.787943	6708
-13.340958	6875
-8.893971	7137
-4.446986	7295
0.000000	7319
4.446986	7182
8.893971	6969
13.340958	6792
17.787943	6656
22.234928	6482
26.681915	6236
31.128901	5798
35.575886	4973
40.022873	3976
44.469856	3030
48.916843	2411
53.363831	1968
57.810814	1629
62.257801	1402
66.704788	1235
71.151772	1066
75.598755	958
80.045746	865
84.492729	767
88.939713	684
93.386703	607
97.833687	556
102.280670	535
106.727661	513
111.174644	459
115.621628	420
120.068611	400
124.515602	370
128.962585	361
133.409576	361
137.856552	331
142.303543	314
146.750534	333
151.197510	305
155.644501	296
160.091492	297
164.538467	295
168.985458	294
173.432449	295
177.879425	273
182.326416	275
186.773407	255
191.220383	252
195.667374	247
200.114365	240
204.561340	246
209.008331	249
213.455322	235
217.902298	238
222.349289	217
226.796280	219
231.243256	234
235.690247	221
240.137222	201
244.584213	210
249.031204	226
253.478180	220
257.925171	219
262.372162	225
266.819153	217
271.266144	203
275.713104	206
280.160095	208
284.607086	202
289.054077	191
293.501068	197
297.948059	204
302.395020	207
306.842010	203
311.289001	185
315.735992	183
320.182983	194
324.629944	193
329.076935	173
333.523926	182
337.970917	192
342.417908	199
346.864899	185
351.311859	187
355.758850	192
360.205841	193
364.652832	189
369.099823	193
373.546814	189
377.993774	198
382.440765	195
386.887756	186
391.334747	191
395.781738	201
400.228729	200
404.675690	195
409.122681	180
413.569672	192
418.016663	198
422.463654	187
426.910645	200
431.357605	191
435.804596	175
440.251587	184
444.698578	193
449.145569	192
453.592560	193
458.039520	181
462.486511	183
466.933502	166
471.380493	159
475.827484	174
480.274445	184
484.721436	182
489.168427	187
493.615417	203
498.062408	200
502.509399	206
506.956360	192
511.403351	182
515.850342	181
520.297302	173
524.744324	174
529.191284	184
533.638306	180
538.085266	168
542.532288	177
546.979248	174
551.426208	177
555.873230	160
560.320190	168
564.767212	171
569.214172	189
573.661133	198
578.108154	180
582.555115	166
587.002136	166
591.449097	177
595.896118	178
600.343079	177
604.790039	181
609.237061	187
613.684021	175
618.131042	163
622.578003	176
627.024963	177
631.471985	185
635.918945	185
640.365967	191
644.812927	191
649.259888	190
653.706909	187
658.153870	179
662.600891	181
667.047852	179
671.494873	161
675.941833	162
680.388794	166
684.835815	169
689.282776	181
693.729797	182
698.176758	177
702.623718	175
707.070740	180
711.517700	176
715.964722	180
720.411682	176
724.858704	185
729.305664	189
733.752625	180
738.199646	192
742.646606	180
747.093628	176
751.540588	174
755.987549	180
760.434570	178
764.881531	172
769.328552	191
773.775513	182
778.222534	177
782.669495	187
787.116455	190
791.563477	201
796.010437	195
800.457458	179
804.904419	194
809.351379	175
813.798401	171
818.245361	179
822.692383	163
827.139343	174
831.586304	182
836.033325	176
840.480286	181
844.927307	178
849.374268	169
853.821289	171
858.268250	166
862.715210	167
867.162231	160
871.609192	172
876.056213	176
880.503174	170
884.950134	171
889.397156	170
893.844116	168
898.291138	180
902.738098	167
907.185120	164
911.632080	171
916.079041	187
920.526062	187
924.973022	171
929.420044	169
933.867004	171
938.313965	165
942.760986	175
947.207947	187
951.654968	174
956.101929	168
960.548889	167
964.995911	179
969.442871	195
973.889893	193
978.336853	179
982.783875	170
987.230835	165
991.677795	160
996.124817	171
1000.571777	181
1005.018799	195
1009.465759	189
1013.912720	181
1018.359741	176
1022.806702	179
1027.253662	172
1031.700684	188
1036.147705	179
1040.594604	172
1045.041626	167
1049.488647	174
1053.935669	179
1058.382568	180
1062.829590	184
1067.276611	186
1071.723511	180
1076.170532	171
1080.617554	172
1085.064575	181
1089.511475	190
1093.958496	185
1098.405518	177
1102.852417	184
1107.299438	177
1111.746460	185
1116.193359	180
1120.640381	172
1125.087402	164
1129.534424	170
1133.981323	180
1138.428345	185
1142.875366	180
1147.322266	178
1151.769287	189
1156.216309	187
1160.663330	175
1165.110229	154
1169.557251	165
1174.004272	172
1178.451172	174
1182.898193	177
1187.345215	187
1191.792236	193
1196.239136	192
1200.686157	184
1205.133179	165
1209.580078	175
1214.027100	184
1218.474121	184
1222.921021	171
1227.368042	186
1231.815063	187
1236.262085	172
1240.708984	173
1245.156006	182
1249.603027	177
1254.049927	173
1258.496948	161
1262.943970	169
1267.390991	177
1271.837891	184
1276.284912	184
1280.731934	185
1285.178833	176
1289.625854	167
1294.072876	172
1298.519775	194
1302.966797	199
1307.413818	183
1311.860840	179
1316.307739	167
1320.754761	159
1325.201782	191
1329.648682	185
1334.095703	176
1338.542725	175
1342.989746	177
1347.436646	187
1351.883667	177
1356.330688	180
1360.777588	195
1365.224609	185
1369.671631	172
1374.118652	185
1378.565552	182
1383.012573	162
1387.459595	185
1391.906494	181
1396.353516	182
1400.800537	192
1405.247437	200
1409.694458	178
1414.141479	171
1418.588501	188
1423.035400	189
1427.482422	167
1431.929443	178
1436.376343	189
1440.823364	199
1445.270386	191
1449.717407	177
1454.164307	175
1458.611328	173
1463.058350	180
1467.505249	186
1471.952271	169
1476.399292	168
1480.846191	167
1485.293213	173
1489.740234	177
1494.187256	188
1498.634155	178
1503.081177	177
1507.528198	197
1511.975098	184
1516.422119	186
1520.869141	182
1525.316162	178
1529.763062	174
1534.210083	184
1538.657104	184
1543.104004	184
1547.551025	174
1551.998047	179
1556.445068	173
1560.891968	178
1565.338989	183
1569.786011	190
1574.232910	198
1578.679932	186
1583.126953	178
1587.573853	180
1592.020874	181
1596.467896	173
1600.914917	175
1605.361816	173
1609.808838	169
1614.255859	176
1618.702759	179
1623.149780	185
1627.596802	184
1632.043823	176
1636.490723	174
1640.937744	181
1645.384766	177
1649.831665	169
1654.278687	188
1658.725708	193
1663.172607	181
1667.619629	191
1672.066650	188
1676.513672	188
1680.960571	181
1685.407593	172
1689.854614	181
1694.301514	194
1698.748535	189
1703.195557	192
1707.642578	191
1712.089478	191
1716.536499	195
1720.983521	186
1725.430420	180
1729.877441	180
1734.324463	184
1738.771362	187
1743.218384	195
1747.665405	202
1752.112427	184
1756.559326	181
1761.006348	173
1765.453369	190
1769.900269	188
1774.347290	175
1778.794312	178
1783.241333	181
1787.688232	192
1792.135254	173
1796.582275	178
1801.029175	187
1805.476196	211
1809.923218	203
1814.370239	195
1818.817139	190
1823.264160	179
1827.711182	168
1832.158081	175
1836.605103	180
1841.052124	199
1845.499023	209
1849.946045	204
1854.393066	196
1858.840088	185
1863.286987	173
1867.734009	181
1872.181030	195
1876.627930	188
1881.074951	176
1885.521973	181
1889.968994	194
1894.415894	186
1898.862915	182
1903.309937	185
1907.756836	184
1912.203857	175
1916.650879	182
1921.097778	187
1925.544800	189
1929.991821	188
1934.438843	183
1938.885742	194
1943.332764	180
1947.779785	169
1952.226685	190
1956.673706	195
1961.120728	189
1965.567749	180
1970.014648	194
1974.461670	199
1978.908691	190
1983.355591	200
1987.802612	194
1992.249634	193
1996.696655	195
2001.143555	173
2005.590576	164
2010.037598	177
2014.484497	196
2018.931519	193
2023.378540	182
2027.825439	193
2032.272461	191
2036.719482	174
2041.166504	183
2045.613403	194
2050.060303	186
2054.507324	188
2058.954346	207
2063.401367	189
2067.848389	188
2072.295410	180
2076.742432	175
2081.189209	187
2085.636230	188
2090.083252	188
2094.530273	199
2098.977295	192
2103.424316	182
2107.871338	189
2112.318115	188
2116.765137	180
2121.212158	185
2125.659180	173
2130.106201	173
2134.553223	195
2139.000244	185
2143.447021	188
2147.894043	195
2152.341064	178
2156.788086	192
2161.235107	200
2165.682129	190
2170.129150	190
2174.575928	192
2179.022949	193
2183.469971	184
2187.916992	190
2192.364014	217
2196.811035	212
2201.258057	209
2205.704834	204
2210.151855	197
2214.598877	195
2219.045898	188
2223.492920	180
2227.939941	190
2232.386719	193
2236.833740	188
2241.280762	186
2245.727783	176
2250.174805	189
2254.621826	201
2259.068848	191
2263.515625	190
2267.962646	191
2272.409668	202
2276.856689	180
2281.303711	173
2285.750732	186
2290.197754	185
2294.644531	185
2299.091553	184
2303.538574	188
2307.985596	200
2312.432617	188
2316.879639	184
2321.326660	199
2325.773438	196
2330.220459	189
2334.667480	203
2339.114502	203
2343.561523	193
2348.008545	206
2352.455566	200
2356.902344	197
2361.349365	182
2365.796387	172
2370.243408	176
2374.690430	178
2379.137451	180
2383.584473	189
2388.031250	207
2392.478271	202
2396.925293	197
2401.372314	205
2405.819336	206
2410.266357	188
2414.713135	187
2419.160156	185
2423.607178	181
2428.054199	201
2432.501221	197
2436.948242	210
2441.395264	202
2445.842041	206
2450.289063	203
2454.736084	190
2459.183105	189
2463.630127	212
2468.077148	210
2472.524170	210
2476.970947	204
2481.417969	198
2485.864990	196
2490.312012	205
2494.759033	184
2499.206055	194
2503.653076	171
2508.099854	179
2512.546875	195
2516.993896	208
2521.440918	208
2525.887939	194
2530.334961	189
2534.781982	187
2539.228760	195
2543.675781	201
2548.122803	193
2552.569824	192
2557.016846	203
2561.463867	203
2565.910889	191
2570.357666	199
2574.804688	205
2579.251709	199
2583.698730	203
2588.145752	205
2592.592773	193
2597.039551	211
2601.486572	212
2605.933594	201
2610.380615	212
2614.827637	200
2619.274658	192
2623.721680	183
2628.168457	190
2632.615479	202
2637.062500	209
2641.509521	199
2645.956543	204
2650.403564	206
2654.850586	216
2659.297363	204
2663.744385	186
2668.191406	205
2672.638428	199
2677.085449	181
2681.532471	199
2685.979492	201
2690.426270	201
2694.873291	194
2699.320313	188
2703.767334	181
2708.214355	187
2712.661377	205
2717.108398	205
2721.555176	193
2726.002197	195
2730.449219	181
2734.896240	188
2739.343262	195
2743.790283	193
2748.237305	192
2752.684082	203
2757.131104	200
2761.578125	183
2766.025146	199
2770.472168	219
2774.919189	216
2779.365967	192
2783.812988	195
2788.260010	189
2792.707031	200
2797.154053	199
2801.601074	193
2806.048096	196
2810.494873	186
2814.941895	191
2819.388916	202
2823.835938	203
2828.282959	193
2832.729980	183
2837.177002	190
2841.623779	192
2846.070801	198
2850.517822	197
2854.964844	174
2859.411865	190
2863.858887	192
2868.305908	190
2872.752686	204
2877.199707	197
2881.646729	207
2886.093750	206
2890.540771	213
2894.987793	207
2899.434814	198
2903.881592	186
2908.328613	191
2912.775635	197
2917.222656	192
2921.669678	182
2926.116699	197
2930.563721	203
2935.010498	211
2939.457520	223
2943.904541	209
2948.351563	194
2952.798584	196
2957.245605	178
2961.692383	202
2966.139404	202
2970.586426	203
2975.033447	193
2979.480469	200
2983.927490	200
2988.374512	202
2992.821289	210
2997.268311	190
3001.715332	191
3006.162354	194
3010.609375	181
3015.056396	187
3019.503418	186
3023.950195	176
3028.397217	178
3032.844238	185
3037.291260	190
3041.738281	184
3046.185303	187
3050.632324	196
3055.079102	194
3059.526123	202
3063.973145	192
3068.420166	187
3072.867188	186
3077.314209	209
3081.761230	202
3086.208008	194
3090.655029	184
3095.102051	189
3099.549072	193
3103.996094	187
3108.443115	207
3112.890137	197
3117.336914	186
3121.783936	197
3126.230957	216
3130.677979	198
3135.125000	189
3139.572021	191
3144.018799	191
3148.465820	196
3152.912842	212
3157.359863	191
3161.806885	205
3166.253906	207
3170.700928	195
3175.147705	185
3179.594727	196
3184.041748	200
3188.488770	204
3192.935791	187
3197.382813	188
3201.829834	201
3206.276611	200
3210.723633	196
3215.170654	199
3219.617676	188
3224.064697	194
3228.511719	204
3232.958740	204
3237.405518	193
3241.852539	198
3246.299561	201
3250.746582	188
3255.193604	180
3259.640625	188
3264.087646	193
3268.534424	193
3272.981445	195
3277.428467	201
3281.875488	213
3286.322510	208
3290.769531	200
3295.216553	201
3299.663330	206
3304.110352	207
3308.557373	212
3313.004395	218
3317.451416	201
3321.898438	208
3326.345215	201
3330.792236	210
3335.239258	210
3339.686279	203
3344.133301	200
3348.580322	204
3353.027344	208
3357.474121	196
3361.921143	207
3366.368164	204
3370.815186	206
3375.262207	205
3379.709229	212
3384.156250	196
3388.603027	206
3393.050049	210
3397.497070	193
3401.944092	193
3406.391113	202
3410.838135	211
3415.285156	215
3419.731934	214
3424.178955	200
3428.625977	190
3433.072998	216
3437.520020	223
3441.967041	224
3446.414063	220
3450.860840	209
3455.307861	214
3459.754883	221
3464.201904	200
3468.648926	208
3473.095947	232
3477.542725	213
3481.989746	194
3486.436768	187
3490.883789	192
3495.330811	203
3499.777832	208
3504.224854	216
3508.671631	199
3513.118652	213
3517.565674	221
3522.012695	220
3526.459717	212
3530.906738	218
3535.353760	222
3539.800537	225
3544.247559	243
3548.694580	231
3553.141602	212
3557.588623	228
3562.035645	219
3566.482666	223
3570.929443	232
3575.376465	217
3579.823486	228
3584.270508	246
3588.717529	237
3593.164551	221
3597.611572	231
3602.058350	237
3606.505371	249
3610.952393	257
3615.399414	251
3619.846436	254
3624.293457	257
3628.740479	265
3633.187256	264
3637.634277	262
3642.081299	273
3646.528320	296
3650.975342	297
3655.422363	299
3659.869141	303
3664.316162	304
3668.763184	297
3673.210205	318
3677.657227	329
3682.104248	323
3686.551270	341
3690.998047	355
3695.445068	361
3699.892090	369
3704.339111	373
3708.786133	403
3713.233154	414
3717.680176	429
3722.126953	447
3726.573975	471
3731.020996	493
3735.468018	508
3739.915039	519
3744.362061	526
3748.809082	533
3753.255859	540
3757.702881	613
3762.149902	647
3766.596924	655
3771.043945	684
3775.490967	768
3779.937988	837
3784.384766	876
3788.831787	919
3793.278809	943
3797.725830	975
3802.172852	967
3806.619873	993
3811.066895	1003
3815.513672	1036
3819.960693	1143
3824.407715	1249
3828.854736	1344
3833.301758	1423
3837.748779	1460
3842.195557	1471
3846.642578	1534
3851.089600	1550
3855.536621	1527
3859.983643	1508
3864.430664	1526
3868.877686	1614
3873.324463	1743
3877.771484	1859
3882.218506	1937
3886.665527	2008
3891.112549	2106
3895.559570	2126
3900.006592	2135
3904.453369	2179
3908.900391	2194
3913.347412	2234
3917.794434	2258
3922.241455	2275
3926.688477	2272
3931.135498	2259
3935.582275	2227
3940.029297	2191
3944.476318	2183
3948.923340	2159
3953.370361	2207
3957.817383	2282
3962.264404	2299
3966.711182	2386
3971.158203	2473
3975.605225	2532
3980.052246	2595
3984.499268	2648
3988.946289	2638
3993.393311	2650
3997.840088	2707
4002.287109	2762
4006.734131	2770
4011.181152	2745
4015.628174	2745
4020.075195	2737
4024.521973	2735
4028.968994	2794
4033.416016	2819
4037.863037	2784
4042.310059	2774
4046.757080	2722
4051.204102	2674
4055.650879	2639
4060.097900	2615
4064.544922	2576
4068.991943	2504
4073.438965	2467
4077.885986	2405
4082.333008	2352
4086.779785	2352
4091.226807	2331
4095.673828	2348
4100.120605	2427
4104.567871	2501
4109.014648	2564
4113.461914	2615
4117.908691	2625
4122.355957	2620
4126.802734	2640
4131.249512	2685
4135.696777	2697
4140.143555	2728
4144.590820	2757
4149.037598	2737
4153.484863	2710
4157.931641	2715
4162.378418	2700
4166.825684	2681
4171.272461	2710
4175.719727	2720
4180.166504	2685
4184.613770	2715
4189.060547	2727
4193.507324	2702
4197.954590	2648
4202.401367	2619
4206.848633	2611
4211.295410	2596
4215.742676	2600
4220.189453	2586
4224.636230	2566
4229.083496	2527
4233.530273	2511
4237.977539	2541
4242.424316	2552
4246.871582	2503
4251.318359	2479
4255.765137	2489
4260.212402	2446
4264.659180	2455
4269.106445	2443
4273.553223	2435
4278.000488	2451
4282.447266	2425
4286.894043	2377
4291.341309	2376
4295.788086	2383
4300.235352	2343
4304.682129	2293
4309.129395	2222
4313.576172	2174
4318.022949	2121
4322.470215	2094
4326.916992	2084
4331.364258	2054
4335.811035	2055
4340.258301	2118
4344.705078	2155
4349.151855	2169
4353.599121	2217
4358.045898	2291
4362.493164	2343
4366.939941	2302
4371.387207	2309
4375.833984	2375
4380.280762	2391
4384.728027	2395
4389.174805	2406
4393.622070	2418
4398.068848	2489
4402.516113	2504
4406.962891	2500
4411.409668	2489
4415.856934	2465
4420.303711	2477
4424.750977	2487
4429.197754	2492
4433.645020	2458
4438.091797	2428
4442.538574	2446
4446.985840	2450
4451.432617	2440
4455.879883	2432
4460.326660	2428
4464.773438	2435
4469.220703	2445
4473.667480	2444
4478.114746	2414
4482.561523	2374
4487.008789	2383
4491.455566	2371
4495.902344	2352
4500.349609	2350
4504.796387	2349
4509.243652	2352
4513.690430	2345
4518.137695	2320
4522.584473	2314
4527.031250	2320
4531.478516	2309
4535.925293	2279
4540.372559	2269
4544.819336	2246
4549.266602	2254
4553.713379	2296
4558.160156	2325
4562.607422	2303
4567.054199	2308
4571.501465	2316
4575.948242	2315
4580.395508	2324
4584.842285	2320
4589.289063	2304
4593.736328	2346
4598.183105	2367
4602.630371	2376
4607.077148	2415
4611.524414	2450
4615.971191	2477
4620.417969	2453
4624.865234	2453
4629.312012	2473
4633.759277	2512
4638.206055	2538
4642.653320	2607
4647.100098	2689
4651.546875	2715
4655.994141	2734
4660.440918	2774
4664.888184	2786
4669.334961	2776
4673.782227	2823
4678.229004	2861
4682.675781	2894
4687.123047	2935
4691.569824	2967
4696.017090	2990
4700.463867	3042
4704.911133	3037
4709.357910	3038
4713.804688	3124
4718.251953	3144
4722.698730	3146
4727.145996	3169
4731.592773	3179
4736.040039	3210
4740.486816	3265
4744.933594	3270
4749.380859	3301
4753.827637	3286
4758.274902	3238
4762.721680	3259
4767.168945	3334
4771.615723	3377
4776.062500	3365
4780.509766	3396
4784.956543	3412
4789.403809	3407
4793.850586	3383
4798.297852	3402
4802.744629	3427
4807.191406	3423
4811.638672	3456
4816.085449	3479
4820.532715	3469
4824.979492	3462
4829.426270	3383
4833.873535	3342
4838.320313	3328
4842.767578	3272
4847.214355	3173
4851.661621	3100
4856.108398	3026
4860.555176	3026
4865.002441	3043
4869.449219	3042
4873.896484	3116
4878.343262	3233
4882.790527	3241
4887.237305	3255
4891.684082	3321
4896.131348	3345
4900.578125	3381
4905.025391	3430
4909.472168	3448
4913.919434	3419
4918.366211	3406
4922.812988	3394
4927.260254	3404
4931.707031	3426
4936.154297	3438
4940.601074	3408
4945.048340	3438
4949.495117	3447
4953.941895	3425
4958.389160	3429
4962.835938	3406
4967.283203	3417
4971.729980	3416
4976.177246	3405
4980.624023	3391
4985.070801	3386
4989.518066	3375
4993.964844	3394
4998.412109	3371
5002.858887	3401
5007.306152	3415
5011.752930	3356
5016.199707	3326
5020.646973	3336
5025.093750	3318
5029.541016	3328
5033.987793	3337
5038.435059	3298
5042.881836	3294
5047.328613	3309
5051.775879	3285
5056.222656	3290
5060.669922	3299
5065.116699	3318
5069.563965	3292
5074.010742	3279
5078.457520	3293
5082.904785	3281
5087.351563	3261
5091.798828	3228
5096.245605	3236
5100.692871	3250
5105.139648	3234
5109.586426	3217
5114.033691	3249
5118.480469	3268
5122.927734	3227
5127.374512	3194
5131.821777	3208
5136.268555	3190
5140.715332	3112
5145.162598	3123
5149.609375	3152
5154.056641	3121
5158.503418	3123
5162.950684	3115
5167.397461	3120
5171.844238	3079
5176.291504	3027
5180.738281	3015
5185.185547	3036
5189.632324	3047
5194.079102	2999
5198.526367	2973
5202.973145	3017
5207.420410	3028
5211.867188	3029
5216.314453	3025
5220.761230	3004
5225.208008	2962
5229.655273	2940
5234.102051	2962
5238.549316	2966
5242.996094	2971
5247.443359	2986
5251.890137	3004
5256.336914	2970
5260.784180	2948
5265.230957	2934
5269.678223	2882
5274.125000	2865
5278.572266	2884
5283.019043	2884
5287.465820	2897
5291.913086	2888
5296.359863	2843
5300.807129	2837
5305.253906	2880
5309.701172	2875
5314.147949	2859
5318.594727	2837
5323.041992	2815
5327.488770	2789
5331.936035	2800
5336.382813	2838
5340.830078	2827
5345.276855	2802
5349.723633	2779
5354.170898	2727
5358.617676	2740
5363.064941	2763
5367.511719	2747
5371.958984	2743
5376.405762	2739
5380.852539	2706
5385.299805	2670
5389.746582	2663
5394.193848	2701
5398.640625	2717
5403.087891	2696
5407.534668	2719
5411.981445	2739
5416.428711	2712
5420.875488	2647
5425.322754	2648
5429.769531	2602
5434.216797	2560
5438.663574	2626
5443.110352	2608
5447.557617	2542
5452.004395	2616
5456.451660	2596
5460.898438	2556
5465.345703	2576
5469.792480	2606
5474.239258	2566
5478.686523	2546
5483.133301	2536
5487.580566	2524
5492.027344	2504
5496.474609	2546
5500.921387	2536
5505.368164	2487
5509.815430	2513
5514.262207	2553
5518.709473	2523
5523.156250	2458
5527.603027	2435
5532.050293	2468
5536.497070	2480
5540.944336	2466
5545.391113	2476
5549.838379	2483
5554.285156	2447
5558.731934	2432
5563.179199	2420
5567.625977	2425
5572.073242	2430
5576.520020	2409
5580.967285	2362
5585.414063	2383
5589.860840	2389
5594.308105	2358
5598.754883	2370
5603.202148	2389
5607.648926	2371
5612.096191	2340
5616.542969	2315
5620.989746	2294
5625.437012	2305
5629.883789	2288
5634.331055	2273
5638.777832	2287
5643.225098	2315
5647.671875	2336
5652.118652	2326
5656.565918	2286
5661.012695	2301
5665.459961	2271
5669.906738	2226
5674.354004	2209
5678.800781	2216
5683.247559	2225
5687.694824	2209
5692.141602	2229
5696.588867	2236
5701.035645	2193
5705.482910	2217
5709.929688	2230
5714.376465	2206
5718.823730	2194
5723.270508	2172
5727.717773	2161
5732.164551	2170
5736.611816	2214
5741.058594	2223
5745.505371	2195
5749.952637	2199
5754.399414	2184
5758.846680	2161
5763.293457	2161
5767.740723	2172
5772.187500	2163
5776.634277	2136
5781.081543	2134
5785.528320	2177
5789.975586	2230
5794.422363	2248
5798.869629	2276
5803.316406	2293
5807.763184	2260
5812.210449	2247
5816.657227	2270
5821.104492	2277
5825.551270	2311
5829.998535	2332
5834.445313	2284
5838.892090	2293
5843.339355	2316
5847.786133	2305
5852.233398	2284
5856.680176	2299
5861.127441	2288
5865.574219	2250
5870.020996	2278
5874.468262	2304
5878.915039	2276
5883.362305	2277
5887.809082	2273
5892.255859	2269
5896.703125	2252
5901.149902	2258
5905.597168	2242
5910.043945	2239
5914.491211	2252
5918.937988	2226
5923.384766	2189
5927.832031	2171
5932.278809	2192
5936.726074	2202
5941.172852	2213
5945.620117	2159
5950.066895	2151
5954.513672	2133
5958.960938	2066
5963.407715	2070
5967.854980	2113
5972.301758	2110
5976.749023	2119
5981.195801	2118
5985.642578	2098
5990.089844	2111
5994.536621	2093
5998.983887	2043
6003.430664	2037
6007.877930	2036
6012.324707	2025
6016.771484	1970
6021.218750	1945
6025.665527	1963
6030.112793	1942
6034.559570	1956
6039.006836	1965
6043.453613	1941
6047.900391	1913
6052.347656	1909
6056.794434	1886
6061.241699	1874
6065.688477	1912
6070.135742	1897
6074.582520	1868
6079.029297	1802
6083.476563	1751
6087.923340	1761
6092.370605	1806
6096.817383	1757
6101.264648	1736
6105.711426	1731
6110.158203	1732
6114.605469	1692
6119.052246	1689
6123.499512	1726
6127.946289	1667
6132.393555	1655
6136.840332	1623
6141.287109	1608
6145.734375	1609
6150.181152	1590
6154.628418	1546
6159.075195	1533
6163.522461	1528
6167.969238	1523
6172.416016	1552
6176.863281	1525
6181.310059	1512
6185.757324	1538
6190.204102	1530
6194.651367	1485
6199.098145	1523
6203.544922	1490
6207.992188	1455
6212.438965	1453
6216.886230	1427
6221.333008	1414
6225.780273	1421
6230.227051	1428
6234.673828	1423
6239.121094	1421
6243.567871	1439
6248.015137	1436
6252.461914	1421
6256.908691	1386
6261.355957	1376
6265.802734	1395
6270.250000	1392
6274.696777	1382
6279.144043	1386
6283.590820	1367
6288.037598	1358
6292.484863	1319
6296.931641	1319
6301.378906	1340
6305.825684	1334
6310.272949	1292
6314.719727	1284
6319.166504	1286
6323.613770	1311
6328.060547	1319
6332.507813	1317
6336.954590	1293
6341.401855	1282
6345.848633	1287
6350.295410	1302
6354.742676	1303
6359.189453	1286
6363.636719	1280
6368.083496	1280
6372.530762	1279
6376.977539	1277
6381.424316	1307
6385.871582	1301
6390.318359	1273
6394.765625	1274
6399.212402	1247
6403.659668	1238
6408.106445	1262
6412.553223	1249
6417.000488	1236
6421.447266	1235
6425.894531	1262
6430.341309	1275
6434.788574	1242
6439.235352	1225
6443.682129	1257
6448.129395	1267
6452.576172	1255
6457.023438	1233
6461.470215	1233
6465.917480	1209
6470.364258	1201
6474.811035	1181
6479.258301	1161
6483.705078	1172
6488.152344	1155
6492.599121	1154
6497.046387	1174
6501.493164	1164
6505.939941	1152
6510.387207	1127
6514.833984	1147
6519.281250	1174
6523.728027	1170
6528.175293	1156
6532.622070	1183
6537.068848	1169
6541.516113	1140
6545.962891	1108
6550.410156	1086
6554.856934	1081
6559.304199	1037
6563.750977	1003
6568.197754	984
6572.645020	959
6577.091797	985
6581.539063	974
6585.985840	949
6590.433105	982
6594.879883	999
6599.326660	1014
6603.773926	1008
6608.220703	1036
6612.667969	1095
6617.114746	1105
6621.561523	1083
6626.008789	1107
6630.455566	1119
6634.902832	1101
6639.349609	1113
6643.796875	1101
6648.243652	1114
6652.690430	1146
6657.137695	1152
6661.584473	1147
6666.031738	1165
6670.478516	1174
6674.925781	1149
6679.372559	1127
6683.819336	1148
6688.266602	1165
6692.713379	1157
6697.160645	1126
6701.607422	1166
6706.054688	1202
6710.501465	1194
6714.948242	1145
6719.395508	1135
6723.842285	1140
6728.289551	1160
6732.736328	1165
6737.183594	1144
6741.630371	1136
6746.077148	1124
6750.524414	1128
6754.971191	1142
6759.418457	1209
6763.865234	1203
6768.312500	1178
6772.759277	1194
6777.206055	1188
6781.653320	1168
6786.100098	1156
6790.547363	1128
6794.994141	1118
6799.441406	1140
6803.888184	1172
6808.334961	1162
6812.782227	1146
6817.229004	1167
6821.676270	1166
6826.123047	1149
6830.570313	1167
6835.017090	1173
6839.463867	1146
6843.911133	1130
6848.357910	1138
6852.805176	1143
6857.251953	1136
6861.699219	1121
6866.145996	1121
6870.592773	1094
6875.040039	1061
6879.486816	1064
6883.934082	1020
6888.380859	982
6892.828125	975
6897.274902	986
6901.721680	1001
6906.168945	1034
6910.615723	1021
6915.062988	1001
6919.509766	1020
6923.957031	1052
6928.403809	1046
6932.850586	1048
6937.297852	1065
6941.744629	1087
6946.191895	1097
6950.638672	1093
6955.085449	1099
6959.532715	1070
6963.979492	1081
6968.426758	1099
6972.873535	1103
6977.320801	1103
6981.767578	1121
6986.214355	1137
6990.661621	1134
6995.108398	1114
6999.555664	1132
7004.002441	1138
7008.449707	1143
7012.896484	1145
7017.343262	1147
7021.790527	1146
7026.237305	1136
7030.684570	1125
7035.131348	1153
7039.578613	1137
7044.025391	1124
7048.472168	1140
7052.919434	1150
7057.366211	1127
7061.813477	1160
7066.260254	1137
7070.707520	1097
7075.154297	1100
7079.601074	1142
7084.048340	1152
7088.495117	1116
7092.942383	1074
7097.389160	1100
7101.836426	1121
7106.283203	1135
7110.729980	1131
7115.177246	1132
7119.624023	1136
7124.071289	1101
7128.518066	1069
7132.965332	1116
7137.412109	1139
7141.858887	1126
7146.306152	1112
7150.752930	1088
7155.200195	1058
7159.646973	1048
7164.094238	1051
7168.541016	1046
7172.987793	1044
7177.435059	1031
7181.881836	1006
7186.329102	956
7190.775879	935
7195.223145	915
7199.669922	934
7204.116699	937
7208.563965	940
7213.010742	941
7217.458008	915
7221.904785	920
7226.352051	924
7230.798828	939
7235.245605	948
7239.692871	910
7244.139648	888
7248.586914	866
7253.033691	860
7257.480957	843
7261.927734	848
7266.374512	855
7270.821777	858
7275.268555	900
7279.715820	874
7284.162598	859
7288.609863	861
7293.056641	862
7297.503418	849
7301.950684	852
7306.397461	861
7310.844727	855
7315.291504	835
7319.738281	849
7324.185547	848
7328.632324	839
7333.079590	826
7337.526367	830
7341.973633	829
7346.420410	822
7350.867188	807
7355.314453	818
7359.761230	816
7364.208496	840
7368.655273	857
7373.102539	870
7377.549316	897
7381.996094	867
7386.443359	816
7390.890137	827
7395.337402	835
7399.784180	840
7404.231445	844
7408.678223	809
7413.125000	806
7417.572266	802
7422.019043	828
7426.466309	813
7430.913086	784
7435.360352	799
7439.807129	824
7444.253906	793
7448.701172	775
7453.147949	782
7457.595215	781
7462.041992	794
7466.489258	796
7470.936035	780
7475.382813	758
7479.830078	770
7484.276855	797
7488.724121	765
7493.170898	733
7497.618164	762
7502.064941	738
7506.511719	750
7510.958984	741
7515.405762	725
7519.853027	708
7524.299805	715
7528.747070	707
7533.193848	707
7537.640625	707
7542.087891	695
7546.534668	674
7550.981934	661
7555.428711	668
7559.875977	684
7564.322754	664
7568.769531	666
7573.216797	668
7577.663574	633
7582.110840	589
7586.557617	601
7591.004883	608
7595.451660	597
7599.898438	593
7604.345703	579
7608.792480	524
7613.239746	498
7617.686523	497
7622.133789	459
7626.580566	433
7631.027344	438
7635.474609	421
7639.921387	412
7644.368652	405
7648.815430	403
7653.262695	395
7657.709473	379
7662.156250	374
7666.603516	400
7671.050293	440
7675.497559	421
7679.944336	423
7684.391113	448
7688.838379	433
7693.285156	423
7697.732422	438
7702.179199	456
7706.626465	461
7711.073242	457
7715.520020	464
7719.967285	471
7724.414063	471
7728.861328	467
7733.308105	485
7737.755371	500
7742.202148	493
7746.648926	468
7751.096191	473
7755.542969	479
7759.990234	473
7764.437012	467
7768.884277	451
7773.331055	458
7777.777832	466
7782.225098	457
7786.671875	469
7791.119141	456
7795.565918	452
7800.013184	451
7804.459961	428
7808.906738	435
7813.354004	444
7817.800781	440
7822.248047	430
7826.694824	423
7831.142090	417
7835.588867	427
7840.035645	408
7844.482910	398
7848.929688	384
7853.376953	373
7857.823730	360
7862.270996	362
7866.717773	356
7871.164551	353
7875.611816	351
7880.058594	355
7884.505859	354
7888.952637	344
7893.399902	340
7897.846680	352
7902.293457	340
7906.740723	338
7911.187500	355
7915.634766	350
7920.081543	324
7924.528809	327
7928.975586	332
7933.422363	346
7937.869629	347
7942.316406	348
7946.763672	333
7951.210449	328
7955.657715	333
7960.104492	344
7964.551270	345
7968.998535	349
7973.445313	376
7977.892578	349
7982.339355	354
7986.786621	351
7991.233398	354
7995.680176	358
8000.127441	348
8004.574219	335
8009.021484	339
8013.468262	352
8017.915039	354
8022.362305	349
8026.809082	346
8031.256348	351
8035.703125	361
8040.150391	361
8044.597168	374
8049.043945	374
8053.491211	368
8057.937988	372
8062.385254	372
8066.832031	358
8071.279297	356
8075.726074	348
8080.172852	324
8084.620117	320
8089.066895	342
8093.514160	341
8097.960938	330
8102.408203	345
8106.854980	337
8111.301758	337
8115.749023	338
8120.195801	349
8124.643066	337
8129.089844	321
8133.537109	320
8137.983887	328
8142.430664	337
8146.877930	344
8151.324707	345
8155.771973	335
8160.218750	307
8164.666016	310
8169.112793	291
8173.559570	285
8178.006836	291
8182.453613	285
8186.900879	274
8191.347656	276
8195.794922	271
8200.241211	267
8204.688477	292
8209.135742	298
8213.583008	278
8218.029297	270
8222.476563	262
8226.923828	253
8231.370117	256
8235.817383	258
8240.264648	265
8244.711914	253
8249.158203	253
8253.605469	243
8258.052734	261
8262.499023	248
8266.946289	250
8271.393555	260
8275.840820	246
8280.287109	255
8284.734375	255
8289.181641	248
8293.627930	254
8298.075195	266
8302.522461	253
8306.969727	242
8311.416016	238
8315.863281	223
8320.310547	260
8324.756836	255
8329.204102	259
8333.651367	275
8338.098633	279
8342.544922	269
8346.992188	264
8351.439453	251
8355.885742	269
8360.333008	270
8364.780273	273
8369.227539	286
8373.673828	287
8378.121094	272
8382.568359	269
8387.014648	293
8391.461914	273
8395.909180	265
8400.356445	290
8404.802734	289
8409.250000	265
8413.697266	282
8418.143555	292
8422.590820	286
8427.038086	269
8431.485352	268
8435.931641	287
8440.378906	292
8444.826172	290
8449.272461	278
8453.719727	303
8458.166992	309
8462.614258	309
8467.060547	315
8471.507813	322
8475.955078	307
8480.401367	306
8484.848633	305
8489.295898	303
8493.743164	293
8498.189453	295
8502.636719	297
8507.083984	307
8511.530273	321
8515.977539	298
8520.424805	298
8524.872070	323
8529.318359	309
8533.765625	296
8538.212891	298
8542.659180	306
8547.106445	314
8551.553711	331
8556.000977	320
8560.447266	305
8564.894531	300
8569.341797	291
8573.788086	294
8578.235352	304
8582.682617	308
8587.129883	293
8591.576172	293
8596.023438	285
8600.470703	275
8604.916992	280
8609.364258	276
8613.811523	279
8618.258789	301
8622.705078	303
8627.152344	298
8631.599609	292
8636.045898	279
8640.493164	282
8644.940430	281
8649.387695	284
8653.833984	267
8658.281250	251
8662.728516	271
8667.174805	258
8671.622070	257
8676.069336	263
8680.516602	267
8684.962891	252
8689.410156	256
8693.857422	241
8698.303711	254
8702.750977	255
8707.198242	248
8711.645508	250
8716.091797	255
8720.539063	258
8724.986328	250
8729.432617	240
8733.879883	240
8738.327148	233
8742.774414	240
8747.220703	253
8751.667969	261
8756.115234	255
8760.561523	242
8765.008789	229
8769.456055	247
8773.903320	245
8778.349609	233
8782.796875	218
8787.244141	226
8791.690430	232
8796.137695	212
8800.584961	236
8805.032227	262
8809.478516	260
8813.925781	242
8818.373047	235
8822.819336	244
8827.266602	236
8831.713867	228
8836.161133	215
8840.607422	212
8845.054688	231
8849.501953	233
8853.948242	235
8858.395508	223
8862.842773	214
8867.290039	212
8871.736328	215
8876.183594	195
8880.630859	201
8885.077148	218
8889.524414	211
8893.971680	212
8898.418945	216
8902.865234	196
8907.312500	199
8911.759766	206
8916.206055	222
8920.653320	208
8925.100586	211
8929.546875	201
8933.994141	195
8938.441406	216
8942.888672	218
8947.334961	222
8951.782227	216
8956.229492	213
8960.675781	196
8965.123047	204
8969.570313	211
8974.017578	201
8978.463867	222
8982.911133	227
8987.358398	223
8991.804688	217
8996.251953	212
9000.699219	213
9005.146484	230
9009.592773	218
9014.040039	209
9018.487305	213
9022.933594	224
9027.380859	209
9031.828125	206
9036.275391	224
9040.721680	225
9045.168945	215
9049.616211	205
9054.062500	210
9058.509766	225
9062.957031	238
9067.404297	224
9071.850586	227
9076.297852	214
9080.745117	212
9085.191406	209
9089.638672	220
9094.085938	231
9098.533203	220
9102.979492	216
9107.426758	231
9111.874023	231
9116.320313	227
9120.767578	218
9125.214844	224
9129.662109	232
9134.108398	238
9138.555664	237
9143.002930	231
9147.449219	223
9151.896484	221
9156.343750	232
9160.791016	237
9165.237305	226
9169.684570	211
9174.131836	215
9178.578125	236
9183.025391	234
9187.472656	228
9191.919922	222
9196.366211	213
9200.813477	216
9205.260742	210
9209.707031	212
9214.154297	214
9218.601563	230
9223.048828	220
9227.495117	220
9231.942383	216
9236.389648	238
9240.835938	228
9245.283203	208
9249.730469	210
9254.177734	214
9258.624023	220
9263.071289	219
9267.518555	227
9271.964844	233
9276.412109	218
9280.859375	216
9285.306641	230
9289.752930	223
9294.200195	208
9298.647461	192
9303.093750	202
9307.541016	213
9311.988281	218
9316.435547	212
9320.881836	216
9325.329102	223
9329.776367	217
9334.222656	225
9338.669922	234
9343.117188	211
9347.564453	203
9352.010742	197
9356.458008	189
9360.905273	209
9365.351563	232
9369.798828	224
9374.246094	234
9378.693359	230
9383.139648	222
9387.586914	215
9392.034180	200
9396.480469	195
9400.927734	213
9405.375000	222
9409.822266	231
9414.268555	219
9418.715820	218
9423.163086	223
9427.609375	207
9432.056641	202
9436.503906	205
9440.951172	216
9445.397461	223
9449.844727	232
9454.291992	226
9458.738281	211
9463.185547	196
9467.632813	210
9472.080078	221
9476.526367	221
9480.973633	213
9485.420898	216
9489.867188	230
9494.314453	230
9498.761719	211
9503.208984	215
9507.655273	230
9512.102539	233
9516.549805	225
9520.996094	212
9525.443359	217
9529.890625	242
9534.337891	248
9538.784180	229
9543.231445	223
9547.678711	229
9552.125000	230
9556.572266	240
9561.019531	246
9565.466797	238
9569.913086	231
9574.360352	238
9578.807617	246
9583.253906	242
9587.701172	240
9592.148438	252
9596.595703	240
9601.041992	224
9605.489258	220
9609.936523	227
9614.382813	242
9618.830078	239
9623.277344	243
9627.723633	247
9632.170898	247
9636.618164	251
9641.065430	252
9645.511719	262
9649.958984	246
9654.406250	242
9658.852539	232
9663.299805	244
9667.747070	259
9672.194336	247
9676.640625	246
9681.087891	235
9685.535156	243
9689.981445	242
9694.428711	237
9698.875977	236
9703.323242	225
9707.769531	227
9712.216797	241
9716.664063	235
9721.110352	244
9725.557617	236
9730.004883	230
9734.452148	219
9738.898438	205
9743.345703	213
9747.792969	239
9752.239258	224
9756.686523	229
9761.133789	240
9765.581055	239
9770.027344	247
9774.474609	243
9778.921875	234
9783.368164	249
9787.815430	253
9792.262695	255
9796.709961	250
9801.156250	246
9805.603516	251
9810.050781	247
9814.497070	243
9818.944336	234
9823.391602	222
9827.838867	223
9832.285156	232
9836.732422	240
9841.179688	251
9845.625977	245
9850.073242	245
9854.520508	236
9858.967773	253
9863.414063	256
9867.861328	244
9872.308594	239
9876.754883	239
9881.202148	246
9885.649414	252
9890.096680	250
9894.542969	277
9898.990234	280
9903.437500	255
9907.883789	248
9912.331055	243
9916.778320	230
9921.225586	253
9925.671875	261
9930.119141	269
9934.566406	266
9939.012695	250
9943.459961	236
9947.907227	235
9952.354492	258
9956.800781	246
9961.248047	242
9965.695313	255
9970.141602	270
9974.588867	261
9979.036133	260
9983.483398	258
9987.929688	260
9992.376953	263
9996.824219	262
10001.270508	245
10005.717773	255
10010.165039	266
10014.612305	263
10019.058594	264
10023.505859	260
10027.953125	258
10032.399414	258
10036.846680	238
10041.293945	262
10045.741211	273
10050.187500	261
10054.634766	252
10059.082031	266
10063.528320	249
10067.975586	233
10072.422852	224
10076.870117	234
10081.316406	251
10085.763672	257
10090.210938	258
10094.657227	251
10099.104492	227
10103.551758	238
10107.999023	239
10112.445313	240
10116.892578	239
10121.339844	234
10125.786133	250
10130.233398	262
10134.680664	263
10139.127930	246
10143.574219	232
10148.021484	233
10152.468750	239
10156.915039	241
10161.362305	239
10165.809570	239
10170.256836	239
10174.703125	242
10179.150391	237
10183.597656	223
10188.043945	229
10192.491211	242
10196.938477	241
10201.385742	259
10205.832031	268
10210.279297	265
10214.726563	248
10219.172852	242
10223.620117	246
10228.067383	243
10232.514648	247
10236.960938	234
10241.408203	245
10245.855469	248
10250.301758	229
10254.749023	237
10259.196289	225
10263.643555	229
10268.089844	224
10272.537109	252
10276.984375	251
10281.430664	255
10285.877930	245
10290.325195	231
10294.772461	228
10299.218750	235
10303.666016	245
10308.113281	241
10312.559570	238
10317.006836	231
10321.454102	224
10325.901367	233
10330.347656	244
10334.794922	248
10339.242188	244
10343.688477	242
10348.135742	244
10352.583008	239
10357.029297	246
10361.476563	253
10365.923828	245
10370.371094	247
10374.817383	235
10379.264648	226
10383.711914	222
10388.158203	220
10392.605469	212
10397.052734	226
10401.500000	245
10405.946289	226
10410.393555	229
10414.840820	217
10419.287109	228
10423.734375	243
10428.181641	233
10432.628906	238
10437.075195	238
10441.522461	231
10445.969727	234
10450.416016	251
10454.863281	250
10459.310547	238
10463.757813	244
10468.204102	241
10472.651367	247
10477.098633	246
10481.544922	233
10485.992188	238
10490.439453	246
10494.886719	234
10499.333008	228
10503.780273	245
10508.227539	221
10512.673828	229
10517.121094	231
10521.568359	231
10526.015625	247
10530.461914	241
10534.909180	247
10539.356445	244
10543.802734	246
10548.250000	246
10552.697266	258
10557.144531	248
10561.590820	232
10566.038086	236
10570.485352	257
10574.931641	234
10579.378906	222
10583.826172	238
10588.273438	235
10592.719727	247
10597.166992	250
10601.614258	250
10606.060547	244
10610.507813	225
10614.955078	214
10619.402344	216
10623.848633	225
10628.295898	220
10632.743164	198
10637.189453	210
10641.636719	215
10646.083984	212
10650.531250	182
10654.977539	206
10659.424805	224
10663.872070	211
10668.318359	213
10672.765625	214
10677.212891	207
10681.660156	216
10686.106445	222
10690.553711	212
10695.000977	207
10699.447266	216
10703.894531	210
10708.341797	201
10712.789063	211
10717.235352	221
10721.682617	200
10726.129883	194
10730.576172	210
10735.023438	201
10739.470703	196
10743.917969	189
10748.364258	191
10752.811523	180
10757.258789	185
10761.705078	188
10766.152344	194
10770.599609	206
10775.046875	195
10779.493164	181
10783.940430	174
10788.387695	196
10792.833984	199
10797.281250	199
10801.728516	183
10806.175781	178
10810.622070	167
10815.069336	175
10819.516602	171
10823.962891	168
10828.410156	174
10832.857422	167
10837.304688	179
10841.750977	180
10846.198242	167
10850.645508	158
10855.091797	154
10859.539063	168
10863.986328	179
10868.433594	172
10872.879883	173
10877.327148	176
10881.774414	181
10886.220703	164
10890.667969	165
10895.115234	148
10899.562500	162
10904.008789	174
10908.456055	161
10912.903320	161
10917.349609	164
10921.796875	148
10926.244141	163
10930.691406	158
10935.137695	152
10939.584961	141
10944.032227	144
10948.478516	150
10952.925781	143
10957.373047	159
10961.820313	150
10966.266602	141
10970.713867	129
10975.161133	134
10979.607422	140
10984.054688	131
10988.501953	138
10992.949219	131
10997.395508	127
11001.842773	120
11006.290039	120
11010.736328	110
11015.183594	98
11019.630859	90
11024.078125	88
11028.524414	74
11032.971680	72
11037.418945	74
11041.865234	74
11046.312500	65
11050.759766	55
11055.206055	63
11059.653320	66
11064.100586	68
11068.547852	69
11072.994141	64
11077.441406	64
11081.888672	55
11086.334961	54
11090.782227	47
11095.229492	56
11099.676758	53
11104.123047	56
11108.570313	51
11113.017578	34
11117.463867	36
11121.911133	41
11126.358398	42
11130.805664	41
11135.251953	34
11139.699219	41
11144.146484	31
11148.592773	30
11153.040039	39
11157.487305	36
11161.934570	41
11166.380859	32
11170.828125	31
11175.275391	33
11179.721680	30
11184.168945	35
11188.616211	33
11193.063477	26
11197.509766	29
11201.957031	28
11206.404297	22
11210.850586	28
11215.297852	25
11219.745117	26
11224.192383	25
11228.638672	25
11233.085938	23
11237.533203	22
11241.979492	24
11246.426758	24
11250.874023	24
11255.321289	21
11259.767578	18
11264.214844	16
11268.662109	20
11273.108398	16
11277.555664	10
11282.002930	8
11286.450195	9
11290.896484	8
11295.343750	10
11299.791016	9
11304.237305	11
11308.684570	7
11313.131836	6
11317.579102	5
11322.025391	7
11326.472656	3
11330.919922	3
11335.366211	3
11339.813477	2
11344.260742	1
11348.708008	0
11353.154297	0
11357.601563	0
11362.048828	0
11366.495117	0
11370.942383	0
11375.389648	0
11379.836914	0
11384.283203	0
11388.730469	0
11393.177734	0
11397.624023	0
11402.071289	0
11406.518555	0
11410.965820	0
11415.412109	0
11419.859375	0
11424.306641	0
11428.752930	0
11433.200195	0
11437.647461	0
11442.094727	0
11446.541016	0
11450.988281	0
11455.435547	0
11459.881836	0
11464.329102	0
11468.776367	0
11473.223633	0
11477.669922	0
11482.117188	0
11486.564453	0
11491.010742	0
11495.458008	0
11499.905273	0
11504.352539	0
11508.798828	0
11513.246094	0
11517.693359	0
11522.139648	0
11526.586914	0
11531.034180	0
11535.481445	0
11539.927734	0
11544.375000	0
11548.822266	0
11553.268555	0
11557.715820	0
11562.163086	0
11566.610352	0
11571.056641	0
11575.503906	0
11579.951172	0
11584.397461	0
11588.844727	0
11593.291992	0
11597.739258	0
11602.185547	0
11606.632813	0
11611.080078	0
11615.526367	0
11619.973633	0
11624.420898	0
11628.868164	0
11633.314453	0
11637.761719	0
11642.208984	0
11646.655273	0
11651.102539	0
11655.549805	0
11659.997070	0
11664.443359	0
11668.890625	0
11673.337891	0
11677.784180	0
11682.231445	0
11686.678711	0
11691.125977	0
11695.572266	0
11700.019531	0
11704.466797	0
11708.913086	0
11713.360352	0
11717.807617	0
11722.254883	0
11726.701172	0
11731.148438	0
11735.595703	0
11740.041992	0
11744.489258	0
11748.936523	0
11753.383789	0
11757.830078	0
11762.277344	0
11766.724609	0
11771.170898	0
11775.618164	0
11780.065430	0
11784.511719	0
11788.958984	0
11793.406250	0
11797.853516	0
11802.299805	0
11806.747070	0
11811.194336	0
11815.640625	0
11820.087891	0
11824.535156	0
11828.982422	0
11833.428711	0
11837.875977	0
11842.323242	0
11846.769531	0
11851.216797	0
11855.664063	0
11860.111328	0
11864.557617	0
11869.004883	0
11873.452148	0
11877.898438	0
11882.345703	0
11886.792969	0
11891.240234	0
11895.686523	0
11900.133789	0
11904.581055	0
11909.027344	0
11913.474609	0
11917.921875	0
11922.369141	0
11926.815430	0
11931.262695	0
11935.709961	0
11940.156250	0
11944.603516	0
11949.050781	0
11953.498047	0
11957.944336	0
11962.391602	0
11966.838867	0
11971.285156	0
11975.732422	0
11980.179688	0
11984.626953	0
11989.073242	0
11993.520508	0
11997.967773	0
12002.414063	0
12006.861328	0
12011.308594	0
12015.755859	0
12020.202148	0
12024.649414	0
12029.096680	0
12033.542969	0
12037.990234	0
12042.437500	0
12046.884766	0
12051.331055	0
12055.778320	0
12060.225586	0
12064.671875	0
12069.119141	0
12073.566406	0
12078.013672	0
12082.459961	0
12086.907227	0
12091.354492	0
12095.800781	0
12100.248047	0
12104.695313	0
12109.142578	0
12113.588867	0
12118.036133	0
12122.483398	0
12126.929688	0
12131.376953	0
12135.824219	0
12140.271484	0
12144.717773	0
12149.165039	0
12153.612305	0
12158.058594	0
12162.505859	0
12166.953125	0
12171.400391	0
12175.846680	0
12180.293945	0
12184.741211	0
12189.187500	0
12193.634766	0
12198.082031	0
12202.529297	0
12206.975586	0
12211.422852	0
12215.870117	0
12220.316406	0
12224.763672	0
12229.210938	0
12233.658203	0
12238.104492	0
12242.551758	0
12246.999023	0
12251.445313	0
12255.892578	0
12260.339844	0
12264.787109	0
12269.233398	0
12273.680664	0
12278.127930	0
12282.574219	0
12287.021484	0
12291.468750	0
12295.916016	0
12300.362305	0
12304.809570	0
12309.256836	0
12313.703125	0
12318.150391	0
12322.597656	0
12327.044922	0
12331.491211	0
12335.938477	0
12340.385742	0
12344.832031	0
12349.279297	0
12353.726563	0
12358.173828	0
12362.620117	0
12367.067383	0
12371.514648	0
12375.960938	0
12380.408203	0
12384.855469	0
12389.302734	0
12393.749023	0
12398.196289	0
12402.643555	0
12407.089844	0
12411.537109	0
12415.984375	0
12420.431641	0
12424.877930	0
12429.325195	0
12433.772461	0
12438.218750	0
12442.666016	0
12447.113281	0
12451.560547	0
12456.006836	0
12460.454102	0
12464.901367	0
12469.347656	0
12473.794922	0
12478.242188	0
12482.688477	0
12487.135742	0
12491.583008	0
12496.030273	0
12500.476563	0
12504.923828	0
12509.371094	0
12513.817383	0
12518.264648	0
12522.711914	0
12527.159180	0
12531.605469	0
12536.052734	0
12540.500000	0
12544.946289	0
12549.393555	0
12553.840820	0
12558.288086	0
12562.734375	0
12567.181641	0
12571.628906	0
12576.075195	0
12580.522461	0
12584.969727	0
12589.416992	0
12593.863281	0
12598.310547	0
12602.757813	0
12607.204102	0
12611.651367	0
12616.098633	0
12620.545898	0
12624.992188	0
12629.439453	0
12633.886719	0
12638.333008	0
12642.780273	0
12647.227539	0
12651.674805	0
12656.121094	0
12660.568359	0
12665.015625	0
12669.461914	0
12673.909180	0
12678.356445	0
12682.803711	0
12687.250000	0
12691.697266	0
12696.144531	0
12700.590820	0
12705.038086	0
12709.485352	0
12713.932617	0
12718.378906	0
12722.826172	0
12727.273438	0
12731.719727	0
12736.166992	0
12740.614258	0
12745.061523	0
12749.507813	0
12753.955078	0
12758.402344	0
12762.848633	0
12767.295898	0
12771.743164	0
12776.190430	0
12780.636719	0
12785.083984	0
12789.531250	0
12793.977539	0
12798.424805	0
12802.872070	0
12807.319336	0
12811.765625	0
12816.212891	0
12820.660156	0
12825.106445	0
12829.553711	0
12834.000977	0
12838.448242	0
12842.894531	0
12847.341797	0
12851.789063	0
12856.235352	0
12860.682617	0
12865.129883	0
12869.577148	0
12874.023438	0
12878.470703	0
12882.917969	0
12887.364258	0
12891.811523	0
12896.258789	0
12900.706055	0
12905.152344	0
12909.599609	0
12914.046875	0
12918.493164	0
12922.940430	0
12927.387695	0
12931.834961	0
12936.281250	0
12940.728516	0
12945.175781	0
12949.622070	0
12954.069336	0
12958.516602	0
12962.963867	0
12967.410156	0
12971.857422	0
12976.304688	0
12980.750977	0
12985.198242	0
12989.645508	0
12994.092773	0
12998.539063	0
13002.986328	0
13007.433594	0
13011.879883	0
13016.327148	0
13020.774414	0
13025.221680	0
13029.667969	0
13034.115234	0
13038.562500	0
13043.008789	0
13047.456055	0
13051.903320	0
13056.350586	0
13060.796875	0
13065.244141	0
13069.691406	0
13074.137695	0
13078.584961	0
13083.032227	0
13087.479492	0
13091.925781	0
13096.373047	0
13100.820313	0
13105.266602	0
13109.713867	0
13114.161133	0
13118.608398	0
13123.054688	0
13127.501953	0
13131.949219	0
13136.395508	0
13140.842773	0
13145.290039	0
13149.737305	0
13154.183594	0
13158.630859	0
13163.078125	0
13167.524414	0
13171.971680	0
13176.418945	0
13180.866211	0
13185.312500	0
13189.759766	0
13194.207031	0
13198.653320	0
13203.100586	0
13207.547852	0
13211.994141	0
13216.441406	0
13220.888672	0
13225.335938	0
13229.782227	0
13234.229492	0
13238.676758	0
13243.123047	0
13247.570313	0
13252.017578	0
13256.464844	0
13260.911133	0
13265.358398	0
13269.805664	0
13274.251953	0
13278.699219	0
13283.146484	0
13287.593750	0
13292.040039	0
13296.487305	0
13300.934570	0
13305.380859	0
13309.828125	0
13314.275391	0
13318.722656	0
13323.168945	0
13327.616211	0
13332.063477	0
13336.509766	0
13340.957031	0
13345.404297	0
13349.851563	0
13354.297852	0
13358.745117	0
13363.192383	0
13367.638672	0
13372.085938	0
13376.533203	0
13380.980469	0
13385.426758	0
13389.874023	0
13394.321289	0
13398.767578	0
13403.214844	0
13407.662109	0
13412.109375	0
13416.555664	0
13421.002930	0
13425.450195	0
13429.896484	0
13434.343750	0
13438.791016	0
13443.238281	0
13447.684570	0
13452.131836	0
13456.579102	0
13461.025391	0
13465.472656	0
13469.919922	0
13474.367188	0
13478.813477	0
13483.260742	0
13487.708008	0
13492.154297	0
13496.601563	0
13501.048828	0
13505.496094	0
13509.942383	0
13514.389648	0
13518.836914	0
13523.283203	0
13527.730469	0
13532.177734	0
13536.625000	0
13541.071289	0
13545.518555	0
13549.965820	0
13554.412109	0
13558.859375	0
13563.306641	0
13567.753906	0
13572.200195	0
13576.647461	0
13581.094727	0
13585.541016	0
13589.988281	0
13594.435547	0
13598.882813	0
13603.329102	0
13607.776367	0
13612.223633	0
13616.669922	0
13621.117188	0
13625.564453	0
13630.011719	0
13634.458008	0
13638.905273	0
13643.352539	0
13647.798828	0
13652.246094	0
13656.693359	0
13661.140625	0
13665.586914	0
13670.034180	0
13674.481445	0
13678.927734	0
13683.375000	0
13687.822266	0
13692.269531	0
13696.715820	0
13701.163086	0
13705.610352	0
13710.056641	0
13714.503906	0
13718.951172	0
13723.398438	0
13727.844727	0
13732.291992	0
13736.739258	0
13741.185547	0
13745.632813	0
13750.080078	0
13754.527344	0
