-2707.739990	177
-2703.329834	189
-2698.919922	190
-2694.510010	171
-2690.099854	183
-2685.689941	170
-2681.279785	163
-2676.869873	168
-2672.459961	182
-2668.049805	181
-2663.639893	200
-2659.229980	201
-2654.819824	163
-2650.409912	162
-2646.000000	166
-2641.589844	182
-2637.179932	187
-2632.770020	225
-2628.359863	229
-2623.949951	182
-2619.539795	169
-2615.129883	169
-2610.719971	181
-2606.309814	197
-2601.899902	201
-2597.489990	170
-2593.079834	193
-2588.669922	226
-2584.260010	212
-2579.849854	190
-2575.439941	187
-2571.030029	166
-2566.619873	150
-2562.209961	144
-2557.799805	160
-2553.389893	145
-2548.979980	150
-2544.569824	204
-2540.159912	173
-2535.750000	172
-2531.339844	182
-2526.929932	179
-2522.520020	203
-2518.109863	197
-2513.699951	172
-2509.289795	160
-2504.879883	148
-2500.469971	171
-2496.059814	188
-2491.649902	201
-2487.239990	201
-2482.829834	173
-2478.419922	187
-2474.010010	195
-2469.599854	162
-2465.189941	178
-2460.780029	199
-2456.369873	200
-2451.959961	189
-2447.549805	182
-2443.139893	201
-2438.729980	192
-2434.319824	164
-2429.909912	178
-2425.500000	202
-2421.089844	211
-2416.679932	169
-2412.270020	152
-2407.859863	179
-2403.449951	196
-2399.040039	173
-2394.629883	177
-2390.219971	189
-2385.809814	184
-2381.399902	180
-2376.989990	195
-2372.579834	195
-2368.169922	203
-2363.760010	169
-2359.349854	160
-2354.939941	174
-2350.530029	188
-2346.119873	203
-2341.709961	218
-2337.299805	204
-2332.889893	186
-2328.479980	188
-2324.069824	212
-2319.659912	184
-2315.250000	166
-2310.839844	165
-2306.429932	192
-2302.020020	191
-2297.609863	178
-2293.199951	171
-2288.790039	182
-2284.379883	167
-2279.969971	139
-2275.559814	139
-2271.149902	159
-2266.739990	172
-2262.329834	176
-2257.919922	174
-2253.510010	182
-2249.099854	251
-2244.689941	220
-2240.280029	169
-2235.869873	194
-2231.459961	185
-2227.049805	192
-2222.639893	223
-2218.229980	222
-2213.819824	199
-2209.409912	159
-2205.000000	157
-2200.589844	175
-2196.179932	186
-2191.770020	179
-2187.359863	181
-2182.949951	172
-2178.540039	170
-2174.129883	180
-2169.719971	192
-2165.309814	205
-2160.899902	191
-2156.489990	194
-2152.079834	156
-2147.669922	159
-2143.260010	174
-2138.849854	187
-2134.439941	188
-2130.030029	161
-2125.619873	158
-2121.209961	168
-2116.799805	154
-2112.389893	139
-2107.979980	144
-2103.569824	176
-2099.159912	164
-2094.750000	179
-2090.339844	172
-2085.929932	152
-2081.520020	134
-2077.109863	147
-2072.699951	158
-2068.290039	164
-2063.879883	171
-2059.469971	214
-2055.059814	213
-2050.649902	198
-2046.239990	194
-2041.829956	192
-2037.419922	196
-2033.009888	215
-2028.599976	221
-2024.189941	186
-2019.779907	175
-2015.369873	178
-2010.959961	168
-2006.549927	165
-2002.139893	196
-1997.729980	198
-1993.319946	203
-1988.909912	219
-1984.499878	209
-1980.089966	196
-1975.679932	209
-1971.269897	193
-1966.859985	169
-1962.449951	159
-1958.039917	180
-1953.629883	167
-1949.219971	183
-1944.809937	196
-1940.399902	226
-1935.989990	187
-1931.579956	153
-1927.169922	160
-1922.759888	167
-1918.349976	187
-1913.939941	206
-1909.529907	208
-1905.119873	189
-1900.709961	169
-1896.299927	199
-1891.889893	195
-1887.479980	174
-1883.069946	175
-1878.659912	164
-1874.249878	152
-1869.839966	168
-1865.429932	163
-1861.019897	156
-1856.609985	176
-1852.199951	179
-1847.789917	178
-1843.379883	199
-1838.969971	217
-1834.559937	218
-1830.149902	190
-1825.739990	181
-1821.329956	194
-1816.919922	199
-1812.509888	175
-1808.099976	158
-1803.689941	158
-1799.279907	155
-1794.869995	178
-1790.459961	188
-1786.049927	205
-1781.639893	202
-1777.229980	193
-1772.819946	170
-1768.409912	177
-1764.000000	173
-1759.589966	175
-1755.179932	166
-1750.769897	172
-1746.359985	173
-1741.949951	164
-1737.539917	193
-1733.129883	197
-1728.719971	187
-1724.309937	184
-1719.899902	185
-1715.489990	217
-1711.079956	198
-1706.669922	156
-1702.259888	166
-1697.849976	200
-1693.439941	188
-1689.029907	160
-1684.619995	163
-1680.209961	178
-1675.799927	179
-1671.389893	170
-1666.979980	194
-1662.569946	208
-1658.159912	187
-1653.750000	170
-1649.339966	181
-1644.929932	200
-1640.519897	191
-1636.109985	191
-1631.699951	189
-1627.289917	204
-1622.879883	181
-1618.469971	157
-1614.059937	152
-1609.649902	163
-1605.239990	166
-1600.829956	166
-1596.419922	179
-1592.009888	189
-1587.599976	202
-1583.189941	217
-1578.779907	200
-1574.369995	179
-1569.959961	155
-1565.549927	186
-1561.139893	207
-1556.729980	188
-1552.319946	203
-1547.909912	177
-1543.500000	161
-1539.089966	147
-1534.679932	165
-1530.269897	198
-1525.859985	202
-1521.449951	186
-1517.039917	182
-1512.630005	184
-1508.219971	170
-1503.809937	198
-1499.399902	214
-1494.989990	190
-1490.579956	170
-1486.169922	204
-1481.760010	197
-1477.349976	184
-1472.939941	166
-1468.529907	178
-1464.119995	168
-1459.709961	139
-1455.299927	165
-1450.889893	184
-1446.479980	191
-1442.069946	206
-1437.659912	186
-1433.250000	205
-1428.839966	199
-1424.429932	188
-1420.019897	192
-1415.609985	213
-1411.199951	197
-1406.789917	180
-1402.380005	207
-1397.969971	214
-1393.559937	208
-1389.149902	207
-1384.739990	184
-1380.329956	150
-1375.919922	178
-1371.510010	191
-1367.099976	197
-1362.689941	184
-1358.279907	191
-1353.869995	202
-1349.459961	177
-1345.049927	170
-1340.639893	144
-1336.229980	147
-1331.819946	163
-1327.409912	173
-1323.000000	173
-1318.589966	184
-1314.179932	195
-1309.769897	201
-1305.359985	177
-1300.949951	173
-1296.539917	176
-1292.130005	194
-1287.719971	199
-1283.309937	197
-1278.899902	217
-1274.489990	198
-1270.079956	198
-1265.669922	206
-1261.260010	187
-1256.849976	173
-1252.439941	165
-1248.029907	193
-1243.619995	198
-1239.209961	201
-1234.799927	192
-1230.390015	179
-1225.979980	163
-1221.569946	164
-1217.159912	167
-1212.750000	177
-1208.339966	184
-1203.929932	159
-1199.520020	153
-1195.109985	174
-1190.699951	173
-1186.289917	155
-1181.880005	174
-1177.469971	192
-1173.059937	190
-1168.649902	204
-1164.239990	206
-1159.829956	205
-1155.419922	228
-1151.010010	234
-1146.599976	201
-1142.189941	179
-1137.779907	183
-1133.369995	190
-1128.959961	171
-1124.549927	158
-1120.140015	167
-1115.729980	170
-1111.319946	145
-1106.909912	166
-1102.500000	182
-1098.089966	185
-1093.679932	177
-1089.270020	178
-1084.859985	181
-1080.449951	181
-1076.039917	177
-1071.630005	173
-1067.219971	180
-1062.809937	180
-1058.399902	208
-1053.989990	201
-1049.579956	193
-1045.169922	207
-1040.760010	205
-1036.349976	180
-1031.939941	182
-1027.529907	185
-1023.119995	201
-1018.709961	197
-1014.299988	192
-1009.889954	204
-1005.479980	212
-1001.069946	206
-996.659973	202
-992.249939	185
-987.839966	180
-983.429993	195
-979.019958	170
-974.609985	173
-970.199951	175
-965.789978	173
-961.379944	202
-956.969971	215
-952.559937	179
-948.149963	183
-943.739990	156
-939.329956	149
-934.919983	159
-930.509949	202
-926.099976	228
-921.689941	224
-917.279968	200
-912.869995	194
-908.459961	192
-904.049988	198
-899.639954	184
-895.229980	177
-890.819946	183
-886.409973	177
-882.000000	186
-877.589966	174
-873.179993	190
-868.769958	187
-864.359985	190
-859.949951	187
-855.539978	181
-851.129944	190
-846.719971	199
-842.309998	186
-837.899963	172
-833.489990	164
-829.079956	176
-824.669983	195
-820.259949	198
-815.849976	189
-811.439941	213
-807.029968	231
-802.619995	205
-798.209961	183
-793.799988	187
-789.389954	195
-784.979980	190
-780.569946	185
-776.159973	194
-771.750000	204
-767.339966	216
-762.929993	230
-758.519958	240
-754.109985	185
-749.699951	194
-745.289978	200
-740.880005	176
-736.469971	193
-732.059998	206
-727.649963	201
-723.239990	185
-718.829956	212
-714.419983	193
-710.009949	179
-705.599976	191
-701.190002	209
-696.779968	180
-692.369995	193
-687.959961	193
-683.549988	184
-679.139954	178
-674.729980	189
-670.319946	194
-665.909973	181
-661.500000	165
-657.089966	156
-652.679993	164
-648.269958	206
-643.859985	221
-639.449951	208
-635.039978	215
-630.630005	207
-626.219971	176
-621.809998	198
-617.399963	206
-612.989990	192
-608.579956	169
-604.169983	180
-599.760010	198
-595.349976	193
-590.940002	184
-586.529968	183
-582.119995	196
-577.709961	173
-573.299988	201
-568.889954	222
-564.479980	176
-560.070007	173
-555.659973	197
-551.250000	207
-546.839966	239
-542.429993	213
-538.019958	211
-533.609985	228
-529.199951	236
-524.789978	215
-520.380005	183
-515.969971	193
-511.559998	197
-507.149994	191
-502.739990	195
-498.329987	199
-493.919983	213
-489.509979	205
-485.099976	191
-480.689972	176
-476.279968	204
-471.869995	228
-467.459991	216
-463.049988	213
-458.639984	206
-454.229980	212
-449.819977	214
-445.409973	214
-441.000000	220
-436.589996	198
-432.179993	200
-427.769989	223
-423.359985	236
-418.949982	225
-414.539978	237
-410.129974	220
-405.719971	196
-401.309998	195
-396.899994	212
-392.489990	249
-388.079987	239
-383.669983	244
-379.259979	244
-374.849976	240
-370.440002	268
-366.029999	274
-361.619995	242
-357.209991	207
-352.799988	191
-348.389984	201
-343.979980	273
-339.569977	311
-335.159973	279
-330.750000	234
-326.339996	199
-321.929993	206
-317.519989	228
-313.109985	244
-308.699982	246
-304.289978	247
-299.880005	240
-295.470001	247
-291.059998	250
-286.649994	259
-282.239990	265
-277.829987	275
-273.419983	274
-269.009979	299
-264.599976	278
-260.190002	291
-255.779999	298
-251.369995	290
-246.959991	318
-242.549988	327
-238.139984	349
-233.729996	353
-229.319992	376
-224.909988	327
-220.500000	347
-216.089996	361
-211.679993	365
-207.269989	362
-202.859985	367
-198.449997	402
-194.039993	400
-189.629990	436
-185.220001	479
-180.809998	478
-176.399994	508
-171.989990	573
-167.579987	568
-163.169998	604
-158.759995	638
-154.349991	658
-149.940002	675
-145.529999	726
-141.119995	800
-136.709991	836
-132.299988	912
-127.889999	1029
-123.479996	1079
-119.069992	1126
-114.659996	1201
-110.250000	1302
-105.839996	1429
-101.429993	1589
-97.019997	1715
-92.610001	1896
-88.199997	2181
-83.789993	2427
-79.379997	2597
-74.970001	2954
-70.559998	3332
-66.149994	3686
-61.739998	4267
-57.329998	4924
-52.919998	5669
-48.509998	6322
-44.099998	7203
-39.689999	8044
-35.279999	8684
-30.869999	9199
-26.459999	9583
-22.049999	9954
-17.639999	10299
-13.230000	10552
-8.820000	10775
-4.410000	11007
0.000000	11018
4.410000	10969
8.820000	10893
13.230000	10852
17.639999	10893
22.049999	10846
26.459999	10677
30.869999	10575
35.279999	10539
39.689999	10443
44.099998	10313
48.509998	10190
52.919998	10045
57.329998	9954
61.739998	9736
66.149994	9359
70.559998	9121
74.970001	8753
79.379997	8024
83.789993	7170
88.199997	6293
92.610001	5567
97.019997	5017
101.429993	4254
105.839996	3663
110.250000	3246
114.659996	2885
119.069992	2603
123.479996	2247
127.889999	2036
132.299988	1887
136.709991	1693
141.119995	1550
145.529999	1472
149.940002	1409
154.349991	1307
158.759995	1101
163.169998	918
167.579987	826
171.989990	815
176.399994	845
180.809998	823
185.220001	750
189.629990	670
194.039993	632
198.449997	635
202.859985	608
207.269989	545
211.679993	534
216.089996	512
220.500000	500
224.909988	462
229.319992	469
233.729996	490
238.139984	445
242.549988	407
246.959991	341
251.369995	372
255.779999	388
260.190002	351
264.599976	327
269.009979	312
273.419983	322
277.829987	319
282.239990	310
286.649994	287
291.059998	310
295.470001	305
299.880005	261
304.289978	276
308.699982	312
313.109985	302
317.519989	297
321.929993	332
326.339996	306
330.750000	280
335.159973	266
339.569977	253
343.979980	263
348.389984	254
352.799988	231
357.209991	270
361.619995	305
366.029999	286
370.440002	271
374.849976	238
379.259979	224
383.669983	230
388.079987	265
392.489990	274
396.899994	264
401.309998	245
405.719971	245
410.129974	247
414.539978	247
418.949982	236
423.359985	213
427.769989	231
432.179993	248
436.589996	238
441.000000	223
445.409973	231
449.819977	267
454.229980	271
458.639984	258
463.049988	228
467.459991	216
471.869995	205
476.279968	221
480.689972	255
485.099976	235
489.509979	236
493.919983	248
498.329987	249
502.739990	238
507.149994	215
511.559998	229
515.969971	225
520.380005	227
524.789978	221
529.199951	212
533.609985	226
538.019958	245
542.429993	232
546.839966	217
551.250000	246
555.659973	257
560.070007	220
564.479980	241
568.889954	282
573.299988	232
577.709961	203
582.119995	206
586.529968	223
590.940002	211
595.349976	214
599.760010	207
604.169983	181
608.579956	195
612.989990	199
617.399963	198
621.809998	207
626.219971	231
630.630005	225
635.039978	218
639.449951	211
643.859985	225
648.269958	208
652.679993	220
657.089966	205
661.500000	201
665.909973	224
670.319946	225
674.729980	199
679.139954	216
683.549988	238
687.959961	246
692.369995	257
696.779968	219
701.190002	190
705.599976	191
710.009949	219
714.419983	237
718.829956	247
723.239990	196
727.649963	217
732.059998	228
736.469971	207
740.880005	198
745.289978	206
749.699951	205
754.109985	195
758.519958	209
762.929993	206
767.339966	219
771.750000	216
776.159973	195
780.569946	200
784.979980	201
789.389954	208
793.799988	214
798.209961	206
802.619995	218
807.029968	216
811.439941	245
815.849976	225
820.259949	200
824.669983	199
829.079956	227
833.489990	250
837.899963	237
842.309998	226
846.719971	215
851.129944	195
855.539978	232
859.949951	227
864.359985	202
868.769958	193
873.179993	199
877.589966	193
882.000000	206
886.409973	211
890.819946	201
895.229980	200
899.639954	210
904.049988	199
908.459961	209
912.869995	193
917.279968	192
921.689941	200
926.099976	186
930.509949	183
934.919983	213
939.329956	232
943.739990	221
948.149963	208
952.559937	226
956.969971	231
961.379944	220
965.789978	224
970.199951	227
974.609985	205
979.019958	214
983.429993	250
987.839966	259
992.249939	229
996.659973	207
1001.069946	193
1005.479980	226
1009.889954	258
1014.299988	249
1018.709961	226
1023.119995	208
1027.529907	186
1031.939941	178
1036.349976	199
1040.760010	217
1045.169922	218
1049.579956	217
1053.989990	200
1058.399902	195
1062.809937	218
1067.219971	222
1071.630005	213
1076.039917	212
1080.449951	195
1084.859985	189
1089.270020	201
1093.679932	208
1098.089966	200
1102.500000	221
1106.909912	213
1111.319946	188
1115.729980	217
1120.140015	226
1124.549927	222
1128.959961	199
1133.369995	188
1137.779907	186
1142.189941	204
1146.599976	190
1151.010010	207
1155.419922	214
1159.829956	208
1164.239990	208
1168.649902	196
1173.059937	199
1177.469971	215
1181.880005	208
1186.289917	224
1190.699951	242
1195.109985	218
1199.520020	206
1203.929932	203
1208.339966	173
1212.750000	179
1217.159912	202
1221.569946	199
1225.979980	199
1230.390015	195
1234.799927	213
1239.209961	225
1243.619995	207
1248.029907	213
1252.439941	221
1256.849976	255
1261.260010	275
1265.669922	246
1270.079956	217
1274.489990	210
1278.899902	191
1283.309937	195
1287.719971	224
1292.130005	230
1296.539917	205
1300.949951	206
1305.359985	215
1309.769897	188
1314.179932	195
1318.589966	186
1323.000000	171
1327.409912	198
1331.819946	236
1336.229980	214
1340.639893	195
1345.049927	181
1349.459961	194
1353.869995	229
1358.279907	237
1362.689941	212
1367.099976	183
1371.510010	202
1375.919922	228
1380.329956	240
1384.739990	227
1389.149902	214
1393.559937	208
1397.969971	193
1402.380005	196
1406.789917	202
1411.199951	202
1415.609985	224
1420.019897	193
1424.429932	191
1428.839966	202
1433.250000	184
1437.659912	163
1442.069946	176
1446.479980	200
1450.889893	215
1455.299927	220
1459.709961	247
1464.119995	225
1468.529907	196
1472.939941	229
1477.349976	248
1481.760010	201
1486.169922	187
1490.579956	220
1494.989990	200
1499.399902	218
1503.809937	215
1508.219971	197
1512.630005	199
1517.039917	183
1521.449951	186
1525.859985	212
1530.269897	198
1534.679932	193
1539.089966	198
1543.500000	207
1547.909912	211
1552.319946	220
1556.729980	225
1561.139893	174
1565.549927	194
1569.959961	219
1574.369995	209
1578.779907	206
1583.189941	195
1587.599976	200
1592.009888	181
1596.419922	173
1600.829956	178
1605.239990	202
1609.649902	222
1614.059937	217
1618.469971	204
1622.879883	222
1627.289917	246
1631.699951	240
1636.109985	196
1640.519897	210
1644.929932	219
1649.339966	190
1653.750000	189
1658.159912	193
1662.569946	190
1666.979980	192
1671.389893	197
1675.799927	192
1680.209961	195
1684.619995	215
1689.029907	221
1693.439941	219
1697.849976	176
1702.259888	180
1706.669922	191
1711.079956	199
1715.489990	206
1719.899902	208
1724.309937	213
1728.719971	187
1733.129883	201
1737.539917	199
1741.949951	214
1746.359985	196
1750.769897	193
1755.179932	198
1759.589966	188
1764.000000	197
1768.409912	204
1772.819946	226
1777.229980	214
1781.639893	204
1786.049927	219
1790.459961	225
1794.869995	225
1799.279907	221
1803.689941	222
1808.099976	223
1812.509888	237
1816.919922	258
1821.329956	216
1825.739990	199
1830.149902	187
1834.559937	198
1838.969971	194
1843.379883	211
1847.789917	200
1852.199951	178
1856.609985	188
1861.019897	209
1865.429932	213
1869.839966	213
1874.249878	208
1878.659912	193
1883.069946	171
1887.479980	185
1891.889893	237
1896.299927	237
1900.709961	215
1905.119873	189
1909.529907	194
1913.939941	220
1918.349976	204
1922.759888	203
1927.169922	204
1931.579956	201
1935.989990	214
1940.399902	226
1944.809937	197
1949.219971	172
1953.629883	170
1958.039917	209
1962.449951	225
1966.859985	215
1971.269897	211
1975.679932	215
1980.089966	199
1984.499878	217
1988.909912	207
1993.319946	208
1997.729980	213
2002.139893	196
2006.549927	183
2010.959961	203
2015.369873	217
2019.779907	214
2024.189941	201
2028.599976	187
2033.009888	195
2037.419922	227
2041.829956	230
2046.239990	247
2050.649902	209
2055.059814	199
2059.469971	216
2063.879883	213
2068.290039	212
2072.699951	200
2077.109863	206
2081.520020	212
2085.929932	211
2090.339844	202
2094.750000	206
2099.159912	215
2103.569824	197
2107.979980	193
2112.389893	182
2116.799805	212
2121.209961	231
2125.619873	200
2130.030029	210
2134.439941	212
2138.849854	194
2143.260010	194
2147.669922	205
2152.079834	191
2156.489990	217
2160.899902	228
2165.309814	210
2169.719971	202
2174.129883	244
2178.540039	259
2182.949951	233
2187.359863	225
2191.770020	219
2196.179932	205
2200.589844	220
2205.000000	192
2209.409912	197
2213.819824	189
2218.229980	196
2222.639893	204
2227.049805	196
2231.459961	192
2235.869873	199
2240.280029	220
2244.689941	237
2249.099854	200
2253.510010	225
2257.919922	207
2262.329834	205
2266.739990	232
2271.149902	206
2275.559814	183
2279.969971	186
2284.379883	186
2288.790039	181
2293.199951	192
2297.609863	199
2302.020020	189
2306.429932	195
2310.839844	235
2315.250000	237
2319.659912	217
2324.069824	204
2328.479980	176
2332.889893	207
2337.299805	216
2341.709961	253
2346.119873	251
2350.530029	214
2354.939941	221
2359.349854	225
2363.760010	232
2368.169922	207
2372.579834	203
2376.989990	197
2381.399902	219
2385.809814	221
2390.219971	220
2394.629883	210
2399.040039	219
2403.449951	254
2407.859863	246
2412.270020	237
2416.679932	219
2421.089844	213
2425.500000	222
2429.909912	219
2434.319824	218
2438.729980	187
2443.139893	194
2447.549805	194
2451.959961	215
2456.369873	236
2460.780029	218
2465.189941	224
2469.599854	219
2474.010010	234
2478.419922	195
2482.829834	173
2487.239990	210
2491.649902	220
2496.059814	209
2500.469971	225
2504.879883	211
2509.289795	219
2513.699951	228
2518.109863	221
2522.520020	230
2526.929932	214
2531.339844	197
2535.750000	203
2540.159912	216
2544.569824	211
2548.979980	202
2553.389893	223
2557.799805	235
2562.209961	218
2566.619873	203
2571.030029	217
2575.439941	205
2579.849854	211
2584.260010	206
2588.669922	220
2593.079834	228
2597.489990	214
2601.899902	202
2606.309814	205
2610.719971	211
2615.129883	202
2619.539795	202
2623.949951	216
2628.359863	210
2632.770020	226
2637.179932	220
2641.589844	211
2646.000000	240
2650.409912	230
2654.819824	212
2659.229980	193
2663.639893	206
2668.049805	233
2672.459961	211
2676.869873	204
2681.279785	227
2685.689941	222
2690.099854	224
2694.510010	203
2698.919922	189
2703.329834	182
2707.739990	224
2712.149902	241
2716.559814	212
2720.969971	213
2725.379883	209
2729.789795	220
2734.199951	229
2738.609863	226
2743.020020	228
2747.429932	219
2751.839844	219
2756.250000	201
2760.659912	194
2765.069824	180
2769.479980	207
2773.889893	218
2778.299805	243
2782.709961	253
2787.119873	246
2791.529785	215
2795.939941	208
2800.349854	196
2804.760010	214
2809.169922	226
2813.579834	211
2817.989990	203
2822.399902	201
2826.809814	195
2831.219971	214
2835.629883	226
2840.039795	207
2844.449951	199
2848.859863	207
2853.270020	208
2857.679932	238
2862.089844	224
2866.500000	248
2870.909912	237
2875.319824	208
2879.729980	224
2884.139893	220
2888.549805	232
2892.959961	232
2897.369873	264
2901.779785	263
2906.189941	226
2910.599854	195
2915.010010	193
2919.419922	187
2923.829834	198
2928.239990	192
2932.649902	179
2937.059814	197
2941.469971	233
2945.879883	231
2950.289795	242
2954.699951	265
2959.109863	250
2963.520020	228
2967.929932	229
2972.339844	188
2976.750000	203
2981.159912	214
2985.569824	192
2989.979980	191
2994.389893	231
2998.799805	247
3003.209961	229
3007.619873	229
3012.029785	235
3016.439941	231
3020.849854	229
3025.260010	231
3029.669922	199
3034.079834	207
3038.489990	235
3042.899902	255
3047.309814	231
3051.719971	240
3056.129883	252
3060.539795	248
3064.949951	233
3069.359863	225
3073.769775	246
3078.179932	230
3082.589844	202
3087.000000	179
3091.409912	218
3095.819824	233
3100.229980	224
3104.639893	247
3109.049805	227
3113.459961	179
3117.869873	193
3122.279785	230
3126.689941	239
3131.099854	213
3135.510010	210
3139.919922	220
3144.329834	227
3148.739990	249
3153.149902	237
3157.559814	220
3161.969971	233
3166.379883	249
3170.789795	244
3175.199951	256
3179.609863	253
3184.019775	235
3188.429932	261
3192.839844	249
3197.250000	220
3201.659912	197
3206.069824	192
3210.479980	204
3214.889893	219
3219.299805	227
3223.709961	216
3228.119873	218
3232.529785	215
3236.939941	221
3241.349854	236
3245.759766	241
3250.169922	229
3254.579834	215
3258.989990	214
3263.399902	226
3267.809814	217
3272.219971	228
3276.629883	229
3281.039795	241
3285.449951	266
3289.859863	234
3294.269775	234
3298.679932	199
3303.089844	197
3307.500000	215
3311.909912	247
3316.319824	258
3320.729980	239
3325.139893	232
3329.549805	198
3333.959961	204
3338.369873	213
3342.779785	217
3347.189941	213
3351.599854	216
3356.009766	235
3360.419922	228
3364.829834	212
3369.239990	248
3373.649902	248
3378.059814	205
3382.469971	176
3386.879883	212
3391.289795	213
3395.699951	237
3400.109863	226
3404.519775	196
3408.929932	228
3413.339844	236
3417.750000	226
3422.159912	218
3426.569824	227
3430.979980	215
3435.389893	214
3439.799805	220
3444.209961	244
3448.619873	216
3453.029785	195
3457.439941	182
3461.849854	199
3466.259766	214
3470.669922	229
3475.079834	225
3479.489990	211
3483.899902	213
3488.309814	198
3492.719971	233
3497.129883	245
3501.539795	215
3505.949951	230
3510.359863	217
3514.769775	213
3519.179932	239
3523.589844	223
3528.000000	206
3532.409912	206
3536.819824	227
3541.229980	231
3545.639893	219
3550.049805	194
3554.459961	215
3558.869873	215
3563.279785	205
3567.689941	202
3572.099854	208
3576.509766	213
3580.919922	234
3585.329834	219
3589.739990	216
3594.149902	227
3598.559814	221
3602.969971	228
3607.379883	250
3611.789795	221
3616.199951	191
3620.609863	207
3625.019775	223
3629.429932	216
3633.839844	224
3638.249756	216
3642.659912	234
3647.069824	236
3651.479980	224
3655.889893	212
3660.299805	191
3664.709961	201
3669.119873	215
3673.529785	234
3677.939941	249
3682.349854	228
3686.759766	225
3691.169922	231
3695.579834	228
3699.989990	232
3704.399902	221
3708.809814	214
3713.219971	214
3717.629883	210
3722.039795	208
3726.449951	220
3730.859863	242
3735.269775	236
3739.679932	222
3744.089844	230
3748.499756	234
3752.909912	217
3757.319824	212
3761.729980	217
3766.139893	215
3770.549805	206
3774.959961	203
3779.369873	241
3783.779785	234
3788.189941	227
3792.599854	239
3797.009766	234
3801.419922	238
3805.829834	236
3810.239746	252
3814.649902	270
3819.059814	292
3823.469971	260
3827.879883	206
3832.289795	223
3836.699951	287
3841.109863	304
3845.519775	275
3849.929932	238
3854.339844	231
3858.749756	254
3863.159912	285
3867.569824	285
3871.979980	252
3876.389893	282
3880.799805	301
3885.209961	281
3889.619873	252
3894.029785	277
3898.439941	291
3902.849854	287
3907.259766	284
3911.669922	240
3916.079834	238
3920.489746	263
3924.899902	272
3929.309814	274
3933.719971	282
3938.129883	264
3942.539795	266
3946.949951	300
3951.359863	275
3955.769775	275
3960.179932	286
3964.589844	309
3968.999756	342
3973.409912	351
3977.819824	332
3982.229980	327
3986.639893	296
3991.049805	310
3995.459961	310
3999.869873	328
4004.279785	368
4008.689941	392
4013.099854	391
4017.509766	367
4021.919922	365
4026.329834	364
4030.739746	372
4035.149902	357
4039.559814	370
4043.969971	403
4048.379883	398
4052.789795	391
4057.199951	441
4061.609863	491
4066.019775	475
4070.429932	475
4074.839844	487
4079.249756	429
4083.659912	445
4088.069824	491
4092.479980	492
4096.889648	452
4101.299805	427
4105.709961	444
4110.119629	422
4114.529785	467
4118.939941	519
4123.350098	497
4127.759766	478
4132.169922	486
4136.580078	490
4140.989746	459
4145.399902	466
4149.810059	473
4154.219727	520
4158.629883	470
4163.040039	478
4167.449707	497
4171.859863	453
4176.270020	456
4180.679688	508
4185.089844	511
4189.500000	483
4193.909668	470
4198.319824	530
4202.729980	533
4207.139648	471
4211.549805	468
4215.959961	534
4220.369629	593
4224.779785	546
4229.189941	518
4233.599609	526
4238.009766	563
4242.419922	530
4246.830078	553
4251.239746	610
4255.649902	604
4260.060059	564
4264.469727	547
4268.879883	591
4273.290039	612
4277.699707	609
4282.109863	570
4286.520020	520
4290.929688	543
4295.339844	596
4299.750000	640
4304.159668	622
4308.569824	581
4312.979980	526
4317.389648	527
4321.799805	594
4326.209961	616
4330.619629	635
4335.029785	650
4339.439941	688
4343.849609	665
4348.259766	719
4352.669922	783
4357.080078	761
4361.489746	780
4365.899902	759
4370.310059	788
4374.719727	837
4379.129883	855
4383.540039	863
4387.949707	912
4392.359863	942
4396.770020	901
4401.179688	911
4405.589844	883
4410.000000	803
4414.409668	791
4418.819824	787
4423.229980	848
4427.639648	926
4432.049805	886
4436.459961	869
4440.869629	927
4445.279785	940
4449.689941	877
4454.099609	899
4458.509766	933
4462.919922	957
4467.330078	984
4471.739746	991
4476.149902	1006
4480.560059	975
4484.969727	1000
4489.379883	1028
4493.790039	1059
4498.199707	1033
4502.609863	993
4507.020020	1091
4511.429688	1146
4515.839844	1178
4520.250000	1170
4524.659668	1135
4529.069824	1083
4533.479980	1043
4537.889648	1062
4542.299805	1088
4546.709961	1163
4551.119629	1141
4555.529785	1061
4559.939941	1091
4564.349609	1136
4568.759766	1170
4573.169922	1136
4577.580078	1128
4581.989746	1197
4586.399902	1175
4590.810059	1163
4595.219727	1230
4599.629883	1242
4604.040039	1216
4608.449707	1216
4612.859863	1219
4617.270020	1236
4621.679688	1298
4626.089844	1323
4630.500000	1288
4634.909668	1310
4639.319824	1307
4643.729980	1318
4648.139648	1374
4652.549805	1409
4656.959961	1384
4661.369629	1332
4665.779785	1333
4670.189941	1399
4674.599609	1402
4679.009766	1445
4683.419922	1415
4687.830078	1448
4692.239746	1516
4696.649902	1554
4701.060059	1602
4705.469727	1604
4709.879883	1629
4714.290039	1619
4718.699707	1620
4723.109863	1687
4727.520020	1690
4731.929688	1724
4736.339844	1737
4740.750000	1804
4745.159668	1873
4749.569824	1861
4753.979980	1889
4758.389648	1850
4762.799805	1963
4767.209961	2041
4771.619629	2033
4776.029785	1996
4780.439941	2029
4784.849609	2085
4789.259766	2095
4793.669922	2118
4798.080078	2194
4802.489746	2268
4806.899902	2326
4811.310059	2323
4815.719727	2346
4820.129883	2333
4824.540039	2337
4828.949707	2228
4833.359863	2296
4837.770020	2442
4842.179688	2383
4846.589844	2395
4851.000000	2513
4855.409668	2497
4859.819824	2512
4864.229980	2497
4868.639648	2491
4873.049805	2479
4877.459961	2499
4881.869629	2470
4886.279785	2479
4890.689941	2535
4895.099609	2595
4899.509766	2660
4903.919922	2632
4908.329590	2643
4912.739746	2647
4917.149902	2713
4921.560059	2739
4925.969727	2705
4930.379883	2671
4934.790039	2741
4939.199707	2783
4943.609863	2764
4948.020020	2847
4952.429688	2875
4956.839844	2829
4961.250000	2737
4965.659668	2827
4970.069824	2811
4974.479980	2771
4978.889648	2738
4983.299805	2688
4987.709961	2734
4992.119629	2714
4996.529785	2680
5000.939941	2716
5005.349609	2798
5009.759766	2735
5014.169922	2671
5018.579590	2685
5022.989746	2720
5027.399902	2702
5031.810059	2659
5036.219727	2695
5040.629883	2655
5045.040039	2648
5049.449707	2619
5053.859863	2644
5058.270020	2691
5062.679688	2701
5067.089844	2716
5071.500000	2781
5075.909668	2856
5080.319824	2897
5084.729980	2879
5089.139648	2802
5093.549805	2785
5097.959961	2767
5102.369629	2686
5106.779785	2714
5111.189941	2810
5115.599609	2817
5120.009766	2797
5124.419922	2784
5128.829590	2841
5133.239746	2861
5137.649902	2817
5142.060059	2811
5146.469727	2827
5150.879883	2867
5155.290039	2888
5159.699707	2878
5164.109863	2832
5168.520020	2794
5172.929688	2728
5177.339844	2670
5181.750000	2646
5186.159668	2659
5190.569824	2647
5194.979980	2669
5199.389648	2578
5203.799805	2500
5208.209961	2557
5212.619629	2519
5217.029785	2538
5221.439941	2553
5225.849609	2577
5230.259766	2599
5234.669922	2574
5239.079590	2560
5243.489746	2570
5247.899902	2639
5252.310059	2721
5256.719727	2713
5261.129883	2677
5265.540039	2617
5269.949707	2694
5274.359863	2698
5278.770020	2714
5283.179688	2655
5287.589844	2679
5292.000000	2715
5296.409668	2663
5300.819824	2659
5305.229980	2745
5309.639648	2882
5314.049805	2863
5318.459961	2815
5322.869629	2786
5327.279785	2824
5331.689941	2869
5336.099609	2823
5340.509766	2845
5344.919922	2884
5349.329590	2816
5353.739746	2764
5358.149902	2856
5362.559570	2890
5366.969727	2861
5371.379883	2849
5375.790039	2869
5380.199707	2944
5384.609863	2897
5389.020020	2873
5393.429688	2955
5397.839844	2987
5402.250000	2900
5406.659668	2839
5411.069824	2866
5415.479980	2818
5419.889648	2906
5424.299805	2943
5428.709961	2896
5433.119629	2896
5437.529785	2878
5441.939941	2788
5446.349609	2772
5450.759766	2811
5455.169922	2863
5459.579590	2833
5463.989746	2827
5468.399902	2781
5472.809570	2705
5477.219727	2702
5481.629883	2754
5486.040039	2866
5490.449707	2858
5494.859863	2782
5499.270020	2652
5503.679688	2695
5508.089844	2739
5512.500000	2761
5516.909668	2719
5521.319824	2755
5525.729980	2743
5530.139648	2770
5534.549805	2804
5538.959961	2822
5543.369629	2797
5547.779785	2777
5552.189941	2744
5556.599609	2729
5561.009766	2699
5565.419922	2742
5569.829590	2833
5574.239746	2805
5578.649902	2756
5583.059570	2820
5587.469727	2797
5591.879883	2750
5596.290039	2740
5600.699707	2816
5605.109863	2867
5609.520020	2843
5613.929688	2731
5618.339844	2713
5622.750000	2790
5627.159668	2824
5631.569824	2846
5635.979980	2812
5640.389648	2692
5644.799805	2720
5649.209961	2740
5653.619629	2758
5658.029785	2758
5662.439941	2793
5666.849609	2758
5671.259766	2786
5675.669922	2846
5680.079590	2842
5684.489746	2735
5688.899902	2703
5693.309570	2661
5697.719727	2703
5702.129883	2816
5706.540039	2920
5710.949707	2828
5715.359863	2710
5719.770020	2718
5724.179688	2832
5728.589844	2821
5733.000000	2706
5737.409668	2747
5741.819824	2775
5746.229980	2773
5750.639648	2860
5755.049805	2906
5759.459961	2950
5763.869629	2964
5768.279785	2990
5772.689941	2982
5777.099609	2927
5781.509766	2954
5785.919922	2971
5790.329590	2920
5794.739746	2948
5799.149902	3024
5803.559570	3008
5807.969727	3099
5812.379883	3101
5816.790039	3113
5821.199707	3101
5825.609863	3163
5830.020020	3190
5834.429688	3150
5838.839844	3195
5843.250000	3206
5847.659668	3169
5852.069824	3196
5856.479980	3235
5860.889648	3197
5865.299805	3131
5869.709961	3093
5874.119629	3083
5878.529785	3074
5882.939941	3069
5887.349609	2995
5891.759766	2958
5896.169922	3017
5900.579590	3039
5904.989746	3019
5909.399902	3027
5913.809570	2991
5918.219727	2957
5922.629883	2890
5927.040039	2811
5931.449707	2738
5935.859863	2786
5940.270020	2878
5944.679688	3019
5949.089844	3023
5953.500000	2891
5957.909668	2832
5962.319824	2923
5966.729980	2988
5971.139648	2996
5975.549805	2925
5979.959961	2923
5984.369629	2954
5988.779785	2901
5993.189941	2947
5997.599609	3016
6002.009766	3017
6006.419922	2934
6010.829590	2934
6015.239746	3004
6019.649902	3030
6024.059570	3077
6028.469727	3063
6032.879883	2978
6037.289551	3043
6041.699707	3114
6046.109863	3169
6050.520020	3126
6054.929688	3148
6059.339844	3149
6063.750000	3134
6068.159668	3089
6072.569824	3150
6076.979980	3178
6081.389648	3119
6085.799805	3202
6090.209961	3257
6094.619629	3228
6099.029785	3240
6103.439941	3232
6107.849609	3226
6112.259766	3187
6116.669922	3127
6121.079590	3139
6125.489746	3207
6129.899902	3187
6134.309570	3167
6138.719727	3154
6143.129883	3091
6147.539551	3081
6151.949707	3060
6156.359863	2989
6160.770020	3016
6165.179688	3019
6169.589844	2989
6174.000000	2959
6178.409668	2920
6182.819824	2957
6187.229980	2863
6191.639648	2789
6196.049805	2698
6200.459961	2707
6204.869629	2725
6209.279785	2613
6213.689941	2730
6218.099609	2754
6222.509766	2653
6226.919922	2607
6231.329590	2594
6235.739746	2565
6240.149902	2459
6244.559570	2461
6248.969727	2550
6253.379883	2538
6257.789551	2514
6262.199707	2494
6266.609863	2559
6271.020020	2634
6275.429688	2562
6279.839844	2473
6284.250000	2434
6288.659668	2494
6293.069824	2536
6297.479980	2580
6301.889648	2605
6306.299805	2629
6310.709961	2534
6315.119629	2488
6319.529785	2601
6323.939941	2673
6328.349609	2599
6332.759766	2661
6337.169922	2777
6341.579590	2749
6345.989746	2798
6350.399902	2827
6354.809570	2851
6359.219727	2904
6363.629883	2855
6368.039551	2813
6372.449707	2796
6376.859863	2872
6381.270020	2930
6385.679688	2930
6390.089844	2961
6394.500000	2960
6398.909668	2986
6403.319824	2980
6407.729980	2957
6412.139648	2965
6416.549805	2930
6420.959961	2914
6425.369629	2962
6429.779785	2978
6434.189941	3013
6438.599609	3000
6443.009766	2936
6447.419922	2966
6451.829590	3061
6456.239746	3052
6460.649902	3056
6465.059570	3055
6469.469727	3039
6473.879883	3024
6478.289551	2937
6482.699707	2964
6487.109863	3012
6491.519531	3006
6495.929688	2919
6500.339844	2937
6504.750000	3008
6509.159668	3023
6513.569824	3046
6517.979980	3011
6522.389648	3021
6526.799805	2942
6531.209961	2905
6535.619629	2925
6540.029785	2962
6544.439941	2925
6548.849609	2929
6553.259766	2911
6557.669922	2833
6562.079590	2752
6566.489746	2883
6570.899902	3023
6575.309570	2983
6579.719727	2912
6584.129883	3012
6588.539551	3083
6592.949707	2990
6597.359863	2911
6601.769531	2975
6606.179688	3061
6610.589844	3063
6615.000000	3092
6619.409668	3078
6623.819824	3124
6628.229980	3125
6632.639648	3062
6637.049805	3104
6641.459961	3150
6645.869629	3136
6650.279785	3119
6654.689941	3233
6659.099609	3188
6663.509766	3115
6667.919922	3206
6672.329590	3194
6676.739746	3120
6681.149902	3075
6685.559570	3107
6689.969727	3119
6694.379883	3053
6698.789551	3044
6703.199707	3103
6707.609863	3093
6712.019531	3016
6716.429688	3106
6720.839844	3114
6725.250000	3102
6729.659668	3061
6734.069824	2993
6738.479980	2949
6742.889648	2907
6747.299805	2932
6751.709961	3011
6756.119629	3111
6760.529785	3039
6764.939941	3022
6769.349609	3030
6773.759766	2989
6778.169922	3015
6782.579590	3048
6786.989746	3133
6791.399902	3118
6795.809570	3093
6800.219727	3167
6804.629883	3129
6809.039551	3062
6813.449707	3035
6817.859863	3031
6822.269531	3040
6826.679688	3115
6831.089844	3155
6835.500000	3137
6839.909668	3134
6844.319824	3162
6848.729980	3161
6853.139648	3190
6857.549805	3089
6861.959961	3035
6866.369629	3068
6870.779785	3102
6875.189941	3160
6879.599609	3202
6884.009766	3236
6888.419922	3212
6892.829590	3118
6897.239746	3135
6901.649902	3171
6906.059570	3195
6910.469727	3148
6914.879883	2993
6919.289551	3011
6923.699707	3117
6928.109863	3202
6932.519531	3207
6936.929688	3077
6941.339844	3146
6945.750000	3184
6950.159668	3199
6954.569824	3163
6958.979980	3124
6963.389648	3123
6967.799805	3201
6972.209961	3154
6976.619629	3164
6981.029785	3141
6985.439941	3059
6989.849609	3018
6994.259766	3038
6998.669922	3099
7003.079590	3142
7007.489746	3132
7011.899902	3108
7016.309570	3127
7020.719727	3109
7025.129883	3120
7029.539551	3240
7033.949707	3226
7038.359863	3163
7042.769531	3122
7047.179688	3138
7051.589844	3154
7056.000000	3093
7060.409668	3009
7064.819824	3076
7069.229980	3144
7073.639648	3096
7078.049805	3059
7082.459961	3063
7086.869629	2944
7091.279785	2924
7095.689941	2905
7100.099609	2864
7104.509766	2804
7108.919922	2675
7113.329590	2656
7117.739746	2588
7122.149902	2568
7126.559570	2604
7130.969727	2510
7135.379883	2405
7139.789551	2430
7144.199707	2401
7148.609863	2283
7153.019531	2266
7157.429688	2225
7161.839844	2169
7166.249512	2140
7170.659668	2078
7175.069824	2092
7179.479980	2068
7183.889648	2072
7188.299805	2107
7192.709961	2073
7197.119629	1982
7201.529785	1892
7205.939941	1926
7210.349609	2030
7214.759766	2100
7219.169922	2136
7223.579590	2150
7227.989746	2077
7232.399902	2090
7236.809570	2113
7241.219727	2112
7245.629883	2029
7250.039551	1969
7254.449707	1934
7258.859863	1921
7263.269531	1929
7267.679688	1917
7272.089844	1932
7276.499512	1936
7280.909668	1928
7285.319824	1986
7289.729980	1972
7294.139648	1921
7298.549805	1886
7302.959961	1846
7307.369629	1864
7311.779785	1813
7316.189941	1758
7320.599609	1756
7325.009766	1759
7329.419922	1668
7333.829590	1615
7338.239746	1625
7342.649902	1619
7347.059570	1613
7351.469727	1616
7355.879883	1500
7360.289551	1402
7364.699707	1330
7369.109863	1339
7373.519531	1366
7377.929688	1397
7382.339844	1358
7386.749512	1316
7391.159668	1344
7395.569824	1354
7399.979980	1315
7404.389648	1345
7408.799805	1389
7413.209961	1456
7417.619629	1539
7422.029785	1587
7426.439941	1559
7430.849609	1577
7435.259766	1659
7439.669922	1793
7444.079590	1792
7448.489746	1822
7452.899902	1884
7457.309570	1964
7461.719727	2063
7466.129883	2050
7470.539551	2149
7474.949707	2186
7479.359863	2194
7483.769531	2256
7488.179688	2243
7492.589844	2242
7496.999512	2216
7501.409668	2263
7505.819824	2285
7510.229980	2374
7514.639648	2429
7519.049805	2401
7523.459961	2401
7527.869629	2476
7532.279785	2568
7536.689941	2497
7541.099609	2441
7545.509766	2463
7549.919922	2490
7554.329590	2442
7558.739746	2471
7563.149902	2477
7567.559570	2405
7571.969727	2280
7576.379883	2188
7580.789551	2183
7585.199707	2119
7589.609863	2054
7594.019531	1948
7598.429688	1859
7602.839844	1809
7607.249512	1752
7611.659668	1613
7616.069824	1589
7620.479492	1542
7624.889648	1492
7629.299805	1519
7633.709961	1518
7638.119629	1365
7642.529785	1296
7646.939941	1393
7651.349609	1435
7655.759766	1488
7660.169922	1412
7664.579590	1381
7668.989746	1367
7673.399902	1304
7677.809570	1321
7682.219727	1362
7686.629883	1328
7691.039551	1235
7695.449707	1205
7699.859863	1304
7704.269531	1275
7708.679688	1211
7713.089844	1161
7717.499512	1138
7721.909668	1278
7726.319824	1261
7730.729492	1193
7735.139648	1189
7739.549805	1193
7743.959961	1092
7748.369629	1066
7752.779785	1030
7757.189941	940
7761.599609	934
7766.009766	944
7770.419922	884
7774.829590	859
7779.239746	879
7783.649902	880
7788.059570	832
7792.469727	808
7796.879883	852
7801.289551	824
7805.699707	783
7810.109863	813
7814.519531	806
7818.929688	778
7823.339844	760
7827.749512	791
7832.159668	745
7836.569824	773
7840.979492	810
7845.389648	814
7849.799805	822
7854.209961	882
7858.619629	933
7863.029785	909
7867.439941	944
7871.849609	1025
7876.259766	1028
7880.669922	1068
7885.079590	1087
7889.489746	1068
7893.899902	1085
7898.309570	1118
7902.719727	1106
7907.129883	1195
7911.539551	1293
7915.949707	1344
7920.359863	1387
7924.769531	1462
7929.179688	1506
7933.589844	1573
7937.999512	1627
7942.409668	1609
7946.819824	1618
7951.229492	1645
7955.639648	1599
7960.049805	1581
7964.459961	1626
7968.869629	1748
7973.279785	1906
7977.689941	1907
7982.099609	1847
7986.509766	1844
7990.919922	1832
7995.329590	1823
7999.739746	1935
8004.149902	2052
8008.559570	2023
8012.969727	1942
8017.379883	2028
8021.789551	2023
8026.199707	1949
8030.609863	1903
8035.019531	1934
8039.429688	2045
8043.839844	2107
8048.249512	2061
8052.659668	2013
8057.069824	2031
8061.479492	2031
8065.889648	1979
8070.299805	2026
8074.709961	1997
8079.119629	1913
8083.529785	1824
8087.939941	1845
8092.349609	1874
8096.759766	1875
8101.169922	1822
8105.579590	1819
8109.989746	1785
8114.399902	1703
8118.809570	1618
8123.219727	1621
8127.629883	1605
8132.039551	1537
8136.449707	1483
8140.859863	1452
8145.269531	1437
8149.679688	1420
8154.089844	1415
8158.499512	1418
8162.909668	1348
8167.319824	1230
8171.729492	1210
8176.139648	1255
8180.549805	1205
8184.959961	1149
8189.369629	1077
8193.779297	1062
8198.189453	1116
8202.599609	1126
8207.009766	1069
8211.419922	1023
8215.830078	1035
8220.239258	1021
8224.649414	1021
8229.059570	981
8233.469727	948
8237.879883	888
8242.290039	842
8246.700195	824
8251.109375	793
8255.519531	799
8259.929688	804
8264.339844	782
8268.750000	787
8273.160156	751
8277.569336	755
8281.979492	785
8286.389648	737
8290.799805	686
8295.209961	660
8299.620117	643
8304.029297	690
8308.439453	704
8312.849609	645
8317.259766	599
8321.669922	624
8326.080078	651
8330.489258	640
8334.899414	590
8339.309570	605
8343.719727	622
8348.129883	690
8352.540039	676
8356.950195	651
8361.359375	661
8365.769531	643
8370.179688	672
8374.589844	730
8379.000000	747
8383.410156	674
8387.819336	671
8392.229492	702
8396.639648	715
8401.049805	792
8405.459961	827
8409.870117	805
8414.279297	836
8418.689453	883
8423.099609	944
8427.509766	973
8431.919922	965
8436.330078	978
8440.739258	1093
8445.149414	1039
8449.559570	1014
8453.969727	1018
8458.379883	1106
8462.790039	1129
8467.199219	1121
8471.609375	1127
8476.019531	1091
8480.429688	1042
8484.839844	1123
8489.250000	1166
8493.660156	1164
8498.069336	1235
8502.479492	1224
8506.889648	1233
8511.299805	1232
8515.709961	1200
8520.120117	1145
8524.529297	1187
8528.939453	1222
8533.349609	1292
8537.759766	1347
8542.169922	1362
8546.580078	1380
8550.989258	1343
8555.399414	1278
8559.809570	1329
8564.219727	1348
8568.629883	1343
8573.040039	1421
8577.449219	1443
8581.859375	1408
8586.269531	1465
8590.679688	1529
8595.089844	1470
8599.500000	1404
8603.910156	1392
8608.319336	1378
8612.729492	1375
8617.139648	1313
8621.549805	1309
8625.959961	1379
8630.370117	1412
8634.779297	1422
8639.189453	1482
8643.599609	1484
8648.009766	1398
8652.419922	1338
8656.830078	1381
8661.239258	1354
8665.649414	1327
8670.059570	1358
8674.469727	1290
8678.879883	1226
8683.290039	1252
8687.699219	1335
8692.109375	1288
8696.519531	1204
8700.929688	1166
8705.339844	1196
8709.750000	1262
8714.160156	1293
8718.569336	1238
8722.979492	1101
8727.389648	1052
8731.799805	1095
8736.209961	1074
8740.620117	1102
8745.029297	1070
8749.439453	1006
8753.849609	1007
8758.259766	1031
8762.669922	1056
8767.080078	999
8771.489258	929
8775.899414	928
8780.309570	943
8784.719727	889
8789.129883	863
8793.540039	859
8797.949219	876
8802.359375	922
8806.769531	860
8811.179688	819
8815.589844	755
8820.000000	711
8824.410156	722
8828.819336	732
8833.229492	755
8837.639648	767
8842.049805	707
8846.459961	675
8850.870117	649
8855.279297	612
8859.689453	632
8864.099609	571
8868.509766	548
8872.919922	588
8877.330078	520
8881.739258	484
8886.149414	529
8890.559570	546
8894.969727	546
8899.379883	474
8903.790039	407
8908.199219	397
8912.609375	411
8917.019531	425
8921.429688	438
8925.839844	422
8930.250000	406
8934.660156	422
8939.069336	368
8943.479492	340
8947.889648	337
8952.299805	362
8956.709961	386
8961.120117	350
8965.529297	325
8969.939453	330
8974.349609	360
8978.759766	345
8983.169922	299
8987.580078	338
8991.989258	372
8996.399414	368
9000.809570	342
9005.219727	351
9009.629883	364
9014.040039	362
9018.449219	355
9022.859375	309
9027.269531	309
9031.679688	339
9036.089844	384
9040.500000	392
9044.910156	367
9049.319336	349
9053.729492	370
9058.139648	383
9062.549805	352
9066.959961	377
9071.370117	379
9075.779297	363
9080.189453	375
9084.599609	387
9089.009766	406
9093.419922	395
9097.830078	383
9102.239258	367
9106.649414	369
9111.059570	351
9115.469727	356
9119.879883	377
9124.290039	372
9128.699219	381
9133.109375	380
9137.519531	351
9141.929688	361
9146.339844	421
9150.750000	450
9155.160156	437
9159.569336	426
9163.979492	397
9168.389648	378
9172.799805	427
9177.209961	461
9181.620117	487
9186.029297	487
9190.439453	500
9194.849609	473
9199.259766	491
9203.669922	460
9208.080078	480
9212.489258	492
9216.899414	468
9221.309570	448
9225.719727	469
9230.129883	437
9234.540039	407
9238.949219	389
9243.359375	393
9247.769531	444
9252.179688	421
9256.589844	415
9261.000000	453
9265.410156	456
9269.819336	402
9274.229492	373
9278.639648	430
9283.049805	425
9287.459961	398
9291.870117	408
9296.279297	394
9300.689453	388
9305.099609	381
9309.509766	367
9313.919922	370
9318.330078	354
9322.739258	334
9327.149414	337
9331.559570	343
9335.969727	373
9340.379883	351
9344.790039	351
9349.199219	382
9353.609375	348
9358.019531	332
9362.429688	318
9366.839844	342
9371.250000	344
9375.660156	338
9380.069336	329
9384.479492	332
9388.889648	336
9393.299805	361
9397.709961	344
9402.120117	309
9406.529297	269
9410.939453	263
9415.349609	289
9419.759766	290
9424.169922	299
9428.580078	325
9432.989258	315
9437.399414	298
9441.809570	313
9446.219727	323
9450.629883	284
9455.040039	295
9459.449219	282
9463.859375	265
9468.269531	292
9472.679688	302
9477.089844	262
9481.500000	277
9485.910156	301
9490.319336	336
9494.729492	303
9499.139648	268
9503.549805	290
9507.959961	278
9512.370117	278
9516.779297	241
9521.189453	211
9525.599609	250
9530.009766	230
9534.419922	244
9538.830078	251
9543.239258	261
9547.649414	271
9552.059570	292
9556.469727	281
9560.879883	284
9565.290039	252
9569.699219	256
9574.109375	241
9578.519531	219
9582.929688	236
9587.339844	246
9591.750000	242
9596.160156	235
9600.569336	234
9604.979492	249
9609.389648	228
9613.799805	204
9618.209961	233
9622.620117	247
9627.029297	262
9631.439453	253
9635.849609	259
9640.259766	255
9644.669922	246
9649.080078	237
9653.489258	235
9657.899414	242
9662.309570	260
9666.719727	260
9671.129883	260
9675.540039	239
9679.949219	229
9684.359375	246
9688.769531	288
9693.179688	289
9697.589844	260
9702.000000	240
9706.409180	237
9710.819336	243
9715.229492	228
9719.639648	242
9724.049805	267
9728.459961	251
9732.870117	270
9737.279297	276
9741.689453	279
9746.099609	269
9750.509766	259
9754.919922	286
9759.330078	282
9763.739258	284
9768.149414	279
9772.559570	254
9776.969727	248
9781.379883	281
9785.790039	289
9790.199219	292
9794.609375	236
9799.019531	254
9803.429688	272
9807.839844	274
9812.250000	269
9816.659180	297
9821.069336	314
9825.479492	315
9829.889648	278
9834.299805	242
9838.709961	258
9843.120117	277
9847.529297	257
9851.939453	246
9856.349609	274
9860.759766	283
9865.169922	276
9869.580078	273
9873.989258	281
9878.399414	290
9882.809570	289
9887.219727	297
9891.629883	340
9896.040039	339
9900.449219	328
9904.859375	331
9909.269531	296
9913.679688	267
9918.089844	287
9922.500000	348
9926.909180	397
9931.319336	364
9935.729492	321
9940.139648	324
9944.549805	319
9948.959961	305
9953.370117	322
9957.779297	314
9962.189453	318
9966.599609	313
9971.009766	319
9975.419922	317
9979.830078	340
9984.239258	373
9988.649414	332
9993.059570	294
9997.469727	297
10001.879883	307
10006.290039	327
10010.699219	329
10015.109375	310
10019.519531	315
10023.929688	311
10028.339844	307
10032.750000	317
10037.159180	309
10041.569336	307
10045.979492	317
10050.389648	295
10054.799805	324
10059.209961	314
10063.620117	300
10068.029297	319
10072.439453	316
10076.849609	352
10081.259766	351
10085.669922	351
10090.080078	348
10094.489258	311
10098.899414	318
10103.309570	331
10107.719727	344
10112.129883	333
10116.540039	348
10120.949219	352
10125.359375	331
10129.769531	328
10134.179688	353
10138.589844	360
10143.000000	356
10147.409180	350
10151.819336	316
10156.229492	295
10160.639648	293
10165.049805	295
10169.459961	313
10173.870117	320
10178.279297	319
10182.689453	312
10187.099609	331
10191.509766	317
10195.919922	316
10200.330078	326
10204.739258	304
10209.149414	286
10213.559570	329
10217.969727	340
10222.379883	331
10226.790039	324
10231.199219	326
10235.609375	353
10240.019531	350
10244.429688	321
10248.839844	287
10253.250000	321
10257.659180	361
10262.069336	331
10266.479492	318
10270.889648	314
10275.299805	288
10279.709961	315
10284.120117	327
10288.529297	306
10292.939453	288
10297.349609	308
10301.759766	332
10306.169922	308
10310.580078	294
10314.989258	306
10319.399414	296
10323.809570	261
10328.219727	245
10332.629883	249
10337.040039	265
10341.449219	300
10345.859375	314
10350.269531	302
10354.679688	307
10359.089844	274
10363.500000	253
10367.909180	246
10372.319336	261
10376.729492	302
10381.139648	303
10385.549805	280
10389.959961	284
10394.370117	291
10398.779297	276
10403.189453	250
10407.599609	290
10412.009766	311
10416.419922	282
10420.830078	284
10425.239258	264
10429.649414	277
10434.059570	293
10438.469727	277
10442.879883	289
10447.290039	268
10451.699219	244
10456.109375	264
10460.519531	266
10464.929688	268
10469.339844	254
10473.750000	264
10478.159180	271
10482.569336	293
10486.979492	273
10491.389648	249
10495.799805	257
10500.209961	263
10504.620117	276
10509.029297	252
10513.439453	241
10517.849609	262
10522.259766	265
10526.669922	242
10531.080078	265
10535.489258	233
10539.899414	252
10544.309570	253
10548.719727	243
10553.129883	275
10557.540039	291
10561.949219	276
10566.359375	260
10570.769531	245
10575.179688	250
10579.589844	239
10584.000000	245
10588.409180	252
10592.819336	255
10597.229492	269
10601.639648	315
10606.049805	310
10610.459961	300
10614.870117	321
10619.279297	289
10623.689453	254
10628.099609	254
10632.509766	242
10636.919922	232
10641.330078	221
10645.739258	234
10650.149414	229
10654.559570	223
10658.969727	248
10663.379883	256
10667.790039	260
10672.199219	229
10676.609375	221
10681.019531	229
10685.429688	231
10689.839844	250
10694.250000	264
10698.659180	249
10703.069336	259
10707.479492	253
10711.889648	243
10716.299805	232
10720.709961	250
10725.119141	277
10729.529297	281
10733.939453	251
10738.349609	264
10742.759766	287
10747.169922	270
10751.580078	260
10755.989258	282
10760.399414	273
10764.809570	259
10769.219727	272
10773.629883	264
10778.040039	237
10782.449219	244
10786.859375	259
10791.269531	261
10795.679688	243
10800.089844	216
10804.500000	241
10808.909180	244
10813.319336	250
10817.729492	232
10822.139648	244
10826.549805	259
10830.959961	246
10835.369141	279
10839.779297	298
10844.189453	280
10848.599609	283
10853.009766	256
10857.419922	251
10861.830078	275
10866.239258	259
10870.649414	278
10875.059570	283
10879.469727	224
10883.879883	229
10888.290039	292
10892.699219	299
10897.109375	229
10901.519531	217
10905.929688	248
10910.339844	278
10914.750000	285
10919.159180	270
10923.569336	250
10927.979492	235
10932.389648	279
10936.799805	287
10941.209961	266
10945.619141	256
10950.029297	274
10954.439453	256
10958.849609	264
10963.259766	271
10967.669922	306
10972.080078	304
10976.489258	238
10980.899414	262
10985.309570	311
10989.719727	286
10994.129883	266
10998.540039	260
11002.949219	261
11007.359375	241
11011.769531	250
11016.179688	267
11020.589844	276
11025.000000	274
11029.409180	256
11033.819336	242
11038.229492	234
11042.639648	263
11047.049805	278
11051.459961	264
11055.869141	300
11060.279297	295
11064.689453	255
11069.099609	248
11073.509766	239
11077.919922	235
11082.330078	242
11086.739258	257
11091.149414	278
11095.559570	269
11099.969727	234
11104.379883	224
11108.790039	227
11113.199219	261
11117.609375	273
11122.019531	259
11126.429688	255
11130.839844	258
11135.250000	273
11139.659180	260
11144.069336	283
11148.479492	294
11152.889648	330
11157.299805	269
11161.709961	226
11166.119141	223
11170.529297	239
11174.939453	257
11179.349609	275
11183.759766	279
11188.169922	293
11192.580078	272
11196.989258	282
11201.399414	265
11205.809570	255
11210.219727	266
11214.629883	255
11219.040039	250
11223.449219	259
11227.859375	280
11232.269531	279
11236.679688	257
11241.089844	298
11245.500000	283
11249.909180	286
11254.319336	293
11258.729492	297
11263.139648	292
11267.549805	269
11271.959961	294
11276.369141	309
11280.779297	286
11285.189453	280
11289.599609	266
11294.009766	253
11298.419922	255
11302.830078	273
11307.239258	273
11311.649414	244
11316.059570	254
11320.469727	251
11324.879883	237
11329.290039	231
11333.699219	235
11338.109375	230
11342.519531	250
11346.929688	271
11351.339844	280
11355.750000	247
11360.159180	199
11364.569336	234
11368.979492	250
11373.389648	252
11377.799805	266
11382.209961	272
11386.619141	260
11391.029297	250
11395.439453	236
11399.849609	231
11404.259766	270
11408.669922	288
11413.080078	274
11417.489258	273
11421.899414	279
11426.309570	296
11430.719727	290
11435.129883	258
11439.540039	249
11443.949219	259
11448.359375	254
11452.769531	224
11457.179688	268
11461.589844	301
11466.000000	292
11470.409180	256
11474.819336	262
11479.229492	265
11483.639648	267
11488.049805	273
11492.459961	276
11496.869141	272
11501.279297	232
11505.689453	215
11510.099609	260
11514.509766	265
11518.919922	305
11523.330078	332
11527.739258	276
11532.149414	218
11536.559570	256
11540.969727	258
11545.379883	262
11549.790039	297
11554.199219	299
11558.609375	292
11563.019531	280
11567.429688	270
11571.839844	274
11576.250000	312
11580.659180	293
11585.069336	227
11589.479492	229
11593.889648	275
11598.299805	270
11602.709961	246
11607.119141	254
11611.529297	262
11615.939453	284
11620.349609	272
11624.759766	250
11629.169922	293
11633.580078	309
11637.989258	297
11642.399414	284
11646.809570	302
11651.219727	288
11655.629883	266
11660.040039	280
11664.449219	320
11668.859375	334
11673.269531	327
11677.679688	319
11682.089844	300
11686.500000	307
11690.909180	295
11695.319336	285
11699.729492	275
11704.139648	305
11708.549805	310
11712.959961	287
11717.369141	296
11721.779297	309
11726.189453	276
11730.599609	262
11735.009766	271
11739.419922	251
11743.830078	253
11748.239258	252
11752.649414	279
11757.059570	292
11761.469727	254
11765.879883	243
11770.290039	291
11774.699219	281
11779.109375	296
11783.519531	326
11787.929688	304
11792.339844	287
11796.750000	307
11801.159180	305
11805.569336	317
11809.979492	321
11814.389648	282
11818.799805	285
11823.209961	290
11827.619141	286
11832.029297	248
11836.439453	238
11840.849609	300
11845.259766	346
11849.669922	272
11854.080078	251
11858.489258	279
11862.899414	278
11867.309570	270
11871.719727	264
11876.129883	284
11880.540039	310
11884.949219	295
11889.359375	269
11893.769531	287
11898.179688	287
11902.589844	252
11907.000000	239
11911.409180	260
11915.819336	272
11920.229492	298
11924.639648	281
11929.049805	274
11933.459961	277
11937.869141	260
11942.279297	255
11946.689453	262
11951.099609	250
11955.509766	314
11959.919922	315
11964.329102	332
11968.739258	357
11973.149414	300
11977.559570	287
11981.969727	292
11986.379883	312
11990.790039	298
11995.199219	276
11999.609375	287
12004.019531	289
12008.429688	315
12012.839844	306
12017.250000	285
12021.659180	277
12026.069336	315
12030.479492	330
12034.889648	316
12039.299805	310
12043.709961	297
12048.119141	297
12052.529297	281
12056.939453	271
12061.349609	267
12065.759766	274
12070.169922	306
12074.579102	313
12078.989258	299
12083.399414	306
12087.809570	334
12092.219727	336
12096.629883	306
12101.040039	312
12105.449219	301
12109.859375	303
12114.269531	302
12118.679688	269
12123.089844	279
12127.500000	275
12131.909180	255
12136.319336	267
12140.729492	292
12145.139648	284
12149.549805	296
12153.959961	315
12158.369141	282
12162.779297	290
12167.189453	338
12171.599609	326
12176.009766	293
12180.419922	314
12184.829102	329
12189.239258	298
12193.649414	298
12198.059570	314
12202.469727	295
12206.879883	264
12211.290039	295
12215.699219	324
12220.109375	329
12224.519531	292
12228.929688	283
12233.339844	282
12237.750000	306
12242.159180	293
12246.569336	291
12250.979492	298
12255.389648	297
12259.799805	327
12264.209961	287
12268.619141	253
12273.029297	276
12277.439453	315
12281.849609	317
12286.259766	311
12290.669922	277
12295.079102	272
12299.489258	285
12303.899414	300
12308.309570	270
12312.719727	239
12317.129883	264
12321.540039	310
12325.949219	309
12330.359375	316
12334.769531	354
12339.179688	346
12343.589844	313
12348.000000	297
12352.409180	300
12356.819336	326
12361.229492	326
12365.639648	331
12370.049805	292
12374.459961	289
12378.869141	287
12383.279297	286
12387.689453	272
12392.099609	283
12396.509766	308
12400.919922	293
12405.329102	282
12409.739258	284
12414.149414	272
12418.559570	291
12422.969727	305
12427.379883	311
12431.790039	287
12436.199219	252
12440.609375	274
12445.019531	303
12449.429688	287
12453.839844	293
12458.250000	266
12462.659180	245
12467.069336	257
12471.479492	273
12475.889648	262
12480.299805	246
12484.709961	250
12489.119141	284
12493.529297	279
12497.939453	298
12502.349609	283
12506.759766	256
12511.169922	220
12515.579102	242
12519.989258	248
12524.399414	243
12528.809570	258
12533.219727	282
12537.629883	250
12542.040039	226
12546.449219	249
12550.859375	265
12555.269531	240
12559.679688	278
12564.089844	281
12568.500000	277
12572.909180	265
12577.319336	240
12581.729492	233
12586.139648	246
12590.549805	278
12594.959961	296
12599.369141	268
12603.779297	271
12608.189453	300
12612.599609	272
12617.009766	256
12621.419922	289
12625.829102	281
12630.239258	236
12634.649414	254
12639.059570	283
12643.469727	281
12647.879883	231
12652.290039	225
12656.699219	233
12661.109375	245
12665.519531	252
12669.929688	252
12674.339844	273
12678.750000	317
12683.159180	331
12687.569336	306
12691.979492	294
12696.389648	276
12700.799805	274
12705.209961	277
12709.619141	274
12714.029297	300
12718.439453	279
12722.849609	265
12727.259766	289
12731.669922	282
12736.079102	279
12740.489258	288
12744.899414	277
12749.309570	277
12753.719727	294
12758.129883	288
12762.540039	263
12766.949219	270
12771.359375	271
12775.769531	286
12780.179688	280
12784.589844	297
12789.000000	303
12793.409180	276
12797.819336	285
12802.229492	312
12806.639648	314
12811.049805	317
12815.459961	297
12819.869141	264
12824.279297	289
12828.689453	292
12833.099609	262
12837.509766	277
12841.919922	276
12846.329102	282
12850.739258	264
12855.149414	261
12859.559570	286
12863.969727	312
12868.379883	305
12872.790039	330
12877.199219	346
12881.609375	331
12886.019531	315
12890.429688	311
12894.839844	311
12899.250000	312
12903.659180	303
12908.069336	279
12912.479492	272
12916.889648	294
12921.299805	291
12925.709961	317
12930.119141	276
12934.529297	279
12938.939453	279
12943.349609	309
12947.759766	331
12952.169922	292
12956.579102	277
12960.989258	288
12965.399414	293
12969.809570	283
12974.219727	307
12978.629883	324
12983.039063	323
12987.449219	311
12991.859375	317
12996.269531	323
13000.679688	323
13005.089844	315
13009.500000	309
13013.909180	281
13018.319336	264
13022.729492	281
13027.139648	300
13031.549805	318
13035.959961	296
13040.369141	282
13044.779297	308
13049.189453	320
13053.599609	299
13058.009766	292
13062.419922	304
13066.829102	298
13071.239258	282
13075.649414	252
13080.059570	264
13084.469727	264
13088.879883	293
13093.289063	291
13097.699219	292
13102.109375	298
13106.519531	287
13110.929688	269
13115.339844	272
13119.750000	293
13124.159180	297
13128.569336	285
13132.979492	245
13137.389648	267
13141.799805	321
13146.209961	345
13150.619141	353
13155.029297	342
13159.439453	332
13163.849609	320
13168.259766	321
13172.669922	325
13177.079102	314
13181.489258	289
13185.899414	295
13190.309570	269
13194.719727	265
13199.129883	293
13203.539063	306
13207.949219	317
13212.359375	303
13216.769531	304
13221.179688	315
13225.589844	293
13230.000000	298
13234.409180	307
13238.819336	306
13243.229492	282
13247.639648	269
13252.049805	265
13256.459961	273
13260.869141	286
13265.279297	300
13269.689453	266
13274.099609	258
13278.509766	281
13282.919922	317
13287.329102	356
13291.739258	316
13296.149414	293
13300.559570	283
13304.969727	297
13309.379883	316
13313.789063	330
13318.199219	305
13322.609375	279
13327.019531	296
13331.429688	318
13335.839844	303
13340.250000	289
13344.659180	318
13349.069336	303
13353.479492	296
13357.889648	315
13362.299805	344
13366.709961	318
13371.119141	271
13375.529297	267
13379.939453	304
13384.349609	296
13388.759766	286
13393.169922	272
13397.579102	267
13401.989258	279
13406.399414	287
13410.809570	314
13415.219727	298
13419.629883	291
13424.039063	308
13428.449219	314
13432.859375	294
13437.269531	315
13441.679688	298
13446.089844	305
13450.500000	323
13454.909180	337
13459.319336	330
13463.729492	304
13468.139648	301
13472.549805	298
13476.959961	270
13481.369141	305
13485.779297	344
13490.189453	343
13494.599609	340
13499.009766	296
13503.419922	311
13507.829102	313
13512.239258	298
13516.649414	321
13521.059570	312
13525.469727	297
13529.879883	290
13534.289063	259
13538.699219	286
13543.109375	294
13547.519531	283
13551.929688	295
13556.339844	287
13560.750000	273
13565.159180	277
13569.569336	276
13573.979492	276
13578.389648	260
13582.799805	262
13587.209961	277
13591.619141	266
13596.029297	275
13600.439453	314
13604.849609	310
13609.259766	343
13613.669922	324
13618.079102	295
13622.489258	274
13626.899414	257
13631.309570	288
13635.719727	286
13640.129883	319
13644.539063	361
13648.949219	389
13653.359375	326
13657.769531	269
13662.179688	302
13666.589844	357
13671.000000	356
13675.409180	337
13679.819336	304
13684.229492	292
13688.639648	294
13693.049805	332
13697.459961	328
13701.869141	299
13706.279297	293
13710.689453	321
13715.099609	312
13719.509766	298
13723.919922	319
13728.329102	341
13732.739258	325
13737.149414	299
13741.559570	320
13745.969727	361
13750.379883	359
13754.789063	349
13759.199219	318
13763.609375	314
13768.019531	311
13772.429688	355
13776.839844	344
13781.250000	316
13785.659180	298
13790.069336	285
13794.479492	307
13798.889648	298
13803.299805	298
13807.709961	302
13812.119141	317
13816.529297	310
13820.939453	327
13825.349609	333
13829.759766	350
13834.169922	360
13838.579102	314
13842.989258	284
13847.399414	295
13851.809570	270
13856.219727	306
13860.629883	309
13865.039063	296
13869.449219	280
13873.859375	275
13878.269531	329
13882.679688	302
13887.089844	283
13891.500000	294
13895.909180	301
13900.319336	317
13904.729492	331
13909.139648	342
13913.549805	327
13917.959961	310
13922.369141	280
13926.779297	287
13931.189453	313
13935.599609	301
13940.009766	280
13944.419922	288
13948.829102	275
13953.239258	300
13957.649414	345
13962.059570	364
13966.469727	330
13970.879883	306
13975.289063	317
13979.699219	333
13984.109375	306
13988.519531	311
13992.929688	388
13997.339844	361
14001.750000	313
14006.159180	296
14010.569336	290
14014.979492	325
14019.389648	328
14023.799805	313
14028.209961	292
14032.619141	271
14037.029297	279
14041.439453	302
14045.849609	286
14050.259766	267
14054.669922	279
14059.079102	294
14063.489258	293
14067.899414	321
14072.309570	352
14076.719727	366
14081.129883	320
14085.539063	302
14089.949219	304
14094.359375	293
14098.769531	280
14103.179688	286
14107.589844	302
14112.000000	293
14116.409180	284
14120.819336	313
14125.229492	294
14129.639648	267
14134.049805	294
14138.459961	294
14142.869141	309
14147.279297	310
14151.689453	337
14156.099609	355
14160.509766	302
14164.919922	284
14169.329102	318
14173.739258	312
14178.149414	301
14182.559570	316
14186.969727	335
14191.379883	334
14195.789063	310
14200.199219	305
14204.609375	303
14209.019531	314
14213.429688	313
14217.839844	290
14222.249023	280
