-4022.896484	0
-4018.485596	0
-4014.074463	0
-4009.663330	0
-4005.252197	0
-4000.841309	0
-3996.430176	0
-3992.019043	0
-3987.607910	0
-3983.197021	0
-3978.785889	0
-3974.374756	0
-3969.963623	0
-3965.552734	0
-3961.141602	0
-3956.730469	0
-3952.319336	0
-3947.908447	0
-3943.497314	0
-3939.086182	0
-3934.675049	0
-3930.264160	0
-3925.853027	0
-3921.441895	0
-3917.030762	0
-3912.619873	0
-3908.208740	0
-3903.797607	0
-3899.386475	0
-3894.975586	0
-3890.564453	0
-3886.153320	0
-3881.742188	0
-3877.331299	0
-3872.920166	0
-3868.509033	0
-3864.097900	0
-3859.687012	0
-3855.275879	0
-3850.864746	0
-3846.453613	0
-3842.042725	0
-3837.631592	0
-3833.220459	0
-3828.809326	0
-3824.398438	0
-3819.987305	0
-3815.576172	0
-3811.165039	0
-3806.754150	0
-3802.343018	0
-3797.931885	0
-3793.520752	0
-3789.109863	0
-3784.698730	0
-3780.287598	0
-3775.876709	0
-3771.465576	0
-3767.054443	0
-3762.643311	0
-3758.232422	0
-3753.821289	0
-3749.410156	0
-3744.999023	0
-3740.588135	0
-3736.177002	0
-3731.765869	0
-3727.354736	0
-3722.943848	0
-3718.532715	0
-3714.121582	0
-3709.710449	0
-3705.299561	0
-3700.888428	0
-3696.477295	0
-3692.066162	0
-3687.655273	0
-3683.244141	0
-3678.833008	0
-3674.421875	0
-3670.010986	0
-3665.599854	0
-3661.188721	0
-3656.777588	0
-3652.366699	0
-3647.955566	0
-3643.544434	0
-3639.133301	0
-3634.722412	0
-3630.311279	0
-3625.900146	0
-3621.489014	0
-3617.078125	0
-3612.666992	0
-3608.255859	0
-3603.844727	0
-3599.433838	0
-3595.022705	0
-3590.611572	0
-3586.200439	0
-3581.789551	0
-3577.378418	0
-3572.967285	0
-3568.556152	0
-3564.145264	0
-3559.734131	0
-3555.322998	0
-3550.911865	0
-3546.500977	0
-3542.089844	0
-3537.678711	0
-3533.267578	0
-3528.856689	0
-3524.445557	0
-3520.034424	0
-3515.623291	0
-3511.212402	0
-3506.801270	0
-3502.390137	0
-3497.979248	0
-3493.568115	0
-3489.156982	0
-3484.745850	0
-3480.334961	0
-3475.923828	0
-3471.512695	0
-3467.101563	0
-3462.690674	0
-3458.279541	0
-3453.868408	0
-3449.457275	0
-3445.046387	0
-3440.635254	0
-3436.224121	0
-3431.812988	0
-3427.402100	0
-3422.990967	0
-3418.579834	0
-3414.168701	0
-3409.757813	0
-3405.346680	0
-3400.935547	0
-3396.524414	0
-3392.113525	0
-3387.702393	0
-3383.291260	0
-3378.880127	0
-3374.469238	0
-3370.058105	0
-3365.646973	0
-3361.235840	0
-3356.824951	0
-3352.413818	0
-3348.002686	0
-3343.591553	0
-3339.180664	0
-3334.769531	0
-3330.358398	0
-3325.947266	0
-3321.536377	0
-3317.125244	0
-3312.714111	0
-3308.302979	0
-3303.892090	0
-3299.480957	0
-3295.069824	0
-3290.658691	0
-3286.247803	0
-3281.836670	0
-3277.425537	0
-3273.014404	0
-3268.603516	0
-3264.192383	0
-3259.781250	0
-3255.370117	0
-3250.959229	0
-3246.548096	0
-3242.136963	0
-3237.726074	0
-3233.314941	0
-3228.903809	0
-3224.492676	0
-3220.081787	0
-3215.670654	0
-3211.259521	0
-3206.848389	0
-3202.437500	0
-3198.026367	0
-3193.615234	0
-3189.204102	0
-3184.793213	0
-3180.382080	0
-3175.970947	0
-3171.559814	0
-3167.148926	0
-3162.737793	0
-3158.326660	0
-3153.915527	0
-3149.504639	0
-3145.093506	0
-3140.682373	0
-3136.271240	0
-3131.860352	0
-3127.449219	0
-3123.038086	0
-3118.626953	0
-3114.216064	0
-3109.804932	0
-3105.393799	0
-3100.982666	0
-3096.571777	0
-3092.160645	0
-3087.749512	0
-3083.338379	0
-3078.927490	0
-3074.516357	0
-3070.105225	0
-3065.694092	0
-3061.283203	0
-3056.872070	0
-3052.460938	0
-3048.049805	0
-3043.638916	0
-3039.227783	0
-3034.816650	0
-3030.405518	0
-3025.994629	0
-3021.583496	0
-3017.172363	0
-3012.761230	0
-3008.350342	0
-3003.939209	0
-2999.528076	0
-2995.116943	0
-2990.706055	0
-2986.294922	0
-2981.883789	0
-2977.472656	0
-2973.061768	0
-2968.650635	0
-2964.239502	0
-2959.828613	0
-2955.417480	0
-2951.006348	0
-2946.595215	0
-2942.184326	0
-2937.773193	0
-2933.362061	0
-2928.950928	0
-2924.540039	0
-2920.128906	0
-2915.717773	0
-2911.306641	0
-2906.895752	0
-2902.484619	0
-2898.073486	0
-2893.662354	0
-2889.251465	0
-2884.840332	0
-2880.429199	0
-2876.018066	0
-2871.607178	0
-2867.196045	0
-2862.784912	0
-2858.373779	0
-2853.962891	0
-2849.551758	0
-2845.140625	0
-2840.729492	0
-2836.318604	0
-2831.907471	0
-2827.496338	0
-2823.085205	0
-2818.674316	0
-2814.263184	0
-2809.852051	0
-2805.440918	0
-2801.030029	0
-2796.618896	0
-2792.207764	0
-2787.796631	0
-2783.385742	0
-2778.974609	0
-2774.563477	0
-2770.152344	0
-2765.741455	0
-2761.330322	0
-2756.919189	0
-2752.508057	0
-2748.097168	0
-2743.686035	0
-2739.274902	0
-2734.863770	0
-2730.452881	0
-2726.041748	0
-2721.630615	0
-2717.219482	0
-2712.808594	0
-2708.397461	3
-2703.986328	4
-2699.575439	6
-2695.164307	7
-2690.753174	7
-2686.342041	6
-2681.931152	7
-2677.520020	10
-2673.108887	12
-2668.697754	16
-2664.286865	17
-2659.875732	15
-2655.464600	18
-2651.053467	19
-2646.642578	9
-2642.231445	13
-2637.820313	17
-2633.409180	17
-2628.998291	14
-2624.587158	20
-2620.176025	18
-2615.764893	12
-2611.354004	21
-2606.942871	25
-2602.531738	28
-2598.120605	27
-2593.709717	31
-2589.298584	30
-2584.887451	24
-2580.476318	31
-2576.065430	32
-2571.654297	33
-2567.243164	36
-2562.832031	33
-2558.421143	33
-2554.010010	33
-2549.598877	32
-2545.187744	40
-2540.776855	38
-2536.365723	33
-2531.954590	36
-2527.543457	44
-2523.132568	42
-2518.721436	50
-2514.310303	50
-2509.899170	46
-2505.488281	44
-2501.077148	49
-2496.666016	39
-2492.254883	39
-2487.843994	42
-2483.432861	49
-2479.021729	49
-2474.610596	43
-2470.199707	46
-2465.788574	55
-2461.377441	63
-2456.966309	60
-2452.555420	47
-2448.144287	52
-2443.733154	52
-2439.322021	48
-2434.911133	45
-2430.500000	62
-2426.088867	58
-2421.677979	69
-2417.266846	63
-2412.855713	65
-2408.444580	67
-2404.033691	70
-2399.622559	78
-2395.211426	73
-2390.800293	68
-2386.389404	64
-2381.978271	63
-2377.567139	70
-2373.156006	67
-2368.745117	74
-2364.333984	73
-2359.922852	79
-2355.511719	79
-2351.100830	71
-2346.689697	89
-2342.278564	81
-2337.867432	72
-2333.456543	85
-2329.045410	83
-2324.634277	71
-2320.223145	72
-2315.812256	66
-2311.401123	63
-2306.989990	81
-2302.578857	91
-2298.167969	78
-2293.756836	73
-2289.345703	85
-2284.934570	77
-2280.523682	73
-2276.112549	76
-2271.701416	94
-2267.290283	92
-2262.879395	87
-2258.468262	75
-2254.057129	77
-2249.645996	79
-2245.235107	86
-2240.823975	72
-2236.412842	66
-2232.001709	69
-2227.590820	72
-2223.179688	77
-2218.768555	73
-2214.357422	83
-2209.946533	79
-2205.535400	71
-2201.124268	73
-2196.713135	64
-2192.302246	74
-2187.891113	89
-2183.479980	86
-2179.068848	81
-2174.657959	75
-2170.246826	76
-2165.835693	77
-2161.424561	76
-2157.013672	88
-2152.602539	88
-2148.191406	82
-2143.780518	79
-2139.369385	80
-2134.958252	78
-2130.547119	76
-2126.136230	78
-2121.725098	76
-2117.313965	81
-2112.902832	92
-2108.491943	83
-2104.080811	83
-2099.669678	64
-2095.258545	72
-2090.847656	87
-2086.436523	89
-2082.025391	84
-2077.614258	83
-2073.203369	86
-2068.792236	73
-2064.381104	82
-2059.969971	79
-2055.559082	75
-2051.147949	84
-2046.736816	83
-2042.325806	78
-2037.914673	87
-2033.503662	83
-2029.092529	80
-2024.681519	81
-2020.270386	76
-2015.859375	72
-2011.448242	72
-2007.037231	67
-2002.626099	72
-1998.215088	79
-1993.803955	73
-1989.392944	80
-1984.981812	77
-1980.570801	70
-1976.159668	76
-1971.748657	80
-1967.337524	80
-1962.926514	80
-1958.515381	81
-1954.104370	78
-1949.693237	81
-1945.282227	77
-1940.871094	77
-1936.460083	86
-1932.048950	88
-1927.637939	88
-1923.226807	83
-1918.815796	84
-1914.404663	82
-1909.993652	98
-1905.582520	80
-1901.171509	74
-1896.760376	81
-1892.349365	78
-1887.938354	72
-1883.527222	74
-1879.116211	83
-1874.705078	80
-1870.294067	86
-1865.882935	88
-1861.471924	79
-1857.060791	84
-1852.649780	94
-1848.238647	84
-1843.827637	75
-1839.416504	74
-1835.005493	80
-1830.594360	74
-1826.183350	79
-1821.772217	79
-1817.361206	77
-1812.950073	89
-1808.539063	83
-1804.127930	84
-1799.716919	86
-1795.305786	78
-1790.894775	86
-1786.483643	81
-1782.072632	82
-1777.661499	79
-1773.250488	74
-1768.839355	74
-1764.428345	83
-1760.017212	82
-1755.606201	77
-1751.195068	81
-1746.784058	91
-1742.372925	91
-1737.961914	82
-1733.550781	81
-1729.139771	84
-1724.728638	90
-1720.317627	76
-1715.906494	78
-1711.495483	88
-1707.084351	79
-1702.673340	77
-1698.262207	79
-1693.851196	74
-1689.440063	79
-1685.029053	71
-1680.617920	76
-1676.206909	80
-1671.795776	76
-1667.384766	75
-1662.973633	88
-1658.562622	93
-1654.151489	79
-1649.740479	73
-1645.329346	76
-1640.918335	79
-1636.507202	85
-1632.096191	89
-1627.685059	86
-1623.274048	76
-1618.863037	76
-1614.451904	67
-1610.040894	74
-1605.629761	79
-1601.218750	73
-1596.807617	80
-1592.396606	84
-1587.985474	85
-1583.574463	79
-1579.163330	82
-1574.752319	76
-1570.341187	79
-1565.930176	81
-1561.519043	83
-1557.108032	83
-1552.696899	87
-1548.285889	78
-1543.874756	73
-1539.463745	77
-1535.052612	80
-1530.641602	79
-1526.230469	75
-1521.819458	88
-1517.408325	83
-1512.997314	77
-1508.586182	81
-1504.175171	85
-1499.764038	76
-1495.353027	71
-1490.941895	77
-1486.530884	77
-1482.119751	72
-1477.708740	87
-1473.297607	84
-1468.886597	78
-1464.475464	76
-1460.064453	85
-1455.653320	87
-1451.242310	79
-1446.831177	76
-1442.420166	83
-1438.009033	78
-1433.598022	74
-1429.186890	83
-1424.775879	91
-1420.364746	77
-1415.953735	69
-1411.542603	80
-1407.131592	71
-1402.720459	81
-1398.309448	80
-1393.898315	75
-1389.487305	86
-1385.076172	86
-1380.665161	91
-1376.254028	86
-1371.843018	79
-1367.431885	86
-1363.020874	82
-1358.609741	77
-1354.198730	82
-1349.787720	84
-1345.376587	85
-1340.965576	83
-1336.554443	79
-1332.143433	79
-1327.732300	79
-1323.321289	79
-1318.910156	78
-1314.499146	79
-1310.088013	83
-1305.677002	83
-1301.265869	71
-1296.854858	76
-1292.443726	86
-1288.032715	84
-1283.621582	83
-1279.210571	84
-1274.799438	80
-1270.388428	83
-1265.977295	86
-1261.566284	77
-1257.155151	76
-1252.744141	86
-1248.333008	72
-1243.921997	74
-1239.510864	68
-1235.099854	81
-1230.688721	91
-1226.277710	90
-1221.866577	88
-1217.455566	87
-1213.044434	83
-1208.633423	92
-1204.222290	95
-1199.811279	77
-1195.400146	72
-1190.989136	73
-1186.578003	83
-1182.166992	83
-1177.755859	75
-1173.344849	75
-1168.933716	83
-1164.522705	74
-1160.111572	78
-1155.700562	74
-1151.289429	81
-1146.878418	76
-1142.467285	70
-1138.056274	80
-1133.645142	70
-1129.234131	83
-1124.822998	73
-1120.411987	70
-1116.000854	76
-1111.589844	86
-1107.178711	91
-1102.767700	83
-1098.356567	75
-1093.945557	76
-1089.534424	72
-1085.123413	82
-1080.712280	74
-1076.301270	75
-1071.890259	84
-1067.479126	69
-1063.068115	66
-1058.656982	72
-1054.245972	85
-1049.834839	88
-1045.423828	77
-1041.012695	73
-1036.601685	78
-1032.190552	77
-1027.779541	88
-1023.368408	92
-1018.957336	87
-1014.546265	75
-1010.135193	86
-1005.724121	95
-1001.313049	88
-996.901978	83
-992.490906	80
-988.079834	82
-983.668762	82
-979.257690	84
-974.846619	80
-970.435547	86
-966.024475	91
-961.613403	88
-957.202332	82
-952.791260	91
-948.380188	91
-943.969177	85
-939.558105	85
-935.147034	74
-930.735962	73
-926.324890	80
-921.913818	86
-917.502747	87
-913.091675	90
-908.680603	82
-904.269531	80
-899.858459	77
-895.447388	87
-891.036316	87
-886.625244	80
-882.214172	77
-877.803101	78
-873.392029	83
-868.980957	84
-864.569885	82
-860.158813	76
-855.747742	80
-851.336670	74
-846.925598	80
-842.514526	90
-838.103455	84
-833.692383	85
-829.281311	83
-824.870239	92
-820.459167	93
-816.048096	87
-811.637024	84
-807.225952	87
-802.814880	83
-798.403809	72
-793.992737	80
-789.581665	89
-785.170593	83
-780.759521	89
-776.348450	82
-771.937378	92
-767.526306	82
-763.115234	82
-758.704163	90
-754.293091	90
-749.882019	86
-745.470947	82
-741.059875	89
-736.648804	99
-732.237732	86
-727.826660	84
-723.415588	79
-719.004517	81
-714.593445	76
-710.182373	77
-705.771301	87
-701.360229	95
-696.949158	87
-692.538086	92
-688.127014	91
-683.715942	95
-679.304871	100
-674.893860	89
-670.482788	87
-666.071716	79
-661.660645	75
-657.249573	81
-652.838501	81
-648.427429	85
-644.016357	93
-639.605286	91
-635.194214	94
-630.783142	92
-626.372070	97
-621.960999	90
-617.549927	90
-613.138855	85
-608.727783	87
-604.316711	88
-599.905640	93
-595.494568	87
-591.083496	89
-586.672424	83
-582.261353	91
-577.850281	89
-573.439209	94
-569.028137	93
-564.617065	88
-560.205994	96
-555.794922	93
-551.383850	93
-546.972778	92
-542.561707	93
-538.150635	98
-533.739563	95
-529.328491	93
-524.917419	92
-520.506348	85
-516.095276	77
-511.684204	98
-507.273132	102
-502.862061	94
-498.450989	91
-494.039917	103
-489.628845	97
-485.217773	83
-480.806702	77
-476.395630	84
-471.984589	90
-467.573517	100
-463.162445	95
-458.751373	92
-454.340302	92
-449.929230	89
-445.518158	87
-441.107086	82
-436.696014	86
-432.284943	89
-427.873871	85
-423.462799	97
-419.051727	87
-414.640656	93
-410.229584	89
-405.818512	95
-401.407440	94
-396.996368	109
-392.585297	109
-388.174225	113
-383.763153	93
-379.352081	96
-374.941010	100
-370.529938	96
-366.118866	97
-361.707794	100
-357.296722	113
-352.885651	102
-348.474579	106
-344.063507	101
-339.652435	104
-335.241394	101
-330.830322	116
-326.419250	118
-322.008179	104
-317.597107	102
-313.186035	105
-308.774963	109
-304.363892	122
-299.952820	112
-295.541748	109
-291.130676	117
-286.719604	134
-282.308533	122
-277.897461	118
-273.486389	116
-269.075317	124
-264.664246	114
-260.253174	114
-255.842102	127
-251.431030	135
-247.019958	132
-242.608887	138
-238.197815	141
-233.786758	146
-229.375687	144
-224.964615	148
-220.553543	148
-216.142471	154
-211.731400	172
-207.320328	152
-202.909256	170
-198.498184	183
-194.087112	185
-189.676041	184
-185.264969	195
-180.853897	214
-176.442825	228
-172.031754	234
-167.620697	235
-163.209625	242
-158.798553	252
-154.387482	250
-149.976410	279
-145.565338	308
-141.154266	306
-136.743195	315
-132.332123	347
-127.921051	398
-123.509979	426
-119.098907	456
-114.687843	490
-110.276772	540
-105.865700	606
-101.454628	678
-97.043556	721
-92.632484	786
-88.221413	922
-83.810349	1058
-79.399277	1225
-74.988205	1422
-70.577133	1682
-66.166061	1967
-61.754990	2272
-57.343922	2745
-52.932850	3387
-48.521778	4195
-44.110706	5106
-39.699638	5937
-35.288567	6507
-30.877495	6819
-26.466425	6952
-22.055353	7056
-17.644283	7165
-13.233212	7244
-8.822142	7415
-4.411071	7605
0.000000	7723
4.411071	7788
8.822142	7826
13.233212	7762
17.644283	7703
22.055353	7687
26.466425	7607
30.877495	7304
35.288567	6860
39.699638	6280
44.110706	5654
48.521778	4914
52.932850	4031
57.343922	3320
61.754990	2738
66.166061	2317
70.577133	1924
74.988205	1633
79.399277	1421
83.810349	1237
88.221413	1072
92.632484	933
97.043556	824
101.454628	728
105.865700	652
110.276772	574
114.687843	527
119.098907	486
123.509979	449
127.921051	431
132.332123	410
136.743195	389
141.154266	342
145.565338	325
149.976410	303
154.387482	291
158.798553	272
163.209625	256
167.620697	249
172.031754	235
176.442825	211
180.853897	199
185.264969	204
189.676041	204
194.087112	191
198.498184	188
202.909256	178
207.320328	179
211.731400	170
216.142471	163
220.553543	167
224.964615	159
229.375687	151
233.786758	151
238.197815	146
242.608887	147
247.019958	157
251.431030	146
255.842102	133
260.253174	137
264.664246	143
269.075317	127
273.486389	124
277.897461	135
282.308533	126
286.719604	120
291.130676	124
295.541748	125
299.952820	125
304.363892	124
308.774963	127
313.186035	142
317.597107	131
322.008179	118
326.419250	110
330.830322	116
335.241394	100
339.652435	91
344.063507	104
348.474579	116
352.885651	128
357.296722	129
361.707794	118
366.118866	108
370.529938	111
374.941010	109
379.352081	115
383.763153	102
388.174225	103
392.585297	102
396.996368	111
401.407440	107
405.818512	104
410.229584	105
414.640656	106
419.051727	101
423.462799	97
427.873871	92
432.284943	98
436.696014	102
441.107086	112
445.518158	104
449.929230	103
454.340302	103
458.751373	98
463.162445	95
467.573517	95
471.984589	105
476.395630	111
480.806702	103
485.217773	99
489.628845	104
494.039917	98
498.450989	115
502.862061	105
507.273132	100
511.684204	98
516.095276	102
520.506348	104
524.917419	106
529.328491	97
533.739563	85
538.150635	93
542.561707	93
546.972778	97
551.383850	97
555.794922	98
560.205994	91
564.617065	84
569.028137	96
573.439209	81
577.850281	87
582.261353	89
586.672424	101
591.083496	99
595.494568	84
599.905640	96
604.316711	106
608.727783	87
613.138855	78
617.549927	93
621.960999	94
626.372070	98
630.783142	99
635.194214	103
639.605286	94
644.016357	98
648.427429	98
652.838501	99
657.249573	103
661.660645	94
666.071716	88
670.482788	94
674.893860	97
679.304871	102
683.715942	87
688.127014	91
692.538086	97
696.949158	96
701.360229	93
705.771301	99
710.182373	93
714.593445	86
719.004517	95
723.415588	106
727.826660	105
732.237732	112
736.648804	118
741.059875	104
745.470947	95
749.882019	90
754.293091	100
758.704163	97
763.115234	93
767.526306	95
771.937378	96
776.348450	91
780.759521	99
785.170593	89
789.581665	88
793.992737	95
798.403809	92
802.814880	82
807.225952	92
811.637024	87
816.048096	89
820.459167	103
824.870239	104
829.281311	94
833.692383	97
838.103455	94
842.514526	99
846.925598	103
851.336670	94
855.747742	103
860.158813	101
864.569885	94
868.980957	86
873.392029	90
877.803101	97
882.214172	102
886.625244	102
891.036316	96
895.447388	99
899.858459	96
904.269531	89
908.680603	80
913.091675	85
917.502747	92
921.913818	94
926.324890	98
930.735962	94
935.147034	85
939.558105	92
943.969177	98
948.380188	104
952.791260	93
957.202332	96
961.613403	106
966.024475	95
970.435547	91
974.846619	85
979.257690	87
983.668762	88
988.079834	83
992.490906	84
996.901978	95
1001.313049	91
1005.724121	99
1010.135193	97
1014.546265	99
1018.957336	108
1023.368408	93
1027.779541	73
1032.190552	79
1036.601685	88
1041.012695	94
1045.423828	93
1049.834839	94
1054.245972	94
1058.656982	95
1063.068115	91
1067.479126	97
1071.890259	101
1076.301270	98
1080.712280	100
1085.123413	93
1089.534424	82
1093.945557	92
1098.356567	91
1102.767700	100
1107.178711	93
1111.589844	95
1116.000854	105
1120.411987	107
1124.822998	101
1129.234131	103
1133.645142	97
1138.056274	94
1142.467285	92
1146.878418	101
1151.289429	103
1155.700562	99
1160.111572	98
1164.522705	102
1168.933716	96
1173.344849	101
1177.755859	100
1182.166992	103
1186.578003	99
1190.989136	93
1195.400146	92
1199.811279	96
1204.222290	86
1208.633423	86
1213.044434	91
1217.455566	94
1221.866577	91
1226.277710	104
1230.688721	100
1235.099854	103
1239.510864	92
1243.921997	96
1248.333008	96
1252.744141	105
1257.155151	92
1261.566284	89
1265.977295	91
1270.388428	89
1274.799438	84
1279.210571	97
1283.621582	99
1288.032715	99
1292.443726	104
1296.854858	94
1301.265869	90
1305.677002	97
1310.088013	96
1314.499146	99
1318.910156	103
1323.321289	102
1327.732300	92
1332.143433	88
1336.554443	95
1340.965576	110
1345.376587	91
1349.787720	82
1354.198730	78
1358.609741	91
1363.020874	97
1367.431885	94
1371.843018	102
1376.254028	84
1380.665161	83
1385.076172	87
1389.487305	95
1393.898315	98
1398.309448	99
1402.720459	111
1407.131592	106
1411.542603	102
1415.953735	101
1420.364746	94
1424.775879	88
1429.186890	96
1433.598022	98
1438.009033	100
1442.420166	100
1446.831177	100
1451.242310	100
1455.653320	88
1460.064453	80
1464.475464	97
1468.886597	108
1473.297607	104
1477.708740	99
1482.119751	96
1486.530884	102
1490.941895	106
1495.353027	103
1499.764038	101
1504.175171	101
1508.586182	83
1512.997314	92
1517.408325	100
1521.819458	108
1526.230469	108
1530.641602	98
1535.052612	105
1539.463745	96
1543.874756	86
1548.285889	90
1552.696899	90
1557.108032	94
1561.519043	105
1565.930176	97
1570.341187	101
1574.752319	111
1579.163330	105
1583.574463	99
1587.985474	106
1592.396606	104
1596.807617	107
1601.218750	110
1605.629761	113
1610.040894	111
1614.451904	105
1618.863037	91
1623.274048	106
1627.685059	102
1632.096191	102
1636.507202	93
1640.918335	89
1645.329346	103
1649.740479	113
1654.151489	99
1658.562622	101
1662.973633	95
1667.384766	90
1671.795776	99
1676.206909	102
1680.617920	93
1685.029053	90
1689.440063	91
1693.851196	79
1698.262207	92
1702.673340	95
1707.084351	100
1711.495483	101
1715.906494	108
1720.317627	105
1724.728638	95
1729.139771	98
1733.550781	105
1737.961914	95
1742.372925	88
1746.784058	92
1751.195068	96
1755.606201	95
1760.017212	89
1764.428345	82
1768.839355	99
1773.250488	89
1777.661499	84
1782.072632	103
1786.483643	107
1790.894775	100
1795.305786	113
1799.716919	99
1804.127930	104
1808.539063	103
1812.950073	120
1817.361206	102
1821.772217	97
1826.183350	100
1830.594360	109
1835.005493	102
1839.416504	98
1843.827637	103
1848.238647	95
1852.649780	95
1857.060791	113
1861.471924	105
1865.882935	101
1870.294067	102
1874.705078	105
1879.116211	94
1883.527222	96
1887.938354	97
1892.349365	107
1896.760376	98
1901.171509	97
1905.582520	87
1909.993652	97
1914.404663	103
1918.815796	89
1923.226807	78
1927.637939	82
1932.048950	93
1936.460083	109
1940.871094	102
1945.282227	108
1949.693237	103
1954.104370	113
1958.515381	99
1962.926514	100
1967.337524	110
1971.748657	98
1976.159668	96
1980.570801	100
1984.981812	106
1989.392944	123
1993.803955	103
1998.215088	92
2002.626099	102
2007.037231	114
2011.448242	105
2015.859375	104
2020.270386	113
2024.681519	109
2029.092529	98
2033.503662	101
2037.914673	87
2042.325806	89
2046.736816	107
2051.147949	97
2055.559082	89
2059.969971	97
2064.381104	93
2068.792236	95
2073.203369	94
2077.614258	91
2082.025391	90
2086.436523	82
2090.847656	95
2095.258545	103
2099.669678	92
2104.080811	94
2108.491943	97
2112.902832	97
2117.313965	104
2121.725098	102
2126.136230	94
2130.547119	99
2134.958252	107
2139.369385	105
2143.780518	109
2148.191406	104
2152.602539	112
2157.013672	100
2161.424561	104
2165.835693	105
2170.246826	97
2174.657959	94
2179.068848	99
2183.479980	101
2187.891113	90
2192.302246	90
2196.713135	95
2201.124268	103
2205.535400	100
2209.946533	102
2214.357422	99
2218.768555	97
2223.179688	101
2227.590820	100
2232.001709	95
2236.412842	100
2240.823975	97
2245.235107	103
2249.645996	108
2254.057129	110
2258.468262	108
2262.879395	113
2267.290283	113
2271.701416	111
2276.112549	104
2280.523682	93
2284.934570	92
2289.345703	87
2293.756836	103
2298.167969	103
2302.578857	105
2306.989990	105
2311.401123	104
2315.812256	106
2320.223145	105
2324.634277	106
2329.045410	103
2333.456543	94
2337.867432	98
2342.278564	98
2346.689697	108
2351.100830	112
2355.511719	102
2359.922852	102
2364.333984	108
2368.745117	107
2373.156006	99
2377.567139	111
2381.978271	106
2386.389404	103
2390.800293	102
2395.211426	97
2399.622559	99
2404.033691	109
2408.444580	103
2412.855713	105
2417.266846	97
2421.677979	95
2426.088867	104
2430.500000	98
2434.911133	109
2439.322021	108
2443.733154	114
2448.144287	106
2452.555420	108
2456.966309	108
2461.377441	104
2465.788574	104
2470.199707	113
2474.610596	118
2479.021729	109
2483.432861	99
2487.843994	109
2492.254883	111
2496.666016	95
2501.077148	88
2505.488281	96
2509.899170	104
2514.310303	101
2518.721436	97
2523.132568	103
2527.543457	101
2531.954590	101
2536.365723	108
2540.776855	102
2545.187744	101
2549.598877	107
2554.010010	116
2558.421143	108
2562.832031	96
2567.243164	96
2571.654297	97
2576.065430	100
2580.476318	107
2584.887451	114
2589.298584	93
2593.709717	99
2598.120605	97
2602.531738	103
2606.942871	105
2611.354004	102
2615.764893	102
2620.176025	103
2624.587158	100
2628.998291	88
2633.409180	88
2637.820313	94
2642.231445	95
2646.642578	99
2651.053467	93
2655.464600	100
2659.875732	105
2664.286865	109
2668.697754	103
2673.108887	102
2677.520020	117
2681.931152	114
2686.342041	120
2690.753174	115
2695.164307	121
2699.575439	103
2703.986328	96
2708.397461	107
2712.808594	110
2717.219482	115
2721.630615	118
2726.041748	111
2730.452881	108
2734.863770	108
2739.274902	107
2743.686035	102
2748.097168	105
2752.508057	106
2756.919189	119
2761.330322	123
2765.741455	120
2770.152344	111
2774.563477	109
2778.974609	110
2783.385742	106
2787.796631	102
2792.207764	97
2796.618896	98
2801.030029	109
2805.440918	98
2809.852051	103
2814.263184	107
2818.674316	102
2823.085205	103
2827.496338	98
2831.907471	107
2836.318604	101
2840.729492	107
2845.140625	107
2849.551758	111
2853.962891	124
2858.373779	115
2862.784912	99
2867.196045	102
2871.607178	102
2876.018066	103
2880.429199	113
2884.840332	114
2889.251465	113
2893.662354	105
2898.073486	112
2902.484619	124
2906.895752	115
2911.306641	103
2915.717773	107
2920.128906	113
2924.540039	108
2928.950928	103
2933.362061	106
2937.773193	98
2942.184326	105
2946.595215	104
2951.006348	102
2955.417480	108
2959.828613	110
2964.239502	121
2968.650635	123
2973.061768	112
2977.472656	118
2981.883789	108
2986.294922	103
2990.706055	99
2995.116943	101
2999.528076	109
3003.939209	110
3008.350342	106
3012.761230	112
3017.172363	108
3021.583496	110
3025.994629	120
3030.405518	120
3034.816650	117
3039.227783	110
3043.638916	108
3048.049805	100
3052.460938	105
3056.872070	117
3061.283203	106
3065.694092	112
3070.105225	103
3074.516357	104
3078.927490	115
3083.338379	115
3087.749512	110
3092.160645	111
3096.571777	105
3100.982666	105
3105.393799	107
3109.804932	100
3114.216064	99
3118.626953	110
3123.038086	114
3127.449219	106
3131.860352	105
3136.271240	110
3140.682373	102
3145.093506	106
3149.504639	100
3153.915527	103
3158.326660	114
3162.737793	108
3167.148926	98
3171.559814	100
3175.970947	120
3180.382080	123
3184.793213	105
3189.204102	120
3193.615234	111
3198.026367	83
3202.437500	104
3206.848389	118
3211.259521	109
3215.670654	110
3220.081787	108
3224.492676	115
3228.903809	111
3233.314941	119
3237.726074	116
3242.136963	96
3246.548096	96
3250.959229	108
3255.370117	105
3259.781250	90
3264.192383	96
3268.603516	106
3273.014404	105
3277.425537	111
3281.836670	107
3286.247803	102
3290.658691	83
3295.069824	94
3299.480957	101
3303.892090	100
3308.302979	102
3312.714111	106
3317.125244	107
3321.536377	115
3325.947266	115
3330.358398	108
3334.769531	97
3339.180664	104
3343.591553	96
3348.002686	95
3352.413818	102
3356.824951	117
3361.235840	110
3365.646973	108
3370.058105	120
3374.469238	123
3378.880127	118
3383.291260	115
3387.702393	107
3392.113525	105
3396.524414	111
3400.935547	101
3405.346680	101
3409.757813	107
3414.168701	113
3418.579834	109
3422.990967	114
3427.402100	108
3431.812988	112
3436.224121	111
3440.635254	98
3445.046387	108
3449.457275	101
3453.868408	89
3458.279541	93
3462.690674	104
3467.101563	113
3471.512695	116
3475.923828	113
3480.334961	110
3484.745850	105
3489.156982	105
3493.568115	110
3497.979248	106
3502.390137	99
3506.801270	107
3511.212402	107
3515.623291	107
3520.034424	107
3524.445557	115
3528.856689	114
3533.267578	114
3537.678711	112
3542.089844	104
3546.500977	111
3550.911865	117
3555.322998	127
3559.734131	120
3564.145264	118
3568.556152	111
3572.967285	102
3577.378418	113
3581.789551	131
3586.200439	124
3590.611572	115
3595.022705	114
3599.433838	112
3603.844727	108
3608.255859	120
3612.666992	108
3617.078125	120
3621.489014	121
3625.900146	120
3630.311279	120
3634.722412	116
3639.133301	128
3643.544434	128
3647.955566	124
3652.366699	130
3656.777588	137
3661.188721	128
3665.599854	116
3670.010986	122
3674.421875	126
3678.833008	130
3683.244141	150
3687.655273	160
3692.066162	152
3696.477295	147
3700.888428	142
3705.299561	136
3709.710449	137
3714.121582	151
3718.532715	172
3722.943848	159
3727.354736	154
3731.765869	148
3736.177002	165
3740.588135	172
3744.999023	170
3749.410156	178
3753.821289	180
3758.232422	174
3762.643311	169
3767.054443	179
3771.465576	157
3775.876709	170
3780.287598	190
3784.698730	220
3789.109863	211
3793.520752	198
3797.931885	205
3802.343018	210
3806.754150	198
3811.165039	192
3815.576172	203
3819.987305	210
3824.398438	202
3828.809326	216
3833.220459	224
3837.631592	222
3842.042725	224
3846.453613	226
3850.864746	249
3855.275879	255
3859.687012	278
3864.097900	300
3868.509033	326
3872.920166	344
3877.331299	365
3881.742188	368
3886.153320	387
3890.564453	405
3894.975586	428
3899.386475	432
3903.797607	421
3908.208740	398
3912.619873	394
3917.030762	392
3921.441895	406
3925.853027	416
3930.264160	455
3934.675049	478
3939.086182	492
3943.497314	487
3947.908447	493
3952.319336	508
3956.730469	523
3961.141602	558
3965.552734	633
3969.963623	723
3974.374756	736
3978.785889	727
3983.197021	785
3987.607910	855
3992.019043	913
3996.430176	936
4000.841309	961
4005.252197	950
4009.663330	962
4014.074463	963
4018.485596	945
4022.896484	966
4027.307617	955
4031.718750	945
4036.129883	955
4040.540771	982
4044.951904	998
4049.363037	984
4053.773926	963
4058.185059	982
4062.596191	990
4067.007324	995
4071.418213	1023
4075.829346	1042
4080.240479	1041
4084.651611	1013
4089.062500	1031
4093.473633	1076
4097.884766	1085
4102.295898	1047
4106.707031	1058
4111.118164	1052
4115.528809	1059
4119.939941	1049
4124.351074	1017
4128.762207	1032
4133.173340	985
4137.584473	939
4141.995605	987
4146.406738	958
4150.817383	950
4155.228516	1010
4159.639648	1009
4164.050781	970
4168.461914	996
4172.873047	970
4177.284180	970
4181.695313	969
4186.105957	924
4190.517090	976
4194.928223	1008
4199.339355	977
4203.750488	1017
4208.161621	1013
4212.572754	1014
4216.983887	1045
4221.394531	1054
4225.805664	1065
4230.216797	1067
4234.627930	1012
4239.039063	1008
4243.450195	1054
4247.861328	1034
4252.272461	1014
4256.683105	1013
4261.094238	991
4265.505371	999
4269.916504	976
4274.327637	932
4278.738770	949
4283.149902	974
4287.561035	970
4291.971680	983
4296.382813	990
4300.793945	1020
4305.205078	1095
4309.616211	1123
4314.027344	1121
4318.438477	1126
4322.849121	1153
4327.260254	1157
4331.671387	1189
4336.082520	1237
4340.493652	1228
4344.904785	1183
4349.315918	1159
4353.727051	1183
4358.137695	1194
4362.548828	1149
4366.959961	1134
4371.371094	1141
4375.782227	1163
4380.193359	1191
4384.604492	1184
4389.015625	1150
4393.426270	1163
4397.837402	1207
4402.248535	1221
4406.659668	1216
4411.070801	1269
4415.481934	1278
4419.893066	1262
4424.304199	1297
4428.714844	1303
4433.125977	1312
4437.537109	1338
4441.948242	1315
4446.359375	1292
4450.770508	1322
4455.181641	1341
4459.592773	1342
4464.003418	1345
4468.414551	1371
4472.825684	1365
4477.236816	1359
4481.647949	1334
4486.059082	1325
4490.470215	1341
4494.881348	1354
4499.291992	1357
4503.703125	1379
4508.114258	1353
4512.525391	1339
4516.936523	1342
4521.347656	1320
4525.758789	1324
4530.169922	1342
4534.580566	1343
4538.991699	1332
4543.402832	1345
4547.813965	1319
4552.225098	1310
4556.636230	1349
4561.047363	1346
4565.458496	1333
4569.869141	1355
4574.280273	1382
4578.691406	1383
4583.102539	1401
4587.513672	1418
4591.924805	1426
4596.335938	1459
4600.746582	1519
4605.157715	1532
4609.568848	1551
4613.979980	1591
4618.391113	1571
4622.802246	1539
4627.213379	1544
4631.624512	1580
4636.035156	1608
4640.446289	1616
4644.857422	1666
4649.268555	1697
4653.679688	1698
4658.090820	1734
4662.501953	1727
4666.913086	1721
4671.323730	1769
4675.734863	1789
4680.145996	1806
4684.557129	1871
4688.968262	1903
4693.379395	1934
4697.790527	1963
4702.201660	1970
4706.612305	2000
4711.023438	2058
4715.434570	2089
4719.845703	2112
4724.256836	2103
4728.667969	2097
4733.079102	2091
4737.490234	2134
4741.900879	2155
4746.312012	2177
4750.723145	2196
4755.134277	2215
4759.545410	2211
4763.956543	2229
4768.367676	2263
4772.778809	2258
4777.189453	2241
4781.600586	2257
4786.011719	2261
4790.422852	2262
4794.833984	2278
4799.245117	2323
4803.656250	2337
4808.067383	2359
4812.478027	2367
4816.889160	2373
4821.300293	2359
4825.711426	2344
4830.122559	2339
4834.533691	2344
4838.944824	2350
4843.355957	2361
4847.766602	2358
4852.177734	2393
4856.588867	2360
4861.000000	2322
4865.411133	2345
4869.822266	2320
4874.233398	2316
4878.644043	2362
4883.055176	2376
4887.466309	2383
4891.877441	2387
4896.288574	2383
4900.699707	2356
4905.110840	2352
4909.521973	2358
4913.932617	2363
4918.343750	2338
4922.754883	2343
4927.166016	2347
4931.577148	2355
4935.988281	2377
4940.399414	2429
4944.810547	2407
4949.221191	2365
4953.632324	2368
4958.043457	2355
4962.454590	2325
4966.865723	2358
4971.276855	2353
4975.687988	2325
4980.099121	2322
4984.509766	2286
4988.920898	2252
4993.332031	2268
4997.743164	2283
5002.154297	2280
5006.565430	2319
5010.976563	2294
5015.387695	2272
5019.798340	2254
5024.209473	2224
5028.620605	2246
5033.031738	2285
5037.442871	2285
5041.854004	2258
5046.265137	2257
5050.676270	2274
5055.086914	2263
5059.498047	2284
5063.909180	2259
5068.320313	2264
5072.731445	2264
5077.142578	2235
5081.553711	2237
5085.964844	2246
5090.375488	2239
5094.786621	2232
5099.197754	2234
5103.608887	2229
5108.020020	2202
5112.431152	2199
5116.842285	2185
5121.253418	2149
5125.664063	2150
5130.075195	2199
5134.486328	2149
5138.897461	2072
5143.308594	2053
5147.719727	2060
5152.130859	2069
5156.541504	2056
5160.952637	2049
5165.363770	2027
5169.774902	2002
5174.186035	2041
5178.597168	2037
5183.008301	2065
5187.419434	2110
5191.830078	2080
5196.241211	2070
5200.652344	2088
5205.063477	2070
5209.474609	2117
5213.885742	2156
5218.296875	2143
5222.708008	2133
5227.118652	2111
5231.529785	2163
5235.940918	2144
5240.352051	2081
5244.763184	2093
5249.174316	2109
5253.585449	2085
5257.996582	2097
5262.407227	2122
5266.818359	2108
5271.229492	2136
5275.640625	2106
5280.051758	2141
5284.462891	2188
5288.874023	2177
5293.285156	2176
5297.695801	2183
5302.106934	2150
5306.518066	2175
5310.929199	2150
5315.340332	2093
5319.751465	2110
5324.162598	2139
5328.573730	2133
5332.984375	2154
5337.395508	2140
5341.806641	2114
5346.217773	2135
5350.628906	2124
5355.040039	2086
5359.451172	2088
5363.862305	2087
5368.272949	2069
5372.684082	2058
5377.095215	2023
5381.506348	2025
5385.917480	2069
5390.328613	2073
5394.739746	2059
5399.150879	2066
5403.561523	2048
5407.972656	2046
5412.383789	2042
5416.794922	2051
5421.206055	2060
5425.617188	2042
5430.028320	2049
5434.438965	2064
5438.850098	2072
5443.261230	2050
5447.672363	2032
5452.083496	2007
5456.494629	1989
5460.905762	2014
5465.316895	2029
5469.727539	2049
5474.138672	2048
5478.549805	2050
5482.960938	2022
5487.372070	2021
5491.783203	2003
5496.194336	1981
5500.605469	1993
5505.016113	2024
5509.427246	2013
5513.838379	2006
5518.249512	1998
5522.660645	1997
5527.071777	1971
5531.482910	1952
5535.894043	1997
5540.304688	1992
5544.715820	1958
5549.126953	1975
5553.538086	1968
5557.949219	1970
5562.360352	1967
5566.771484	1928
5571.182617	1952
5575.593262	1957
5580.004395	1932
5584.415527	1940
5588.826660	1979
5593.237793	1978
5597.648926	1936
5602.060059	1924
5606.471191	1927
5610.881836	1947
5615.292969	1913
5619.704102	1929
5624.115234	1938
5628.526367	1904
5632.937500	1897
5637.348633	1860
5641.759766	1909
5646.170410	1930
5650.581543	1882
5654.992676	1900
5659.403809	1864
5663.814941	1858
5668.226074	1867
5672.637207	1902
5677.047852	1883
5681.458984	1838
5685.870117	1861
5690.281250	1860
5694.692383	1876
5699.103516	1881
5703.514648	1880
5707.925781	1887
5712.336426	1879
5716.747559	1910
5721.158691	1913
5725.569824	1864
5729.980957	1877
5734.392090	1893
5738.803223	1926
5743.214355	1943
5747.625000	1949
5752.036133	1980
5756.447266	1998
5760.858398	2012
5765.269531	2019
5769.680664	2018
5774.091797	2019
5778.502930	2025
5782.913574	2026
5787.324707	2061
5791.735840	2085
5796.146973	2065
5800.558105	2085
5804.969238	2071
5809.380371	2067
5813.791504	2081
5818.202148	2088
5822.613281	2068
5827.024414	2056
5831.435547	2095
5835.846680	2080
5840.257813	2107
5844.668945	2128
5849.080078	2086
5853.490723	2048
5857.901855	2030
5862.312988	2040
5866.724121	2042
5871.135254	2037
5875.546387	2014
5879.957520	1998
5884.368652	2015
5888.779297	2034
5893.190430	2028
5897.601563	2033
5902.012695	2026
5906.423828	2038
5910.834961	2021
5915.246094	2018
5919.657227	1972
5924.067871	1959
5928.479004	1988
5932.890137	2023
5937.301270	2058
5941.712402	2033
5946.123535	2005
5950.534668	2002
5954.945313	2006
5959.356445	1997
5963.767578	2004
5968.178711	1972
5972.589844	1953
5977.000977	1946
5981.412109	1914
5985.823242	1911
5990.233887	1914
5994.645020	1941
5999.056152	1938
6003.467285	1920
6007.878418	1910
6012.289551	1888
6016.700684	1917
6021.111816	1925
6025.522461	1907
6029.933594	1875
6034.344727	1843
6038.755859	1845
6043.166992	1836
6047.578125	1822
6051.989258	1826
6056.400391	1825
6060.811035	1779
6065.222168	1773
6069.633301	1765
6074.044434	1781
6078.455566	1799
6082.866699	1770
6087.277832	1760
6091.688965	1765
6096.099609	1746
6100.510742	1716
6104.921875	1706
6109.333008	1736
6113.744141	1722
6118.155273	1657
6122.566406	1695
6126.977539	1677
6131.388184	1656
6135.799316	1635
6140.210449	1618
6144.621582	1636
6149.032715	1659
6153.443848	1620
6157.854980	1609
6162.266113	1624
6166.676758	1624
6171.087891	1635
6175.499023	1619
6179.910156	1592
6184.321289	1598
6188.732422	1597
6193.143555	1579
6197.554688	1537
6201.965332	1535
6206.376465	1532
6210.787598	1534
6215.198730	1524
6219.609863	1514
6224.020996	1533
6228.432129	1518
6232.842773	1498
6237.253906	1482
6241.665039	1529
6246.076172	1540
6250.487305	1514
6254.898438	1480
6259.309570	1474
6263.720703	1494
6268.131348	1506
6272.542480	1455
6276.953613	1461
6281.364746	1517
6285.775879	1538
6290.187012	1500
6294.598145	1495
6299.009277	1510
6303.419922	1507
6307.831055	1497
6312.242188	1474
6316.653320	1462
6321.064453	1449
6325.475586	1444
6329.886719	1479
6334.297852	1494
6338.708496	1469
6343.119629	1465
6347.530762	1493
6351.941895	1494
6356.353027	1497
6360.764160	1478
6365.175293	1476
6369.586426	1486
6373.997070	1491
6378.408203	1472
6382.819336	1479
6387.230469	1501
6391.641602	1492
6396.052734	1496
6400.463867	1490
6404.875000	1468
6409.285645	1490
6413.696777	1486
6418.107910	1476
6422.519043	1451
6426.930176	1465
6431.341309	1450
6435.752441	1442
6440.163574	1455
6444.574219	1463
6448.985352	1481
6453.396484	1472
6457.807617	1441
6462.218750	1403
6466.629883	1394
6471.041016	1414
6475.452148	1425
6479.862793	1459
6484.273926	1478
6488.685059	1427
6493.096191	1406
6497.507324	1451
6501.918457	1434
6506.329590	1429
6510.740234	1418
6515.151367	1421
6519.562500	1432
6523.973633	1440
6528.384766	1450
6532.795898	1449
6537.207031	1457
6541.618164	1443
6546.028809	1422
6550.439941	1421
6554.851074	1413
6559.262207	1408
6563.673340	1416
6568.084473	1420
6572.495605	1463
6576.906738	1453
6581.317383	1414
6585.728516	1470
6590.139648	1501
6594.550781	1475
6598.961914	1438
6603.373047	1457
6607.784180	1481
6612.195313	1512
6616.605957	1510
6621.017090	1500
6625.428223	1501
6629.839355	1527
6634.250488	1543
6638.661621	1515
6643.072754	1510
6647.483887	1543
6651.894531	1548
6656.305664	1551
6660.716797	1520
6665.127930	1503
6669.539063	1511
6673.950195	1516
6678.361328	1481
6682.772461	1463
6687.183105	1473
6691.594238	1506
6696.005371	1534
6700.416504	1517
6704.827637	1506
6709.238770	1538
6713.649902	1570
6718.061035	1557
6722.471680	1528
6726.882813	1545
6731.293945	1557
6735.705078	1580
6740.116211	1574
6744.527344	1558
6748.938477	1529
6753.349121	1547
6757.760254	1553
6762.171387	1571
6766.582520	1600
6770.993652	1603
6775.404785	1617
6779.815918	1610
6784.227051	1590
6788.637695	1610
6793.048828	1626
6797.459961	1647
6801.871094	1663
6806.282227	1659
6810.693359	1635
6815.104492	1593
6819.515625	1580
6823.926270	1572
6828.337402	1541
6832.748535	1515
6837.159668	1482
6841.570801	1492
6845.981934	1490
6850.393066	1492
6854.804199	1481
6859.214844	1495
6863.625977	1482
6868.037109	1501
6872.448242	1552
6876.859375	1554
6881.270508	1562
6885.681641	1572
6890.092773	1603
6894.503418	1597
6898.914551	1582
6903.325684	1588
6907.736816	1605
6912.147949	1594
6916.559082	1583
6920.970215	1618
6925.381348	1652
6929.791992	1662
6934.203125	1666
6938.614258	1622
6943.025391	1639
6947.436523	1657
6951.847656	1690
6956.258789	1705
6960.669922	1677
6965.080566	1679
6969.491699	1690
6973.902832	1635
6978.313965	1649
6982.725098	1690
6987.136230	1704
6991.547363	1702
6995.958496	1753
7000.369141	1734
7004.780273	1712
7009.191406	1700
7013.602539	1668
7018.013672	1660
7022.424805	1666
7026.835938	1690
7031.246582	1680
7035.657715	1679
7040.068848	1702
7044.479980	1697
7048.891113	1663
7053.302246	1704
7057.713379	1709
7062.124512	1701
7066.535156	1690
7070.946289	1690
7075.357422	1711
7079.768555	1727
7084.179688	1697
7088.590820	1674
7093.001953	1678
7097.413086	1649
7101.823730	1637
7106.234863	1621
7110.645996	1631
7115.057129	1609
7119.468262	1600
7123.879395	1578
7128.290527	1552
7132.701660	1566
7137.112305	1589
7141.523438	1530
7145.934570	1532
7150.345703	1540
7154.756836	1493
7159.167969	1470
7163.579102	1481
7167.990234	1481
7172.400879	1458
7176.812012	1468
7181.223145	1473
7185.634277	1487
7190.045410	1465
7194.456543	1440
7198.867676	1470
7203.278809	1466
7207.689453	1452
7212.100586	1445
7216.511719	1417
7220.922852	1405
7225.333984	1374
7229.745117	1354
7234.156250	1398
7238.567383	1426
7242.978027	1413
7247.389160	1445
7251.800293	1398
7256.211426	1345
7260.622559	1361
7265.033691	1394
7269.444824	1367
7273.855957	1339
7278.266602	1331
7282.677734	1340
7287.088867	1344
7291.500000	1339
7295.911133	1335
7300.322266	1337
7304.733398	1340
7309.144043	1321
7313.555176	1330
7317.966309	1350
7322.377441	1377
7326.788574	1326
7331.199707	1313
7335.610840	1344
7340.021973	1377
7344.432617	1364
7348.843750	1335
7353.254883	1320
7357.666016	1332
7362.077148	1337
7366.488281	1310
7370.899414	1298
7375.310547	1297
7379.721191	1310
7384.132324	1290
7388.543457	1260
7392.954590	1264
7397.365723	1272
7401.776855	1291
7406.187988	1272
7410.599121	1270
7415.009766	1295
7419.420898	1241
7423.832031	1236
7428.243164	1249
7432.654297	1202
7437.065430	1188
7441.476563	1204
7445.887695	1216
7450.298340	1217
7454.709473	1205
7459.120605	1188
7463.531738	1168
7467.942871	1147
7472.354004	1147
7476.765137	1129
7481.176270	1093
7485.586914	1105
7489.998047	1097
7494.409180	1079
7498.820313	1103
7503.231445	1086
7507.642578	1047
7512.053711	1032
7516.464844	1038
7520.875488	1002
7525.286621	969
7529.697754	949
7534.108887	948
7538.520020	922
7542.931152	889
7547.342285	803
7551.753418	763
7556.164063	744
7560.575195	734
7564.986328	717
7569.397461	679
7573.808594	678
7578.219727	672
7582.630859	625
7587.041504	633
7591.452637	610
7595.863770	576
7600.274902	596
7604.686035	617
7609.097168	639
7613.508301	630
7617.919434	628
7622.330078	636
7626.741211	608
7631.152344	639
7635.563477	686
7639.974609	672
7644.385742	671
7648.796875	689
7653.208008	718
7657.618652	710
7662.029785	695
7666.440918	694
7670.852051	697
7675.263184	700
7679.674316	720
7684.085449	706
7688.496582	728
7692.907227	723
7697.318359	709
7701.729492	726
7706.140625	728
7710.551758	722
7714.962891	734
7719.374023	715
7723.785156	720
7728.195801	729
7732.606934	748
7737.018066	710
7741.429199	692
7745.840332	721
7750.251465	721
7754.662598	717
7759.073730	690
7763.484375	682
7767.895508	672
7772.306641	672
7776.717773	648
7781.128906	612
7785.540039	588
7789.951172	596
7794.362305	573
7798.772949	559
7803.184082	544
7807.595215	529
7812.006348	511
7816.417480	494
7820.828613	463
7825.239746	455
7829.650879	436
7834.061523	409
7838.472656	416
7842.883789	407
7847.294922	418
7851.706055	390
7856.117188	386
7860.528320	389
7864.938965	380
7869.350098	377
7873.761230	386
7878.172363	392
7882.583496	380
7886.994629	367
7891.405762	373
7895.816895	384
7900.227539	390
7904.638672	393
7909.049805	407
7913.460938	402
7917.872070	390
7922.283203	408
7926.694336	430
7931.105469	432
7935.516113	439
7939.927246	451
7944.338379	430
7948.749512	437
7953.160645	445
7957.571777	472
7961.982910	495
7966.394043	480
7970.804688	462
7975.215820	482
7979.626953	501
7984.038086	499
7988.449219	495
7992.860352	488
7997.271484	464
8001.682617	463
8006.093262	473
8010.504395	495
8014.915527	508
8019.326660	496
8023.737793	474
8028.148926	467
8032.560059	476
8036.971191	507
8041.381836	512
8045.792969	477
8050.204102	463
8054.615234	453
8059.026367	467
8063.437500	469
8067.848633	475
8072.259766	477
8076.670410	462
8081.081543	453
8085.492676	443
8089.903809	444
8094.314941	445
8098.726074	441
8103.137207	433
8107.547852	411
8111.958984	400
8116.370117	412
8120.781250	410
8125.192383	396
8129.603516	379
8134.014648	354
8138.425781	346
8142.836426	366
8147.247559	363
8151.658691	336
8156.069824	319
8160.480957	312
8164.892090	308
8169.303223	314
8173.714355	304
8178.125000	285
8182.536133	277
8186.947266	268
8191.358398	278
8195.769531	275
8200.180664	284
8204.591797	276
8209.002930	252
8213.414063	261
8217.825195	243
8222.236328	228
8226.647461	242
8231.057617	254
8235.468750	251
8239.879883	236
8244.291016	231
8248.702148	239
8253.113281	243
8257.524414	245
8261.935547	252
8266.346680	242
8270.757813	236
8275.168945	255
8279.580078	267
8283.991211	264
8288.402344	274
8292.813477	256
8297.224609	253
8301.634766	251
8306.045898	256
8310.457031	262
8314.868164	278
8319.279297	296
8323.690430	297
8328.101563	299
8332.512695	306
8336.923828	333
8341.334961	356
8345.746094	365
8350.157227	342
8354.568359	342
8358.979492	337
8363.390625	325
8367.801758	325
8372.211914	345
8376.623047	370
8381.034180	387
8385.445313	384
8389.856445	398
8394.267578	414
8398.678711	402
8403.089844	393
8407.500977	391
8411.912109	376
8416.323242	397
8420.734375	387
8425.145508	376
8429.556641	388
8433.967773	399
8438.377930	396
8442.789063	394
8447.200195	396
8451.611328	373
8456.022461	376
8460.433594	371
8464.844727	358
8469.255859	384
8473.666992	389
8478.078125	383
8482.489258	386
8486.900391	359
8491.311523	361
8495.722656	380
8500.133789	387
8504.544922	384
8508.955078	370
8513.366211	352
8517.777344	353
8522.188477	355
8526.599609	357
8531.010742	370
8535.421875	362
8539.833008	338
8544.244141	320
8548.655273	320
8553.066406	345
8557.477539	349
8561.888672	341
8566.299805	324
8570.710938	314
8575.122070	314
8579.532227	323
8583.943359	336
8588.354492	340
8592.765625	313
8597.176758	288
8601.587891	285
8605.999023	299
8610.410156	287
8614.821289	287
8619.232422	288
8623.643555	289
8628.054688	274
8632.465820	261
8636.876953	262
8641.288086	266
8645.698242	266
8650.109375	255
8654.520508	248
8658.931641	248
8663.342773	244
8667.753906	252
8672.165039	249
8676.576172	249
8680.987305	219
8685.398438	203
8689.809570	205
8694.220703	214
8698.631836	213
8703.042969	214
8707.454102	208
8711.865234	186
8716.275391	189
8720.686523	198
8725.097656	194
8729.508789	184
8733.919922	179
8738.331055	192
8742.742188	192
8747.153320	185
8751.564453	173
8755.975586	158
8760.386719	167
8764.797852	166
8769.208984	153
8773.620117	154
8778.031250	156
8782.442383	152
8786.852539	146
8791.263672	150
8795.674805	129
8800.085938	129
8804.497070	145
8808.908203	147
8813.319336	133
8817.730469	129
8822.141602	138
8826.552734	135
8830.963867	132
8835.375000	122
8839.786133	123
8844.197266	124
8848.608398	125
8853.019531	131
8857.429688	138
8861.840820	134
8866.251953	134
8870.663086	134
8875.074219	133
8879.485352	135
8883.896484	136
8888.307617	131
8892.718750	128
8897.129883	139
8901.541016	145
8905.952148	132
8910.363281	137
8914.774414	132
8919.185547	130
8923.595703	126
8928.006836	133
8932.417969	137
8936.829102	121
8941.240234	124
8945.651367	116
8950.062500	120
8954.473633	142
8958.884766	146
8963.295898	137
8967.707031	141
8972.118164	142
8976.529297	140
8980.940430	147
8985.351563	153
8989.762695	136
8994.172852	149
8998.583984	146
9002.995117	149
9007.406250	152
9011.817383	142
9016.228516	146
9020.639648	147
9025.050781	149
9029.461914	161
9033.873047	158
9038.284180	161
9042.695313	158
9047.106445	145
9051.517578	143
9055.928711	146
9060.339844	142
9064.750000	145
9069.161133	161
9073.572266	167
9077.983398	157
9082.394531	164
9086.805664	159
9091.216797	162
9095.627930	184
9100.039063	163
9104.450195	145
9108.861328	148
9113.272461	148
9117.683594	151
9122.094727	157
9126.505859	158
9130.916992	152
9135.327148	158
9139.738281	153
9144.149414	151
9148.560547	141
9152.971680	151
9157.382813	143
9161.793945	148
9166.205078	152
9170.616211	147
9175.027344	144
9179.438477	154
9183.849609	149
9188.260742	142
9192.671875	143
9197.083008	148
9201.493164	138
9205.904297	139
9210.315430	146
9214.726563	152
9219.137695	148
9223.548828	143
9227.959961	136
9232.371094	147
9236.782227	153
9241.193359	141
9245.604492	145
9250.015625	131
9254.426758	134
9258.837891	137
9263.249023	142
9267.660156	141
9272.070313	126
9276.481445	127
9280.892578	130
9285.303711	134
9289.714844	126
9294.125977	123
9298.537109	146
9302.948242	144
9307.359375	150
9311.770508	145
9316.181641	132
9320.592773	122
9325.003906	120
9329.415039	130
9333.826172	138
9338.237305	123
9342.647461	122
9347.058594	124
9351.469727	122
9355.880859	141
9360.291992	133
9364.703125	123
9369.114258	119
9373.525391	122
9377.936523	125
9382.347656	137
9386.758789	119
9391.169922	122
9395.581055	120
9399.992188	118
9404.403320	122
9408.814453	124
9413.224609	131
9417.635742	141
9422.046875	129
9426.458008	130
9430.869141	126
9435.280273	121
9439.691406	128
9444.102539	143
9448.513672	134
9452.924805	135
9457.335938	128
9461.747070	125
9466.158203	112
9470.569336	109
9474.980469	125
9479.390625	119
9483.801758	138
9488.212891	130
9492.624023	122
9497.035156	124
9501.446289	133
9505.857422	132
9510.268555	141
9514.679688	136
9519.090820	124
9523.501953	133
9527.913086	142
9532.324219	136
9536.735352	148
9541.146484	145
9545.557617	152
9549.967773	142
9554.378906	140
9558.790039	146
9563.201172	151
9567.612305	145
9572.023438	150
9576.434570	151
9580.845703	149
9585.256836	138
9589.667969	129
9594.079102	143
9598.490234	130
9602.901367	140
9607.312500	145
9611.723633	147
9616.134766	146
9620.544922	147
9624.956055	155
9629.367188	139
9633.778320	122
9638.189453	142
9642.600586	155
9647.011719	154
9651.422852	153
9655.833984	167
9660.245117	166
9664.656250	146
9669.067383	151
9673.478516	151
9677.889648	149
9682.300781	148
9686.711914	155
9691.122070	168
9695.533203	155
9699.944336	154
9704.355469	145
9708.766602	149
9713.177734	143
9717.588867	146
9722.000000	152
9726.411133	153
9730.822266	169
9735.233398	166
9739.644531	172
9744.055664	162
9748.466797	159
9752.877930	148
9757.288086	146
9761.699219	162
9766.110352	172
9770.521484	164
9774.932617	158
9779.343750	155
9783.754883	161
9788.166016	161
9792.577148	162
9796.988281	151
9801.399414	158
9805.810547	171
9810.221680	178
9814.632813	167
9819.043945	168
9823.455078	147
9827.865234	164
9832.276367	158
9836.687500	156
9841.098633	162
9845.509766	165
9849.920898	162
9854.332031	165
9858.743164	160
9863.154297	151
9867.565430	145
9871.976563	141
9876.387695	148
9880.798828	158
9885.209961	170
9889.621094	153
9894.032227	154
9898.442383	158
9902.853516	169
9907.264648	168
9911.675781	157
9916.086914	149
9920.498047	139
9924.909180	143
9929.320313	144
9933.731445	159
9938.142578	168
9942.553711	159
9946.964844	156
9951.375977	160
9955.787109	166
9960.198242	160
9964.609375	162
9969.019531	151
9973.430664	154
9977.841797	155
9982.252930	145
9986.664063	146
9991.075195	156
9995.486328	160
9999.897461	143
10004.308594	150
10008.719727	153
10013.130859	154
10017.541992	146
10021.953125	146
10026.364258	140
10030.775391	146
10035.185547	164
10039.596680	166
10044.007813	163
10048.418945	163
10052.830078	157
10057.241211	147
10061.652344	135
10066.063477	149
10070.474609	158
10074.885742	133
10079.296875	137
10083.708008	150
10088.119141	149
10092.530273	145
10096.941406	138
10101.352539	135
10105.762695	149
10110.173828	155
10114.584961	159
10118.996094	151
10123.407227	150
10127.818359	161
10132.229492	164
10136.640625	146
10141.051758	145
10145.462891	151
10149.874023	143
10154.285156	140
10158.696289	127
10163.107422	131
10167.518555	134
10171.929688	147
10176.339844	150
10180.750977	154
10185.162109	144
10189.573242	149
10193.984375	161
10198.395508	158
10202.806641	163
10207.217773	152
10211.628906	146
10216.040039	147
10220.451172	152
10224.862305	142
10229.273438	138
10233.684570	142
10238.095703	135
10242.506836	130
10246.916992	159
10251.328125	158
10255.739258	146
10260.150391	138
10264.561523	137
10268.972656	138
10273.383789	131
10277.794922	145
10282.206055	143
10286.617188	134
10291.028320	146
10295.439453	152
10299.850586	144
10304.261719	150
10308.672852	136
10313.083008	138
10317.494141	146
10321.905273	127
10326.316406	138
10330.727539	132
10335.138672	140
10339.549805	134
10343.960938	130
10348.372070	134
10352.783203	132
10357.194336	126
10361.605469	146
10366.016602	135
10370.427734	135
10374.838867	145
10379.250000	143
10383.660156	149
10388.071289	143
10392.482422	134
10396.893555	135
10401.304688	132
10405.715820	129
10410.126953	138
10414.538086	146
10418.949219	153
10423.360352	139
10427.771484	144
10432.182617	150
10436.593750	147
10441.004883	137
10445.416016	133
10449.827148	137
10454.237305	137
10458.648438	131
10463.059570	122
10467.470703	121
10471.881836	129
10476.292969	126
10480.704102	111
10485.115234	129
10489.526367	134
10493.937500	129
10498.348633	136
10502.759766	125
10507.170898	119
10511.582031	131
10515.993164	124
10520.404297	128
10524.814453	130
10529.225586	117
10533.636719	124
10538.047852	121
10542.458984	115
10546.870117	104
10551.281250	112
10555.692383	111
10560.103516	119
10564.514648	128
10568.925781	120
10573.336914	111
10577.748047	106
10582.159180	95
10586.570313	100
10590.980469	108
10595.391602	106
10599.802734	96
10604.213867	102
10608.625000	89
10613.036133	82
10617.447266	75
10621.858398	76
10626.269531	62
10630.680664	46
10635.091797	48
10639.502930	51
10643.914063	51
10648.325195	40
10652.736328	41
10657.147461	35
10661.557617	28
10665.968750	26
10670.379883	31
10674.791016	28
10679.202148	23
10683.613281	20
10688.024414	21
10692.435547	18
10696.846680	16
10701.257813	27
10705.668945	22
10710.080078	17
10714.491211	18
10718.902344	20
10723.313477	18
10727.724609	16
10732.134766	17
10736.545898	16
10740.957031	12
10745.368164	12
10749.779297	11
10754.190430	7
10758.601563	9
10763.012695	8
10767.423828	8
10771.834961	9
10776.246094	5
10780.657227	4
10785.068359	4
10789.479492	3
10793.890625	2
10798.301758	1
10802.711914	0
10807.123047	0
10811.534180	0
10815.945313	0
10820.356445	0
10824.767578	0
10829.178711	0
10833.589844	0
10838.000977	0
10842.412109	0
10846.823242	0
10851.234375	0
10855.645508	0
10860.056641	0
10864.467773	0
10868.877930	0
10873.289063	0
10877.700195	0
10882.111328	0
10886.522461	0
10890.933594	0
10895.344727	0
10899.755859	0
10904.166992	0
10908.578125	0
10912.989258	0
10917.400391	0
10921.811523	0
10926.222656	0
10930.633789	0
10935.044922	0
10939.455078	0
10943.866211	0
10948.277344	0
10952.688477	0
10957.099609	0
10961.510742	0
10965.921875	0
10970.333008	0
10974.744141	0
10979.155273	0
10983.566406	0
10987.977539	0
10992.388672	0
10996.799805	0
11001.210938	0
11005.622070	0
11010.032227	0
11014.443359	0
11018.854492	0
11023.265625	0
11027.676758	0
11032.087891	0
11036.499023	0
11040.910156	0
11045.321289	0
11049.732422	0
11054.143555	0
11058.554688	0
11062.965820	0
11067.376953	0
11071.788086	0
11076.198242	0
11080.609375	0
11085.020508	0
11089.431641	0
11093.842773	0
11098.253906	0
11102.665039	0
11107.076172	0
11111.487305	0
11115.898438	0
11120.309570	0
11124.720703	0
11129.131836	0
11133.542969	0
11137.954102	0
11142.365234	0
11146.775391	0
11151.186523	0
11155.597656	0
11160.008789	0
11164.419922	0
11168.831055	0
11173.242188	0
11177.653320	0
11182.064453	0
11186.475586	0
11190.886719	0
11195.297852	0
11199.708984	0
11204.120117	0
11208.531250	0
11212.942383	0
11217.352539	0
11221.763672	0
11226.174805	0
11230.585938	0
11234.997070	0
11239.408203	0
11243.819336	0
11248.230469	0
11252.641602	0
11257.052734	0
11261.463867	0
11265.875000	0
11270.286133	0
11274.697266	0
11279.108398	0
11283.519531	0
11287.929688	0
11292.340820	0
11296.751953	0
11301.163086	0
11305.574219	0
11309.985352	0
11314.396484	0
11318.807617	0
11323.218750	0
11327.629883	0
11332.041016	0
11336.452148	0
11340.863281	0
11345.274414	0
11349.685547	0
11354.095703	0
11358.506836	0
11362.917969	0
11367.329102	0
11371.740234	0
11376.151367	0
11380.562500	0
11384.973633	0
11389.384766	0
11393.795898	0
11398.207031	0
11402.618164	0
11407.029297	0
11411.440430	0
11415.851563	0
11420.262695	0
11424.672852	0
11429.083984	0
11433.495117	0
11437.906250	0
11442.317383	0
11446.728516	0
11451.139648	0
11455.550781	0
11459.961914	0
11464.373047	0
11468.784180	0
11473.195313	0
11477.606445	0
11482.017578	0
11486.428711	0
11490.839844	0
11495.250000	0
11499.661133	0
11504.072266	0
11508.483398	0
11512.894531	0
11517.305664	0
11521.716797	0
11526.127930	0
11530.539063	0
11534.950195	0
11539.361328	0
11543.772461	0
11548.183594	0
11552.594727	0
11557.005859	0
11561.416992	0
11565.827148	0
11570.238281	0
11574.649414	0
11579.060547	0
11583.471680	0
11587.882813	0
11592.293945	0
11596.705078	0
11601.116211	0
11605.527344	0
11609.938477	0
11614.349609	0
11618.760742	0
11623.171875	0
11627.583008	0
11631.993164	0
11636.404297	0
11640.815430	0
11645.226563	0
11649.637695	0
11654.048828	0
11658.459961	0
11662.871094	0
11667.282227	0
11671.693359	0
11676.104492	0
11680.515625	0
11684.926758	0
11689.337891	0
11693.749023	0
11698.160156	0
11702.570313	0
11706.981445	0
11711.392578	0
11715.803711	0
11720.214844	0
11724.625977	0
11729.037109	0
11733.448242	0
11737.859375	0
11742.270508	0
11746.681641	0
11751.092773	0
11755.503906	0
11759.915039	0
11764.326172	0
11768.737305	0
11773.147461	0
11777.558594	0
11781.969727	0
11786.380859	0
11790.791992	0
11795.203125	0
11799.614258	0
11804.025391	0
11808.436523	0
11812.847656	0
11817.258789	0
11821.669922	0
11826.081055	0
11830.492188	0
11834.903320	0
11839.314453	0
11843.724609	0
11848.135742	0
11852.546875	0
11856.958008	0
11861.369141	0
11865.780273	0
11870.191406	0
11874.602539	0
11879.013672	0
11883.424805	0
11887.835938	0
11892.247070	0
11896.658203	0
11901.069336	0
11905.480469	0
11909.890625	0
11914.301758	0
11918.712891	0
11923.124023	0
11927.535156	0
11931.946289	0
11936.357422	0
11940.768555	0
11945.179688	0
11949.590820	0
11954.001953	0
11958.413086	0
11962.824219	0
11967.235352	0
11971.646484	0
11976.057617	0
11980.467773	0
11984.878906	0
11989.290039	0
11993.701172	0
11998.112305	0
12002.523438	0
12006.934570	0
12011.345703	0
12015.756836	0
12020.167969	0
12024.579102	0
12028.990234	0
12033.401367	0
12037.812500	0
12042.223633	0
12046.634766	0
12051.044922	0
12055.456055	0
12059.867188	0
12064.278320	0
12068.689453	0
12073.100586	0
12077.511719	0
12081.922852	0
12086.333984	0
12090.745117	0
12095.156250	0
12099.567383	0
12103.978516	0
12108.389648	0
12112.800781	0
12117.211914	0
12121.622070	0
12126.033203	0
12130.444336	0
12134.855469	0
12139.266602	0
12143.677734	0
12148.088867	0
12152.500000	0
12156.911133	0
12161.322266	0
12165.733398	0
12170.144531	0
12174.555664	0
12178.966797	0
12183.377930	0
12187.788086	0
12192.199219	0
12196.610352	0
12201.021484	0
12205.432617	0
12209.843750	0
12214.254883	0
12218.666016	0
12223.077148	0
12227.488281	0
12231.899414	0
12236.310547	0
12240.721680	0
12245.132813	0
12249.543945	0
12253.955078	0
12258.365234	0
12262.776367	0
12267.187500	0
12271.598633	0
12276.009766	0
12280.420898	0
12284.832031	0
12289.243164	0
12293.654297	0
12298.065430	0
12302.476563	0
12306.887695	0
12311.298828	0
12315.709961	0
12320.121094	0
12324.532227	0
12328.942383	0
12333.353516	0
12337.764648	0
12342.175781	0
12346.586914	0
12350.998047	0
12355.409180	0
12359.820313	0
12364.231445	0
12368.642578	0
12373.053711	0
12377.464844	0
12381.875977	0
12386.287109	0
12390.698242	0
12395.109375	0
12399.519531	0
12403.930664	0
12408.341797	0
12412.752930	0
12417.164063	0
12421.575195	0
12425.986328	0
12430.397461	0
12434.808594	0
12439.219727	0
12443.630859	0
12448.041992	0
12452.453125	0
12456.864258	0
12461.275391	0
12465.685547	0
12470.096680	0
12474.507813	0
12478.918945	0
12483.330078	0
12487.741211	0
12492.152344	0
12496.563477	0
12500.974609	0
12505.385742	0
12509.796875	0
12514.208008	0
12518.619141	0
12523.030273	0
12527.441406	0
12531.852539	0
12536.262695	0
12540.673828	0
12545.084961	0
12549.496094	0
12553.907227	0
12558.318359	0
12562.729492	0
12567.140625	0
12571.551758	0
12575.962891	0
12580.374023	0
12584.785156	0
12589.196289	0
12593.607422	0
12598.018555	0
12602.429688	0
12606.839844	0
12611.250977	0
12615.662109	0
12620.073242	0
12624.484375	0
12628.895508	0
12633.306641	0
12637.717773	0
12642.128906	0
12646.540039	0
12650.951172	0
12655.362305	0
12659.773438	0
12664.184570	0
12668.595703	0
12673.006836	0
12677.416992	0
12681.828125	0
12686.239258	0
12690.650391	0
12695.061523	0
12699.472656	0
12703.883789	0
12708.294922	0
12712.706055	0
12717.117188	0
12721.528320	0
12725.939453	0
12730.350586	0
12734.761719	0
12739.172852	0
12743.583008	0
12747.994141	0
12752.405273	0
12756.816406	0
12761.227539	0
12765.638672	0
12770.049805	0
12774.460938	0
12778.872070	0
12783.283203	0
12787.694336	0
12792.105469	0
12796.516602	0
12800.927734	0
12805.338867	0
12809.750000	0
12814.160156	0
12818.571289	0
12822.982422	0
12827.393555	0
12831.804688	0
12836.215820	0
12840.626953	0
12845.038086	0
12849.449219	0
12853.860352	0
12858.271484	0
12862.682617	0
12867.093750	0
12871.504883	0
12875.916016	0
12880.327148	0
12884.737305	0
12889.148438	0
12893.559570	0
12897.970703	0
12902.381836	0
12906.792969	0
12911.204102	0
