-4457.395020	96
-4452.959961	107
-4448.524414	108
-4444.089355	184
-4439.654297	280
-4435.218750	278
-4430.783691	313
-4426.348633	348
-4421.913086	379
-4417.478027	389
-4413.042969	386
-4408.607422	408
-4404.172363	391
-4399.737305	362
-4395.302246	342
-4390.866699	309
-4386.431641	357
-4381.996582	431
-4377.561035	459
-4373.125977	424
-4368.690918	370
-4364.255371	339
-4359.820313	313
-4355.385254	358
-4350.949707	381
-4346.514648	357
-4342.079590	333
-4337.644043	353
-4333.208984	348
-4328.773926	345
-4324.338379	367
-4319.903320	374
-4315.468262	397
-4311.032715	370
-4306.597656	336
-4302.162598	360
-4297.727051	389
-4293.291992	400
-4288.856934	357
-4284.421387	300
-4279.986328	293
-4275.551270	358
-4271.115723	405
-4266.680664	378
-4262.245605	387
-4257.810059	437
-4253.375000	404
-4248.939941	347
-4244.504395	322
-4240.069336	315
-4235.634277	316
-4231.198730	339
-4226.763672	343
-4222.328613	308
-4217.893066	284
-4213.458008	288
-4209.022949	336
-4204.587402	323
-4200.152344	312
-4195.717285	298
-4191.281738	317
-4186.846680	357
-4182.411621	345
-4177.976074	354
-4173.541016	345
-4169.105957	337
-4164.670410	332
-4160.235352	328
-4155.800293	340
-4151.364746	309
-4146.929688	314
-4142.494629	287
-4138.059082	260
-4133.624023	311
-4129.188965	343
-4124.753418	305
-4120.318359	290
-4115.883301	290
-4111.447754	293
-4107.012695	304
-4102.577637	314
-4098.142578	308
-4093.707031	296
-4089.271973	284
-4084.836670	308
-4080.401367	319
-4075.966309	327
-4071.531006	305
-4067.095703	321
-4062.660645	325
-4058.225342	294
-4053.790039	284
-4049.354980	307
-4044.919678	309
-4040.484375	284
-4036.049316	298
-4031.614014	303
-4027.178711	248
-4022.743652	258
-4018.308350	264
-4013.873291	222
-4009.437988	224
-4005.002686	262
-4000.567627	261
-3996.132324	259
-3991.697021	294
-3987.261963	302
-3982.826660	271
-3978.391357	276
-3973.956299	286
-3969.520996	287
-3965.085693	298
-3960.650635	272
-3956.215332	245
-3951.780029	245
-3947.344971	280
-3942.909668	309
-3938.474365	301
-3934.039307	303
-3929.604004	284
-3925.168701	274
-3920.733643	281
-3916.298340	250
-3911.863037	251
-3907.427979	249
-3902.992676	249
-3898.557373	241
-3894.122314	237
-3889.687012	237
-3885.251709	248
-3880.816650	259
-3876.381348	254
-3871.946289	236
-3867.510986	258
-3863.075684	287
-3858.640625	261
-3854.205322	228
-3849.770020	206
-3845.334961	237
-3840.899658	243
-3836.464355	210
-3832.029297	219
-3827.593994	214
-3823.158691	237
-3818.723633	262
-3814.288330	249
-3809.853027	225
-3805.417969	212
-3800.982666	221
-3796.547363	263
-3792.112305	254
-3787.677002	232
-3783.241699	220
-3778.806641	213
-3774.371338	229
-3769.936035	223
-3765.500977	213
-3761.065674	240
-3756.630371	256
-3752.195313	271
-3747.760010	251
-3743.324707	252
-3738.889648	232
-3734.454346	223
-3730.019043	246
-3725.583984	274
-3721.148682	243
-3716.713623	233
-3712.278320	223
-3707.843018	199
-3703.407959	200
-3698.972656	183
-3694.537354	222
-3690.102295	233
-3685.666992	227
-3681.231689	243
-3676.796631	213
-3672.361328	210
-3667.926025	223
-3663.490967	199
-3659.055664	216
-3654.620361	245
-3650.185303	267
-3645.750000	280
-3641.314697	280
-3636.879639	240
-3632.444336	203
-3628.009033	200
-3623.573975	209
-3619.138672	238
-3614.703369	238
-3610.268311	224
-3605.833008	205
-3601.397705	235
-3596.962646	272
-3592.527344	273
-3588.092041	231
-3583.656982	243
-3579.221680	271
-3574.786377	220
-3570.351318	206
-3565.916016	206
-3561.480957	221
-3557.045654	232
-3552.610352	219
-3548.175293	240
-3543.739990	243
-3539.304688	243
-3534.869629	258
-3530.434326	260
-3525.999023	241
-3521.563965	214
-3517.128662	212
-3512.693359	220
-3508.258301	231
-3503.822998	245
-3499.387695	247
-3494.952637	245
-3490.517334	234
-3486.082031	239
-3481.646973	222
-3477.211670	217
-3472.776367	269
-3468.341309	272
-3463.906006	229
-3459.470703	237
-3455.035645	213
-3450.600342	225
-3446.165039	223
-3441.729980	220
-3437.294678	213
-3432.859375	229
-3428.424316	255
-3423.989014	206
-3419.553711	214
-3415.118652	245
-3410.683350	241
-3406.248291	280
-3401.812988	242
-3397.377686	212
-3392.942627	246
-3388.507324	240
-3384.072021	195
-3379.636963	193
-3375.201660	225
-3370.766357	234
-3366.331299	226
-3361.895996	231
-3357.460693	226
-3353.025635	237
-3348.590332	237
-3344.155029	191
-3339.719971	186
-3335.284668	197
-3330.849365	211
-3326.414307	224
-3321.979004	223
-3317.543701	251
-3313.108643	269
-3308.673340	257
-3304.238037	245
-3299.802979	223
-3295.367676	214
-3290.932373	228
-3286.497314	219
-3282.062012	227
-3277.626709	241
-3273.191650	229
-3268.756348	227
-3264.321289	216
-3259.885986	234
-3255.450684	260
-3251.015625	256
-3246.580322	233
-3242.145020	207
-3237.709961	196
-3233.274658	197
-3228.839355	189
-3224.404297	203
-3219.968994	212
-3215.533691	213
-3211.098633	216
-3206.663330	219
-3202.228027	233
-3197.792969	248
-3193.357666	268
-3188.922363	262
-3184.487305	241
-3180.052002	230
-3175.616699	227
-3171.181641	239
-3166.746338	224
-3162.311035	221
-3157.875977	225
-3153.440674	232
-3149.005371	223
-3144.570313	207
-3140.135010	224
-3135.699707	218
-3131.264648	205
-3126.829346	223
-3122.394043	225
-3117.958984	218
-3113.523682	223
-3109.088623	219
-3104.653320	215
-3100.218018	209
-3095.782959	212
-3091.347656	229
-3086.912354	216
-3082.477295	231
-3078.041992	212
-3073.606689	235
-3069.171631	239
-3064.736328	211
-3060.301025	186
-3055.865967	198
-3051.430664	243
-3046.995361	257
-3042.560303	217
-3038.125000	216
-3033.689697	216
-3029.254639	198
-3024.819336	206
-3020.384033	236
-3015.948975	221
-3011.513672	204
-3007.078369	216
-3002.643311	231
-2998.208008	228
-2993.772705	238
-2989.337646	262
-2984.902344	235
-2980.467041	226
-2976.031982	235
-2971.596680	215
-2967.161377	217
-2962.726318	208
-2958.291016	233
-2953.855957	209
-2949.420654	217
-2944.985352	218
-2940.550293	232
-2936.114990	248
-2931.679688	213
-2927.244629	205
-2922.809326	193
-2918.374023	201
-2913.938965	210
-2909.503662	181
-2905.068359	194
-2900.633301	198
-2896.197998	179
-2891.762695	207
-2887.327637	202
-2882.892334	217
-2878.457031	221
-2874.021973	201
-2869.586670	206
-2865.151367	221
-2860.716309	234
-2856.281006	227
-2851.845703	222
-2847.410645	214
-2842.975342	212
-2838.540039	244
-2834.104980	270
-2829.669678	249
-2825.234375	226
-2820.799316	231
-2816.364014	221
-2811.928711	213
-2807.493652	204
-2803.058350	232
-2798.623291	223
-2794.187988	221
-2789.752686	188
-2785.317627	208
-2780.882324	222
-2776.447021	218
-2772.011963	217
-2767.576660	216
-2763.141357	193
-2758.706299	211
-2754.270996	241
-2749.835693	225
-2745.400635	219
-2740.965332	222
-2736.530029	220
-2732.094971	237
-2727.659668	245
-2723.224365	235
-2718.789307	217
-2714.354004	210
-2709.918701	218
-2705.483643	218
-2701.048340	224
-2696.613037	256
-2692.177979	252
-2687.742676	235
-2683.307373	205
-2678.872314	222
-2674.437012	229
-2670.001709	215
-2665.566650	192
-2661.131348	213
-2656.696289	223
-2652.260986	232
-2647.825684	223
-2643.390625	238
-2638.955322	206
-2634.520020	189
-2630.084961	245
-2625.649658	256
-2621.214355	228
-2616.779297	244
-2612.343994	250
-2607.908691	230
-2603.473633	241
-2599.038330	262
-2594.603027	280
-2590.167969	256
-2585.732666	233
-2581.297363	204
-2576.862305	232
-2572.427002	258
-2567.991699	252
-2563.556641	236
-2559.121338	231
-2554.686035	224
-2550.250977	227
-2545.815674	225
-2541.380371	246
-2536.945313	270
-2532.510010	243
-2528.074707	221
-2523.639648	246
-2519.204346	267
-2514.769043	238
-2510.333984	212
-2505.898682	255
-2501.463623	252
-2497.028320	250
-2492.593018	237
-2488.157959	265
-2483.722656	258
-2479.287354	230
-2474.852295	221
-2470.416992	230
-2465.981689	231
-2461.546631	233
-2457.111328	239
-2452.676025	215
-2448.240967	210
-2443.805664	225
-2439.370361	253
-2434.935303	264
-2430.500000	261
-2426.064697	265
-2421.629639	229
-2417.194336	226
-2412.759033	213
-2408.323975	214
-2403.888672	236
-2399.453369	223
-2395.018311	256
-2390.583008	226
-2386.147705	188
-2381.712646	214
-2377.277344	228
-2372.842041	222
-2368.406982	218
-2363.971680	214
-2359.536377	222
-2355.101318	203
-2350.666016	208
-2346.230957	217
-2341.795654	243
-2337.360352	243
-2332.925293	244
-2328.489990	270
-2324.054688	244
-2319.619629	202
-2315.184326	191
-2310.749023	187
-2306.313965	199
-2301.878662	208
-2297.443359	234
-2293.008301	219
-2288.572998	202
-2284.137695	206
-2279.702637	210
-2275.267334	244
-2270.832031	232
-2266.396973	224
-2261.961670	220
-2257.526367	177
-2253.091309	191
-2248.656006	236
-2244.220703	243
-2239.785645	212
-2235.350342	219
-2230.915039	202
-2226.479980	201
-2222.044678	208
-2217.609375	229
-2213.174316	249
-2208.739014	262
-2204.303711	209
-2199.868652	201
-2195.433350	192
-2190.998291	210
-2186.562988	216
-2182.127686	225
-2177.692627	227
-2173.257324	218
-2168.822021	237
-2164.386963	233
-2159.951660	263
-2155.516357	265
-2151.081299	254
-2146.645996	243
-2142.210693	217
-2137.775635	214
-2133.340332	234
-2128.905029	225
-2124.469971	223
-2120.034668	231
-2115.599365	232
-2111.164307	226
-2106.729004	227
-2102.293701	226
-2097.858643	244
-2093.423340	260
-2088.988037	241
-2084.552979	221
-2080.117676	227
-2075.682373	211
-2071.247314	276
-2066.812012	251
-2062.376709	207
-2057.941650	214
-2053.506348	239
-2049.071289	229
-2044.635986	207
-2040.200684	215
-2035.765503	229
-2031.330322	245
-2026.895020	241
-2022.459839	248
-2018.024658	239
-2013.589355	231
-2009.154175	203
-2004.718994	197
-2000.283813	220
-1995.848511	213
-1991.413330	237
-1986.978149	215
-1982.542847	202
-1978.107666	220
-1973.672485	239
-1969.237183	214
-1964.802002	215
-1960.366821	214
-1955.931519	227
-1951.496338	231
-1947.061157	237
-1942.625854	236
-1938.190674	197
-1933.755493	207
-1929.320313	227
-1924.885010	214
-1920.449829	226
-1916.014648	223
-1911.579346	191
-1907.144165	180
-1902.708984	199
-1898.273682	247
-1893.838501	242
-1889.403320	220
-1884.968018	235
-1880.532837	247
-1876.097656	221
-1871.662354	208
-1867.227173	202
-1862.791992	224
-1858.356812	236
-1853.921509	223
-1849.486328	203
-1845.051147	245
-1840.615845	242
-1836.180664	234
-1831.745483	196
-1827.310181	234
-1822.875000	248
-1818.439819	268
-1814.004517	225
-1809.569336	213
-1805.134155	221
-1800.698853	232
-1796.263672	213
-1791.828491	242
-1787.393188	245
-1782.958008	240
-1778.522827	224
-1774.087646	228
-1769.652344	226
-1765.217163	232
-1760.781982	233
-1756.346680	231
-1751.911499	196
-1747.476318	196
-1743.041016	236
-1738.605835	210
-1734.170654	228
-1729.735352	264
-1725.300171	225
-1720.864990	230
-1716.429688	238
-1711.994507	234
-1707.559326	215
-1703.124146	213
-1698.688843	194
-1694.253662	209
-1689.818481	222
-1685.383179	219
-1680.947998	219
-1676.512817	246
-1672.077515	247
-1667.642334	266
-1663.207153	251
-1658.771851	230
-1654.336670	203
-1649.901489	236
-1645.466187	242
-1641.031006	226
-1636.595825	216
-1632.160645	227
-1627.725342	229
-1623.290161	248
-1618.854980	218
-1614.419678	202
-1609.984497	210
-1605.549316	234
-1601.114014	231
-1596.678833	236
-1592.243652	251
-1587.808350	236
-1583.373169	220
-1578.937988	238
-1574.502686	224
-1570.067505	198
-1565.632324	211
-1561.197021	228
-1556.761841	245
-1552.326660	247
-1547.891479	207
-1543.456177	219
-1539.020996	242
-1534.585815	242
-1530.150513	261
-1525.715332	245
-1521.280151	233
-1516.844849	215
-1512.409668	220
-1507.974487	220
-1503.539185	214
-1499.104004	194
-1494.668823	183
-1490.233521	202
-1485.798340	221
-1481.363159	227
-1476.927979	214
-1472.492676	228
-1468.057495	244
-1463.622314	246
-1459.187012	244
-1454.751831	236
-1450.316650	229
-1445.881348	214
-1441.446167	216
-1437.010986	235
-1432.575684	242
-1428.140503	223
-1423.705322	227
-1419.270020	200
-1414.834839	198
-1410.399658	228
-1405.964355	228
-1401.529175	264
-1397.093994	262
-1392.658813	228
-1388.223511	217
-1383.788330	243
-1379.353149	246
-1374.917847	246
-1370.482666	234
-1366.047485	252
-1361.612183	258
-1357.177002	238
-1352.741821	246
-1348.306519	255
-1343.871338	233
-1339.436157	242
-1335.000854	242
-1330.565674	217
-1326.130493	206
-1321.695313	187
-1317.260010	194
-1312.824829	218
-1308.389648	232
-1303.954346	214
-1299.519165	221
-1295.083984	221
-1290.648682	234
-1286.213501	250
-1281.778320	243
-1277.343018	228
-1272.907837	228
-1268.472656	257
-1264.037354	256
-1259.602173	251
-1255.166992	236
-1250.731812	224
-1246.296509	195
-1241.861328	211
-1237.426147	234
-1232.990845	222
-1228.555664	231
-1224.120483	228
-1219.685181	245
-1215.250000	232
-1210.814819	210
-1206.379517	205
-1201.944336	187
-1197.509155	198
-1193.073853	217
-1188.638672	238
-1184.203491	267
-1179.768188	258
-1175.333008	243
-1170.897827	245
-1166.462646	275
-1162.027344	281
-1157.592163	265
-1153.156982	255
-1148.721680	222
-1144.286499	207
-1139.851318	228
-1135.416016	224
-1130.980835	250
-1126.545654	261
-1122.110352	236
-1117.675171	234
-1113.239990	227
-1108.804688	233
-1104.369507	197
-1099.934326	204
-1095.499146	213
-1091.063843	214
-1086.628662	229
-1082.193481	231
-1077.758179	227
-1073.322998	218
-1068.887817	229
-1064.452515	239
-1060.017334	226
-1055.582153	215
-1051.146851	233
-1046.711670	244
-1042.276489	244
-1037.841187	228
-1033.406006	230
-1028.970825	203
-1024.535645	214
-1020.100342	215
-1015.665161	211
-1011.229919	230
-1006.794678	246
-1002.359497	230
-997.924255	240
-993.489075	221
-989.053833	240
-984.618591	259
-980.183411	229
-975.748169	235
-971.312927	234
-966.877747	225
-962.442505	236
-958.007324	234
-953.572083	239
-949.136841	222
-944.701660	232
-940.266418	226
-935.831177	234
-931.395996	227
-926.960754	223
-922.525574	227
-918.090332	223
-913.655090	218
-909.219910	230
-904.784668	224
-900.349426	199
-895.914246	260
-891.479004	232
-887.043823	243
-882.608582	279
-878.173340	262
-873.738159	264
-869.302917	258
-864.867676	263
-860.432495	243
-855.997253	235
-851.562073	242
-847.126831	228
-842.691589	240
-838.256409	241
-833.821167	236
-829.385925	215
-824.950745	254
-820.515503	251
-816.080322	233
-811.645081	229
-807.209839	222
-802.774658	229
-798.339417	223
-793.904175	211
-789.468994	208
-785.033752	249
-780.598511	274
-776.163330	260
-771.728088	237
-767.292908	223
-762.857666	227
-758.422424	231
-753.987244	212
-749.552002	237
-745.116760	245
-740.681580	219
-736.246338	235
-731.811157	230
-727.375916	243
-722.940674	248
-718.505493	244
-714.070251	267
-709.635010	251
-705.199829	238
-700.764587	238
-696.329407	246
-691.894165	228
-687.458923	204
-683.023743	209
-678.588501	234
-674.153259	243
-669.718079	233
-665.282837	243
-660.847656	229
-656.412415	209
-651.977173	203
-647.541992	219
-643.106750	277
-638.671509	260
-634.236328	249
-629.801086	235
-625.365906	246
-620.930664	244
-616.495422	239
-612.060242	225
-607.625000	247
-603.189758	249
-598.754578	253
-594.319336	255
-589.884094	244
-585.448914	239
-581.013672	231
-576.578491	229
-572.143250	240
-567.708008	237
-563.272827	254
-558.837585	279
-554.402344	275
-549.967163	244
-545.531921	244
-541.096741	256
-536.661499	271
-532.226257	248
-527.791077	243
-523.355835	216
-518.920593	205
-514.485413	219
-510.050171	265
-505.614960	304
-501.179749	232
-496.744537	185
-492.309296	222
-487.874084	247
-483.438873	242
-479.003662	210
-474.568420	213
-470.133209	246
-465.697998	269
-461.262787	277
-456.827545	272
-452.392334	261
-447.957123	277
-443.521912	235
-439.086670	273
-434.651459	284
-430.216248	266
-425.781036	248
-421.345795	266
-416.910583	259
-412.475372	248
-408.040161	255
-403.604919	241
-399.169708	257
-394.734497	236
-390.299255	227
-385.864044	229
-381.428833	245
-376.993622	287
-372.558380	264
-368.123169	264
-363.687958	298
-359.252747	240
-354.817505	264
-350.382294	294
-345.947083	282
-341.511871	264
-337.076630	242
-332.641418	263
-328.206207	266
-323.770996	268
-319.335754	289
-314.900543	317
-310.465332	285
-306.030121	284
-301.594879	291
-297.159668	288
-292.724457	273
-288.289246	251
-283.854004	264
-279.418793	286
-274.983582	287
-270.548370	276
-266.113129	255
-261.677917	256
-257.242706	279
-252.807480	270
-248.372269	260
-243.937042	297
-239.501831	294
-235.066605	296
-230.631393	280
-226.196167	269
-221.760956	267
-217.325729	312
-212.890518	340
-208.455292	332
-204.020081	336
-199.584854	331
-195.149628	360
-190.714417	363
-186.279190	373
-181.843979	377
-177.408752	430
-172.973541	430
-168.538315	406
-164.103104	423
-159.667877	453
-155.232666	452
-150.797440	484
-146.362228	472
-141.927002	502
-137.491791	528
-133.056564	649
-128.621353	673
-124.186134	677
-119.750916	766
-115.315697	882
-110.880478	911
-106.445259	1022
-102.010040	1099
-97.574814	1277
-93.139595	1481
-88.704376	1677
-84.269157	1763
-79.833939	2016
-75.398720	2468
-70.963501	3004
-66.528282	3595
-62.093067	4400
-57.657848	5344
-53.222630	6092
-48.787407	6640
-44.352188	7133
-39.916969	7562
-35.481750	8206
-31.046534	8697
-26.611315	9050
-22.176094	9285
-17.740875	9635
-13.305657	9869
-8.870438	9946
-4.435219	9972
0.000000	9980
4.435219	9830
8.870438	9683
13.305657	9549
17.740875	9522
22.176094	9353
26.611315	8934
31.046534	8525
35.481750	8143
39.916969	7814
44.352188	7576
48.787407	7235
53.222630	6737
57.657848	6259
62.093067	5411
66.528282	4338
70.963501	3550
75.398720	2967
79.833939	2475
84.269157	2061
88.704376	1748
93.139595	1538
97.574814	1365
102.010040	1216
106.445259	1086
110.880478	937
115.315697	802
119.750916	758
124.186134	724
128.621353	642
133.056564	589
137.491791	608
141.927002	555
146.362228	494
150.797440	490
155.232666	480
159.667877	451
164.103104	471
168.538315	437
172.973541	404
177.408752	381
181.843979	376
186.279190	376
190.714417	383
195.149628	370
199.584854	377
204.020081	353
208.455292	306
212.890518	254
217.325729	285
221.760956	335
226.196167	357
230.631393	308
235.066605	283
239.501831	274
243.937042	299
248.372269	281
252.807480	275
257.242706	281
261.677917	303
266.113129	290
270.548370	299
274.983582	275
279.418793	265
283.854004	274
288.289246	317
292.724457	298
297.159668	278
301.594879	261
306.030121	286
310.465332	308
314.900543	325
319.335754	315
323.770996	262
328.206207	276
332.641418	280
337.076630	256
341.511871	235
345.947083	232
350.382294	265
354.817505	268
359.252747	260
363.687958	247
368.123169	241
372.558380	233
376.993622	230
381.428833	245
385.864044	285
390.299255	293
394.734497	269
399.169708	276
403.604919	263
408.040161	236
412.475372	246
416.910583	254
421.345795	232
425.781036	231
430.216248	222
434.651459	239
439.086670	273
443.521912	306
447.957123	310
452.392334	284
456.827545	274
461.262787	287
465.697998	284
470.133209	245
474.568420	230
479.003662	230
483.438873	232
487.874084	242
492.309296	243
496.744537	236
501.179749	271
505.614960	273
510.050171	301
514.485413	286
518.920593	266
523.355835	266
527.791077	261
532.226257	283
536.661499	258
541.096741	254
545.531921	246
549.967163	255
554.402344	259
558.837585	233
563.272827	227
567.708008	221
572.143250	231
576.578491	211
581.013672	205
585.448914	220
589.884094	279
594.319336	273
598.754578	255
603.189758	261
607.625000	259
612.060242	242
616.495422	242
620.930664	240
625.365906	255
629.801086	236
634.236328	225
638.671509	268
643.106750	290
647.541992	261
651.977173	261
656.412415	275
660.847656	261
665.282837	249
669.718079	252
674.153259	231
678.588501	233
683.023743	227
687.458923	225
691.894165	231
696.329407	229
700.764587	253
705.199829	293
709.635010	302
714.070251	284
718.505493	277
722.940674	244
727.375916	226
731.811157	227
736.246338	241
740.681580	260
745.116760	273
749.552002	275
753.987244	234
758.422424	225
762.857666	225
767.292908	234
771.728088	233
776.163330	241
780.598511	242
785.033752	246
789.468994	238
793.904175	238
798.339417	249
802.774658	262
807.209839	263
811.645081	256
816.080322	240
820.515503	245
824.950745	253
829.385925	214
833.821167	230
838.256409	249
842.691589	256
847.126831	251
851.562073	281
855.997253	251
860.432495	263
864.867676	259
869.302917	239
873.738159	229
878.173340	241
882.608582	265
887.043823	264
891.479004	254
895.914246	261
900.349426	253
904.784668	222
909.219910	209
913.655090	254
918.090332	260
922.525574	290
926.960754	273
931.395996	262
935.831177	257
940.266418	248
944.701660	236
949.136841	248
953.572083	243
958.007324	257
962.442505	237
966.877747	249
971.312927	265
975.748169	284
980.183411	257
984.618591	238
989.053833	219
993.489075	241
997.924255	234
1002.359497	245
1006.794678	240
1011.229919	247
1015.665161	244
1020.100342	248
1024.535645	262
1028.970825	252
1033.406006	238
1037.841187	253
1042.276489	233
1046.711670	274
1051.146851	254
1055.582153	231
1060.017334	236
1064.452515	272
1068.887817	289
1073.322998	265
1077.758179	268
1082.193481	286
1086.628662	253
1091.063843	268
1095.499146	283
1099.934326	283
1104.369507	292
1108.804688	321
1113.239990	287
1117.675171	281
1122.110352	254
1126.545654	249
1130.980835	267
1135.416016	272
1139.851318	275
1144.286499	285
1148.721680	273
1153.156982	265
1157.592163	286
1162.027344	260
1166.462646	247
1170.897827	238
1175.333008	252
1179.768188	274
1184.203491	242
1188.638672	237
1193.073853	253
1197.509155	288
1201.944336	275
1206.379517	271
1210.814819	261
1215.250000	288
1219.685181	297
1224.120483	266
1228.555664	248
1232.990845	249
1237.426147	245
1241.861328	237
1246.296509	250
1250.731812	261
1255.166992	261
1259.602173	282
1264.037354	277
1268.472656	262
1272.907837	246
1277.343018	248
1281.778320	272
1286.213501	284
1290.648682	236
1295.083984	232
1299.519165	238
1303.954346	259
1308.389648	278
1312.824829	289
1317.260010	276
1321.695313	267
1326.130493	294
1330.565674	296
1335.000854	287
1339.436157	270
1343.871338	273
1348.306519	294
1352.741821	295
1357.177002	266
1361.612183	284
1366.047485	263
1370.482666	250
1374.917847	271
1379.353149	263
1383.788330	249
1388.223511	267
1392.658813	252
1397.093994	251
1401.529175	285
1405.964355	305
1410.399658	261
1414.834839	239
1419.270020	237
1423.705322	250
1428.140503	243
1432.575684	250
1437.010986	252
1441.446167	266
1445.881348	251
1450.316650	247
1454.751831	262
1459.187012	266
1463.622314	266
1468.057495	281
1472.492676	301
1476.927979	291
1481.363159	291
1485.798340	270
1490.233521	251
1494.668823	269
1499.104004	282
1503.539185	272
1507.974487	246
1512.409668	239
1516.844849	255
1521.280151	279
1525.715332	283
1530.150513	249
1534.585815	252
1539.020996	264
1543.456177	268
1547.891479	311
1552.326660	329
1556.761841	302
1561.197021	315
1565.632324	310
1570.067505	251
1574.502686	242
1578.937988	271
1583.373169	275
1587.808350	275
1592.243652	281
1596.678833	302
1601.114014	313
1605.549316	312
1609.984497	312
1614.419678	283
1618.854980	274
1623.290161	272
1627.725342	269
1632.160645	264
1636.595825	277
1641.031006	273
1645.466187	262
1649.901489	280
1654.336670	277
1658.771851	272
1663.207153	286
1667.642334	277
1672.077515	272
1676.512817	300
1680.947998	327
1685.383179	317
1689.818481	282
1694.253662	253
1698.688843	258
1703.124146	242
1707.559326	248
1711.994507	303
1716.429688	307
1720.864990	290
1725.300171	251
1729.735352	285
1734.170654	343
1738.605835	293
1743.041016	279
1747.476318	268
1751.911499	261
1756.346680	278
1760.781982	267
1765.217163	288
1769.652344	309
1774.087646	303
1778.522827	292
1782.958008	278
1787.393188	271
1791.828491	257
1796.263672	262
1800.698853	304
1805.134155	320
1809.569336	284
1814.004517	265
1818.439819	268
1822.875000	269
1827.310181	257
1831.745483	254
1836.180664	245
1840.615845	268
1845.051147	279
1849.486328	307
1853.921509	300
1858.356812	262
1862.791992	267
1867.227173	264
1871.662354	269
1876.097656	227
1880.532837	257
1884.968018	295
1889.403320	303
1893.838501	319
1898.273682	323
1902.708984	284
1907.144165	287
1911.579346	309
1916.014648	308
1920.449829	320
1924.885010	314
1929.320313	299
1933.755493	309
1938.190674	312
1942.625854	299
1947.061157	315
1951.496338	307
1955.931519	281
1960.366821	274
1964.802002	273
1969.237183	279
1973.672485	273
1978.107666	271
1982.542847	281
1986.978149	261
1991.413330	294
1995.848511	324
2000.283813	294
2004.718994	266
2009.154175	272
2013.589355	272
2018.024658	250
2022.459839	268
2026.895020	314
2031.330322	285
2035.765503	271
2040.200684	283
2044.635986	268
2049.071289	255
2053.506348	270
2057.941650	263
2062.376709	262
2066.812012	289
2071.247314	287
2075.682373	294
2080.117676	302
2084.552979	270
2088.988037	269
2093.423340	255
2097.858643	267
2102.293701	280
2106.729004	271
2111.164307	275
2115.599365	289
2120.034668	260
2124.469971	253
2128.905029	295
2133.340332	300
2137.775635	310
2142.210693	276
2146.645996	262
2151.081299	245
2155.516357	278
2159.951660	285
2164.386963	285
2168.822021	277
2173.257324	272
2177.692627	281
2182.127686	280
2186.562988	284
2190.998291	294
2195.433350	288
2199.868652	278
2204.303711	263
2208.739014	271
2213.174316	302
2217.609375	288
2222.044678	265
2226.479980	256
2230.915039	261
2235.350342	271
2239.785645	274
2244.220703	263
2248.656006	270
2253.091309	297
2257.526367	324
2261.961670	319
2266.396973	305
2270.832031	294
2275.267334	306
2279.702637	293
2284.137695	263
2288.572998	263
2293.008301	279
2297.443359	281
2301.878662	288
2306.313965	268
2310.749023	290
2315.184326	286
2319.619629	294
2324.054688	276
2328.489990	265
2332.925293	290
2337.360352	335
2341.795654	329
2346.230957	315
2350.666016	299
2355.101318	296
2359.536377	303
2363.971680	292
2368.406982	294
2372.842041	287
2377.277344	272
2381.712646	262
2386.147705	261
2390.583008	288
2395.018311	305
2399.453369	294
2403.888672	304
2408.323975	297
2412.759033	283
2417.194336	292
2421.629639	312
2426.064697	310
2430.500000	320
2434.935303	328
2439.370361	300
2443.805664	279
2448.240967	246
2452.676025	233
2457.111328	266
2461.546631	274
2465.981689	285
2470.416992	275
2474.852295	284
2479.287354	260
2483.722656	270
2488.157959	298
2492.593018	306
2497.028320	326
2501.463623	303
2505.898682	287
2510.333984	278
2514.769043	282
2519.204346	275
2523.639648	270
2528.074707	270
2532.510010	306
2536.945313	329
2541.380371	341
2545.815674	286
2550.250977	277
2554.686035	279
2559.121338	271
2563.556641	310
2567.991699	302
2572.427002	269
2576.862305	265
2581.297363	311
2585.732666	301
2590.167969	281
2594.603027	312
2599.038330	290
2603.473633	270
2607.908691	281
2612.343994	294
2616.779297	308
2621.214355	295
2625.649658	287
2630.084961	279
2634.520020	320
2638.955322	336
2643.390625	291
2647.825684	287
2652.260986	279
2656.696289	269
2661.131348	274
2665.566650	296
2670.001709	315
2674.437012	281
2678.872314	241
2683.307373	259
2687.742676	287
2692.177979	269
2696.613037	290
2701.048340	290
2705.483643	300
2709.918701	305
2714.354004	306
2718.789307	284
2723.224365	294
2727.659668	308
2732.094971	315
2736.530029	292
2740.965332	298
2745.400635	287
2749.835693	247
2754.270996	265
2758.706299	264
2763.141357	245
2767.576660	258
2772.011963	292
2776.447021	314
2780.882324	299
2785.317627	289
2789.752686	286
2794.187988	283
2798.623291	243
2803.058350	242
2807.493652	254
2811.928711	293
2816.364014	309
2820.799316	278
2825.234375	277
2829.669678	295
2834.104980	325
2838.540039	303
2842.975342	301
2847.410645	312
2851.845703	291
2856.281006	286
2860.716309	286
2865.151367	298
2869.586670	281
2874.021973	267
2878.457031	304
2882.892334	312
2887.327637	283
2891.762695	250
2896.197998	238
2900.633301	295
2905.068359	297
2909.503662	297
2913.938965	274
2918.374023	278
2922.809326	270
2927.244629	284
2931.679688	265
2936.114990	284
2940.550293	277
2944.985352	287
2949.420654	291
2953.855957	297
2958.291016	315
2962.726318	344
2967.161377	323
2971.596680	251
2976.031982	264
2980.467041	273
2984.902344	285
2989.337646	332
2993.772705	369
2998.208008	363
3002.643311	304
3007.078369	284
3011.513672	286
3015.948975	285
3020.384033	290
3024.819336	305
3029.254639	314
3033.689697	295
3038.125000	306
3042.560303	329
3046.995361	335
3051.430664	298
3055.865967	291
3060.301025	253
3064.736328	281
3069.171631	282
3073.606689	287
3078.041992	314
3082.477295	324
3086.912354	312
3091.347656	282
3095.782959	273
3100.218018	265
3104.653320	283
3109.088623	295
3113.523682	292
3117.958984	311
3122.394043	305
3126.829346	305
3131.264648	318
3135.699707	263
3140.135010	258
3144.570313	291
3149.005371	312
3153.440674	340
3157.875977	323
3162.311035	318
3166.746338	303
3171.181641	304
3175.616699	302
3180.052002	313
3184.487305	294
3188.922363	266
3193.357666	280
3197.792969	282
3202.228027	289
3206.663330	308
3211.098633	322
3215.533691	335
3219.968994	311
3224.404297	304
3228.839355	319
3233.274658	299
3237.709961	264
3242.145020	272
3246.580322	277
3251.015625	278
3255.450684	275
3259.885986	305
3264.321289	316
3268.756348	314
3273.191650	294
3277.626709	328
3282.062012	336
3286.497314	325
3290.932373	301
3295.367676	292
3299.802979	311
3304.238037	306
3308.673340	319
3313.108643	307
3317.543701	297
3321.979004	275
3326.414307	293
3330.849365	315
3335.284668	309
3339.719971	310
3344.155029	287
3348.590332	255
3353.025635	248
3357.460693	270
3361.895996	283
3366.331299	259
3370.766357	283
3375.201660	303
3379.636963	302
3384.072021	307
3388.507324	303
3392.942627	324
3397.377686	332
3401.812988	319
3406.248291	300
3410.683350	296
3415.118652	301
3419.553711	319
3423.989014	318
3428.424316	299
3432.859375	300
3437.294678	340
3441.729980	315
3446.165039	291
3450.600342	322
3455.035645	311
3459.470703	279
3463.906006	311
3468.341309	352
3472.776367	326
3477.211670	289
3481.646973	308
3486.082031	316
3490.517334	355
3494.952637	321
3499.387695	266
3503.822998	324
3508.258301	336
3512.693359	298
3517.128662	288
3521.563965	305
3525.999023	277
3530.434326	267
3534.869629	289
3539.304688	317
3543.739990	340
3548.175293	337
3552.610352	332
3557.045654	277
3561.480957	271
3565.916016	260
3570.351318	309
3574.786377	343
3579.221680	352
3583.656982	343
3588.092041	307
3592.527344	319
3596.962646	319
3601.397705	289
3605.833008	294
3610.268311	304
3614.703369	356
3619.138672	385
3623.573975	383
3628.009033	392
3632.444336	380
3636.879639	369
3641.314697	356
3645.750000	373
3650.185303	395
3654.620361	386
3659.055664	420
3663.490967	415
3667.926025	400
3672.361328	397
3676.796631	425
3681.231689	390
3685.666992	366
3690.102295	363
3694.537354	393
3698.972656	457
3703.407959	479
3707.843018	516
3712.278320	538
3716.713623	543
3721.148682	511
3725.583984	497
3730.019043	542
3734.454346	583
3738.889648	605
3743.324707	664
3747.760010	663
3752.195313	693
3756.630371	712
3761.065674	695
3765.500977	733
3769.936035	768
3774.371338	862
3778.806641	950
3783.241699	1059
3787.677002	1034
3792.112305	1026
3796.547363	1098
3800.982666	1170
3805.417969	1186
3809.853027	1203
3814.288330	1320
3818.723633	1337
3823.158691	1386
3827.593994	1351
3832.029297	1431
3836.464355	1514
3840.899658	1525
3845.334961	1606
3849.770020	1727
3854.205322	1813
3858.640625	1891
3863.075684	1883
3867.510986	1938
3871.946289	2049
3876.381348	2124
3880.816650	2133
3885.251709	2167
3889.687012	2209
3894.122314	2341
3898.557373	2402
3902.992676	2397
3907.427979	2569
3911.863037	2562
3916.298340	2474
3920.733643	2457
3925.168701	2544
3929.604004	2550
3934.039307	2498
3938.474365	2608
3942.909668	2666
3947.344971	2660
3951.780029	2655
3956.215332	2653
3960.650635	2705
3965.085693	2668
3969.520996	2637
3973.956299	2710
3978.391357	2756
3982.826660	2832
3987.261963	2879
3991.697021	2992
3996.132324	3006
4000.567627	2979
4005.002686	3108
4009.437988	3091
4013.873291	3023
4018.308350	3170
4022.743652	3252
4027.178711	3310
4031.614014	3272
4036.049316	3224
4040.484375	3139
4044.919678	3157
4049.354980	3177
4053.790039	3076
4058.225342	3029
4062.660645	3030
4067.095703	3022
4071.531006	3044
4075.966309	3040
4080.401367	3000
4084.836670	2961
4089.271973	2870
4093.707031	2766
4098.142578	2732
4102.577637	2753
4107.012695	2805
4111.447754	2826
4115.883301	2711
4120.318359	2736
4124.753418	2789
4129.188965	2869
4133.624023	2938
4138.059082	3045
4142.494629	3057
4146.929688	2978
4151.364746	3053
4155.800293	3015
4160.235352	3048
4164.670410	3106
4169.105957	3155
4173.541016	3095
4177.976074	2995
4182.411621	3028
4186.846680	3065
4191.281738	3047
4195.717285	3076
4200.152344	2978
4204.587402	2967
4209.022949	2995
4213.458008	3015
4217.893066	2959
4222.328613	2895
4226.763672	2852
4231.198730	2945
4235.634277	2961
4240.069336	2847
4244.504395	2866
4248.939941	2917
4253.375000	2985
4257.810059	2939
4262.245605	2786
4266.680664	2781
4271.115723	2864
4275.551270	2791
4279.986328	2683
4284.421387	2747
4288.856934	2765
4293.291992	2769
4297.727051	2727
4302.162598	2722
4306.597656	2841
4311.032715	2744
4315.468262	2641
4319.903320	2659
4324.338379	2613
4328.773926	2596
4333.208984	2596
4337.644043	2568
4342.079590	2617
4346.514648	2636
4350.949707	2590
4355.385254	2581
4359.820313	2680
4364.255371	2788
4368.690918	2838
4373.125977	2824
4377.561035	2921
4381.996582	2969
4386.431641	2929
4390.866699	2929
4395.302246	2973
4399.737305	2993
4404.172363	3071
4408.607422	3129
4413.042969	3094
4417.478027	3047
4421.913086	3033
4426.348633	3201
4430.783691	3145
4435.218750	2992
4439.654297	3035
4444.089355	3137
4448.524414	3193
4452.959961	3139
4457.395020	3190
4461.830078	3108
4466.265625	3138
4470.700684	3133
4475.135742	3075
4479.571289	3081
4484.006348	3041
4488.441406	3136
4492.876953	3168
4497.312012	3083
4501.747070	3141
4506.182617	3141
4510.617676	3049
4515.052734	3046
4519.488281	3048
4523.923340	3046
4528.358398	3031
4532.793945	3033
4537.229004	3083
4541.664063	3130
4546.099609	3079
4550.534668	3022
4554.969727	3034
4559.405273	3087
4563.840332	3121
4568.275391	3017
4572.710938	3070
4577.145996	3128
4581.581055	3204
4586.016602	3192
4590.451660	3222
4594.886719	3237
4599.322266	3246
4603.757324	3272
4608.192383	3191
4612.627930	3269
4617.062988	3301
4621.498047	3275
4625.933594	3306
4630.368652	3356
4634.803711	3432
4639.239258	3498
4643.674316	3532
4648.109375	3657
4652.544922	3782
4656.979980	3816
4661.415039	3717
4665.850586	3727
4670.285645	3918
4674.720703	3938
4679.156250	3986
4683.591309	3987
4688.026367	3970
4692.461914	4017
4696.896973	4171
4701.332031	4254
4705.767578	4235
4710.202637	4294
4714.637695	4232
4719.072754	4172
4723.508301	4339
4727.943359	4336
4732.378418	4367
4736.813965	4408
4741.249023	4288
4745.684082	4290
4750.119629	4424
4754.554688	4538
4758.989746	4581
4763.425293	4603
4767.860352	4633
4772.295410	4531
4776.730957	4539
4781.166016	4588
4785.601074	4669
4790.036621	4768
4794.471680	4776
4798.906738	4660
4803.342285	4619
4807.777344	4727
4812.212402	4735
4816.647949	4743
4821.083008	4705
4825.518066	4631
4829.953613	4569
4834.388672	4562
4838.823730	4606
4843.259277	4608
4847.694336	4538
4852.129395	4462
4856.564941	4361
4861.000000	4336
4865.435059	4387
4869.870605	4393
4874.305664	4374
4878.740723	4413
4883.176270	4423
4887.611328	4482
4892.046387	4504
4896.481934	4541
4900.916992	4537
4905.352051	4577
4909.787598	4630
4914.222656	4653
4918.657715	4652
4923.093262	4644
4927.528320	4510
4931.963379	4547
4936.398926	4695
4940.833984	4760
4945.269043	4835
4949.704590	4750
4954.139648	4770
4958.574707	4747
4963.010254	4727
4967.445313	4736
4971.880371	4861
4976.315918	4812
4980.750977	4767
4985.186035	4676
4989.621582	4628
4994.056641	4707
4998.491699	4711
5002.927246	4582
5007.362305	4657
5011.797363	4712
5016.232422	4670
5020.667969	4637
5025.103027	4619
5029.538086	4640
5033.973633	4570
5038.408691	4440
5042.843750	4630
5047.279297	4628
5051.714355	4570
5056.149414	4629
5060.584961	4657
5065.020020	4541
5069.455078	4535
5073.890625	4589
5078.325684	4564
5082.760742	4518
5087.196289	4490
5091.631348	4581
5096.066406	4554
5100.501953	4562
5104.937012	4609
5109.372070	4526
5113.807617	4496
5118.242676	4454
5122.677734	4487
5127.113281	4669
5131.548340	4694
5135.983398	4585
5140.418945	4554
5144.854004	4444
5149.289063	4535
5153.724609	4461
5158.159668	4473
5162.594727	4436
5167.030273	4433
5171.465332	4440
5175.900391	4398
5180.335938	4398
5184.770996	4467
5189.206055	4479
5193.641602	4335
5198.076660	4290
5202.511719	4487
5206.947266	4483
5211.382324	4354
5215.817383	4321
5220.252930	4358
5224.687988	4447
5229.123047	4387
5233.558594	4388
5237.993652	4436
5242.428711	4347
5246.864258	4251
5251.299316	4207
5255.734375	4301
5260.169922	4332
5264.604980	4279
5269.040039	4287
5273.475586	4295
5277.910645	4275
5282.345703	4257
5286.781250	4168
5291.216309	4087
5295.651367	4159
5300.086914	4188
5304.521973	4211
5308.957031	4201
5313.392578	4245
5317.827637	4208
5322.262695	4198
5326.697754	4213
5331.133301	4167
5335.568359	4131
5340.003418	4146
5344.438965	4145
5348.874023	4150
5353.309082	4144
5357.744629	4177
5362.179688	4195
5366.614746	4171
5371.050293	4098
5375.485352	4053
5379.920410	4032
5384.355957	4018
5388.791016	3992
5393.226074	4088
5397.661621	4073
5402.096680	4048
5406.531738	4039
5410.967285	4137
5415.402344	4081
5419.837402	4051
5424.272949	4081
5428.708008	4082
5433.143066	4082
5437.578613	4068
5442.013672	4002
5446.448730	3896
5450.884277	3915
5455.319336	3967
5459.754395	3947
5464.189941	3914
5468.625000	3928
5473.060059	3882
5477.495605	3845
5481.930664	3896
5486.365723	3945
5490.801270	3921
5495.236328	3953
5499.671387	3991
5504.106934	3893
5508.541992	3890
5512.977051	3956
5517.412598	3935
5521.847656	3940
5526.282715	3932
5530.718262	3957
5535.153320	3821
5539.588379	3840
5544.023926	3915
5548.458984	3811
5552.894043	3726
5557.329590	3777
5561.764648	3796
5566.199707	3748
5570.635254	3732
5575.070313	3848
5579.505371	3851
5583.940918	3708
5588.375977	3674
5592.811035	3619
5597.246582	3666
5601.681641	3752
5606.116699	3671
5610.552246	3690
5614.987305	3734
5619.422363	3707
5623.857422	3739
5628.292969	3745
5632.728027	3772
5637.163086	3775
5641.598633	3715
5646.033691	3658
5650.468750	3664
5654.904297	3696
5659.339355	3715
5663.774414	3738
5668.209961	3663
5672.645020	3574
5677.080078	3575
5681.515625	3540
5685.950684	3576
5690.385742	3593
5694.821289	3671
5699.256348	3664
5703.691406	3624
5708.126953	3625
5712.562012	3531
5716.997070	3483
5721.432617	3605
5725.867676	3618
5730.302734	3593
5734.738281	3522
5739.173340	3553
5743.608398	3618
5748.043945	3670
5752.479004	3673
5756.914063	3605
5761.349609	3596
5765.784668	3563
5770.219727	3564
5774.655273	3593
5779.090332	3685
5783.525391	3658
5787.960938	3592
5792.395996	3647
5796.831055	3713
5801.266602	3760
5805.701660	3884
5810.136719	3725
5814.572266	3661
5819.007324	3683
5823.442383	3733
5827.877930	3716
5832.312988	3731
5836.748047	3788
5841.183594	3806
5845.618652	3812
5850.053711	3735
5854.489258	3708
5858.924316	3738
5863.359375	3790
5867.794922	3670
5872.229980	3676
5876.665039	3707
5881.100586	3880
5885.535645	3884
5889.970703	3885
5894.406250	3769
5898.841309	3612
5903.276367	3692
5907.711914	3738
5912.146973	3665
5916.582031	3637
5921.017578	3660
5925.452637	3618
5929.887695	3665
5934.322754	3708
5938.758301	3726
5943.193359	3610
5947.628418	3624
5952.063965	3596
5956.499023	3530
5960.934082	3581
5965.369629	3500
5969.804688	3584
5974.239746	3576
5978.675293	3458
5983.110352	3475
5987.545410	3494
5991.980957	3586
5996.416016	3499
6000.851074	3447
6005.286621	3413
6009.721680	3439
6014.156738	3521
6018.592285	3557
6023.027344	3519
6027.462402	3414
6031.897949	3432
6036.333008	3428
6040.768066	3414
6045.203613	3401
6049.638672	3376
6054.073730	3391
6058.509277	3384
6062.944336	3447
6067.379395	3430
6071.814941	3316
6076.250000	3345
6080.685059	3357
6085.120605	3303
6089.555664	3391
6093.990723	3352
6098.426270	3373
6102.861328	3370
6107.296387	3347
6111.731934	3290
6116.166992	3255
6120.602051	3165
6125.037598	3318
6129.472656	3332
6133.907715	3180
6138.343262	3111
6142.778320	3200
6147.213379	3145
6151.648926	3193
6156.083984	3193
6160.519043	3148
6164.954590	3113
6169.389648	3111
6173.824707	3067
6178.260254	3032
6182.695313	2944
6187.130371	3047
6191.565918	3141
6196.000977	3051
6200.436035	3008
6204.871582	3010
6209.306641	3036
6213.741699	3015
6218.177246	2984
6222.612305	2993
6227.047363	2943
6231.482422	2931
6235.917969	2885
6240.353027	2921
6244.788086	2913
6249.223633	2880
6253.658691	2915
6258.093750	2949
6262.529297	2947
6266.964355	2828
6271.399414	2733
6275.834961	2856
6280.270020	2827
6284.705078	2780
6289.140625	2863
6293.575684	2808
6298.010742	2775
6302.446289	2745
6306.881348	2769
6311.316406	2799
6315.751953	2755
6320.187012	2769
6324.622070	2648
6329.057617	2641
6333.492676	2702
6337.927734	2709
6342.363281	2623
6346.798340	2655
6351.233398	2571
6355.668945	2584
6360.104004	2653
6364.539063	2696
6368.974609	2622
6373.409668	2629
6377.844727	2640
6382.280273	2657
6386.715332	2682
6391.150391	2616
6395.585938	2500
6400.020996	2400
6404.456055	2485
6408.891602	2575
6413.326660	2624
6417.761719	2686
6422.197266	2659
6426.632324	2605
6431.067383	2590
6435.502930	2610
6439.937988	2708
6444.373047	2656
6448.808594	2624
6453.243652	2576
6457.678711	2575
6462.114258	2607
6466.549316	2409
6470.984375	2380
6475.419922	2473
6479.854980	2509
6484.290039	2459
6488.725586	2478
6493.160645	2388
6497.595703	2366
6502.031250	2391
6506.466309	2397
6510.901367	2391
6515.336914	2399
6519.771973	2395
6524.207031	2433
6528.642578	2440
6533.077637	2360
6537.512695	2257
6541.947754	2364
6546.383301	2359
6550.818359	2254
6555.253418	2154
6559.688965	2102
6564.124023	2211
6568.559082	2177
6572.994629	2209
6577.429688	2193
6581.864746	2211
6586.300293	2223
6590.735352	2141
6595.170410	2137
6599.605957	2217
6604.041016	2324
6608.476074	2369
6612.911621	2312
6617.346680	2170
6621.781738	2140
6626.217285	2175
6630.652344	2265
6635.087402	2362
6639.522949	2388
6643.958008	2310
6648.393066	2269
6652.828613	2290
6657.263672	2346
6661.698730	2449
6666.134277	2450
6670.569336	2413
6675.004395	2399
6679.439941	2367
6683.875000	2363
6688.310059	2432
6692.745605	2299
6697.180664	2378
6701.615723	2357
6706.051270	2243
6710.486328	2209
6714.921387	2268
6719.356934	2380
6723.791992	2401
6728.227051	2360
6732.662598	2314
6737.097656	2283
6741.532715	2210
6745.968262	2269
6750.403320	2239
6754.838379	2258
6759.273926	2311
6763.708984	2330
6768.144043	2377
6772.579590	2358
6777.014648	2353
6781.449707	2276
6785.885254	2273
6790.320313	2325
6794.755371	2321
6799.190918	2253
6803.625977	2143
6808.061035	2152
6812.496582	2182
6816.931641	2200
6821.366699	2311
6825.802246	2224
6830.237305	2151
6834.672363	2212
6839.107422	2286
6843.542969	2285
6847.978027	2166
6852.413086	2081
6856.848633	2124
6861.283691	2243
6865.718750	2118
6870.154297	2069
6874.589355	2079
6879.024414	2110
6883.459961	2007
6887.895020	1931
6892.330078	1990
6896.765625	2026
6901.200684	2048
6905.635742	1986
6910.071289	2040
6914.506348	2034
6918.941406	1926
6923.376953	1880
6927.812012	1961
6932.247070	1943
6936.682617	1897
6941.117676	1827
6945.552734	1867
6949.988281	1871
6954.423340	1898
6958.858398	1900
6963.293945	1917
6967.729004	1913
6972.164063	1946
6976.599609	1875
6981.034668	1877
6985.469727	1851
6989.905273	1781
6994.340332	1688
6998.775391	1691
7003.210938	1759
7007.645996	1777
7012.081055	1677
7016.516602	1727
7020.951660	1704
7025.386719	1669
7029.822266	1668
7034.257324	1624
7038.692383	1668
7043.127930	1677
7047.562988	1630
7051.998047	1628
7056.433594	1555
7060.868652	1557
7065.303711	1547
7069.739258	1675
7074.174316	1742
7078.609375	1694
7083.044922	1609
7087.479980	1542
7091.915039	1505
7096.350586	1513
7100.785645	1531
7105.220703	1569
7109.656250	1483
7114.091309	1407
7118.526367	1400
7122.961914	1401
7127.396973	1427
7131.832031	1421
7136.267578	1372
7140.702637	1321
7145.137695	1276
7149.572754	1324
7154.008301	1412
7158.443359	1334
7162.878418	1308
7167.313965	1325
7171.749023	1239
7176.184082	1222
7180.619629	1322
7185.054688	1255
7189.489746	1177
7193.925293	1137
7198.360352	1118
7202.795410	1140
7207.230957	1140
7211.666016	1084
7216.101074	1096
7220.536621	1102
7224.971680	1114
7229.406738	1067
7233.842285	1122
7238.277344	1078
7242.712402	1050
7247.147949	1016
7251.583008	991
7256.018066	983
7260.453613	997
7264.888672	1000
7269.323730	994
7273.759277	998
7278.194336	962
7282.629395	912
7287.064941	815
7291.500000	773
7295.935059	942
7300.370605	969
7304.805664	895
7309.240723	839
7313.676270	763
7318.111328	747
7322.546387	765
7326.981934	787
7331.416992	770
7335.852051	755
7340.287598	701
7344.722656	641
7349.157715	631
7353.593262	678
7358.028320	671
7362.463379	635
7366.898926	629
7371.333984	646
7375.769043	626
7380.204590	576
7384.639648	531
7389.074707	521
7393.510254	493
7397.945313	560
7402.380371	566
7406.815918	546
7411.250977	596
7415.686035	658
7420.121582	651
7424.556641	631
7428.991699	654
7433.427246	661
7437.862305	633
7442.297363	652
7446.732422	660
7451.167969	707
7455.603027	765
7460.038086	734
7464.473633	763
7468.908691	800
7473.343750	783
7477.779297	776
7482.214355	715
7486.649414	717
7491.084961	752
7495.520020	811
7499.955078	819
7504.390625	832
7508.825684	853
7513.260742	818
7517.696289	803
7522.131348	799
7526.566406	887
7531.001953	909
7535.437012	852
7539.872070	830
7544.307617	867
7548.742676	879
7553.177734	825
7557.613281	833
7562.048340	797
7566.483398	782
7570.918945	794
7575.354004	778
7579.789063	755
7584.224609	731
7588.659668	692
7593.094727	607
7597.530273	626
7601.965332	624
7606.400391	634
7610.835938	643
7615.270996	662
7619.706055	619
7624.141602	565
7628.576660	560
7633.011719	501
7637.447266	513
7641.882324	533
7646.317383	558
7650.752930	534
7655.187988	519
7659.623047	541
7664.058594	565
7668.493652	513
7672.928711	513
7677.364258	517
7681.799316	518
7686.234375	485
7690.669922	488
7695.104980	495
7699.540039	522
7703.975586	527
7708.410645	468
7712.845703	473
7717.281250	469
7721.716309	495
7726.151367	541
7730.586914	512
7735.021973	469
7739.457031	462
7743.892578	461
7748.327637	457
7752.762695	464
7757.197754	424
7761.633301	407
7766.068359	406
7770.503418	395
7774.938965	406
7779.374023	437
7783.809082	427
7788.244629	401
7792.679688	419
7797.114746	405
7801.550293	366
7805.985352	349
7810.420410	356
7814.855957	402
7819.291016	415
7823.726074	418
7828.161621	411
7832.596680	425
7837.031738	421
7841.467285	425
7845.902344	427
7850.337402	445
7854.772949	411
7859.208008	400
7863.643066	405
7868.078613	336
7872.513672	362
7876.948730	436
7881.384277	433
7885.819336	458
7890.254395	479
7894.689941	476
7899.125000	521
7903.560059	556
7907.995605	543
7912.430664	534
7916.865723	528
7921.301270	558
7925.736328	601
7930.171387	560
7934.606934	544
7939.041992	515
7943.477051	526
7947.912598	581
7952.347656	611
7956.782715	624
7961.218262	619
7965.653320	644
7970.088379	650
7974.523926	650
7978.958984	619
7983.394043	625
7987.829590	633
7992.264648	659
7996.699707	612
8001.135254	579
8005.570313	578
8010.005371	644
8014.440918	604
8018.875977	654
8023.311035	651
8027.746582	614
8032.181641	625
8036.616699	666
8041.052246	673
8045.487305	671
8049.922363	646
8054.357422	654
8058.792969	673
8063.228027	698
8067.663086	719
8072.098633	703
8076.533691	619
8080.968750	644
8085.404297	654
8089.839355	660
8094.274414	659
8098.709961	618
8103.145020	675
8107.580078	658
8112.015625	592
8116.450684	567
8120.885742	597
8125.321289	588
8129.756348	581
8134.191406	571
8138.626953	530
8143.062012	513
8147.497070	548
8151.932617	568
8156.367676	559
8160.802734	453
8165.238281	452
8169.673340	494
8174.108398	456
8178.543945	388
8182.979004	453
8187.414063	504
8191.849609	507
8196.285156	469
8200.719727	462
8205.155273	418
8209.589844	424
8214.025391	432
8218.460938	417
8222.895508	370
8227.331055	383
8231.766602	390
8236.201172	398
8240.636719	427
8245.072266	423
8249.506836	384
8253.942383	363
8258.377930	377
8262.812500	361
8267.248047	343
8271.683594	329
8276.118164	361
8280.553711	404
8284.989258	421
8289.423828	401
8293.859375	394
8298.294922	335
8302.729492	318
8307.165039	320
8311.600586	354
8316.035156	359
8320.470703	356
8324.906250	337
8329.340820	324
8333.776367	338
8338.211914	360
8342.646484	327
8347.082031	368
8351.517578	403
8355.952148	407
8360.387695	362
8364.823242	372
8369.257813	366
8373.693359	368
8378.128906	377
8382.563477	382
8386.999023	401
8391.434570	355
8395.869141	337
8400.304688	364
8404.740234	394
8409.174805	396
8413.610352	399
8418.045898	368
8422.480469	408
8426.916016	439
8431.351563	387
8435.786133	374
8440.221680	400
8444.657227	411
8449.091797	417
8453.527344	404
8457.962891	382
8462.397461	418
8466.833008	440
8471.268555	451
8475.703125	398
8480.138672	351
8484.574219	409
8489.008789	456
8493.444336	460
8497.879883	480
8502.314453	429
8506.750000	423
8511.185547	451
8515.620117	470
8520.055664	461
8524.491211	474
8528.925781	450
8533.361328	464
8537.796875	431
8542.231445	425
8546.666992	409
8551.102539	446
8555.537109	485
8559.972656	487
8564.408203	457
8568.842773	446
8573.278320	484
8577.713867	468
8582.148438	480
8586.583984	511
8591.019531	511
8595.454102	490
8599.889648	496
8604.325195	504
8608.759766	503
8613.195313	450
8617.630859	461
8622.065430	454
8626.500977	448
8630.936523	441
8635.371094	471
8639.806641	490
8644.242188	474
8648.676758	448
8653.112305	431
8657.547852	418
8661.982422	437
8666.417969	415
8670.853516	402
8675.288086	390
8679.723633	426
8684.159180	437
8688.593750	410
8693.029297	407
8697.464844	445
8701.899414	482
8706.334961	433
8710.770508	419
8715.205078	411
8719.640625	375
8724.076172	358
8728.510742	362
8732.946289	386
8737.381836	422
8741.816406	397
8746.251953	384
8750.687500	369
8755.122070	340
8759.557617	356
8763.993164	353
8768.427734	363
8772.863281	350
8777.298828	358
8781.733398	347
8786.168945	349
8790.604492	358
8795.039063	383
8799.474609	372
8803.910156	371
8808.344727	362
8812.780273	357
8817.214844	343
8821.650391	352
8826.085938	353
8830.520508	346
8834.956055	342
8839.391602	350
8843.826172	364
8848.261719	329
8852.697266	332
8857.131836	343
8861.567383	333
8866.002930	334
8870.437500	336
8874.873047	323
8879.308594	335
8883.743164	342
8888.178711	325
8892.614258	312
8897.048828	331
8901.484375	354
8905.919922	335
8910.354492	316
8914.790039	308
8919.225586	300
8923.660156	314
8928.095703	310
8932.531250	315
8936.965820	351
8941.401367	357
8945.836914	335
8950.271484	321
8954.707031	346
8959.142578	344
8963.577148	292
8968.012695	279
8972.448242	293
8976.882813	350
8981.318359	385
8985.753906	322
8990.188477	263
8994.624023	261
8999.059570	291
9003.494141	304
9007.929688	317
9012.365234	308
9016.799805	311
9021.235352	339
9025.670898	322
9030.105469	326
9034.541016	355
9038.976563	322
9043.411133	299
9047.846680	291
9052.282227	301
9056.716797	325
9061.152344	308
9065.587891	317
9070.022461	301
9074.458008	287
9078.893555	303
9083.328125	290
9087.763672	287
9092.199219	300
9096.633789	314
9101.069336	307
9105.504883	265
9109.939453	308
9114.375000	387
9118.810547	405
9123.245117	352
9127.680664	321
9132.116211	304
9136.550781	306
9140.986328	323
9145.421875	320
9149.856445	301
9154.291992	317
9158.727539	329
9163.162109	303
9167.597656	293
9172.033203	325
9176.467773	343
9180.903320	361
9185.338867	324
9189.773438	333
9194.208984	346
9198.644531	338
9203.079102	330
9207.514648	283
9211.950195	290
9216.384766	332
9220.820313	349
9225.255859	355
9229.690430	342
9234.125977	323
9238.561523	327
9242.996094	346
9247.431641	345
9251.867188	365
9256.301758	349
9260.737305	345
9265.172852	314
9269.607422	318
9274.042969	318
9278.478516	282
9282.913086	315
9287.348633	367
9291.784180	375
9296.218750	349
9300.654297	358
9305.089844	363
9309.524414	312
9313.959961	309
9318.395508	352
9322.830078	367
9327.265625	370
9331.701172	363
9336.135742	353
9340.571289	347
9345.006836	328
9349.441406	338
9353.876953	329
9358.312500	321
9362.747070	315
9367.182617	321
9371.618164	319
9376.052734	302
9380.488281	312
9384.923828	341
9389.358398	368
9393.793945	331
9398.229492	317
9402.664063	308
9407.099609	337
9411.535156	364
9415.969727	346
9420.405273	339
9424.839844	334
9429.275391	352
9433.710938	357
9438.145508	354
9442.581055	343
9447.016602	335
9451.451172	341
9455.886719	365
9460.322266	340
9464.756836	360
9469.192383	348
9473.627930	346
9478.062500	328
9482.498047	340
9486.933594	326
9491.368164	321
9495.803711	326
9500.239258	341
9504.673828	339
9509.109375	307
9513.544922	314
9517.979492	315
9522.415039	324
9526.850586	398
9531.285156	349
9535.720703	313
9540.156250	308
9544.590820	329
9549.026367	343
9553.461914	321
9557.896484	357
9562.332031	364
9566.767578	379
9571.202148	364
9575.637695	350
9580.073242	355
9584.507813	366
9588.943359	361
9593.378906	317
9597.813477	309
9602.249023	314
9606.684570	308
9611.119141	309
9615.554688	310
9619.990234	315
9624.424805	340
9628.860352	392
9633.295898	376
9637.730469	357
9642.166016	335
9646.601563	350
9651.036133	308
9655.471680	336
9659.907227	349
9664.341797	349
9668.777344	318
9673.212891	336
9677.647461	297
9682.083008	269
9686.518555	293
9690.953125	320
9695.388672	352
9699.824219	350
9704.258789	361
9708.694336	352
9713.129883	346
9717.564453	313
9722.000000	316
9726.435547	326
9730.870117	402
9735.305664	401
9739.741211	368
9744.175781	315
9748.611328	325
9753.046875	374
9757.481445	341
9761.916992	374
9766.352539	378
9770.787109	389
9775.222656	352
9779.658203	351
9784.092773	363
9788.528320	357
9792.963867	300
9797.398438	345
9801.833984	374
9806.269531	359
9810.704102	357
9815.139648	354
9819.575195	374
9824.009766	380
9828.445313	363
9832.880859	342
9837.315430	352
9841.750977	370
9846.186523	387
9850.621094	359
9855.056641	343
9859.492188	373
9863.926758	404
9868.362305	378
9872.797852	350
9877.232422	347
9881.667969	355
9886.103516	404
9890.538086	382
9894.973633	375
9899.409180	369
9903.843750	383
9908.279297	386
9912.714844	358
9917.149414	336
9921.584961	360
9926.020508	391
9930.455078	381
9934.890625	399
9939.326172	414
9943.760742	396
9948.196289	374
9952.631836	376
9957.066406	390
9961.501953	361
9965.937500	343
9970.372070	372
9974.807617	369
9979.243164	377
9983.677734	413
9988.113281	373
9992.548828	356
9996.983398	368
10001.418945	384
10005.854492	399
10010.289063	407
10014.724609	432
10019.160156	420
10023.594727	384
10028.030273	380
10032.464844	363
10036.900391	392
10041.335938	427
10045.770508	440
10050.206055	402
10054.641602	381
10059.076172	356
10063.511719	358
10067.947266	349
10072.381836	369
10076.817383	383
10081.252930	390
10085.687500	376
10090.123047	358
10094.558594	352
10098.993164	366
10103.428711	370
10107.864258	386
10112.298828	396
10116.734375	387
10121.169922	446
10125.604492	484
10130.040039	406
10134.475586	357
10138.910156	329
10143.345703	375
10147.781250	449
10152.215820	451
10156.651367	395
10161.086914	394
10165.521484	402
10169.957031	372
10174.392578	365
10178.827148	349
10183.262695	360
10187.698242	400
10192.132813	410
10196.568359	361
10201.003906	353
10205.438477	373
10209.874023	352
10214.309570	375
10218.744141	387
10223.179688	424
10227.615234	395
10232.049805	343
10236.485352	370
10240.920898	386
10245.355469	363
10249.791016	358
10254.226563	356
10258.661133	359
10263.096680	361
10267.532227	369
10271.966797	356
10276.402344	339
10280.837891	398
10285.272461	406
10289.708008	341
10294.143555	361
10298.578125	386
10303.013672	335
10307.449219	346
10311.883789	369
10316.319336	390
10320.754883	395
10325.189453	355
10329.625000	342
10334.060547	398
10338.495117	369
10342.930664	350
10347.366211	331
10351.800781	345
10356.236328	363
10360.671875	338
10365.106445	334
10369.541992	330
10373.977539	314
10378.412109	338
10382.847656	386
10387.283203	408
10391.717773	374
10396.153320	345
10400.588867	360
10405.023438	349
10409.458984	348
10413.894531	360
10418.329102	375
10422.764648	391
10427.200195	393
10431.634766	376
10436.070313	384
10440.505859	369
10444.940430	389
10449.375977	380
10453.811523	361
10458.246094	358
10462.681641	375
10467.117188	394
10471.551758	363
10475.987305	325
10480.422852	311
10484.857422	342
10489.292969	383
10493.728516	386
10498.163086	354
10502.598633	353
10507.034180	368
10511.468750	361
10515.904297	393
10520.339844	365
10524.774414	342
10529.209961	378
10533.645508	393
10538.080078	324
10542.515625	331
10546.951172	317
10551.385742	353
10555.821289	398
10560.256836	391
10564.691406	389
10569.126953	375
10573.562500	391
10577.997070	414
10582.432617	372
10586.868164	333
10591.302734	314
10595.738281	340
10600.173828	370
10604.608398	425
10609.043945	421
10613.479492	384
10617.914063	379
10622.349609	334
10626.785156	375
10631.219727	325
10635.655273	320
10640.089844	328
10644.525391	336
10648.960938	337
10653.395508	321
10657.831055	328
10662.266602	373
10666.701172	372
10671.136719	377
10675.572266	419
10680.006836	406
10684.442383	348
10688.877930	370
10693.312500	375
10697.748047	345
10702.183594	351
10706.618164	375
10711.053711	379
10715.489258	355
10719.923828	335
10724.359375	355
10728.794922	382
10733.229492	375
10737.665039	368
10742.100586	365
10746.535156	378
10750.970703	325
10755.406250	327
10759.840820	385
10764.276367	372
10768.711914	386
10773.146484	379
10777.582031	325
10782.017578	331
10786.452148	363
10790.887695	343
10795.323242	357
10799.757813	382
10804.193359	372
10808.628906	351
10813.063477	359
10817.499023	389
10821.934570	381
10826.369141	348
10830.804688	365
10835.240234	393
10839.674805	364
10844.110352	352
10848.545898	336
10852.980469	342
10857.416016	355
10861.851563	347
10866.286133	338
10870.721680	344
10875.157227	343
10879.591797	349
10884.027344	346
10888.462891	333
10892.897461	350
10897.333008	364
10901.768555	376
10906.203125	398
10910.638672	393
10915.074219	358
10919.508789	368
10923.944336	302
10928.379883	356
10932.814453	377
10937.250000	350
10941.685547	352
10946.120117	348
10950.555664	355
10954.991211	366
10959.425781	378
10963.861328	352
10968.296875	360
10972.731445	352
10977.166992	362
10981.602539	376
10986.037109	378
10990.472656	377
10994.908203	357
10999.342773	355
11003.778320	344
11008.213867	340
11012.648438	370
11017.083984	382
11021.519531	357
11025.954102	327
11030.389648	348
11034.825195	413
11039.259766	404
11043.695313	385
11048.130859	342
11052.565430	320
11057.000977	349
11061.436523	374
11065.871094	385
11070.306641	362
11074.742188	318
11079.176758	341
11083.612305	368
11088.047852	378
11092.482422	380
11096.917969	394
11101.353516	383
11105.788086	381
11110.223633	384
11114.659180	362
11119.093750	333
11123.529297	303
11127.964844	307
11132.399414	332
11136.834961	323
11141.270508	328
11145.705078	369
11150.140625	409
11154.576172	393
11159.010742	380
11163.446289	362
11167.881836	408
11172.316406	362
11176.751953	343
11181.187500	351
11185.622070	331
11190.057617	385
11194.493164	427
11198.927734	347
11203.363281	321
11207.798828	344
11212.233398	364
11216.668945	325
11221.104492	302
11225.539063	298
11229.974609	330
11234.410156	333
11238.844727	337
11243.280273	327
11247.714844	327
11252.150391	353
11256.585938	329
11261.020508	332
11265.456055	386
11269.891602	436
11274.326172	392
11278.761719	380
11283.197266	344
11287.631836	379
11292.067383	361
11296.502930	342
11300.937500	336
11305.373047	365
11309.808594	358
11314.243164	384
11318.678711	328
11323.114258	320
11327.548828	335
11331.984375	327
11336.419922	339
11340.854492	342
11345.290039	348
11349.725586	361
11354.160156	363
11358.595703	361
11363.031250	359
11367.465820	344
11371.901367	319
11376.336914	347
11380.771484	386
11385.207031	336
11389.642578	303
11394.077148	301
11398.512695	299
11402.948242	316
11407.382813	334
11411.818359	354
11416.253906	333
11420.688477	348
11425.124023	316
11429.559570	305
11433.994141	320
11438.429688	327
11442.865234	337
11447.299805	391
11451.735352	400
11456.170898	336
11460.605469	315
11465.041016	345
11469.476563	366
11473.911133	327
11478.346680	335
11482.782227	354
11487.216797	391
11491.652344	347
11496.087891	354
11500.522461	345
11504.958008	335
11509.393555	315
11513.828125	316
11518.263672	341
11522.699219	333
11527.133789	284
11531.569336	310
11536.004883	349
11540.439453	351
11544.875000	355
11549.310547	361
11553.745117	361
11558.180664	325
11562.616211	311
11567.050781	334
11571.486328	338
11575.921875	327
11580.356445	366
11584.791992	363
11589.227539	360
11593.662109	352
11598.097656	334
11602.533203	335
11606.967773	331
11611.403320	331
11615.838867	319
11620.273438	341
11624.708984	304
11629.144531	285
11633.579102	312
11638.014648	334
11642.450195	356
11646.884766	375
11651.320313	364
11655.755859	367
11660.190430	394
11664.625977	374
11669.061523	335
11673.496094	366
11677.931641	376
11682.367188	369
11686.801758	383
11691.237305	368
11695.672852	372
11700.107422	369
11704.542969	354
11708.978516	330
11713.413086	358
11717.848633	347
11722.284180	307
11726.718750	308
11731.154297	348
11735.589844	372
11740.024414	388
11744.459961	376
11748.895508	382
11753.330078	369
11757.765625	369
11762.201172	331
11766.635742	334
11771.071289	350
11775.506836	383
11779.941406	350
11784.376953	353
11788.812500	351
11793.247070	370
11797.682617	349
11802.118164	337
11806.552734	331
11810.988281	321
11815.423828	364
11819.858398	348
11824.293945	364
11828.729492	403
11833.164063	406
11837.599609	379
11842.035156	359
11846.469727	352
11850.905273	331
11855.339844	368
11859.775391	405
11864.210938	435
11868.645508	445
11873.081055	385
11877.516602	347
11881.951172	327
11886.386719	326
11890.822266	341
11895.256836	350
11899.692383	372
11904.127930	379
11908.562500	328
11912.998047	346
11917.433594	395
11921.868164	356
11926.303711	332
11930.739258	321
11935.173828	326
11939.609375	319
11944.044922	313
11948.479492	332
11952.915039	368
11957.350586	374
11961.785156	349
11966.220703	327
11970.656250	333
11975.090820	362
11979.526367	391
11983.961914	408
11988.396484	383
11992.832031	337
11997.267578	311
12001.702148	348
12006.137695	352
12010.573242	379
12015.007813	375
12019.443359	322
12023.878906	317
12028.313477	332
12032.749023	346
12037.184570	334
12041.619141	362
12046.054688	318
12050.490234	314
12054.924805	333
12059.360352	329
12063.795898	360
12068.230469	379
12072.666016	397
12077.101563	401
12081.536133	356
12085.971680	332
12090.407227	340
12094.841797	339
12099.277344	340
12103.712891	376
12108.147461	365
12112.583008	334
12117.018555	329
12121.453125	351
12125.888672	340
12130.324219	346
12134.758789	359
12139.194336	343
12143.629883	361
12148.064453	340
12152.500000	357
12156.935547	382
12161.370117	365
12165.805664	407
12170.241211	376
12174.675781	331
12179.111328	310
12183.546875	312
12187.981445	270
12192.416992	344
12196.852539	364
12201.287109	349
12205.722656	362
12210.158203	345
12214.592773	326
12219.028320	335
12223.463867	363
12227.898438	338
12232.333984	339
12236.769531	323
12241.204102	339
12245.639648	353
12250.075195	335
12254.509766	343
12258.945313	311
12263.380859	316
12267.815430	323
12272.250977	282
12276.686523	294
12281.121094	316
12285.556641	349
12289.992188	365
12294.426758	343
12298.862305	295
12303.297852	317
12307.732422	323
12312.167969	309
12316.603516	316
12321.038086	337
12325.473633	337
12329.909180	332
12334.343750	348
12338.779297	337
12343.214844	328
12347.649414	318
12352.084961	307
12356.520508	323
12360.955078	368
12365.390625	377
12369.826172	342
12374.260742	310
12378.696289	307
12383.131836	316
12387.566406	319
12392.001953	335
12396.437500	336
12400.872070	337
12405.307617	334
12409.743164	317
12414.177734	315
12418.613281	325
12423.048828	322
12427.483398	285
12431.918945	288
12436.354492	321
12440.789063	340
12445.224609	384
12449.660156	336
12454.094727	339
12458.530273	339
12462.964844	304
12467.400391	297
12471.835938	320
12476.270508	331
12480.706055	344
12485.141602	333
12489.576172	324
12494.011719	302
12498.447266	297
12502.881836	278
12507.317383	298
12511.752930	354
12516.187500	351
12520.623047	341
12525.058594	351
12529.493164	333
12533.928711	309
12538.364258	313
12542.798828	352
12547.234375	375
12551.669922	341
12556.104492	307
12560.540039	283
12564.975586	331
12569.410156	312
