-4449.275879	97
-4444.848633	115
-4440.421875	117
-4435.994629	112
-4431.567383	149
-4427.140137	236
-4422.712891	243
-4418.286133	293
-4413.858887	352
-4409.431641	349
-4405.004395	344
-4400.577637	370
-4396.150391	362
-4391.723145	349
-4387.295898	342
-4382.868652	385
-4378.441895	428
-4374.014648	412
-4369.587402	381
-4365.160156	328
-4360.732910	362
-4356.306152	411
-4351.878906	361
-4347.451660	350
-4343.024414	365
-4338.597656	353
-4334.170410	336
-4329.743164	317
-4325.315918	306
-4320.888672	320
-4316.461914	355
-4312.034668	380
-4307.607422	410
-4303.180176	393
-4298.753418	357
-4294.326172	333
-4289.898926	322
-4285.471680	336
-4281.044434	361
-4276.617676	371
-4272.190430	354
-4267.763184	344
-4263.335938	346
-4258.908691	371
-4254.481934	377
-4250.054688	352
-4245.627441	356
-4241.200195	367
-4236.773438	370
-4232.346191	357
-4227.918945	330
-4223.491699	355
-4219.064453	354
-4214.637695	331
-4210.210449	328
-4205.783203	318
-4201.355957	325
-4196.929199	332
-4192.501953	376
-4188.074707	355
-4183.647461	320
-4179.220215	311
-4174.793457	318
-4170.366211	331
-4165.938965	316
-4161.511719	279
-4157.084473	301
-4152.657715	300
-4148.230469	340
-4143.803223	340
-4139.375977	281
-4134.949219	298
-4130.521973	301
-4126.094727	306
-4121.667480	295
-4117.240234	312
-4112.813477	304
-4108.386230	333
-4103.958984	321
-4099.531738	285
-4095.104736	269
-4090.677490	298
-4086.250488	331
-4081.823242	309
-4077.396240	287
-4072.968994	271
-4068.541992	293
-4064.114746	305
-4059.687500	272
-4055.260498	283
-4050.833252	290
-4046.406250	314
-4041.979004	307
-4037.552002	344
-4033.124756	331
-4028.697754	322
-4024.270508	297
-4019.843262	325
-4015.416260	314
-4010.989014	294
-4006.562012	251
-4002.134766	246
-3997.707764	277
-3993.280518	292
-3988.853271	265
-3984.426270	247
-3979.999023	235
-3975.572021	242
-3971.144775	257
-3966.717773	273
-3962.290527	284
-3957.863281	292
-3953.436279	297
-3949.009033	285
-3944.582031	265
-3940.154785	250
-3935.727783	281
-3931.300537	289
-3926.873291	310
-3922.446289	318
-3918.019043	314
-3913.592041	293
-3909.164795	276
-3904.737793	247
-3900.310547	255
-3895.883545	262
-3891.456299	264
-3887.029053	234
-3882.602051	220
-3878.174805	218
-3873.747803	279
-3869.320557	282
-3864.893555	243
-3860.466309	235
-3856.039063	256
-3851.612061	273
-3847.184814	277
-3842.757813	257
-3838.330566	225
-3833.903564	214
-3829.476318	232
-3825.049072	236
-3820.622070	253
-3816.194824	239
-3811.767822	232
-3807.340576	245
-3802.913574	249
-3798.486328	242
-3794.059082	231
-3789.632080	225
-3785.204834	224
-3780.777832	249
-3776.350586	235
-3771.923584	240
-3767.496338	266
-3763.069336	246
-3758.642090	250
-3754.214844	292
-3749.787842	265
-3745.360596	230
-3740.933594	223
-3736.506348	253
-3732.079346	263
-3727.652100	235
-3723.224854	228
-3718.797852	201
-3714.370605	216
-3709.943604	229
-3705.516357	215
-3701.089355	214
-3696.662109	222
-3692.234863	224
-3687.807861	223
-3683.380615	214
-3678.953613	225
-3674.526367	236
-3670.099365	225
-3665.672119	214
-3661.244873	201
-3656.817871	225
-3652.390625	223
-3647.963623	252
-3643.536377	243
-3639.109375	227
-3634.682129	221
-3630.255127	221
-3625.827881	223
-3621.400635	239
-3616.973633	229
-3612.546387	235
-3608.119385	249
-3603.692139	234
-3599.265137	238
-3594.837891	233
-3590.410645	243
-3585.983643	239
-3581.556396	214
-3577.129395	200
-3572.702148	222
-3568.275146	208
-3563.847900	216
-3559.420654	219
-3554.993652	211
-3550.566406	221
-3546.139404	202
-3541.712158	212
-3537.285156	204
-3532.857910	219
-3528.430664	241
-3524.003662	214
-3519.576416	197
-3515.149414	198
-3510.722168	230
-3506.295166	233
-3501.867920	224
-3497.440918	229
-3493.013672	266
-3488.586426	247
-3484.159424	194
-3479.732178	199
-3475.305176	214
-3470.877930	252
-3466.450928	241
-3462.023682	223
-3457.596436	182
-3453.169434	186
-3448.742188	203
-3444.315186	237
-3439.887939	257
-3435.460938	244
-3431.033691	206
-3426.606445	197
-3422.179443	203
-3417.752197	219
-3413.325195	258
-3408.897949	242
-3404.470947	227
-3400.043701	232
-3395.616455	226
-3391.189453	200
-3386.762207	206
-3382.335205	241
-3377.907959	265
-3373.480957	227
-3369.053711	213
-3364.626709	245
-3360.199463	221
-3355.772217	213
-3351.345215	250
-3346.917969	268
-3342.490967	254
-3338.063721	232
-3333.636719	189
-3329.209473	191
-3324.782227	211
-3320.355225	232
-3315.927979	237
-3311.500977	232
-3307.073730	234
-3302.646729	210
-3298.219482	237
-3293.792236	225
-3289.365234	198
-3284.937988	194
-3280.510986	197
-3276.083740	210
-3271.656738	246
-3267.229492	189
-3262.802246	193
-3258.375244	188
-3253.947998	236
-3249.520996	257
-3245.093750	234
-3240.666748	220
-3236.239502	232
-3231.812500	246
-3227.385254	248
-3222.958008	232
-3218.531006	213
-3214.103760	229
-3209.676758	207
-3205.249512	212
-3200.822510	211
-3196.395264	206
-3191.968018	223
-3187.541016	247
-3183.113770	242
-3178.686768	220
-3174.259521	222
-3169.832520	223
-3165.405273	235
-3160.978027	211
-3156.551025	189
-3152.123779	222
-3147.696777	220
-3143.269531	221
-3138.842529	211
-3134.415283	230
-3129.988281	229
-3125.561035	217
-3121.133789	240
-3116.706787	266
-3112.279541	262
-3107.852539	229
-3103.425293	214
-3098.998291	209
-3094.571045	224
-3090.143799	233
-3085.716797	237
-3081.289551	253
-3076.862549	257
-3072.435303	244
-3068.008301	225
-3063.581055	201
-3059.153809	217
-3054.726807	245
-3050.299561	251
-3045.872559	222
-3041.445313	212
-3037.018311	196
-3032.591064	211
-3028.163818	223
-3023.736816	254
-3019.309570	236
-3014.882568	228
-3010.455322	245
-3006.028320	225
-3001.601074	224
-2997.174072	220
-2992.746826	235
-2988.319580	238
-2983.892578	223
-2979.465332	249
-2975.038330	247
-2970.611084	254
-2966.184082	257
-2961.756836	248
-2957.329590	220
-2952.902588	245
-2948.475342	252
-2944.048340	238
-2939.621094	252
-2935.194092	243
-2930.766846	211
-2926.339600	215
-2921.912598	231
-2917.485352	232
-2913.058350	221
-2908.631104	215
-2904.204102	204
-2899.776855	212
-2895.349609	229
-2890.922607	248
-2886.495361	246
-2882.068359	255
-2877.641113	225
-2873.214111	229
-2868.786865	260
-2864.359863	220
-2859.932617	228
-2855.505371	245
-2851.078369	207
-2846.651123	196
-2842.224121	221
-2837.796875	220
-2833.369873	217
-2828.942627	224
-2824.515381	226
-2820.088379	220
-2815.661133	223
-2811.234131	234
-2806.806885	243
-2802.379883	264
-2797.952637	257
-2793.525391	277
-2789.098389	261
-2784.671143	244
-2780.244141	249
-2775.816895	238
-2771.389893	221
-2766.962646	208
-2762.535400	216
-2758.108398	220
-2753.681152	225
-2749.254150	213
-2744.826904	214
-2740.399902	231
-2735.972656	247
-2731.545654	238
-2727.118408	215
-2722.691162	214
-2718.264160	202
-2713.836914	211
-2709.409912	213
-2704.982666	222
-2700.555664	238
-2696.128418	238
-2691.701172	233
-2687.274170	227
-2682.846924	221
-2678.419922	228
-2673.992676	243
-2669.565674	228
-2665.138428	239
-2660.711182	228
-2656.284180	232
-2651.856934	227
-2647.429932	225
-2643.002686	250
-2638.575684	248
-2634.148438	222
-2629.721191	233
-2625.294189	239
-2620.866943	239
-2616.439941	239
-2612.012695	250
-2607.585693	241
-2603.158447	248
-2598.731445	247
-2594.304199	249
-2589.876953	232
-2585.449951	224
-2581.022705	237
-2576.595703	240
-2572.168457	229
-2567.741455	230
-2563.314209	268
-2558.886963	252
-2554.459961	240
-2550.032715	215
-2545.605713	204
-2541.178467	238
-2536.751465	269
-2532.324219	261
-2527.896973	228
-2523.469971	221
-2519.042725	226
-2514.615723	212
-2510.188477	198
-2505.761475	223
-2501.334229	222
-2496.906982	192
-2492.479980	194
-2488.052734	221
-2483.625732	223
-2479.198486	224
-2474.771484	218
-2470.344238	220
-2465.917236	220
-2461.489990	220
-2457.062744	241
-2452.635742	242
-2448.208496	232
-2443.781494	214
-2439.354248	216
-2434.927246	246
-2430.500000	243
-2426.072754	226
-2421.645752	225
-2417.218506	221
-2412.791504	248
-2408.364258	244
-2403.937256	232
-2399.510010	247
-2395.082764	265
-2390.655762	254
-2386.228516	263
-2381.801514	259
-2377.374268	224
-2372.947266	218
-2368.520020	212
-2364.093018	214
-2359.665771	243
-2355.238525	221
-2350.811523	206
-2346.384277	236
-2341.957275	251
-2337.530029	252
-2333.103027	261
-2328.675781	244
-2324.248535	209
-2319.821533	207
-2315.394287	218
-2310.967285	235
-2306.540039	241
-2302.113037	241
-2297.685791	264
-2293.258545	250
-2288.831543	243
-2284.404297	228
-2279.977295	203
-2275.550049	208
-2271.123047	234
-2266.695801	224
-2262.268555	206
-2257.841553	192
-2253.414307	217
-2248.987305	244
-2244.560059	262
-2240.133057	236
-2235.705811	230
-2231.278809	231
-2226.851563	212
-2222.424316	195
-2217.997314	201
-2213.570068	228
-2209.143066	245
-2204.715820	244
-2200.288818	222
-2195.861572	222
-2191.434326	224
-2187.007324	198
-2182.580078	195
-2178.153076	202
-2173.725830	193
-2169.298828	189
-2164.871582	210
-2160.444336	200
-2156.017334	190
-2151.590088	218
-2147.163086	248
-2142.735840	239
-2138.308838	193
-2133.881592	219
-2129.454346	253
-2125.027344	274
-2120.600098	243
-2116.173096	208
-2111.745850	202
-2107.318848	222
-2102.891602	238
-2098.464600	238
-2094.037354	238
-2089.610107	230
-2085.183105	224
-2080.755859	226
-2076.328857	244
-2071.901611	239
-2067.474609	252
-2063.047363	243
-2058.620117	263
-2054.193115	276
-2049.765869	256
-2045.338745	234
-2040.911621	231
-2036.484497	240
-2032.057373	229
-2027.630249	248
-2023.203125	255
-2018.776001	258
-2014.348877	264
-2009.921631	240
-2005.494507	238
-2001.067383	240
-1996.640259	247
-1992.213135	241
-1987.786011	216
-1983.358887	217
-1978.931641	215
-1974.504517	231
-1970.077393	255
-1965.650269	242
-1961.223145	205
-1956.796021	212
-1952.368896	225
-1947.941772	237
-1943.514526	240
-1939.087402	230
-1934.660278	236
-1930.233154	229
-1925.806030	240
-1921.378906	222
-1916.951782	204
-1912.524536	213
-1908.097412	243
-1903.670288	222
-1899.243164	213
-1894.816040	217
-1890.388916	205
-1885.961792	256
-1881.534668	276
-1877.107422	268
-1872.680298	237
-1868.253174	202
-1863.826050	229
-1859.398926	241
-1854.971802	204
-1850.544678	214
-1846.117432	216
-1841.690308	211
-1837.263184	220
-1832.836060	211
-1828.408936	224
-1823.981812	246
-1819.554688	232
-1815.127563	263
-1810.700317	258
-1806.273193	235
-1801.846069	252
-1797.418945	278
-1792.991821	261
-1788.564697	217
-1784.137573	207
-1779.710327	205
-1775.283203	202
-1770.856079	184
-1766.428955	238
-1762.001831	237
-1757.574707	252
-1753.147583	233
-1748.720459	240
-1744.293213	245
-1739.866089	201
-1735.438965	192
-1731.011841	193
-1726.584717	224
-1722.157593	253
-1717.730469	221
-1713.303223	206
-1708.876099	212
-1704.448975	217
-1700.021851	217
-1695.594727	210
-1691.167603	221
-1686.740479	239
-1682.313354	223
-1677.886108	194
-1673.458984	191
-1669.031860	215
-1664.604736	239
-1660.177612	233
-1655.750488	204
-1651.323364	210
-1646.896118	214
-1642.468994	221
-1638.041870	215
-1633.614746	199
-1629.187622	194
-1624.760498	192
-1620.333374	194
-1615.906250	211
-1611.479004	218
-1607.051880	237
-1602.624756	250
-1598.197632	247
-1593.770508	233
-1589.343384	249
-1584.916260	236
-1580.489014	242
-1576.061890	242
-1571.634766	235
-1567.207642	202
-1562.780518	205
-1558.353394	239
-1553.926270	245
-1549.499146	214
-1545.071899	218
-1540.644775	234
-1536.217651	229
-1531.790527	232
-1527.363403	252
-1522.936279	241
-1518.509155	244
-1514.081909	239
-1509.654785	236
-1505.227661	220
-1500.800537	224
-1496.373413	243
-1491.946289	236
-1487.519165	219
-1483.092041	244
-1478.664795	255
-1474.237671	273
-1469.810547	239
-1465.383423	213
-1460.956299	230
-1456.529175	257
-1452.102051	240
-1447.674805	233
-1443.247681	246
-1438.820557	228
-1434.393433	248
-1429.966309	230
-1425.539185	220
-1421.112061	210
-1416.684937	231
-1412.257690	252
-1407.830566	266
-1403.403442	225
-1398.976318	226
-1394.549194	215
-1390.122070	225
-1385.694946	227
-1381.267700	230
-1376.840576	244
-1372.413452	220
-1367.986328	216
-1363.559204	233
-1359.132080	223
-1354.704956	234
-1350.277832	241
-1345.850586	226
-1341.423462	237
-1336.996338	227
-1332.569214	216
-1328.142090	206
-1323.714966	220
-1319.287842	232
-1314.860596	223
-1310.433472	210
-1306.006348	205
-1301.579224	224
-1297.152100	241
-1292.724976	231
-1288.297852	225
-1283.870728	227
-1279.443481	216
-1275.016357	217
-1270.589233	238
-1266.162109	244
-1261.734985	239
-1257.307861	232
-1252.880737	243
-1248.453491	254
-1244.026367	249
-1239.599243	233
-1235.172119	215
-1230.744995	182
-1226.317871	174
-1221.890747	186
-1217.463623	184
-1213.036377	236
-1208.609253	242
-1204.182129	233
-1199.755005	241
-1195.327881	224
-1190.900757	232
-1186.473633	225
-1182.046509	229
-1177.619263	209
-1173.192139	210
-1168.765015	207
-1164.337891	249
-1159.910767	267
-1155.483643	245
-1151.056519	220
-1146.629272	220
-1142.202148	229
-1137.775024	212
-1133.347900	231
-1128.920776	215
-1124.493652	214
-1120.066528	238
-1115.639404	235
-1111.212158	245
-1106.785034	227
-1102.357910	235
-1097.930786	241
-1093.503662	219
-1089.076538	197
-1084.649414	215
-1080.222168	260
-1075.795044	257
-1071.367920	267
-1066.940796	231
-1062.513672	209
-1058.086548	212
-1053.659424	236
-1049.232300	222
-1044.805054	224
-1040.377930	247
-1035.950806	256
-1031.523682	219
-1027.096558	224
-1022.669373	238
-1018.242249	243
-1013.815125	216
-1009.388000	217
-1004.960815	231
-1000.533691	252
-996.106567	254
-991.679443	243
-987.252258	231
-982.825134	221
-978.398010	207
-973.970886	239
-969.543701	270
-965.116577	249
-960.689453	227
-956.262268	211
-951.835144	240
-947.408020	254
-942.980896	225
-938.553711	204
-934.126587	222
-929.699463	230
-925.272339	238
-920.845154	243
-916.418030	231
-911.990906	206
-907.563782	230
-903.136597	249
-898.709473	239
-894.282349	282
-889.855164	259
-885.428040	268
-881.000916	257
-876.573792	234
-872.146606	244
-867.719482	243
-863.292358	191
-858.865234	234
-854.438049	269
-850.010925	234
-845.583801	194
-841.156677	208
-836.729492	211
-832.302368	202
-827.875244	226
-823.448059	258
-819.020935	246
-814.593811	233
-810.166687	245
-805.739502	231
-801.312378	224
-796.885254	221
-792.458130	185
-788.030945	213
-783.603821	226
-779.176697	235
-774.749573	240
-770.322388	216
-765.895264	223
-761.468140	216
-757.040955	191
-752.613831	210
-748.186707	235
-743.759583	271
-739.332397	252
-734.905273	263
-730.478149	230
-726.051025	227
-721.623840	242
-717.196716	261
-712.769592	230
-708.342468	216
-703.915283	211
-699.488159	215
-695.061035	227
-690.633850	236
-686.206726	223
-681.779602	251
-677.352478	249
-672.925293	242
-668.498169	249
-664.071045	258
-659.643921	244
-655.216736	219
-650.789612	242
-646.362488	235
-641.935364	263
-637.508179	255
-633.081055	244
-628.653931	244
-624.226746	259
-619.799622	254
-615.372498	239
-610.945374	236
-606.518188	233
-602.091064	250
-597.663940	244
-593.236816	215
-588.809631	192
-584.382507	213
-579.955383	239
-575.528259	253
-571.101074	257
-566.673950	241
-562.246826	260
-557.819702	267
-553.392517	255
-548.965393	251
-544.538269	230
-540.111084	228
-535.683960	227
-531.256836	207
-526.829712	235
-522.402527	252
-517.975403	273
-513.548279	254
-509.121124	235
-504.694000	233
-500.266846	222
-495.839722	239
-491.412567	224
-486.985443	230
-482.558289	248
-478.131134	247
-473.704010	273
-469.276855	262
-464.849731	242
-460.422577	280
-455.995453	287
-451.568298	253
-447.141174	246
-442.714020	266
-438.286896	244
-433.859741	221
-429.432617	249
-425.005463	280
-420.578339	294
-416.151184	272
-411.724030	255
-407.296906	239
-402.869751	232
-398.442627	246
-394.015472	256
-389.588348	266
-385.161194	274
-380.734070	246
-376.306915	244
-371.879791	273
-367.452637	275
-363.025513	255
-358.598358	238
-354.171234	260
-349.744080	291
-345.316925	261
-340.889801	252
-336.462646	253
-332.035522	267
-327.608368	230
-323.181244	228
-318.754089	237
-314.326965	264
-309.899811	279
-305.472687	275
-301.045532	279
-296.618408	276
-292.191254	243
-287.764130	236
-283.336975	230
-278.909851	275
-274.482697	303
-270.055542	322
-265.628418	304
-261.201263	302
-256.774139	302
-252.347000	279
-247.919861	295
-243.492722	283
-239.065567	312
-234.638428	317
-230.211288	309
-225.784149	286
-221.357010	314
-216.929871	345
-212.502731	364
-208.075592	362
-203.648453	348
-199.221313	332
-194.794174	361
-190.367035	365
-185.939896	351
-181.512756	324
-177.085617	323
-172.658463	334
-168.231323	372
-163.804184	418
-159.377045	392
-154.949905	406
-150.522766	378
-146.095627	390
-141.668488	464
-137.241348	465
-132.814209	487
-128.387070	530
-123.959930	581
-119.532784	661
-115.105644	659
-110.678505	713
-106.251366	737
-101.824226	795
-97.397087	979
-92.969948	1128
-88.542809	1206
-84.115662	1367
-79.688522	1606
-75.261383	1929
-70.834244	2267
-66.407104	2714
-61.979965	3198
-57.552822	3764
-53.125683	4542
-48.698544	5339
-44.271404	6007
-39.844261	6716
-35.417122	7446
-30.989983	7909
-26.562841	8128
-22.135702	8458
-17.708561	8600
-13.281421	8672
-8.854280	8730
-4.427140	8788
0.000000	8858
4.427140	8915
8.854280	8803
13.281421	8741
17.708561	8807
22.135702	8692
26.562841	8611
30.989983	8409
35.417122	8155
39.844261	8047
44.271404	7951
48.698544	7620
53.125683	7122
57.552822	6596
61.979965	6114
66.407104	5464
70.834244	4558
75.261383	3834
79.688522	3185
84.115662	2570
88.542809	2135
92.969948	1781
97.397087	1516
101.824226	1339
106.251366	1132
110.678505	950
115.105644	848
119.532784	804
123.959930	757
128.387070	678
132.814209	629
137.241348	634
141.668488	593
146.095627	506
150.522766	463
154.949905	452
159.377045	455
163.804184	468
168.231323	455
172.658463	456
177.085617	424
181.512756	383
185.939896	372
190.367035	376
194.794174	365
199.221313	355
203.648453	326
208.075592	309
212.502731	328
216.929871	322
221.357010	322
225.784149	312
230.211288	311
234.638428	319
239.065567	309
243.492722	304
247.919861	331
252.347000	314
256.774139	303
261.201263	299
265.628418	294
270.055542	285
274.482697	320
278.909851	326
283.336975	348
287.764130	328
292.191254	298
296.618408	282
301.045532	274
305.472687	243
309.899811	231
314.326965	255
318.754089	256
323.181244	255
327.608368	254
332.035522	238
336.462646	238
340.889801	235
345.316925	278
349.744080	277
354.171234	253
358.598358	250
363.025513	267
367.452637	275
371.879791	273
376.306915	256
380.734070	294
385.161194	322
389.588348	277
394.015472	239
398.442627	252
402.869751	262
407.296906	276
411.724030	280
416.151184	229
420.578339	211
425.005463	253
429.432617	285
433.859741	273
438.286896	273
442.714020	276
447.141174	257
451.568298	254
455.995453	260
460.422577	268
464.849731	227
469.276855	223
473.704010	222
478.131134	248
482.558289	237
486.985443	234
491.412567	225
495.839722	235
500.266846	246
504.694000	244
509.121124	244
513.548279	242
517.975403	258
522.402527	294
526.829712	277
531.256836	261
535.683960	252
540.111084	255
544.538269	255
548.965393	251
553.392517	245
557.819702	246
562.246826	263
566.673950	263
571.101074	230
575.528259	229
579.955383	280
584.382507	279
588.809631	255
593.236816	275
597.663940	275
602.091064	271
606.518188	279
610.945374	272
615.372498	239
619.799622	263
624.226746	269
628.653931	297
633.081055	319
637.508179	271
641.935364	233
646.362488	241
650.789612	259
655.216736	245
659.643921	227
664.071045	231
668.498169	237
672.925293	229
677.352478	249
681.779602	246
686.206726	250
690.633850	266
695.061035	291
699.488159	258
703.915283	235
708.342468	247
712.769592	249
717.196716	237
721.623840	268
726.051025	266
730.478149	265
734.905273	232
739.332397	230
743.759583	250
748.186707	271
752.613831	271
757.040955	257
761.468140	259
765.895264	288
770.322388	273
774.749573	260
779.176697	241
783.603821	246
788.030945	264
792.458130	299
796.885254	313
801.312378	285
805.739502	272
810.166687	259
814.593811	246
819.020935	244
823.448059	273
827.875244	240
832.302368	216
836.729492	205
841.156677	201
845.583801	234
850.010925	260
854.438049	237
858.865234	262
863.292358	263
867.719482	251
872.146606	250
876.573792	243
881.000916	236
885.428040	226
889.855164	239
894.282349	243
898.709473	268
903.136597	252
907.563782	224
911.990906	196
916.418030	205
920.845154	243
925.272339	234
929.699463	218
934.126587	240
938.553711	230
942.980896	261
947.408020	279
951.835144	274
956.262268	243
960.689453	227
965.116577	253
969.543701	256
973.970886	258
978.398010	266
982.825134	262
987.252258	268
991.679443	289
996.106567	271
1000.533691	265
1004.960815	248
1009.388000	231
1013.815125	228
1018.242249	229
1022.669373	244
1027.096558	269
1031.523682	276
1035.950806	263
1040.377930	248
1044.805054	225
1049.232300	229
1053.659424	249
1058.086548	258
1062.513672	257
1066.940796	247
1071.367920	258
1075.795044	244
1080.222168	257
1084.649414	264
1089.076538	265
1093.503662	250
1097.930786	244
1102.357910	293
1106.785034	340
1111.212158	296
1115.639404	260
1120.066528	258
1124.493652	271
1128.920776	281
1133.347900	288
1137.775024	263
1142.202148	251
1146.629272	307
1151.056519	287
1155.483643	245
1159.910767	236
1164.337891	280
1168.765015	288
1173.192139	281
1177.619263	261
1182.046509	236
1186.473633	241
1190.900757	279
1195.327881	277
1199.755005	255
1204.182129	245
1208.609253	249
1213.036377	259
1217.463623	265
1221.890747	288
1226.317871	267
1230.744995	237
1235.172119	272
1239.599243	257
1244.026367	268
1248.453491	245
1252.880737	251
1257.307861	275
1261.734985	255
1266.162109	233
1270.589233	247
1275.016357	271
1279.443481	234
1283.870728	225
1288.297852	229
1292.724976	263
1297.152100	280
1301.579224	269
1306.006348	262
1310.433472	249
1314.860596	254
1319.287842	249
1323.714966	248
1328.142090	261
1332.569214	259
1336.996338	270
1341.423462	249
1345.850586	264
1350.277832	279
1354.704956	268
1359.132080	241
1363.559204	257
1367.986328	257
1372.413452	239
1376.840576	282
1381.267700	288
1385.694946	272
1390.122070	242
1394.549194	244
1398.976318	256
1403.403442	247
1407.830566	262
1412.257690	260
1416.684937	256
1421.112061	244
1425.539185	251
1429.966309	265
1434.393433	254
1438.820557	250
1443.247681	285
1447.674805	281
1452.102051	277
1456.529175	287
1460.956299	285
1465.383423	275
1469.810547	274
1474.237671	266
1478.664795	244
1483.092041	251
1487.519165	254
1491.946289	263
1496.373413	285
1500.800537	295
1505.227661	268
1509.654785	265
1514.081909	259
1518.509155	274
1522.936279	285
1527.363403	276
1531.790527	260
1536.217651	288
1540.644775	287
1545.071899	281
1549.499146	287
1553.926270	259
1558.353394	264
1562.780518	267
1567.207642	262
1571.634766	249
1576.061890	267
1580.489014	294
1584.916260	261
1589.343384	270
1593.770508	277
1598.197632	286
1602.624756	255
1607.051880	230
1611.479004	249
1615.906250	270
1620.333374	276
1624.760498	271
1629.187622	275
1633.614746	267
1638.041870	265
1642.468994	250
1646.896118	233
1651.323364	245
1655.750488	288
1660.177612	327
1664.604736	310
1669.031860	273
1673.458984	287
1677.886108	299
1682.313354	278
1686.740479	250
1691.167603	250
1695.594727	252
1700.021851	233
1704.448975	230
1708.876099	252
1713.303223	277
1717.730469	242
1722.157593	232
1726.584717	286
1731.011841	334
1735.438965	300
1739.866089	255
1744.293213	242
1748.720459	254
1753.147583	237
1757.574707	263
1762.001831	261
1766.428955	291
1770.856079	280
1775.283203	258
1779.710327	249
1784.137573	261
1788.564697	270
1792.991821	273
1797.418945	285
1801.846069	283
1806.273193	243
1810.700317	252
1815.127563	276
1819.554688	271
1823.981812	280
1828.408936	276
1832.836060	289
1837.263184	302
1841.690308	252
1846.117432	233
1850.544678	237
1854.971802	298
1859.398926	303
1863.826050	285
1868.253174	265
1872.680298	259
1877.107422	262
1881.534668	269
1885.961792	265
1890.388916	252
1894.816040	277
1899.243164	319
1903.670288	328
1908.097412	282
1912.524536	251
1916.951782	242
1921.378906	277
1925.806030	255
1930.233154	242
1934.660278	260
1939.087402	272
1943.514526	267
1947.941772	251
1952.368896	241
1956.796021	247
1961.223145	256
1965.650269	268
1970.077393	280
1974.504517	284
1978.931641	294
1983.358887	306
1987.786011	306
1992.213135	336
1996.640259	305
2001.067383	266
2005.494507	277
2009.921631	293
2014.348877	287
2018.776001	292
2023.203125	264
2027.630249	258
2032.057373	298
2036.484497	329
2040.911621	261
2045.338745	261
2049.765869	290
2054.193115	315
2058.620117	331
2063.047363	305
2067.474609	264
2071.901611	262
2076.328857	271
2080.755859	293
2085.183105	291
2089.610107	276
2094.037354	282
2098.464600	280
2102.891602	271
2107.318848	245
2111.745850	229
2116.173096	278
2120.600098	287
2125.027344	258
2129.454346	273
2133.881592	295
2138.308838	277
2142.735840	296
2147.163086	286
2151.590088	296
2156.017334	294
2160.444336	289
2164.871582	290
2169.298828	273
2173.725830	255
2178.153076	246
2182.580078	268
2187.007324	302
2191.434326	290
2195.861572	306
2200.288818	277
2204.715820	246
2209.143066	239
2213.570068	272
2217.997314	280
2222.424316	273
2226.851563	278
2231.278809	304
2235.705811	306
2240.133057	311
2244.560059	310
2248.987305	282
2253.414307	288
2257.841553	310
2262.268555	276
2266.695801	236
2271.123047	249
2275.550049	256
2279.977295	246
2284.404297	246
2288.831543	283
2293.258545	299
2297.685791	294
2302.113037	337
2306.540039	290
2310.967285	272
2315.394287	305
2319.821533	320
2324.248535	280
2328.675781	233
2333.103027	271
2337.530029	305
2341.957275	297
2346.384277	269
2350.811523	281
2355.238525	321
2359.665771	325
2364.093018	310
2368.520020	276
2372.947266	278
2377.374268	268
2381.801514	270
2386.228516	297
2390.655762	281
2395.082764	274
2399.510010	311
2403.937256	321
2408.364258	275
2412.791504	275
2417.218506	279
2421.645752	260
2426.072754	263
2430.500000	290
2434.927246	306
2439.354248	304
2443.781494	283
2448.208496	301
2452.635742	291
2457.062744	278
2461.489990	284
2465.917236	279
2470.344238	293
2474.771484	294
2479.198486	262
2483.625732	322
2488.052734	319
2492.479980	257
2496.906982	249
2501.334229	269
2505.761475	329
2510.188477	363
2514.615723	315
2519.042725	238
2523.469971	254
2527.896973	297
2532.324219	314
2536.751465	281
2541.178467	273
2545.605713	273
2550.032715	285
2554.459961	313
2558.886963	291
2563.314209	282
2567.741455	315
2572.168457	316
2576.595703	321
2581.022705	314
2585.449951	314
2589.876953	304
2594.304199	315
2598.731445	310
2603.158447	346
2607.585693	317
2612.012695	307
2616.439941	305
2620.866943	291
2625.294189	273
2629.721191	277
2634.148438	287
2638.575684	296
2643.002686	308
2647.429932	321
2651.856934	335
2656.284180	303
2660.711182	293
2665.138428	298
2669.565674	301
2673.992676	273
2678.419922	235
2682.846924	259
2687.274170	317
2691.701172	303
2696.128418	294
2700.555664	306
2704.982666	277
2709.409912	275
2713.836914	316
2718.264160	309
2722.691162	322
2727.118408	319
2731.545654	300
2735.972656	310
2740.399902	287
2744.826904	266
2749.254150	286
2753.681152	286
2758.108398	295
2762.535400	291
2766.962646	296
2771.389893	309
2775.816895	278
2780.244141	285
2784.671143	313
2789.098389	338
2793.525391	350
2797.952637	319
2802.379883	278
2806.806885	305
2811.234131	303
2815.661133	283
2820.088379	293
2824.515381	308
2828.942627	305
2833.369873	300
2837.796875	286
2842.224121	302
2846.651123	287
2851.078369	284
2855.505371	289
2859.932617	284
2864.359863	231
2868.786865	252
2873.214111	300
2877.641113	307
2882.068359	300
2886.495361	321
2890.922607	329
2895.349609	294
2899.776855	250
2904.204102	253
2908.631104	258
2913.058350	232
2917.485352	229
2921.912598	279
2926.339600	305
2930.766846	319
2935.194092	300
2939.621094	287
2944.048340	247
2948.475342	259
2952.902588	321
2957.329590	301
2961.756836	296
2966.184082	278
2970.611084	284
2975.038330	291
2979.465332	319
2983.892578	336
2988.319580	313
2992.746826	289
2997.174072	302
3001.601074	330
3006.028320	318
3010.455322	293
3014.882568	317
3019.309570	343
3023.736816	326
3028.163818	304
3032.591064	332
3037.018311	304
3041.445313	265
3045.872559	272
3050.299561	302
3054.726807	320
3059.153809	304
3063.581055	346
3068.008301	343
3072.435303	344
3076.862549	311
3081.289551	298
3085.716797	298
3090.143799	298
3094.571045	325
3098.998291	323
3103.425293	280
3107.852539	287
3112.279541	288
3116.706787	332
3121.133789	343
3125.561035	321
3129.988281	312
3134.415283	313
3138.842529	323
3143.269531	320
3147.696777	318
3152.123779	333
3156.551025	317
3160.978027	295
3165.405273	252
3169.832520	242
3174.259521	261
3178.686768	279
3183.113770	290
3187.541016	309
3191.968018	286
3196.395264	263
3200.822510	290
3205.249512	331
3209.676758	343
3214.103760	305
3218.531006	291
3222.958008	326
3227.385254	331
3231.812500	259
3236.239502	296
3240.666748	343
3245.093750	357
3249.520996	315
3253.947998	318
3258.375244	310
3262.802246	302
3267.229492	320
3271.656738	288
3276.083740	294
3280.510986	306
3284.937988	302
3289.365234	266
3293.792236	234
3298.219482	257
3302.646729	289
3307.073730	298
3311.500977	303
3315.927979	315
3320.355225	309
3324.782227	289
3329.209473	278
3333.636719	263
3338.063721	285
3342.490967	314
3346.917969	347
3351.345215	340
3355.772217	321
3360.199463	306
3364.626709	274
3369.053711	280
3373.480957	295
3377.907959	304
3382.335205	297
3386.762207	279
3391.189453	284
3395.616455	267
3400.043701	302
3404.470947	278
3408.897949	297
3413.325195	309
3417.752197	298
3422.179443	280
3426.606445	303
3431.033691	276
3435.460938	249
3439.887939	246
3444.315186	272
3448.742188	271
3453.169434	268
3457.596436	274
3462.023682	310
3466.450928	323
3470.877930	323
3475.305176	368
3479.732178	322
3484.159424	288
3488.586426	294
3493.013672	311
3497.440918	318
3501.867920	288
3506.295166	260
3510.722168	272
3515.149414	318
3519.576416	319
3524.003662	287
3528.430664	276
3532.857910	278
3537.285156	299
3541.712158	305
3546.139404	319
3550.566406	326
3554.993652	329
3559.420654	309
3563.847900	333
3568.275146	318
3572.702148	315
3577.129395	317
3581.556396	356
3585.983643	351
3590.410645	369
3594.837891	326
3599.265137	316
3603.692139	332
3608.119385	341
3612.546387	324
3616.973633	331
3621.400635	362
3625.827881	387
3630.255127	410
3634.682129	407
3639.109375	366
3643.536377	365
3647.963623	390
3652.390625	381
3656.817871	365
3661.244873	358
3665.672119	387
3670.099365	397
3674.526367	375
3678.953613	405
3683.380615	417
3687.807861	405
3692.234863	408
3696.662109	439
3701.089355	467
3705.516357	486
3709.943604	514
3714.370605	525
3718.797852	528
3723.224854	583
3727.652100	630
3732.079346	599
3736.506348	616
3740.933594	609
3745.360596	596
3749.787842	650
3754.214844	707
3758.642090	768
3763.069336	850
3767.496338	881
3771.923584	827
3776.350586	877
3780.777832	910
3785.204834	953
3789.632080	1014
3794.059082	1090
3798.486328	1168
3802.913574	1239
3807.340576	1235
3811.767822	1301
3816.194824	1413
3820.622070	1343
3825.049072	1344
3829.476318	1410
3833.903564	1462
3838.330566	1612
3842.757813	1709
3847.184814	1760
3851.612061	1865
3856.039063	1933
3860.466309	1944
3864.893555	2084
3869.320557	2114
3873.747803	2019
3878.174805	2030
3882.602051	2103
3887.029053	2228
3891.456299	2265
3895.883545	2305
3900.310547	2393
3904.737793	2477
3909.164795	2575
3913.592041	2590
3918.019043	2655
3922.446289	2777
3926.873291	2822
3931.300537	2719
3935.727783	2753
3940.154785	2690
3944.582031	2676
3949.009033	2715
3953.436279	2713
3957.863281	2748
3962.290527	2865
3966.717773	2902
3971.144775	2932
3975.572021	3079
3979.999023	3135
3984.426270	3039
3988.853271	3030
3993.280518	3257
3997.707764	3413
4002.134766	3376
4006.562012	3353
4010.989014	3386
4015.416260	3491
4019.843262	3531
4024.270508	3555
4028.697754	3467
4033.124756	3466
4037.552002	3540
4041.979004	3613
4046.406250	3460
4050.833252	3449
4055.260498	3435
4059.687500	3436
4064.114746	3402
4068.541992	3398
4072.968994	3338
4077.396240	3292
4081.823242	3264
4086.250488	3297
4090.677490	3100
4095.104736	2998
4099.531738	3018
4103.958984	2992
4108.386230	3006
4112.813477	3088
4117.240234	3172
4121.667480	3271
4126.094727	3330
4130.521973	3420
4134.949219	3387
4139.375977	3336
4143.803223	3330
4148.230469	3329
4152.657715	3303
4157.084473	3301
4161.511719	3427
4165.938965	3413
4170.366211	3323
4174.793457	3257
4179.220215	3183
4183.647461	3253
4188.074707	3248
4192.501953	3241
4196.929199	3262
4201.355957	3355
4205.783203	3393
4210.210449	3289
4214.637695	3320
4219.064453	3243
4223.491699	3188
4227.918945	3144
4232.346191	3170
4236.773438	3199
4241.200195	3183
4245.627441	3252
4250.054688	3135
4254.481934	3039
4258.908691	3063
4263.335938	3025
4267.763184	2973
4272.190430	3063
4276.617676	3107
4281.044434	3094
4285.471680	2966
4289.898926	2860
4294.326172	2838
4298.753418	2907
4303.180176	2937
4307.607422	2856
4312.034668	2796
4316.461914	2864
4320.888672	2839
4325.315918	2701
4329.743164	2709
4334.170410	2738
4338.597656	2751
4343.024414	2746
4347.451660	2793
4351.878906	2841
4356.306152	2810
4360.732910	2851
4365.160156	2854
4369.587402	2834
4374.014648	2928
4378.441895	2998
4382.868652	3023
4387.295898	3007
4391.723145	2973
4396.150391	3010
4400.577637	3050
4405.004395	3170
4409.431641	3140
4413.858887	3168
4418.286133	3192
4422.712891	3176
4427.140137	3180
4431.567383	3192
4435.994629	3154
4440.421875	3067
4444.848633	3226
4449.275879	3167
4453.703125	3187
4458.130371	3215
4462.557617	3168
4466.984375	3190
4471.411621	3209
4475.838867	3104
4480.266113	3107
4484.692871	3096
4489.120117	3053
4493.547363	3100
4497.974609	3127
4502.401855	3132
4506.828613	3125
4511.255859	3063
4515.683105	3088
4520.110352	3036
4524.537109	3038
4528.964355	3027
4533.391602	3008
4537.818848	2903
4542.246094	2970
4546.672852	2916
4551.100098	3001
4555.527344	3073
4559.954590	3037
4564.381836	3129
4568.808594	2992
4573.235840	2954
4577.663086	3032
4582.090332	3096
4586.517090	3126
4590.944336	3113
4595.371582	3107
4599.798828	3091
4604.226074	3201
4608.652832	3318
4613.080078	3313
4617.507324	3226
4621.934570	3229
4626.361328	3217
4630.788574	3321
4635.215820	3398
4639.643066	3403
4644.070313	3454
4648.497070	3502
4652.924316	3504
4657.351563	3484
4661.778809	3578
4666.206055	3704
4670.632813	3706
4675.060059	3774
4679.487305	3764
4683.914551	3741
4688.341309	3840
4692.768555	3881
4697.195801	3860
4701.623047	3905
4706.050293	3917
4710.477051	3935
4714.904297	3947
4719.331543	4094
4723.758789	4172
4728.186035	4208
4732.612793	4247
4737.040039	4258
4741.467285	4256
4745.894531	4226
4750.321289	4195
4754.748535	4201
4759.175781	4315
4763.603027	4362
4768.030273	4306
4772.457031	4244
4776.884277	4298
4781.311523	4377
4785.738770	4348
4790.165527	4352
4794.592773	4328
4799.020020	4353
4803.447266	4319
4807.874512	4332
4812.301270	4423
4816.728516	4502
4821.155762	4465
4825.583008	4364
4830.010254	4384
4834.437012	4451
4838.864258	4386
4843.291504	4298
4847.718750	4253
4852.145508	4298
4856.572754	4286
4861.000000	4162
4865.427246	4190
4869.854492	4201
4874.281250	4172
4878.708496	4107
4883.135742	4175
4887.562988	4266
4891.989746	4398
4896.416992	4381
4900.844238	4452
4905.271484	4401
4909.698730	4285
4914.125488	4413
4918.552734	4402
4922.979980	4388
4927.407227	4427
4931.834473	4400
4936.261230	4396
4940.688477	4413
4945.115723	4426
4949.542969	4443
4953.969727	4404
4958.396973	4409
4962.824219	4406
4967.251465	4478
4971.678711	4487
4976.105469	4485
4980.532715	4440
4984.959961	4405
4989.387207	4389
4993.813965	4400
4998.241211	4450
5002.668457	4428
5007.095703	4380
5011.522949	4366
5015.949707	4391
5020.376953	4408
5024.804199	4413
5029.231445	4492
5033.658691	4458
5038.085449	4329
5042.512695	4382
5046.939941	4281
5051.367188	4304
5055.793945	4315
5060.221191	4255
5064.648438	4225
5069.075684	4192
5073.502930	4191
5077.929688	4144
5082.356934	4175
5086.784180	4219
5091.211426	4237
5095.638672	4242
5100.065430	4188
5104.492676	4288
5108.919922	4336
5113.347168	4305
5117.773926	4253
5122.201172	4211
5126.628418	4204
5131.055664	4217
5135.482910	4234
5139.909668	4276
5144.336914	4225
5148.764160	4151
5153.191406	4169
5157.618164	4198
5162.045410	4100
5166.472656	4057
5170.899902	4044
5175.327148	3925
5179.753906	4015
5184.181152	4044
5188.608398	4013
5193.035645	4039
5197.462891	4101
5201.889648	3995
5206.316895	3898
5210.744141	3993
5215.171387	4063
5219.598145	4068
5224.025391	3972
5228.452637	3918
5232.879883	4019
5237.307129	4059
5241.733887	3957
5246.161133	3925
5250.588379	3928
5255.015625	3887
5259.442383	3914
5263.869629	3989
5268.296875	4017
5272.724121	4059
5277.151367	3981
5281.578125	3803
5286.005371	3799
5290.432617	3840
5294.859863	3876
5299.287109	3882
5303.713867	3935
5308.141113	3864
5312.568359	3841
5316.995605	3818
5321.422363	3858
5325.849609	3875
5330.276855	3895
5334.704102	3745
5339.131348	3726
5343.558105	3793
5347.985352	3771
5352.412598	3775
5356.839844	3698
5361.267090	3630
5365.693848	3671
5370.121094	3729
5374.548340	3734
5378.975586	3774
5383.402344	3754
5387.829590	3683
5392.256836	3675
5396.684082	3666
5401.111328	3634
5405.538086	3586
5409.965332	3592
5414.392578	3593
5418.819824	3665
5423.246582	3657
5427.673828	3633
5432.101074	3558
5436.528320	3637
5440.955566	3648
5445.382324	3588
5449.809570	3570
5454.236816	3687
5458.664063	3667
5463.091309	3648
5467.518066	3639
5471.945313	3622
5476.372559	3568
5480.799805	3616
5485.226563	3632
5489.653809	3562
5494.081055	3520
5498.508301	3528
5502.935547	3517
5507.362305	3499
5511.789551	3517
5516.216797	3522
5520.644043	3528
5525.070801	3510
5529.498047	3474
5533.925293	3480
5538.352539	3527
5542.779785	3521
5547.206543	3415
5551.633789	3496
5556.061035	3422
5560.488281	3338
5564.915527	3366
5569.342285	3443
5573.769531	3441
5578.196777	3392
5582.624023	3397
5587.050781	3372
5591.478027	3388
5595.905273	3398
5600.332520	3425
5604.759766	3494
5609.186523	3335
5613.613770	3343
5618.041016	3323
5622.468262	3375
5626.895508	3355
5631.322266	3367
5635.749512	3340
5640.176758	3299
5644.604004	3280
5649.030762	3271
5653.458008	3225
5657.885254	3226
5662.312500	3215
5666.739746	3256
5671.166504	3146
5675.593750	3143
5680.020996	3190
5684.448242	3274
5688.875000	3268
5693.302246	3124
5697.729492	3169
5702.156738	3286
5706.583984	3283
5711.010742	3224
5715.437988	3147
5719.865234	3204
5724.292480	3148
5728.719727	3108
5733.146484	3225
5737.573730	3285
5742.000977	3288
5746.428223	3267
5750.854980	3222
5755.282227	3097
5759.709473	3154
5764.136719	3232
5768.563965	3236
5772.990723	3204
5777.417969	3274
5781.845215	3337
5786.272461	3304
5790.699219	3223
5795.126465	3242
5799.553711	3229
5803.980957	3299
5808.408203	3331
5812.834961	3252
5817.262207	3163
5821.689453	3259
5826.116699	3403
5830.543945	3371
5834.970703	3394
5839.397949	3383
5843.825195	3289
5848.252441	3305
5852.679199	3345
5857.106445	3466
5861.533691	3484
5865.960938	3350
5870.388184	3304
5874.814941	3280
5879.242188	3369
5883.669434	3328
5888.096680	3223
5892.523438	3247
5896.950684	3227
5901.377930	3207
5905.805176	3228
5910.232422	3250
5914.659180	3193
5919.086426	3251
5923.513672	3255
5927.940918	3326
5932.368164	3244
5936.794922	3187
5941.222168	3164
5945.649414	3118
5950.076660	3136
5954.503418	3160
5958.930664	3267
5963.357910	3328
5967.785156	3257
5972.212402	3169
5976.639160	3141
5981.066406	3165
5985.493652	3208
5989.920898	3261
5994.348145	3219
5998.774902	3033
6003.202148	3041
6007.629395	3138
6012.056641	3114
6016.483398	3068
6020.910645	3142
6025.337891	3048
6029.765137	2943
6034.192383	3060
6038.619141	3027
6043.046387	3038
6047.473633	3014
6051.900879	2982
6056.327637	2976
6060.754883	2959
6065.182129	3005
6069.609375	2957
6074.036621	3014
6078.463379	3063
6082.890625	2880
6087.317871	2776
6091.745117	2759
6096.172363	2696
6100.599121	2760
6105.026367	2752
6109.453613	2724
6113.880859	2765
6118.307617	2853
6122.734863	2763
6127.162109	2766
6131.589355	2712
6136.016602	2622
6140.443359	2708
6144.870605	2727
6149.297852	2646
6153.725098	2728
6158.151855	2717
6162.579102	2627
6167.006348	2585
6171.433594	2614
6175.860840	2578
6180.287598	2571
6184.714844	2586
6189.142090	2619
6193.569336	2669
6197.996582	2630
6202.423340	2618
6206.850586	2606
6211.277832	2539
6215.705078	2491
6220.131836	2522
6224.559082	2526
6228.986328	2554
6233.413574	2563
6237.840820	2553
6242.267578	2502
6246.694824	2467
6251.122070	2439
6255.549316	2450
6259.976563	2419
6264.403320	2382
6268.830566	2358
6273.257813	2381
6277.685059	2363
6282.111816	2362
6286.539063	2469
6290.966309	2431
6295.393555	2340
6299.820801	2387
6304.247559	2374
6308.674805	2374
6313.102051	2297
6317.529297	2233
6321.956055	2229
6326.383301	2264
6330.810547	2199
6335.237793	2238
6339.665039	2325
6344.091797	2338
6348.519043	2303
6352.946289	2296
6357.373535	2331
6361.800781	2356
6366.227539	2382
6370.654785	2334
6375.082031	2360
6379.509277	2323
6383.936035	2305
6388.363281	2253
6392.790527	2162
6397.217773	2195
6401.645020	2171
6406.071777	2121
6410.499023	2188
6414.926270	2225
6419.353516	2188
6423.780273	2151
6428.207520	2199
6432.634766	2205
6437.062012	2219
6441.489258	2204
6445.916016	2172
6450.343262	2236
6454.770508	2147
6459.197754	2014
6463.625000	2123
6468.051758	2120
6472.479004	2088
6476.906250	2095
6481.333496	2066
6485.760254	2107
6490.187500	2134
6494.614746	2058
6499.041992	2123
6503.469238	2082
6507.895996	2067
6512.323242	2086
6516.750488	2087
6521.177734	1986
6525.604492	2012
6530.031738	1997
6534.458984	1981
6538.886230	1976
6543.313477	1993
6547.740234	1900
6552.167480	1743
6556.594727	1727
6561.021973	1772
6565.449219	1735
6569.875977	1786
6574.303223	1828
6578.730469	1770
6583.157715	1731
6587.584473	1805
6592.011719	1902
6596.438965	1889
6600.866211	1806
6605.293457	1859
6609.720215	1869
6614.147461	1828
6618.574707	1882
6623.001953	1999
6627.429199	1919
6631.855957	1889
6636.283203	1898
6640.710449	1923
6645.137695	1973
6649.564453	2026
6653.991699	2004
6658.418945	1921
6662.846191	1935
6667.273438	1931
6671.700195	1990
6676.127441	1971
6680.554688	1953
6684.981934	1953
6689.408691	1907
6693.835938	1902
6698.263184	1961
6702.690430	1992
6707.117676	2059
6711.544434	2048
6715.971680	1990
6720.398926	1972
6724.826172	1996
6729.253418	1963
6733.680176	1929
6738.107422	1918
6742.534668	2003
6746.961914	2026
6751.388672	2020
6755.815918	1929
6760.243164	1953
6764.670410	1938
6769.097656	1878
6773.524414	1848
6777.951660	1992
6782.378906	1879
6786.806152	1868
6791.232910	1871
6795.660156	1875
6800.087402	1937
6804.514648	1909
6808.941895	1899
6813.368652	1915
6817.795898	1795
6822.223145	1769
6826.650391	1780
6831.077637	1793
6835.504395	1863
6839.931641	1873
6844.358887	1825
6848.786133	1856
6853.212891	1892
6857.640137	1908
6862.067383	1912
6866.494629	1853
6870.921875	1750
6875.348633	1781
6879.775879	1807
6884.203125	1710
6888.630371	1735
6893.057617	1647
6897.484375	1636
6901.911621	1610
6906.338867	1609
6910.766113	1662
6915.192871	1691
6919.620117	1590
6924.047363	1526
6928.474609	1529
6932.901855	1554
6937.328613	1583
6941.755859	1575
6946.183105	1573
6950.610352	1560
6955.037109	1523
6959.464355	1584
6963.891602	1584
6968.318848	1627
6972.746094	1579
6977.172852	1588
6981.600098	1559
6986.027344	1540
6990.454590	1482
6994.881836	1479
6999.308594	1492
7003.735840	1423
7008.163086	1457
7012.590332	1382
7017.017090	1434
7021.444336	1429
7025.871582	1324
7030.298828	1304
7034.726074	1336
7039.152832	1349
7043.580078	1465
7048.007324	1518
7052.434570	1436
7056.861328	1370
7061.288574	1425
7065.715820	1487
7070.143066	1458
7074.570313	1318
7078.997070	1271
7083.424316	1285
7087.851563	1247
7092.278809	1213
7096.706055	1272
7101.132813	1274
7105.560059	1258
7109.987305	1220
7114.414551	1197
7118.841309	1214
7123.268555	1285
7127.695801	1273
7132.123047	1150
7136.550293	1186
7140.977051	1224
7145.404297	1171
7149.831543	1158
7154.258789	1176
7158.686035	1223
7163.112793	1169
7167.540039	1154
7171.967285	1155
7176.394531	1135
7180.821289	986
7185.248535	931
7189.675781	887
7194.103027	948
7198.530273	949
7202.957031	938
7207.384277	957
7211.811523	946
7216.238770	929
7220.665527	900
7225.092773	923
7229.520020	954
7233.947266	976
7238.374512	936
7242.801270	884
7247.228516	814
7251.655762	794
7256.083008	792
7260.510254	782
7264.937012	810
7269.364258	781
7273.791504	811
7278.218750	855
7282.645508	787
7287.072754	764
7291.500000	815
7295.927246	742
7300.354492	687
7304.781250	714
7309.208496	711
7313.635742	717
7318.062988	651
7322.489746	604
7326.916992	662
7331.344238	689
7335.771484	645
7340.198730	646
7344.625488	627
7349.052734	583
7353.479980	557
7357.907227	542
7362.334473	567
7366.761230	579
7371.188477	531
7375.615723	489
7380.042969	493
7384.469727	482
7388.896973	487
7393.324219	506
7397.751465	523
7402.178711	570
7406.605469	632
7411.032715	612
7415.459961	538
7419.887207	596
7424.313965	622
7428.741211	565
7433.168457	574
7437.595703	595
7442.022949	596
7446.449707	668
7450.876953	649
7455.304199	607
7459.731445	632
7464.158691	616
7468.585449	628
7473.012695	704
7477.439941	756
7481.867188	742
7486.293945	739
7490.721191	774
7495.148438	801
7499.575684	782
7504.002930	756
7508.429688	721
7512.856934	744
7517.284180	732
7521.711426	738
7526.138672	721
7530.565430	751
7534.992676	815
7539.419922	711
7543.847168	681
7548.273926	721
7552.701172	730
7557.128418	675
7561.555664	637
7565.982910	673
7570.409668	659
7574.836914	696
7579.264160	700
7583.691406	747
7588.118164	690
7592.545410	633
7596.972656	617
7601.399902	571
7605.827148	542
7610.253906	575
7614.681152	560
7619.108398	506
7623.535645	497
7627.962891	500
7632.389648	478
7636.816895	466
7641.244141	467
7645.671387	472
7650.098145	488
7654.525391	515
7658.952637	547
7663.379883	537
7667.807129	443
7672.233887	457
7676.661133	492
7681.088379	525
7685.515625	538
7689.942383	467
7694.369629	439
7698.796875	426
7703.224121	439
7707.651367	429
7712.078125	449
7716.505371	419
7720.932617	420
7725.359863	432
7729.787109	418
7734.213867	466
7738.641113	449
7743.068359	427
7747.495605	399
7751.922363	414
7756.349609	404
7760.776855	378
7765.204102	354
7769.631348	346
7774.058105	369
7778.485352	361
7782.912598	331
7787.339844	352
7791.767090	357
7796.193848	380
7800.621094	395
7805.048340	364
7809.475586	370
7813.902344	359
7818.329590	331
7822.756836	360
7827.184082	364
7831.611328	354
7836.038086	355
7840.465332	369
7844.892578	382
7849.319824	427
7853.746582	390
7858.173828	374
7862.601074	371
7867.028320	384
7871.455566	410
7875.882324	403
7880.309570	449
7884.736816	443
7889.164063	423
7893.591309	412
7898.018066	456
7902.445313	450
7906.872559	468
7911.299805	488
7915.726563	493
7920.153809	482
7924.581055	445
7929.008301	467
7933.435547	530
7937.862305	544
7942.289551	562
7946.716797	579
7951.144043	498
7955.570801	521
7959.998047	557
7964.425293	547
7968.852539	546
7973.279785	626
7977.706543	624
7982.133789	617
7986.561035	569
7990.988281	589
7995.415527	589
7999.842285	561
8004.269531	563
8008.696777	545
8013.124023	573
8017.550781	576
8021.978027	567
8026.405273	572
8030.832520	557
8035.259766	584
8039.686523	578
8044.113770	574
8048.541016	644
8052.968262	619
8057.395508	573
8061.822266	604
8066.249512	618
8070.676758	616
8075.104004	596
8079.530762	546
8083.958008	517
8088.385254	552
8092.812500	559
8097.239746	522
8101.666504	531
8106.093750	551
8110.520996	577
8114.948242	560
8119.375000	511
8123.802246	523
8128.229492	552
8132.656738	564
8137.083984	510
8141.510742	467
8145.937988	468
8150.365234	460
8154.792480	480
8159.219727	497
8163.646484	451
8168.073730	415
8172.500977	430
8176.928223	425
8181.354980	419
8185.782227	419
8190.209473	442
8194.636719	440
8199.063477	364
8203.491211	345
8207.917969	385
8212.344727	384
8216.772461	399
8221.199219	402
8225.626953	342
8230.053711	346
8234.480469	359
8238.908203	363
8243.334961	402
8247.762695	387
8252.189453	358
8256.616211	345
8261.043945	349
8265.470703	362
8269.898438	342
8274.325195	335
8278.751953	341
8283.179688	318
8287.606445	320
8292.034180	355
8296.460938	349
8300.887695	344
8305.315430	350
8309.742188	340
8314.168945	321
8318.596680	319
8323.023438	333
8327.451172	327
8331.877930	317
8336.304688	315
8340.732422	329
8345.159180	339
8349.586914	325
8354.013672	352
8358.440430	371
8362.868164	347
8367.294922	389
8371.722656	411
8376.149414	380
8380.576172	323
8385.003906	336
8389.430664	324
8393.858398	289
8398.285156	290
8402.711914	299
8407.139648	356
8411.566406	392
8415.993164	344
8420.420898	343
8424.847656	355
8429.275391	337
8433.702148	339
8438.128906	390
8442.556641	390
8446.983398	413
8451.411133	422
8455.837891	392
8460.264648	390
8464.692383	373
8469.119141	374
8473.546875	421
8477.973633	448
8482.400391	389
8486.828125	397
8491.254883	435
8495.682617	390
8500.109375	391
8504.536133	390
8508.963867	386
8513.390625	387
8517.817383	384
8522.245117	389
8526.671875	385
8531.099609	387
8535.526367	435
8539.953125	456
8544.380859	497
8548.807617	493
8553.235352	452
8557.662109	432
8562.088867	410
8566.516602	436
8570.943359	460
8575.371094	455
8579.797852	442
8584.224609	424
8588.652344	468
8593.079102	511
8597.506836	480
8601.933594	464
8606.360352	449
8610.788086	468
8615.214844	428
8619.641602	440
8624.069336	457
8628.496094	444
8632.923828	442
8637.350586	468
8641.777344	464
8646.205078	437
8650.631836	402
8655.059570	388
8659.486328	399
8663.913086	421
8668.340820	398
8672.767578	381
8677.195313	389
8681.622070	414
8686.048828	392
8690.476563	374
8694.903320	381
8699.331055	372
8703.757813	415
8708.184570	423
8712.612305	442
8717.039063	393
8721.465820	372
8725.893555	364
8730.320313	379
8734.748047	367
8739.174805	344
8743.601563	330
8748.029297	360
8752.456055	396
8756.883789	345
8761.310547	354
8765.737305	375
8770.165039	342
8774.591797	350
8779.019531	334
8783.446289	314
8787.873047	340
8792.300781	366
8796.727539	390
8801.155273	395
8805.582031	365
8810.008789	330
8814.436523	314
8818.863281	310
8823.291016	314
8827.717773	344
8832.144531	335
8836.572266	311
8840.999023	332
8845.425781	328
8849.853516	320
8854.280273	305
8858.708008	335
8863.134766	330
8867.561523	328
8871.989258	328
8876.416016	352
8880.843750	332
8885.270508	331
8889.697266	331
8894.125000	343
8898.551758	333
8902.979492	363
8907.406250	339
8911.833008	323
8916.260742	333
8920.687500	328
8925.115234	298
8929.541992	317
8933.968750	312
8938.396484	278
8942.823242	276
8947.250000	274
8951.677734	279
8956.104492	287
8960.532227	292
8964.958984	297
8969.385742	297
8973.813477	287
8978.240234	256
8982.667969	251
8987.094727	297
8991.521484	281
8995.949219	283
9000.375977	304
9004.803711	314
9009.230469	299
9013.657227	309
9018.084961	314
9022.511719	333
9026.939453	289
9031.366211	270
9035.792969	282
9040.220703	300
9044.647461	307
9049.074219	291
9053.501953	287
9057.928711	315
9062.356445	305
9066.783203	296
9071.209961	281
9075.637695	289
9080.064453	301
9084.492188	310
9088.918945	313
9093.345703	276
9097.773438	275
9102.200195	315
9106.627930	306
9111.054688	287
9115.481445	304
9119.909180	312
9124.335938	304
9128.763672	342
9133.190430	341
9137.617188	317
9142.044922	289
9146.471680	330
9150.898438	334
9155.326172	326
9159.752930	348
9164.180664	313
9168.607422	297
9173.034180	297
9177.461914	324
9181.888672	330
9186.316406	339
9190.743164	306
9195.169922	282
9199.597656	315
9204.024414	327
9208.452148	326
9212.878906	333
9217.305664	344
9221.733398	365
9226.160156	348
9230.587891	328
9235.014648	327
9239.441406	350
9243.869141	357
9248.295898	299
9252.722656	274
9257.150391	309
9261.577148	315
9266.004883	333
9270.431641	360
9274.858398	338
9279.286133	333
9283.712891	350
9288.140625	366
9292.567383	322
9296.994141	284
9301.421875	309
9305.848633	332
9310.276367	329
9314.703125	312
9319.129883	329
9323.557617	374
9327.984375	390
9332.412109	338
9336.838867	298
9341.265625	332
9345.693359	347
9350.120117	351
9354.546875	326
9358.974609	293
9363.401367	304
9367.829102	324
9372.255859	329
9376.682617	295
9381.110352	308
9385.537109	312
9389.964844	300
9394.391602	304
9398.818359	314
9403.246094	351
9407.672852	331
9412.100586	303
9416.527344	300
9420.954102	338
9425.381836	341
9429.808594	349
9434.236328	346
9438.663086	330
9443.089844	329
9447.517578	339
9451.944336	358
9456.372070	355
9460.798828	333
9465.225586	316
9469.653320	313
9474.080078	315
9478.506836	316
9482.934570	311
9487.361328	288
9491.789063	316
9496.215820	346
9500.642578	335
9505.070313	322
9509.497070	309
9513.924805	303
9518.351563	322
9522.778320	333
9527.206055	336
9531.632813	368
9536.060547	336
9540.487305	352
9544.914063	347
9549.341797	320
9553.768555	307
9558.196289	321
9562.623047	328
9567.049805	355
9571.477539	364
9575.904297	340
9580.331055	351
9584.758789	333
9589.185547	322
9593.613281	348
9598.040039	347
9602.466797	368
9606.894531	355
9611.321289	274
9615.749023	290
9620.175781	311
9624.602539	319
9629.030273	319
9633.457031	292
9637.884766	295
9642.311523	300
9646.738281	313
9651.166016	323
9655.592773	315
9660.020508	306
9664.447266	326
9668.874023	361
9673.301758	359
9677.728516	344
9682.155273	327
9686.583008	336
9691.009766	329
9695.437500	335
9699.864258	315
9704.291016	329
9708.718750	309
9713.145508	303
9717.573242	323
9722.000000	314
9726.426758	308
9730.854492	312
9735.281250	291
9739.708984	299
9744.135742	280
9748.562500	281
9752.990234	273
9757.416992	305
9761.844727	356
9766.271484	344
9770.698242	334
9775.125977	310
9779.552734	303
9783.979492	323
9788.407227	353
9792.833984	374
9797.261719	374
9801.688477	339
9806.115234	351
9810.542969	364
9814.969727	338
9819.397461	334
9823.824219	297
9828.250977	321
9832.678711	283
9837.105469	300
9841.533203	365
9845.959961	377
9850.386719	388
9854.814453	369
9859.241211	335
9863.668945	315
9868.095703	358
9872.522461	381
9876.950195	396
9881.376953	359
9885.803711	321
9890.231445	339
9894.658203	363
9899.085938	400
9903.512695	406
9907.939453	375
9912.367188	380
9916.793945	385
9921.221680	386
9925.648438	352
9930.075195	355
9934.502930	381
9938.929688	373
9943.357422	376
9947.784180	366
9952.210938	331
9956.638672	323
9961.065430	338
9965.493164	365
9969.919922	366
9974.346680	333
9978.774414	362
9983.201172	406
9987.627930	433
9992.055664	414
9996.482422	419
10000.910156	398
10005.336914	350
10009.763672	394
10014.191406	398
10018.618164	378
10023.045898	361
10027.472656	347
10031.899414	338
10036.327148	325
10040.753906	321
10045.181641	355
10049.608398	343
10054.035156	326
10058.462891	364
10062.889648	350
10067.317383	308
10071.744141	329
10076.170898	344
10080.598633	353
10085.025391	360
10089.453125	354
10093.879883	373
10098.306641	357
10102.734375	358
10107.161133	355
10111.587891	341
10116.015625	352
10120.442383	365
10124.870117	377
10129.296875	341
10133.723633	353
10138.151367	329
10142.578125	352
10147.005859	329
10151.432617	335
10155.859375	343
10160.287109	364
10164.713867	346
10169.141602	361
10173.568359	391
10177.995117	366
10182.422852	339
10186.849609	316
10191.277344	326
10195.704102	328
10200.130859	289
10204.558594	318
10208.985352	341
10213.412109	341
10217.839844	337
10222.266602	359
10226.694336	360
10231.121094	385
10235.547852	362
10239.975586	359
10244.402344	342
10248.830078	334
10253.256836	333
10257.683594	344
10262.111328	360
10266.538086	343
10270.965820	321
10275.392578	355
10279.819336	374
10284.247070	344
10288.673828	354
10293.101563	366
10297.528320	365
10301.955078	394
10306.382813	386
10310.809570	372
10315.236328	375
10319.664063	345
10324.090820	312
10328.518555	358
10332.945313	380
10337.372070	378
10341.799805	386
10346.226563	379
10350.654297	323
10355.081055	360
10359.507813	365
10363.935547	318
10368.362305	325
10372.790039	325
10377.216797	317
10381.643555	335
10386.071289	298
10390.498047	309
10394.925781	377
10399.352539	332
10403.779297	308
10408.207031	346
10412.633789	353
10417.060547	354
10421.488281	330
10425.915039	351
10430.342773	328
10434.769531	341
10439.196289	379
10443.624023	379
10448.050781	351
10452.478516	374
10456.905273	361
10461.332031	338
10465.759766	356
10470.186523	376
10474.614258	322
10479.041016	289
10483.467773	332
10487.895508	332
10492.322266	321
10496.750000	329
10501.176758	321
10505.603516	317
10510.031250	344
10514.458008	356
10518.884766	323
10523.312500	341
10527.739258	356
10532.166992	312
10536.593750	345
10541.020508	336
10545.448242	318
10549.875000	353
10554.302734	337
10558.729492	309
10563.156250	331
10567.583984	334
10572.010742	305
10576.438477	331
10580.865234	355
10585.291992	364
10589.719727	327
10594.146484	355
10598.574219	400
10603.000977	389
10607.427734	408
10611.855469	382
10616.282227	332
10620.708984	306
10625.136719	337
10629.563477	329
10633.991211	324
10638.417969	332
10642.844727	331
10647.272461	313
10651.699219	314
10656.126953	306
10660.553711	334
10664.980469	357
10669.408203	352
10673.834961	360
10678.262695	365
10682.689453	349
10687.116211	360
10691.543945	336
10695.970703	330
10700.398438	325
10704.825195	349
10709.251953	366
10713.679688	366
10718.106445	376
10722.534180	357
10726.960938	317
10731.387695	319
10735.815430	298
10740.242188	291
10744.668945	317
10749.096680	348
10753.523438	319
10757.951172	333
10762.377930	330
10766.804688	353
10771.232422	366
10775.659180	348
10780.086914	349
10784.513672	338
10788.940430	340
10793.368164	314
10797.794922	355
10802.222656	386
10806.649414	388
10811.076172	346
10815.503906	320
10819.930664	355
10824.358398	399
10828.785156	375
10833.211914	342
10837.639648	307
10842.066406	298
10846.493164	294
10850.920898	357
10855.347656	365
10859.775391	348
10864.202148	315
10868.628906	325
10873.056641	333
10877.483398	362
10881.911133	375
10886.337891	337
10890.764648	358
10895.192383	367
10899.619141	366
10904.046875	355
10908.473633	311
10912.900391	328
10917.328125	318
10921.754883	331
10926.182617	362
10930.609375	371
10935.036133	363
10939.463867	342
10943.890625	308
10948.317383	332
10952.745117	331
10957.171875	297
10961.599609	304
10966.026367	313
10970.453125	301
10974.880859	317
10979.307617	348
10983.735352	373
10988.162109	362
10992.588867	339
10997.016602	329
11001.443359	349
11005.871094	360
11010.297852	349
11014.724609	375
11019.152344	355
11023.579102	336
11028.006836	307
11032.433594	314
11036.860352	376
11041.288086	380
11045.714844	358
11050.141602	327
11054.569336	349
11058.996094	344
11063.423828	358
11067.850586	340
11072.277344	316
11076.705078	310
11081.131836	320
11085.559570	283
11089.986328	300
11094.413086	333
11098.840820	329
11103.267578	336
11107.695313	341
11112.122070	341
11116.548828	326
11120.976563	328
11125.403320	357
11129.831055	320
11134.257813	314
11138.684570	346
11143.112305	359
11147.539063	346
11151.965820	323
11156.393555	340
11160.820313	369
11165.248047	377
11169.674805	369
11174.101563	351
11178.529297	330
11182.956055	306
11187.383789	306
11191.810547	341
11196.237305	348
11200.665039	358
11205.091797	345
11209.519531	327
11213.946289	339
11218.373047	336
11222.800781	352
11227.227539	371
11231.655273	368
11236.082031	356
11240.508789	340
11244.936523	336
11249.363281	308
11253.791016	311
11258.217773	337
11262.644531	356
11267.072266	316
11271.499023	310
11275.925781	322
11280.353516	311
11284.780273	348
11289.208008	387
11293.634766	359
11298.061523	304
11302.489258	286
11306.916016	347
11311.343750	377
11315.770508	354
11320.197266	360
11324.625000	338
11329.051758	319
11333.479492	323
11337.906250	354
11342.333008	374
11346.760742	330
11351.187500	276
11355.615234	258
11360.041992	255
11364.468750	267
11368.896484	301
11373.323242	327
11377.750000	344
11382.177734	322
11386.604492	310
11391.032227	316
11395.458984	301
11399.885742	289
11404.313477	286
11408.740234	351
11413.167969	354
11417.594727	301
11422.021484	274
11426.449219	291
11430.875977	297
11435.303711	335
11439.730469	352
11444.157227	343
11448.584961	341
11453.011719	339
11457.439453	321
11461.866211	342
11466.292969	304
11470.720703	291
11475.147461	333
11479.574219	292
11484.001953	326
11488.428711	347
11492.856445	329
11497.283203	332
11501.709961	312
11506.137695	275
11510.564453	340
11514.992188	350
11519.418945	334
11523.845703	320
11528.273438	338
11532.700195	333
11537.127930	300
11541.554688	313
11545.981445	342
11550.409180	316
11554.835938	322
11559.263672	328
11563.690430	335
11568.117188	330
11572.544922	310
11576.971680	342
11581.398438	348
11585.826172	309
11590.252930	250
11594.680664	278
11599.107422	321
11603.534180	357
11607.961914	338
11612.388672	348
11616.816406	307
11621.243164	294
11625.669922	340
11630.097656	334
11634.524414	379
11638.952148	357
11643.378906	358
11647.805664	348
11652.233398	284
11656.660156	296
11661.087891	320
11665.514648	318
11669.941406	328
11674.369141	335
11678.795898	275
11683.222656	308
11687.650391	335
11692.077148	350
11696.504883	352
11700.931641	375
11705.358398	338
11709.786133	346
11714.212891	327
11718.640625	308
11723.067383	322
11727.494141	328
11731.921875	307
11736.348633	327
11740.776367	334
11745.203125	322
11749.629883	298
11754.057617	305
11758.484375	325
11762.912109	353
11767.338867	335
11771.765625	315
11776.193359	295
11780.620117	342
11785.046875	338
11789.474609	342
11793.901367	367
11798.329102	391
11802.755859	336
11807.182617	300
11811.610352	320
11816.037109	374
11820.464844	327
11824.891602	325
11829.318359	336
11833.746094	330
11838.172852	329
11842.600586	340
11847.027344	328
11851.454102	323
11855.881836	357
11860.308594	365
11864.736328	352
11869.163086	290
11873.589844	286
11878.017578	313
11882.444336	317
11886.872070	337
11891.298828	339
11895.725586	313
11900.153320	291
11904.580078	265
11909.006836	285
11913.434570	319
11917.861328	336
11922.289063	324
11926.715820	317
11931.142578	310
11935.570313	328
11939.997070	344
11944.424805	346
11948.851563	341
11953.278320	309
11957.706055	305
11962.132813	312
11966.560547	303
11970.987305	316
11975.414063	301
11979.841797	299
11984.268555	319
11988.696289	318
11993.123047	337
11997.549805	300
12001.977539	298
12006.404297	339
12010.831055	376
12015.258789	355
12019.685547	337
12024.113281	361
12028.540039	354
12032.966797	342
12037.394531	305
12041.821289	332
12046.249023	313
12050.675781	307
12055.102539	320
12059.530273	360
12063.957031	339
12068.384766	321
12072.811523	326
12077.238281	305
12081.666016	285
12086.092773	293
12090.520508	283
12094.947266	296
12099.374023	335
12103.801758	365
12108.228516	333
12112.655273	320
12117.083008	275
12121.509766	305
12125.937500	311
12130.364258	293
12134.791016	318
12139.218750	310
12143.645508	298
12148.073242	326
12152.500000	328
12156.926758	299
12161.354492	316
12165.781250	281
12170.208984	293
12174.635742	283
12179.062500	296
12183.490234	318
12187.916992	348
12192.344727	355
12196.771484	318
12201.198242	303
12205.625977	307
12210.052734	349
12214.479492	343
12218.907227	318
12223.333984	308
12227.761719	312
12232.188477	329
12236.615234	351
12241.042969	312
12245.469727	277
12249.897461	262
12254.324219	318
12258.750977	353
12263.178711	339
12267.605469	294
12272.033203	310
12276.459961	337
12280.886719	309
12285.314453	321
12289.741211	305
12294.168945	291
12298.595703	325
12303.022461	302
12307.450195	279
12311.876953	305
12316.303711	310
12320.731445	310
12325.158203	333
12329.585938	321
12334.012695	317
12338.439453	345
12342.867188	329
12347.293945	325
12351.721680	334
12356.148438	313
12360.575195	296
12365.002930	262
12369.429688	277
12373.857422	290
12378.284180	306
12382.710938	276
12387.138672	291
12391.565430	347
12395.993164	349
12400.419922	332
12404.846680	358
12409.274414	310
12413.701172	272
12418.127930	301
12422.555664	314
12426.982422	334
12431.410156	332
12435.836914	310
12440.263672	280
12444.691406	294
12449.118164	323
12453.545898	332
12457.972656	313
12462.399414	294
12466.827148	309
12471.253906	315
12475.681641	303
12480.108398	330
12484.535156	367
12488.962891	344
12493.389648	313
12497.817383	298
12502.244141	297
12506.670898	300
12511.098633	285
12515.525391	279
12519.953125	273
12524.379883	290
12528.806641	336
12533.234375	331
12537.661133	315
12542.087891	302
12546.515625	285
