-3798.486328	0
-3794.059082	0
-3789.632080	0
-3785.204834	0
-3780.777832	0
-3776.350586	0
-3771.923584	0
-3767.496338	0
-3763.069336	0
-3758.642090	0
-3754.214844	0
-3749.787842	0
-3745.360596	0
-3740.933594	0
-3736.506348	0
-3732.079346	0
-3727.652100	0
-3723.224854	0
-3718.797852	0
-3714.370605	0
-3709.943604	0
-3705.516357	0
-3701.089355	0
-3696.662109	0
-3692.234863	0
-3687.807861	0
-3683.380615	0
-3678.953613	0
-3674.526367	0
-3670.099365	0
-3665.672119	0
-3661.244873	0
-3656.817871	0
-3652.390625	0
-3647.963623	0
-3643.536377	0
-3639.109375	0
-3634.682129	0
-3630.255127	0
-3625.827881	0
-3621.400635	0
-3616.973633	0
-3612.546387	0
-3608.119385	0
-3603.692139	0
-3599.265137	0
-3594.837891	0
-3590.410645	0
-3585.983643	0
-3581.556396	0
-3577.129395	0
-3572.702148	0
-3568.275146	0
-3563.847900	0
-3559.420654	0
-3554.993652	0
-3550.566406	0
-3546.139404	0
-3541.712158	0
-3537.285156	0
-3532.857910	0
-3528.430664	0
-3524.003662	0
-3519.576416	0
-3515.149414	0
-3510.722168	0
-3506.295166	0
-3501.867920	0
-3497.440918	0
-3493.013672	0
-3488.586426	0
-3484.159424	0
-3479.732178	0
-3475.305176	0
-3470.877930	0
-3466.450928	0
-3462.023682	0
-3457.596436	0
-3453.169434	0
-3448.742188	0
-3444.315186	0
-3439.887939	0
-3435.460938	0
-3431.033691	0
-3426.606445	0
-3422.179443	0
-3417.752197	0
-3413.325195	0
-3408.897949	0
-3404.470947	0
-3400.043701	0
-3395.616455	0
-3391.189453	0
-3386.762207	0
-3382.335205	0
-3377.907959	0
-3373.480957	0
-3369.053711	0
-3364.626709	0
-3360.199463	0
-3355.772217	0
-3351.345215	0
-3346.917969	0
-3342.490967	0
-3338.063721	0
-3333.636719	0
-3329.209473	0
-3324.782227	0
-3320.355225	0
-3315.927979	0
-3311.500977	0
-3307.073730	0
-3302.646729	0
-3298.219482	0
-3293.792236	0
-3289.365234	0
-3284.937988	0
-3280.510986	0
-3276.083740	0
-3271.656738	0
-3267.229492	0
-3262.802246	0
-3258.375244	0
-3253.947998	0
-3249.520996	0
-3245.093750	0
-3240.666748	0
-3236.239502	0
-3231.812500	0
-3227.385254	0
-3222.958008	0
-3218.531006	0
-3214.103760	0
-3209.676758	0
-3205.249512	0
-3200.822510	0
-3196.395264	0
-3191.968018	0
-3187.541016	0
-3183.113770	0
-3178.686768	0
-3174.259521	0
-3169.832520	0
-3165.405273	0
-3160.978027	0
-3156.551025	0
-3152.123779	0
-3147.696777	0
-3143.269531	0
-3138.842529	0
-3134.415283	0
-3129.988281	0
-3125.561035	0
-3121.133789	0
-3116.706787	0
-3112.279541	0
-3107.852539	0
-3103.425293	0
-3098.998291	0
-3094.571045	0
-3090.143799	0
-3085.716797	0
-3081.289551	0
-3076.862549	0
-3072.435303	0
-3068.008301	0
-3063.581055	0
-3059.153809	0
-3054.726807	0
-3050.299561	0
-3045.872559	0
-3041.445313	0
-3037.018311	0
-3032.591064	0
-3028.163818	0
-3023.736816	0
-3019.309570	0
-3014.882568	0
-3010.455322	0
-3006.028320	0
-3001.601074	0
-2997.174072	0
-2992.746826	0
-2988.319580	0
-2983.892578	0
-2979.465332	0
-2975.038330	0
-2970.611084	0
-2966.184082	0
-2961.756836	0
-2957.329590	0
-2952.902588	0
-2948.475342	0
-2944.048340	0
-2939.621094	0
-2935.194092	0
-2930.766846	0
-2926.339600	0
-2921.912598	0
-2917.485352	0
-2913.058350	0
-2908.631104	0
-2904.204102	0
-2899.776855	0
-2895.349609	0
-2890.922607	0
-2886.495361	0
-2882.068359	0
-2877.641113	0
-2873.214111	0
-2868.786865	0
-2864.359863	0
-2859.932617	0
-2855.505371	0
-2851.078369	0
-2846.651123	0
-2842.224121	0
-2837.796875	0
-2833.369873	0
-2828.942627	0
-2824.515381	0
-2820.088379	0
-2815.661133	0
-2811.234131	0
-2806.806885	0
-2802.379883	0
-2797.952637	0
-2793.525391	0
-2789.098389	0
-2784.671143	0
-2780.244141	0
-2775.816895	0
-2771.389893	0
-2766.962646	0
-2762.535400	0
-2758.108398	0
-2753.681152	0
-2749.254150	0
-2744.826904	0
-2740.399902	0
-2735.972656	0
-2731.545654	0
-2727.118408	0
-2722.691162	0
-2718.264160	0
-2713.836914	0
-2709.409912	0
-2704.982666	0
-2700.555664	0
-2696.128418	0
-2691.701172	0
-2687.274170	0
-2682.846924	0
-2678.419922	0
-2673.992676	0
-2669.565674	0
-2665.138428	0
-2660.711182	0
-2656.284180	0
-2651.856934	0
-2647.429932	0
-2643.002686	0
-2638.575684	0
-2634.148438	0
-2629.721191	0
-2625.294189	0
-2620.866943	0
-2616.439941	0
-2612.012695	0
-2607.585693	0
-2603.158447	0
-2598.731445	0
-2594.304199	0
-2589.876953	0
-2585.449951	0
-2581.022705	0
-2576.595703	0
-2572.168457	0
-2567.741455	0
-2563.314209	0
-2558.886963	0
-2554.459961	0
-2550.032715	0
-2545.605713	0
-2541.178467	0
-2536.751465	0
-2532.324219	0
-2527.896973	0
-2523.469971	0
-2519.042725	0
-2514.615723	0
-2510.188477	2
-2505.761475	2
-2501.334229	1
-2496.906982	0
-2492.479980	0
-2488.052734	6
-2483.625732	5
-2479.198486	6
-2474.771484	3
-2470.344238	4
-2465.917236	0
-2461.489990	2
-2457.062744	4
-2452.635742	6
-2448.208496	6
-2443.781494	10
-2439.354248	2
-2434.927246	5
-2430.500000	7
-2426.072754	8
-2421.645752	3
-2417.218506	5
-2412.791504	3
-2408.364258	9
-2403.937256	7
-2399.510010	5
-2395.082764	13
-2390.655762	10
-2386.228516	10
-2381.801514	10
-2377.374268	6
-2372.947266	4
-2368.520020	9
-2364.093018	12
-2359.665771	6
-2355.238525	16
-2350.811523	14
-2346.384277	16
-2341.957275	20
-2337.530029	12
-2333.103027	22
-2328.675781	14
-2324.248535	8
-2319.821533	8
-2315.394287	7
-2310.967285	8
-2306.540039	13
-2302.113037	16
-2297.685791	13
-2293.258545	13
-2288.831543	12
-2284.404297	10
-2279.977295	14
-2275.550049	14
-2271.123047	21
-2266.695801	18
-2262.268555	13
-2257.841553	18
-2253.414307	13
-2248.987305	14
-2244.560059	14
-2240.133057	6
-2235.705811	13
-2231.278809	16
-2226.851563	27
-2222.424316	25
-2217.997314	24
-2213.570068	27
-2209.143066	23
-2204.715820	21
-2200.288818	22
-2195.861572	21
-2191.434326	24
-2187.007324	14
-2182.580078	24
-2178.153076	22
-2173.725830	27
-2169.298828	28
-2164.871582	22
-2160.444336	27
-2156.017334	25
-2151.590088	13
-2147.163086	20
-2142.735840	38
-2138.308838	26
-2133.881592	33
-2129.454346	20
-2125.027344	21
-2120.600098	20
-2116.173096	26
-2111.745850	24
-2107.318848	31
-2102.891602	28
-2098.464600	33
-2094.037354	30
-2089.610107	25
-2085.183105	29
-2080.755859	35
-2076.328857	27
-2071.901611	27
-2067.474609	33
-2063.047363	27
-2058.620117	19
-2054.193115	26
-2049.765869	35
-2045.338745	42
-2040.911621	32
-2036.484497	29
-2032.057373	41
-2027.630249	37
-2023.203125	35
-2018.776001	36
-2014.348877	31
-2009.921631	33
-2005.494507	27
-2001.067383	45
-1996.640259	30
-1992.213135	36
-1987.786011	33
-1983.358887	31
-1978.931641	27
-1974.504517	34
-1970.077393	37
-1965.650269	29
-1961.223145	37
-1956.796021	32
-1952.368896	44
-1947.941772	37
-1943.514526	37
-1939.087402	39
-1934.660278	30
-1930.233154	27
-1925.806030	38
-1921.378906	39
-1916.951782	30
-1912.524536	37
-1908.097412	33
-1903.670288	41
-1899.243164	27
-1894.816040	38
-1890.388916	42
-1885.961792	57
-1881.534668	45
-1877.107422	41
-1872.680298	52
-1868.253174	62
-1863.826050	48
-1859.398926	37
-1854.971802	44
-1850.544678	44
-1846.117432	55
-1841.690308	36
-1837.263184	53
-1832.836060	38
-1828.408936	50
-1823.981812	54
-1819.554688	39
-1815.127563	46
-1810.700317	33
-1806.273193	41
-1801.846069	49
-1797.418945	60
-1792.991821	59
-1788.564697	56
-1784.137573	55
-1779.710327	47
-1775.283203	49
-1770.856079	47
-1766.428955	42
-1762.001831	51
-1757.574707	56
-1753.147583	53
-1748.720459	47
-1744.293213	50
-1739.866089	46
-1735.438965	49
-1731.011841	57
-1726.584717	57
-1722.157593	44
-1717.730469	72
-1713.303223	62
-1708.876099	51
-1704.448975	44
-1700.021851	48
-1695.594727	50
-1691.167603	42
-1686.740479	47
-1682.313354	49
-1677.886108	52
-1673.458984	48
-1669.031860	48
-1664.604736	54
-1660.177612	50
-1655.750488	38
-1651.323364	44
-1646.896118	43
-1642.468994	41
-1638.041870	42
-1633.614746	54
-1629.187622	57
-1624.760498	45
-1620.333374	52
-1615.906250	55
-1611.479004	56
-1607.051880	54
-1602.624756	52
-1598.197632	44
-1593.770508	59
-1589.343384	36
-1584.916260	53
-1580.489014	50
-1576.061890	36
-1571.634766	44
-1567.207642	55
-1562.780518	61
-1558.353394	57
-1553.926270	48
-1549.499146	55
-1545.071899	47
-1540.644775	46
-1536.217651	44
-1531.790527	50
-1527.363403	51
-1522.936279	52
-1518.509155	48
-1514.081909	42
-1509.654785	41
-1505.227661	57
-1500.800537	41
-1496.373413	41
-1491.946289	51
-1487.519165	49
-1483.092041	55
-1478.664795	57
-1474.237671	51
-1469.810547	59
-1465.383423	48
-1460.956299	46
-1456.529175	48
-1452.102051	45
-1447.674805	43
-1443.247681	43
-1438.820557	50
-1434.393433	54
-1429.966309	48
-1425.539185	45
-1421.112061	40
-1416.684937	42
-1412.257690	55
-1407.830566	53
-1403.403442	55
-1398.976318	51
-1394.549194	52
-1390.122070	44
-1385.694946	41
-1381.267700	48
-1376.840576	59
-1372.413452	52
-1367.986328	43
-1363.559204	50
-1359.132080	42
-1354.704956	52
-1350.277832	63
-1345.850586	67
-1341.423462	63
-1336.996338	53
-1332.569214	52
-1328.142090	49
-1323.714966	58
-1319.287842	48
-1314.860596	51
-1310.433472	49
-1306.006348	54
-1301.579224	39
-1297.152100	40
-1292.724976	61
-1288.297852	53
-1283.870728	46
-1279.443481	58
-1275.016357	63
-1270.589233	38
-1266.162109	47
-1261.734985	51
-1257.307861	57
-1252.880737	54
-1248.453491	52
-1244.026367	57
-1239.599243	45
-1235.172119	62
-1230.744995	51
-1226.317871	45
-1221.890747	52
-1217.463623	53
-1213.036377	49
-1208.609253	42
-1204.182129	43
-1199.755005	53
-1195.327881	45
-1190.900757	41
-1186.473633	54
-1182.046509	47
-1177.619263	50
-1173.192139	44
-1168.765015	47
-1164.337891	46
-1159.910767	66
-1155.483643	45
-1151.056519	36
-1146.629272	51
-1142.202148	38
-1137.775024	39
-1133.347900	56
-1128.920776	48
-1124.493652	40
-1120.066528	43
-1115.639404	43
-1111.212158	50
-1106.785034	52
-1102.357910	51
-1097.930786	57
-1093.503662	55
-1089.076538	54
-1084.649414	44
-1080.222168	50
-1075.795044	54
-1071.367920	47
-1066.940796	59
-1062.513672	51
-1058.086548	57
-1053.659424	43
-1049.232300	56
-1044.805054	49
-1040.377930	38
-1035.950806	50
-1031.523682	59
-1027.096558	60
-1022.669373	40
-1018.242249	51
-1013.815125	52
-1009.388000	65
-1004.960815	52
-1000.533691	50
-996.106567	49
-991.679443	60
-987.252258	58
-982.825134	64
-978.398010	52
-973.970886	41
-969.543701	50
-965.116577	61
-960.689453	43
-956.262268	54
-951.835144	51
-947.408020	50
-942.980896	60
-938.553711	53
-934.126587	54
-929.699463	58
-925.272339	52
-920.845154	57
-916.418030	54
-911.990906	46
-907.563782	55
-903.136597	70
-898.709473	53
-894.282349	47
-889.855164	51
-885.428040	56
-881.000916	53
-876.573792	42
-872.146606	47
-867.719482	45
-863.292358	41
-858.865234	58
-854.438049	52
-850.010925	46
-845.583801	48
-841.156677	47
-836.729492	50
-832.302368	52
-827.875244	56
-823.448059	64
-819.020935	44
-814.593811	60
-810.166687	63
-805.739502	58
-801.312378	58
-796.885254	45
-792.458130	57
-788.030945	57
-783.603821	59
-779.176697	65
-774.749573	58
-770.322388	47
-765.895264	62
-761.468140	53
-757.040955	55
-752.613831	58
-748.186707	53
-743.759583	61
-739.332397	55
-734.905273	42
-730.478149	34
-726.051025	48
-721.623840	59
-717.196716	55
-712.769592	61
-708.342468	48
-703.915283	57
-699.488159	69
-695.061035	54
-690.633850	43
-686.206726	54
-681.779602	55
-677.352478	60
-672.925293	59
-668.498169	66
-664.071045	55
-659.643921	55
-655.216736	51
-650.789612	56
-646.362488	60
-641.935364	53
-637.508179	52
-633.081055	56
-628.653931	49
-624.226746	59
-619.799622	64
-615.372498	53
-610.945374	77
-606.518188	75
-602.091064	62
-597.663940	57
-593.236816	56
-588.809631	53
-584.382507	61
-579.955383	61
-575.528259	51
-571.101074	51
-566.673950	45
-562.246826	59
-557.819702	67
-553.392517	51
-548.965393	59
-544.538269	68
-540.111084	61
-535.683960	65
-531.256836	63
-526.829712	56
-522.402527	72
-517.975403	76
-513.548279	67
-509.121124	63
-504.694000	67
-500.266846	74
-495.839722	69
-491.412567	55
-486.985443	70
-482.558289	71
-478.131134	56
-473.704010	60
-469.276855	67
-464.849731	67
-460.422577	64
-455.995453	67
-451.568298	72
-447.141174	67
-442.714020	58
-438.286896	47
-433.859741	56
-429.432617	70
-425.005463	63
-420.578339	59
-416.151184	59
-411.724030	74
-407.296906	71
-402.869751	68
-398.442627	64
-394.015472	67
-389.588348	58
-385.161194	70
-380.734070	84
-376.306915	68
-371.879791	69
-367.452637	85
-363.025513	91
-358.598358	92
-354.171234	82
-349.744080	77
-345.316925	80
-340.889801	74
-336.462646	79
-332.035522	70
-327.608368	79
-323.181244	77
-318.754089	67
-314.326965	84
-309.899811	86
-305.472687	96
-301.045532	88
-296.618408	83
-292.191254	78
-287.764130	92
-283.336975	84
-278.909851	86
-274.482697	87
-270.055542	83
-265.628418	90
-261.201263	109
-256.774139	113
-252.347000	112
-247.919861	99
-243.492722	84
-239.065567	100
-234.638428	110
-230.211288	114
-225.784149	121
-221.357010	136
-216.929871	129
-212.502731	133
-208.075592	131
-203.648453	137
-199.221313	141
-194.794174	139
-190.367035	143
-185.939896	155
-181.512756	157
-177.085617	144
-172.658463	150
-168.231323	166
-163.804184	171
-159.377045	189
-154.949905	191
-150.522766	207
-146.095627	203
-141.668488	215
-137.241348	216
-132.814209	235
-128.387070	266
-123.959930	271
-119.532784	302
-115.105644	331
-110.678505	354
-106.251366	374
-101.824226	411
-97.397087	460
-92.969948	490
-88.542809	543
-84.115662	610
-79.688522	703
-75.261383	816
-70.834244	947
-66.407104	1102
-61.979965	1282
-57.552822	1491
-53.125683	1805
-48.698544	2238
-44.271404	2814
-39.844261	3531
-35.417122	4278
-30.989983	4953
-26.562841	5412
-22.135702	5804
-17.708561	6105
-13.281421	6337
-8.854280	6511
-4.427140	6571
0.000000	6584
4.427140	6578
8.854280	6502
13.281421	6382
17.708561	6233
22.135702	6040
26.562841	5825
30.989983	5545
35.417122	5139
39.844261	4689
44.271404	4112
48.698544	3313
53.125683	2641
57.552822	2129
61.979965	1718
66.407104	1399
70.834244	1167
75.261383	994
79.688522	851
84.115662	722
88.542809	656
92.969948	565
97.397087	504
101.824226	455
106.251366	414
110.678505	378
115.105644	336
119.532784	317
123.959930	292
128.387070	275
132.814209	263
137.241348	240
141.668488	225
146.095627	213
150.522766	205
154.949905	189
159.377045	189
163.804184	176
168.231323	180
172.658463	169
177.085617	155
181.512756	158
185.939896	165
190.367035	160
194.794174	151
199.221313	143
203.648453	132
208.075592	126
212.502731	127
216.929871	125
221.357010	111
225.784149	111
230.211288	111
234.638428	98
239.065567	112
243.492722	122
247.919861	96
252.347000	92
256.774139	100
261.201263	103
265.628418	99
270.055542	102
274.482697	108
278.909851	94
283.336975	89
287.764130	108
292.191254	95
296.618408	89
301.045532	86
305.472687	84
309.899811	88
314.326965	82
318.754089	89
323.181244	91
327.608368	87
332.035522	88
336.462646	85
340.889801	92
345.316925	67
349.744080	74
354.171234	79
358.598358	81
363.025513	88
367.452637	85
371.879791	89
376.306915	90
380.734070	79
385.161194	74
389.588348	85
394.015472	69
398.442627	76
402.869751	82
407.296906	76
411.724030	83
416.151184	77
420.578339	77
425.005463	66
429.432617	67
433.859741	90
438.286896	82
442.714020	68
447.141174	77
451.568298	70
455.995453	68
460.422577	77
464.849731	80
469.276855	75
473.704010	77
478.131134	68
482.558289	79
486.985443	77
491.412567	62
495.839722	63
500.266846	67
504.694000	54
509.121124	65
513.548279	64
517.975403	70
522.402527	65
526.829712	77
531.256836	69
535.683960	67
540.111084	70
544.538269	76
548.965393	71
553.392517	82
557.819702	77
562.246826	76
566.673950	64
571.101074	74
575.528259	69
579.955383	62
584.382507	49
588.809631	47
593.236816	67
597.663940	71
602.091064	78
606.518188	63
610.945374	72
615.372498	68
619.799622	72
624.226746	76
628.653931	67
633.081055	62
637.508179	60
641.935364	61
646.362488	59
650.789612	64
655.216736	63
659.643921	65
664.071045	58
668.498169	53
672.925293	70
677.352478	67
681.779602	57
686.206726	63
690.633850	59
695.061035	73
699.488159	66
703.915283	73
708.342468	70
712.769592	63
717.196716	47
721.623840	61
726.051025	70
730.478149	76
734.905273	64
739.332397	56
743.759583	55
748.186707	71
752.613831	69
757.040955	76
761.468140	65
765.895264	77
770.322388	57
774.749573	50
779.176697	63
783.603821	66
788.030945	69
792.458130	52
796.885254	53
801.312378	64
805.739502	51
810.166687	66
814.593811	69
819.020935	69
823.448059	68
827.875244	79
832.302368	72
836.729492	64
841.156677	65
845.583801	71
850.010925	59
854.438049	58
858.865234	59
863.292358	64
867.719482	65
872.146606	74
876.573792	72
881.000916	54
885.428040	67
889.855164	58
894.282349	69
898.709473	67
903.136597	62
907.563782	67
911.990906	68
916.418030	56
920.845154	68
925.272339	69
929.699463	66
934.126587	69
938.553711	75
942.980896	67
947.408020	51
951.835144	73
956.262268	63
960.689453	66
965.116577	68
969.543701	53
973.970886	69
978.398010	63
982.825134	62
987.252258	65
991.679443	67
996.106567	68
1000.533691	65
1004.960815	79
1009.388000	71
1013.815125	65
1018.242249	51
1022.669373	57
1027.096558	63
1031.523682	63
1035.950806	63
1040.377930	56
1044.805054	53
1049.232300	61
1053.659424	59
1058.086548	68
1062.513672	57
1066.940796	62
1071.367920	86
1075.795044	74
1080.222168	69
1084.649414	67
1089.076538	72
1093.503662	74
1097.930786	79
1102.357910	58
1106.785034	75
1111.212158	86
1115.639404	78
1120.066528	72
1124.493652	70
1128.920776	63
1133.347900	78
1137.775024	71
1142.202148	73
1146.629272	62
1151.056519	70
1155.483643	80
1159.910767	64
1164.337891	67
1168.765015	67
1173.192139	71
1177.619263	73
1182.046509	70
1186.473633	71
1190.900757	74
1195.327881	65
1199.755005	76
1204.182129	64
1208.609253	68
1213.036377	64
1217.463623	62
1221.890747	66
1226.317871	74
1230.744995	73
1235.172119	65
1239.599243	72
1244.026367	64
1248.453491	81
1252.880737	68
1257.307861	67
1261.734985	63
1266.162109	65
1270.589233	61
1275.016357	57
1279.443481	65
1283.870728	64
1288.297852	68
1292.724976	72
1297.152100	57
1301.579224	69
1306.006348	78
1310.433472	85
1314.860596	64
1319.287842	77
1323.714966	71
1328.142090	66
1332.569214	70
1336.996338	67
1341.423462	57
1345.850586	63
1350.277832	63
1354.704956	74
1359.132080	73
1363.559204	81
1367.986328	64
1372.413452	63
1376.840576	78
1381.267700	75
1385.694946	66
1390.122070	67
1394.549194	76
1398.976318	75
1403.403442	78
1407.830566	70
1412.257690	65
1416.684937	75
1421.112061	66
1425.539185	56
1429.966309	63
1434.393433	66
1438.820557	69
1443.247681	77
1447.674805	64
1452.102051	68
1456.529175	69
1460.956299	70
1465.383423	68
1469.810547	82
1474.237671	91
1478.664795	67
1483.092041	66
1487.519165	86
1491.946289	74
1496.373413	61
1500.800537	71
1505.227661	65
1509.654785	87
1514.081909	83
1518.509155	59
1522.936279	64
1527.363403	74
1531.790527	69
1536.217651	77
1540.644775	70
1545.071899	67
1549.499146	61
1553.926270	74
1558.353394	73
1562.780518	82
1567.207642	70
1571.634766	59
1576.061890	61
1580.489014	60
1584.916260	64
1589.343384	76
1593.770508	79
1598.197632	84
1602.624756	82
1607.051880	68
1611.479004	72
1615.906250	65
1620.333374	74
1624.760498	66
1629.187622	72
1633.614746	75
1638.041870	80
1642.468994	85
1646.896118	78
1651.323364	75
1655.750488	77
1660.177612	70
1664.604736	69
1669.031860	73
1673.458984	68
1677.886108	67
1682.313354	76
1686.740479	71
1691.167603	70
1695.594727	70
1700.021851	88
1704.448975	92
1708.876099	83
1713.303223	70
1717.730469	79
1722.157593	74
1726.584717	75
1731.011841	78
1735.438965	73
1739.866089	79
1744.293213	62
1748.720459	69
1753.147583	73
1757.574707	70
1762.001831	77
1766.428955	78
1770.856079	74
1775.283203	77
1779.710327	75
1784.137573	74
1788.564697	64
1792.991821	68
1797.418945	62
1801.846069	67
1806.273193	75
1810.700317	89
1815.127563	76
1819.554688	64
1823.981812	80
1828.408936	79
1832.836060	76
1837.263184	58
1841.690308	69
1846.117432	65
1850.544678	80
1854.971802	68
1859.398926	88
1863.826050	81
1868.253174	76
1872.680298	79
1877.107422	75
1881.534668	63
1885.961792	76
1890.388916	86
1894.816040	62
1899.243164	74
1903.670288	85
1908.097412	81
1912.524536	64
1916.951782	67
1921.378906	77
1925.806030	81
1930.233154	73
1934.660278	71
1939.087402	68
1943.514526	77
1947.941772	90
1952.368896	77
1956.796021	73
1961.223145	76
1965.650269	68
1970.077393	58
1974.504517	62
1978.931641	78
1983.358887	73
1987.786011	87
1992.213135	84
1996.640259	83
2001.067383	84
2005.494507	83
2009.921631	81
2014.348877	85
2018.776001	84
2023.203125	80
2027.630249	76
2032.057373	78
2036.484497	89
2040.911621	87
2045.338745	91
2049.765869	81
2054.193115	68
2058.620117	66
2063.047363	86
2067.474609	79
2071.901611	85
2076.328857	80
2080.755859	82
2085.183105	78
2089.610107	84
2094.037354	83
2098.464600	74
2102.891602	75
2107.318848	83
2111.745850	77
2116.173096	81
2120.600098	76
2125.027344	91
2129.454346	75
2133.881592	85
2138.308838	78
2142.735840	66
2147.163086	73
2151.590088	82
2156.017334	67
2160.444336	68
2164.871582	73
2169.298828	66
2173.725830	73
2178.153076	74
2182.580078	79
2187.007324	87
2191.434326	86
2195.861572	81
2200.288818	86
2204.715820	74
2209.143066	81
2213.570068	76
2217.997314	62
2222.424316	75
2226.851563	74
2231.278809	84
2235.705811	71
2240.133057	62
2244.560059	78
2248.987305	71
2253.414307	73
2257.841553	75
2262.268555	82
2266.695801	79
2271.123047	80
2275.550049	71
2279.977295	70
2284.404297	82
2288.831543	87
2293.258545	94
2297.685791	90
2302.113037	92
2306.540039	86
2310.967285	88
2315.394287	75
2319.821533	77
2324.248535	80
2328.675781	79
2333.103027	74
2337.530029	70
2341.957275	71
2346.384277	82
2350.811523	78
2355.238525	78
2359.665771	78
2364.093018	82
2368.520020	89
2372.947266	76
2377.374268	81
2381.801514	65
2386.228516	71
2390.655762	91
2395.082764	79
2399.510010	84
2403.937256	81
2408.364258	89
2412.791504	85
2417.218506	72
2421.645752	76
2426.072754	78
2430.500000	65
2434.927246	80
2439.354248	76
2443.781494	73
2448.208496	74
2452.635742	81
2457.062744	82
2461.489990	84
2465.917236	76
2470.344238	83
2474.771484	88
2479.198486	92
2483.625732	96
2488.052734	87
2492.479980	86
2496.906982	85
2501.334229	78
2505.761475	79
2510.188477	91
2514.615723	82
2519.042725	71
2523.469971	72
2527.896973	81
2532.324219	70
2536.751465	69
2541.178467	83
2545.605713	82
2550.032715	80
2554.459961	81
2558.886963	68
2563.314209	69
2567.741455	82
2572.168457	71
2576.595703	88
2581.022705	79
2585.449951	64
2589.876953	73
2594.304199	76
2598.731445	71
2603.158447	90
2607.585693	86
2612.012695	72
2616.439941	79
2620.866943	80
2625.294189	64
2629.721191	73
2634.148438	87
2638.575684	81
2643.002686	88
2647.429932	84
2651.856934	96
2656.284180	85
2660.711182	85
2665.138428	77
2669.565674	77
2673.992676	79
2678.419922	81
2682.846924	78
2687.274170	78
2691.701172	79
2696.128418	73
2700.555664	75
2704.982666	72
2709.409912	81
2713.836914	83
2718.264160	79
2722.691162	81
2727.118408	88
2731.545654	85
2735.972656	79
2740.399902	75
2744.826904	80
2749.254150	84
2753.681152	61
2758.108398	70
2762.535400	72
2766.962646	82
2771.389893	84
2775.816895	84
2780.244141	87
2784.671143	81
2789.098389	83
2793.525391	93
2797.952637	82
2802.379883	84
2806.806885	69
2811.234131	81
2815.661133	75
2820.088379	81
2824.515381	70
2828.942627	77
2833.369873	82
2837.796875	83
2842.224121	90
2846.651123	117
2851.078369	106
2855.505371	102
2859.932617	99
2864.359863	95
2868.786865	86
2873.214111	82
2877.641113	67
2882.068359	71
2886.495361	83
2890.922607	90
2895.349609	84
2899.776855	71
2904.204102	79
2908.631104	80
2913.058350	91
2917.485352	80
2921.912598	85
2926.339600	82
2930.766846	83
2935.194092	77
2939.621094	84
2944.048340	74
2948.475342	82
2952.902588	90
2957.329590	84
2961.756836	84
2966.184082	94
2970.611084	78
2975.038330	67
2979.465332	76
2983.892578	83
2988.319580	81
2992.746826	87
2997.174072	95
3001.601074	76
3006.028320	80
3010.455322	81
3014.882568	84
3019.309570	78
3023.736816	88
3028.163818	104
3032.591064	88
3037.018311	76
3041.445313	88
3045.872559	82
3050.299561	99
3054.726807	91
3059.153809	95
3063.581055	78
3068.008301	72
3072.435303	70
3076.862549	85
3081.289551	79
3085.716797	73
3090.143799	65
3094.571045	72
3098.998291	73
3103.425293	73
3107.852539	89
3112.279541	85
3116.706787	100
3121.133789	97
3125.561035	84
3129.988281	92
3134.415283	92
3138.842529	85
3143.269531	82
3147.696777	76
3152.123779	77
3156.551025	83
3160.978027	88
3165.405273	89
3169.832520	78
3174.259521	77
3178.686768	91
3183.113770	93
3187.541016	85
3191.968018	92
3196.395264	94
3200.822510	86
3205.249512	98
3209.676758	90
3214.103760	88
3218.531006	75
3222.958008	101
3227.385254	105
3231.812500	85
3236.239502	94
3240.666748	89
3245.093750	72
3249.520996	81
3253.947998	87
3258.375244	89
3262.802246	86
3267.229492	89
3271.656738	90
3276.083740	95
3280.510986	100
3284.937988	99
3289.365234	82
3293.792236	86
3298.219482	99
3302.646729	84
3307.073730	94
3311.500977	87
3315.927979	82
3320.355225	88
3324.782227	96
3329.209473	84
3333.636719	85
3338.063721	84
3342.490967	94
3346.917969	76
3351.345215	69
3355.772217	90
3360.199463	81
3364.626709	81
3369.053711	90
3373.480957	83
3377.907959	105
3382.335205	107
3386.762207	90
3391.189453	86
3395.616455	83
3400.043701	109
3404.470947	87
3408.897949	82
3413.325195	87
3417.752197	93
3422.179443	92
3426.606445	107
3431.033691	97
3435.460938	81
3439.887939	80
3444.315186	94
3448.742188	89
3453.169434	105
3457.596436	120
3462.023682	113
3466.450928	97
3470.877930	91
3475.305176	101
3479.732178	96
3484.159424	101
3488.586426	114
3493.013672	113
3497.440918	103
3501.867920	106
3506.295166	98
3510.722168	98
3515.149414	102
3519.576416	106
3524.003662	98
3528.430664	105
3532.857910	101
3537.285156	100
3541.712158	121
3546.139404	96
3550.566406	102
3554.993652	107
3559.420654	120
3563.847900	119
3568.275146	137
3572.702148	135
3577.129395	135
3581.556396	134
3585.983643	130
3590.410645	131
3594.837891	127
3599.265137	147
3603.692139	150
3608.119385	144
3612.546387	137
3616.973633	131
3621.400635	149
3625.827881	148
3630.255127	156
3634.682129	157
3639.109375	168
3643.536377	164
3647.963623	168
3652.390625	177
3656.817871	170
3661.244873	183
3665.672119	204
3670.099365	198
3674.526367	214
3678.953613	200
3683.380615	205
3687.807861	209
3692.234863	202
3696.662109	215
3701.089355	231
3705.516357	245
3709.943604	247
3714.370605	260
3718.797852	279
3723.224854	285
3727.652100	311
3732.079346	313
3736.506348	332
3740.933594	349
3745.360596	365
3749.787842	388
3754.214844	386
3758.642090	400
3763.069336	421
3767.496338	427
3771.923584	454
3776.350586	478
3780.777832	509
3785.204834	526
3789.632080	546
3794.059082	590
3798.486328	624
3802.913574	681
3807.340576	746
3811.767822	778
3816.194824	797
3820.622070	832
3825.049072	856
3829.476318	892
3833.903564	940
3838.330566	971
3842.757813	1005
3847.184814	1067
3851.612061	1133
3856.039063	1187
3860.466309	1227
3864.893555	1251
3869.320557	1288
3873.747803	1304
3878.174805	1325
3882.602051	1336
3887.029053	1363
3891.456299	1420
3895.883545	1511
3900.310547	1577
3904.737793	1644
3909.164795	1703
3913.592041	1765
3918.019043	1800
3922.446289	1856
3926.873291	1906
3931.300537	1938
3935.727783	1932
3940.154785	1946
3944.582031	1955
3949.009033	1956
3953.436279	1955
3957.863281	1942
3962.290527	1936
3966.717773	1936
3971.144775	1938
3975.572021	1973
3979.999023	2040
3984.426270	2079
3988.853271	2111
3993.280518	2144
3997.707764	2176
4002.134766	2199
4006.562012	2220
4010.989014	2220
4015.416260	2225
4019.843262	2257
4024.270508	2268
4028.697754	2282
4033.124756	2292
4037.552002	2293
4041.979004	2281
4046.406250	2311
4050.833252	2323
4055.260498	2296
4059.687500	2293
4064.114746	2265
4068.541992	2267
4072.968994	2249
4077.396240	2222
4081.823242	2205
4086.250488	2166
4090.677490	2138
4095.104736	2104
4099.531738	2084
4103.958984	2085
4108.386230	2088
4112.813477	2109
4117.240234	2131
4121.667480	2163
4126.094727	2193
4130.521973	2174
4134.949219	2175
4139.375977	2182
4143.803223	2179
4148.230469	2193
4152.657715	2196
4157.084473	2187
4161.511719	2195
4165.938965	2205
4170.366211	2197
4174.793457	2176
4179.220215	2163
4183.647461	2150
4188.074707	2138
4192.501953	2119
4196.929199	2108
4201.355957	2111
4205.783203	2102
4210.210449	2088
4214.637695	2078
4219.064453	2092
4223.491699	2052
4227.918945	2042
4232.346191	2054
4236.773438	2034
4241.200195	2027
4245.627441	2032
4250.054688	2027
4254.481934	2030
4258.908691	1996
4263.335938	1987
4267.763184	1977
4272.190430	1964
4276.617676	1942
4281.044434	1939
4285.471680	1920
4289.898926	1917
4294.326172	1914
4298.753418	1914
4303.180176	1888
4307.607422	1893
4312.034668	1875
4316.461914	1817
4320.888672	1805
4325.315918	1820
4329.743164	1804
4334.170410	1768
4338.597656	1735
4343.024414	1736
4347.451660	1744
4351.878906	1740
4356.306152	1778
4360.732910	1811
4365.160156	1835
4369.587402	1829
4374.014648	1846
4378.441895	1868
4382.868652	1879
4387.295898	1873
4391.723145	1882
4396.150391	1867
4400.577637	1883
4405.004395	1898
4409.431641	1889
4413.858887	1896
4418.286133	1938
4422.712891	1944
4427.140137	1939
4431.567383	1915
4435.994629	1903
4440.421875	1901
4444.848633	1931
4449.275879	1919
4453.703125	1912
4458.130371	1925
4462.557617	1900
4466.984375	1904
4471.411621	1894
4475.838867	1839
4480.266113	1842
4484.692871	1854
4489.120117	1858
4493.547363	1852
4497.974609	1830
4502.401855	1810
4506.828613	1838
4511.255859	1836
4515.683105	1808
4520.110352	1813
4524.537109	1791
4528.964355	1783
4533.391602	1782
4537.818848	1767
4542.246094	1752
4546.672852	1741
4551.100098	1761
4555.527344	1768
4559.954590	1786
4564.381836	1797
4568.808594	1762
4573.235840	1780
4577.663086	1788
4582.090332	1792
4586.517090	1795
4590.944336	1780
4595.371582	1774
4599.798828	1803
4604.226074	1820
4608.652832	1812
4613.080078	1812
4617.507324	1816
4621.934570	1850
4626.361328	1877
4630.788574	1896
4635.215820	1890
4639.643066	1909
4644.070313	1927
4648.497070	1938
4652.924316	1943
4657.351563	1990
4661.778809	2034
4666.206055	2044
4670.632813	2079
4675.060059	2101
4679.487305	2124
4683.914551	2146
4688.341309	2157
4692.768555	2223
4697.195801	2239
4701.623047	2276
4706.050293	2339
4710.477051	2372
4714.904297	2404
4719.331543	2409
4723.758789	2426
4728.186035	2460
4732.612793	2480
4737.040039	2483
4741.467285	2498
4745.894531	2523
4750.321289	2546
4754.748535	2587
4759.175781	2619
4763.603027	2621
4768.030273	2647
4772.457031	2643
4776.884277	2678
4781.311523	2683
4785.738770	2664
4790.165527	2679
4794.592773	2696
4799.020020	2703
4803.447266	2689
4807.874512	2684
4812.301270	2714
4816.728516	2729
4821.155762	2728
4825.583008	2710
4830.010254	2706
4834.437012	2713
4838.864258	2676
4843.291504	2644
4847.718750	2637
4852.145508	2590
4856.572754	2545
4861.000000	2535
4865.427246	2547
4869.854492	2530
4874.281250	2532
4878.708496	2545
4883.135742	2592
4887.562988	2617
4891.989746	2636
4896.416992	2633
4900.844238	2644
4905.271484	2666
4909.698730	2677
4914.125488	2670
4918.552734	2692
4922.979980	2689
4927.407227	2686
4931.834473	2695
4936.261230	2693
4940.688477	2721
4945.115723	2709
4949.542969	2704
4953.969727	2689
4958.396973	2662
4962.824219	2660
4967.251465	2656
4971.678711	2640
4976.105469	2630
4980.532715	2615
4984.959961	2623
4989.387207	2615
4993.813965	2620
4998.241211	2622
5002.668457	2600
5007.095703	2570
5011.522949	2575
5015.949707	2567
5020.376953	2541
5024.804199	2538
5029.231445	2541
5033.658691	2539
5038.085449	2525
5042.512695	2505
5046.939941	2497
5051.367188	2513
5055.793945	2491
5060.221191	2492
5064.648438	2487
5069.075684	2474
5073.502930	2471
5077.929688	2482
5082.356934	2458
5086.784180	2442
5091.211426	2463
5095.638672	2432
5100.065430	2419
5104.492676	2416
5108.919922	2422
5113.347168	2407
5117.773926	2388
5122.201172	2377
5126.628418	2379
5131.055664	2358
5135.482910	2350
5139.909668	2355
5144.336914	2328
5148.764160	2330
5153.191406	2312
5157.618164	2293
5162.045410	2292
5166.472656	2273
5170.899902	2247
5175.327148	2262
5179.753906	2250
5184.181152	2252
5188.608398	2256
5193.035645	2223
5197.462891	2208
5201.889648	2198
5206.316895	2183
5210.744141	2173
5215.171387	2158
5219.598145	2137
5224.025391	2132
5228.452637	2134
5232.879883	2127
5237.307129	2145
5241.733887	2124
5246.161133	2092
5250.588379	2079
5255.015625	2072
5259.442383	2075
5263.869629	2067
5268.296875	2059
5272.724121	2049
5277.151367	2040
5281.578125	2053
5286.005371	2035
5290.432617	2017
5294.859863	2006
5299.287109	2024
5303.713867	2010
5308.141113	1986
5312.568359	1981
5316.995605	1977
5321.422363	1984
5325.849609	1971
5330.276855	1958
5334.704102	1944
5339.131348	1928
5343.558105	1937
5347.985352	1924
5352.412598	1925
5356.839844	1935
5361.267090	1919
5365.693848	1929
5370.121094	1922
5374.548340	1905
5378.975586	1898
5383.402344	1906
5387.829590	1878
5392.256836	1872
5396.684082	1871
5401.111328	1863
5405.538086	1873
5409.965332	1858
5414.392578	1814
5418.819824	1791
5423.246582	1781
5427.673828	1793
5432.101074	1799
5436.528320	1791
5440.955566	1772
5445.382324	1751
5449.809570	1772
5454.236816	1752
5458.664063	1757
5463.091309	1764
5467.518066	1738
5471.945313	1730
5476.372559	1742
5480.799805	1739
5485.226563	1743
5489.653809	1720
5494.081055	1709
5498.508301	1713
5502.935547	1706
5507.362305	1681
5511.789551	1679
5516.216797	1689
5520.644043	1673
5525.070801	1643
5529.498047	1662
5533.925293	1661
5538.352539	1670
5542.779785	1671
5547.206543	1658
5551.633789	1644
5556.061035	1636
5560.488281	1627
5564.915527	1617
5569.342285	1606
5573.769531	1616
5578.196777	1603
5582.624023	1589
5587.050781	1577
5591.478027	1585
5595.905273	1579
5600.332520	1570
5604.759766	1564
5609.186523	1558
5613.613770	1568
5618.041016	1576
5622.468262	1565
5626.895508	1541
5631.322266	1525
5635.749512	1535
5640.176758	1518
5644.604004	1503
5649.030762	1499
5653.458008	1515
5657.885254	1537
5662.312500	1531
5666.739746	1496
5671.166504	1486
5675.593750	1482
5680.020996	1485
5684.448242	1476
5688.875000	1470
5693.302246	1467
5697.729492	1451
5702.156738	1460
5706.583984	1459
5711.010742	1448
5715.437988	1432
5719.865234	1412
5724.292480	1418
5728.719727	1413
5733.146484	1406
5737.573730	1411
5742.000977	1412
5746.428223	1388
5750.854980	1391
5755.282227	1401
5759.709473	1408
5764.136719	1392
5768.563965	1407
5772.990723	1423
5777.417969	1417
5781.845215	1402
5786.272461	1405
5790.699219	1430
5795.126465	1433
5799.553711	1415
5803.980957	1439
5808.408203	1440
5812.834961	1434
5817.262207	1450
5821.689453	1456
5826.116699	1482
5830.543945	1498
5834.970703	1503
5839.397949	1469
5843.825195	1466
5848.252441	1484
5852.679199	1504
5857.106445	1500
5861.533691	1470
5865.960938	1457
5870.388184	1442
5874.814941	1429
5879.242188	1401
5883.669434	1416
5888.096680	1419
5892.523438	1418
5896.950684	1407
5901.377930	1386
5905.805176	1388
5910.232422	1378
5914.659180	1383
5919.086426	1373
5923.513672	1378
5927.940918	1360
5932.368164	1360
5936.794922	1349
5941.222168	1324
5945.649414	1330
5950.076660	1323
5954.503418	1303
5958.930664	1302
5963.357910	1277
5967.785156	1278
5972.212402	1276
5976.639160	1275
5981.066406	1273
5985.493652	1241
5989.920898	1218
5994.348145	1219
5998.774902	1227
6003.202148	1223
6007.629395	1208
6012.056641	1202
6016.483398	1193
6020.910645	1168
6025.337891	1162
6029.765137	1179
6034.192383	1165
6038.619141	1135
6043.046387	1102
6047.473633	1101
6051.900879	1103
6056.327637	1103
6060.754883	1106
6065.182129	1081
6069.609375	1071
6074.036621	1048
6078.463379	1044
6082.890625	1036
6087.317871	1022
6091.745117	1021
6096.172363	999
6100.599121	986
6105.026367	977
6109.453613	978
6113.880859	970
6118.307617	952
6122.734863	952
6127.162109	941
6131.589355	944
6136.016602	928
6140.443359	923
6144.870605	913
6149.297852	894
6153.725098	893
6158.151855	891
6162.579102	893
6167.006348	881
6171.433594	888
6175.860840	876
6180.287598	849
6184.714844	850
6189.142090	861
6193.569336	843
6197.996582	845
6202.423340	858
6206.850586	842
6211.277832	839
6215.705078	823
6220.131836	825
6224.559082	812
6228.986328	813
6233.413574	805
6237.840820	809
6242.267578	804
6246.694824	806
6251.122070	798
6255.549316	787
6259.976563	777
6264.403320	778
6268.830566	768
6273.257813	780
6277.685059	776
6282.111816	761
6286.539063	751
6290.966309	765
6295.393555	792
6299.820801	763
6304.247559	754
6308.674805	751
6313.102051	750
6317.529297	764
6321.956055	768
6326.383301	761
6330.810547	742
6335.237793	729
6339.665039	722
6344.091797	732
6348.519043	741
6352.946289	743
6357.373535	740
6361.800781	751
6366.227539	723
6370.654785	716
6375.082031	710
6379.509277	723
6383.936035	704
6388.363281	703
6392.790527	728
6397.217773	713
6401.645020	713
6406.071777	693
6410.499023	693
6414.926270	715
6419.353516	708
6423.780273	696
6428.207520	711
6432.634766	712
6437.062012	686
6441.489258	676
6445.916016	652
6450.343262	667
6454.770508	674
6459.197754	673
6463.625000	661
6468.051758	660
6472.479004	669
6476.906250	667
6481.333496	651
6485.760254	663
6490.187500	681
6494.614746	682
6499.041992	660
6503.469238	647
6507.895996	646
6512.323242	661
6516.750488	647
6521.177734	652
6525.604492	630
6530.031738	630
6534.458984	626
6538.886230	620
6543.313477	606
6547.740234	594
6552.167480	584
6556.594727	579
6561.021973	577
6565.449219	577
6569.875977	567
6574.303223	579
6578.730469	593
6583.157715	600
6587.584473	617
6592.011719	618
6596.438965	614
6600.866211	622
6605.293457	615
6609.720215	615
6614.147461	611
6618.574707	609
6623.001953	625
6627.429199	634
6631.855957	654
6636.283203	633
6640.710449	621
6645.137695	627
6649.564453	629
6653.991699	647
6658.418945	655
6662.846191	643
6667.273438	631
6671.700195	634
6676.127441	610
6680.554688	616
6684.981934	626
6689.408691	630
6693.835938	617
6698.263184	625
6702.690430	619
6707.117676	620
6711.544434	634
6715.971680	635
6720.398926	634
6724.826172	622
6729.253418	622
6733.680176	630
6738.107422	631
6742.534668	630
6746.961914	640
6751.388672	632
6755.815918	622
6760.243164	624
6764.670410	614
6769.097656	633
6773.524414	624
6777.951660	622
6782.378906	624
6786.806152	629
6791.232910	632
6795.660156	623
6800.087402	613
6804.514648	633
6808.941895	613
6813.368652	592
6817.795898	596
6822.223145	606
6826.650391	611
6831.077637	628
6835.504395	641
6839.931641	622
6844.358887	592
6848.786133	592
6853.212891	581
6857.640137	566
6862.067383	550
6866.494629	552
6870.921875	575
6875.348633	569
6879.775879	569
6884.203125	564
6888.630371	576
6893.057617	579
6897.484375	574
6901.911621	563
6906.338867	577
6910.766113	580
6915.192871	582
6919.620117	595
6924.047363	582
6928.474609	585
6932.901855	589
6937.328613	599
6941.755859	611
6946.183105	589
6950.610352	590
6955.037109	600
6959.464355	618
6963.891602	606
6968.318848	613
6972.746094	624
6977.172852	611
6981.600098	609
6986.027344	611
6990.454590	597
6994.881836	617
6999.308594	615
7003.735840	609
7008.163086	610
7012.590332	609
7017.017090	587
7021.444336	609
7025.871582	623
7030.298828	627
7034.726074	619
7039.152832	628
7043.580078	611
7048.007324	604
7052.434570	589
7056.861328	587
7061.288574	601
7065.715820	602
7070.143066	604
7074.570313	616
7078.997070	603
7083.424316	612
7087.851563	602
7092.278809	596
7096.706055	601
7101.132813	618
7105.560059	607
7109.987305	589
7114.414551	600
7118.841309	590
7123.268555	599
7127.695801	594
7132.123047	577
7136.550293	568
7140.977051	570
7145.404297	561
7149.831543	566
7154.258789	560
7158.686035	542
7163.112793	537
7167.540039	546
7171.967285	527
7176.394531	505
7180.821289	517
7185.248535	530
7189.675781	520
7194.103027	519
7198.530273	521
7202.957031	508
7207.384277	500
7211.811523	510
7216.238770	498
7220.665527	479
7225.092773	481
7229.520020	490
7233.947266	473
7238.374512	477
7242.801270	473
7247.228516	467
7251.655762	468
7256.083008	466
7260.510254	465
7264.937012	455
7269.364258	464
7273.791504	470
7278.218750	468
7282.645508	454
7287.072754	442
7291.500000	444
7295.927246	439
7300.354492	456
7304.781250	445
7309.208496	440
7313.635742	423
7318.062988	434
7322.489746	457
7326.916992	473
7331.344238	463
7335.771484	446
7340.198730	440
7344.625488	444
7349.052734	463
7353.479980	454
7357.907227	439
7362.334473	442
7366.761230	444
7371.188477	445
7375.615723	445
7380.042969	448
7384.469727	447
7388.896973	432
7393.324219	424
7397.751465	431
7402.178711	428
7406.605469	420
7411.032715	423
7415.459961	411
7419.887207	414
7424.313965	426
7428.741211	424
7433.168457	402
7437.595703	398
7442.022949	406
7446.449707	418
7450.876953	405
7455.304199	397
7459.731445	386
7464.158691	393
7468.585449	398
7473.012695	410
7477.439941	404
7481.867188	386
7486.293945	379
7490.721191	372
7495.148438	374
7499.575684	378
7504.002930	362
7508.429688	356
7512.856934	374
7517.284180	362
7521.711426	342
7526.138672	337
7530.565430	328
7534.992676	349
7539.419922	355
7543.847168	343
7548.273926	333
7552.701172	326
7557.128418	328
7561.555664	318
7565.982910	303
7570.409668	298
7574.836914	289
7579.264160	286
7583.691406	279
7588.118164	269
7592.545410	245
7596.972656	243
7601.399902	245
7605.827148	226
7610.253906	218
7614.681152	237
7619.108398	219
7623.535645	220
7627.962891	227
7632.389648	227
7636.816895	223
7641.244141	230
7645.671387	233
7650.098145	242
7654.525391	242
7658.952637	230
7663.379883	236
7667.807129	235
7672.233887	230
7676.661133	239
7681.088379	245
7685.515625	232
7689.942383	235
7694.369629	251
7698.796875	268
7703.224121	244
7707.651367	236
7712.078125	246
7716.505371	247
7720.932617	240
7725.359863	251
7729.787109	234
7734.213867	229
7738.641113	231
7743.068359	241
7747.495605	225
7751.922363	227
7756.349609	234
7760.776855	220
7765.204102	220
7769.631348	218
7774.058105	220
7778.485352	238
7782.912598	219
7787.339844	207
7791.767090	205
7796.193848	206
7800.621094	205
7805.048340	200
7809.475586	205
7813.902344	196
7818.329590	188
7822.756836	181
7827.184082	182
7831.611328	183
7836.038086	179
7840.465332	193
7844.892578	186
7849.319824	186
7853.746582	186
7858.173828	184
7862.601074	171
7867.028320	165
7871.455566	153
7875.882324	159
7880.309570	161
7884.736816	160
7889.164063	165
7893.591309	155
7898.018066	169
7902.445313	162
7906.872559	172
7911.299805	164
7915.726563	160
7920.153809	168
7924.581055	159
7929.008301	157
7933.435547	174
7937.862305	168
7942.289551	152
7946.716797	151
7951.144043	186
7955.570801	198
7959.998047	169
7964.425293	193
7968.852539	200
7973.279785	173
7977.706543	196
7982.133789	181
7986.561035	173
7990.988281	176
7995.415527	183
7999.842285	182
8004.269531	162
8008.696777	167
8013.124023	166
8017.550781	168
8021.978027	175
8026.405273	166
8030.832520	160
8035.259766	158
8039.686523	164
8044.113770	150
8048.541016	166
8052.968262	159
8057.395508	172
8061.822266	170
8066.249512	163
8070.676758	166
8075.104004	167
8079.530762	168
8083.958008	163
8088.385254	176
8092.812500	155
8097.239746	151
8101.666504	147
8106.093750	164
8110.520996	152
8114.948242	147
8119.375000	164
8123.802246	157
8128.229492	143
8132.656738	153
8137.083984	138
8141.510742	145
8145.937988	149
8150.365234	143
8154.792480	137
8159.219727	140
8163.646484	140
8168.073730	139
8172.500977	135
8176.928223	125
8181.354980	143
8185.782227	135
8190.209473	121
8194.636719	128
8199.063477	128
8203.491211	128
8207.917969	121
8212.344727	121
8216.772461	124
8221.199219	129
8225.626953	139
8230.053711	113
8234.480469	126
8238.908203	106
8243.334961	112
8247.762695	109
8252.189453	126
8256.616211	120
8261.043945	115
8265.470703	100
8269.898438	108
8274.325195	114
8278.751953	121
8283.179688	125
8287.606445	114
8292.034180	123
8296.460938	127
8300.887695	128
8305.315430	113
8309.742188	115
8314.168945	129
8318.596680	115
8323.023438	120
8327.451172	116
8331.877930	129
8336.304688	117
8340.732422	132
8345.159180	132
8349.586914	132
8354.013672	129
8358.440430	142
8362.868164	146
8367.294922	127
8371.722656	117
8376.149414	118
8380.576172	121
8385.003906	141
8389.430664	129
8393.858398	132
8398.285156	139
8402.711914	132
8407.139648	131
8411.566406	145
8415.993164	142
8420.420898	135
8424.847656	138
8429.275391	126
8433.702148	129
8438.128906	127
8442.556641	139
8446.983398	150
8451.411133	137
8455.837891	139
8460.264648	140
8464.692383	138
8469.119141	143
8473.546875	149
8477.973633	164
8482.400391	155
8486.828125	152
8491.254883	143
8495.682617	136
8500.109375	137
8504.536133	144
8508.963867	138
8513.390625	149
8517.817383	134
8522.245117	137
8526.671875	139
8531.099609	133
8535.526367	125
8539.953125	140
8544.380859	150
8548.807617	147
8553.235352	149
8557.662109	139
8562.088867	141
8566.516602	130
8570.943359	131
8575.371094	130
8579.797852	134
8584.224609	123
8588.652344	141
8593.079102	139
8597.506836	135
8601.933594	132
8606.360352	129
8610.788086	129
8615.214844	130
8619.641602	115
8624.069336	122
8628.496094	130
8632.923828	116
8637.350586	119
8641.777344	117
8646.205078	128
8650.631836	134
8655.059570	119
8659.486328	115
8663.913086	111
8668.340820	111
8672.767578	112
8677.195313	118
8681.622070	110
8686.048828	118
8690.476563	108
8694.903320	113
8699.331055	102
8703.757813	111
8708.184570	118
8712.612305	114
8717.039063	117
8721.465820	126
8725.893555	108
8730.320313	103
8734.748047	113
8739.174805	101
8743.601563	98
8748.029297	99
8752.456055	111
8756.883789	107
8761.310547	89
8765.737305	95
8770.165039	104
8774.591797	99
8779.019531	97
8783.446289	109
8787.873047	106
8792.300781	94
8796.727539	96
8801.155273	100
8805.582031	93
8810.008789	95
8814.436523	103
8818.863281	86
8823.291016	100
8827.717773	90
8832.144531	86
8836.572266	91
8840.999023	83
8845.425781	82
8849.853516	85
8854.280273	81
8858.708008	81
8863.134766	97
8867.561523	101
8871.989258	101
8876.416016	101
8880.843750	87
8885.270508	87
8889.697266	89
8894.125000	89
8898.551758	80
8902.979492	104
8907.406250	100
8911.833008	106
8916.260742	94
8920.687500	86
8925.115234	89
8929.541992	87
8933.968750	96
8938.396484	92
8942.823242	93
8947.250000	106
8951.677734	86
8956.104492	99
8960.532227	89
8964.958984	97
8969.385742	102
8973.813477	93
8978.240234	86
8982.667969	93
8987.094727	93
8991.521484	86
8995.949219	95
9000.375977	91
9004.803711	89
9009.230469	87
9013.657227	93
9018.084961	89
9022.511719	92
9026.939453	81
9031.366211	92
9035.792969	83
9040.220703	85
9044.647461	92
9049.074219	99
9053.501953	88
9057.928711	87
9062.356445	86
9066.783203	82
9071.209961	81
9075.637695	90
9080.064453	91
9084.492188	105
9088.918945	93
9093.345703	88
9097.773438	87
9102.200195	97
9106.627930	95
9111.054688	98
9115.481445	92
9119.909180	101
9124.335938	102
9128.763672	104
9133.190430	97
9137.617188	90
9142.044922	102
9146.471680	100
9150.898438	102
9155.326172	99
9159.752930	101
9164.180664	98
9168.607422	95
9173.034180	100
9177.461914	97
9181.888672	86
9186.316406	107
9190.743164	112
9195.169922	83
9199.597656	78
9204.024414	85
9208.452148	86
9212.878906	92
9217.305664	85
9221.733398	101
9226.160156	91
9230.587891	81
9235.014648	94
9239.441406	100
9243.869141	90
9248.295898	89
9252.722656	104
9257.150391	105
9261.577148	103
9266.004883	102
9270.431641	90
9274.858398	99
9279.286133	106
9283.712891	105
9288.140625	89
9292.567383	75
9296.994141	88
9301.421875	94
9305.848633	121
9310.276367	103
9314.703125	96
9319.129883	91
9323.557617	102
9327.984375	100
9332.412109	93
9336.838867	87
9341.265625	93
9345.693359	91
9350.120117	83
9354.546875	99
9358.974609	92
9363.401367	91
9367.829102	84
9372.255859	84
9376.682617	97
9381.110352	99
9385.537109	95
9389.964844	90
9394.391602	112
9398.818359	109
9403.246094	96
9407.672852	98
9412.100586	88
9416.527344	87
9420.954102	89
9425.381836	97
9429.808594	95
9434.236328	94
9438.663086	98
9443.089844	86
9447.517578	104
9451.944336	108
9456.372070	111
9460.798828	93
9465.225586	88
9469.653320	95
9474.080078	91
9478.506836	88
9482.934570	91
9487.361328	98
9491.789063	98
9496.215820	94
9500.642578	105
9505.070313	112
9509.497070	104
9513.924805	101
9518.351563	110
9522.778320	86
9527.206055	99
9531.632813	106
9536.060547	110
9540.487305	110
9544.914063	105
9549.341797	100
9553.768555	94
9558.196289	109
9562.623047	98
9567.049805	104
9571.477539	110
9575.904297	113
9580.331055	111
9584.758789	109
9589.185547	113
9593.613281	114
9598.040039	102
9602.466797	105
9606.894531	103
9611.321289	107
9615.749023	98
9620.175781	95
9624.602539	99
9629.030273	102
9633.457031	104
9637.884766	113
9642.311523	119
9646.738281	108
9651.166016	93
9655.592773	107
9660.020508	108
9664.447266	98
9668.874023	104
9673.301758	103
9677.728516	112
9682.155273	111
9686.583008	109
9691.009766	97
9695.437500	110
9699.864258	120
9704.291016	101
9708.718750	103
9713.145508	102
9717.573242	109
9722.000000	101
9726.426758	93
9730.854492	92
9735.281250	110
9739.708984	102
9744.135742	105
9748.562500	90
9752.990234	105
9757.416992	108
9761.844727	109
9766.271484	105
9770.698242	116
9775.125977	102
9779.552734	111
9783.979492	111
9788.407227	105
9792.833984	102
9797.261719	110
9801.688477	103
9806.115234	110
9810.542969	91
9814.969727	106
9819.397461	110
9823.824219	115
9828.250977	114
9832.678711	101
9837.105469	102
9841.533203	94
9845.959961	102
9850.386719	112
9854.814453	117
9859.241211	130
9863.668945	118
9868.095703	111
9872.522461	108
9876.950195	107
9881.376953	104
9885.803711	100
9890.231445	103
9894.658203	105
9899.085938	115
9903.512695	124
9907.939453	117
9912.367188	101
9916.793945	107
9921.221680	108
9925.648438	104
9930.075195	109
9934.502930	120
9938.929688	119
9943.357422	107
9947.784180	109
9952.210938	110
9956.638672	110
9961.065430	105
9965.493164	99
9969.919922	106
9974.346680	123
9978.774414	109
9983.201172	108
9987.627930	119
9992.055664	118
9996.482422	123
10000.910156	101
10005.336914	100
10009.763672	110
10014.191406	93
10018.618164	105
10023.045898	116
10027.472656	120
10031.899414	116
10036.327148	119
10040.753906	115
10045.181641	113
10049.608398	111
10054.035156	110
10058.462891	102
10062.889648	110
10067.317383	113
10071.744141	112
10076.170898	102
10080.598633	102
10085.025391	98
10089.453125	105
10093.879883	111
10098.306641	122
10102.734375	109
10107.161133	114
10111.587891	103
10116.015625	102
10120.442383	107
10124.870117	100
10129.296875	108
10133.723633	115
10138.151367	103
10142.578125	103
10147.005859	111
10151.432617	109
10155.859375	97
10160.287109	105
10164.713867	94
10169.141602	101
10173.568359	111
10177.995117	111
10182.422852	111
10186.849609	111
10191.277344	104
10195.704102	110
10200.130859	110
10204.558594	120
10208.985352	110
10213.412109	100
10217.839844	102
10222.266602	108
10226.694336	109
10231.121094	98
10235.547852	94
10239.975586	105
10244.402344	120
10248.830078	112
10253.256836	110
10257.683594	97
10262.111328	97
10266.538086	97
10270.965820	101
10275.392578	101
10279.819336	103
10284.247070	107
10288.673828	103
10293.101563	113
10297.528320	100
10301.955078	90
10306.382813	100
10310.809570	114
10315.236328	108
10319.664063	125
10324.090820	117
10328.518555	96
10332.945313	101
10337.372070	113
10341.799805	110
10346.226563	107
10350.654297	97
10355.081055	93
10359.507813	101
10363.935547	75
10368.362305	87
10372.790039	105
10377.216797	97
10381.643555	98
10386.071289	110
10390.498047	117
10394.925781	113
10399.352539	111
10403.779297	88
10408.207031	95
10412.633789	81
10417.060547	88
10421.488281	96
10425.915039	101
10430.342773	89
10434.769531	93
10439.196289	96
10443.624023	85
10448.050781	104
10452.478516	120
10456.905273	99
10461.332031	83
10465.759766	90
10470.186523	85
10474.614258	87
10479.041016	90
10483.467773	82
10487.895508	84
10492.322266	94
10496.750000	103
10501.176758	104
10505.603516	88
10510.031250	88
10514.458008	83
10518.884766	84
10523.312500	73
10527.739258	91
10532.166992	87
10536.593750	91
10541.020508	93
10545.448242	91
10549.875000	85
10554.302734	81
10558.729492	93
10563.156250	83
10567.583984	93
10572.010742	89
10576.438477	94
10580.865234	85
10585.291992	80
10589.719727	84
10594.146484	87
10598.574219	86
10603.000977	89
10607.427734	86
10611.855469	86
10616.282227	87
10620.708984	87
10625.136719	81
10629.563477	88
10633.991211	72
10638.417969	80
10642.844727	85
10647.272461	79
10651.699219	78
10656.126953	70
10660.553711	77
10664.980469	84
10669.408203	79
10673.834961	75
10678.262695	85
10682.689453	88
10687.116211	80
10691.543945	77
10695.970703	78
10700.398438	77
10704.825195	69
10709.251953	63
10713.679688	60
10718.106445	51
10722.534180	45
10726.960938	41
10731.387695	36
10735.815430	37
10740.242188	29
10744.668945	22
10749.096680	28
10753.523438	32
10757.951172	20
10762.377930	30
10766.804688	44
10771.232422	28
10775.659180	24
10780.086914	22
10784.513672	23
10788.940430	16
10793.368164	21
10797.794922	24
10802.222656	33
10806.649414	23
10811.076172	18
10815.503906	18
10819.930664	13
10824.358398	19
10828.785156	23
10833.211914	26
10837.639648	25
10842.066406	16
10846.493164	21
10850.920898	24
10855.347656	23
10859.775391	14
10864.202148	19
10868.628906	25
10873.056641	23
10877.483398	19
10881.911133	16
10886.337891	16
10890.764648	13
10895.192383	15
10899.619141	15
10904.046875	17
10908.473633	11
10912.900391	17
10917.328125	14
10921.754883	13
10926.182617	11
10930.609375	14
10935.036133	10
10939.463867	12
10943.890625	7
10948.317383	12
10952.745117	13
10957.171875	16
10961.599609	16
10966.026367	12
10970.453125	5
10974.880859	8
10979.307617	6
10983.735352	7
10988.162109	6
10992.588867	9
10997.016602	7
11001.443359	8
11005.871094	7
11010.297852	3
11014.724609	5
11019.152344	7
11023.579102	8
11028.006836	10
11032.433594	5
11036.860352	5
11041.288086	3
11045.714844	2
11050.141602	6
11054.569336	8
11058.996094	6
11063.423828	2
11067.850586	3
11072.277344	2
11076.705078	3
11081.131836	3
11085.559570	3
11089.986328	3
11094.413086	2
11098.840820	4
11103.267578	4
11107.695313	1
11112.122070	1
11116.548828	2
11120.976563	1
11125.403320	0
11129.831055	0
11134.257813	0
11138.684570	0
11143.112305	0
11147.539063	0
11151.965820	0
11156.393555	0
11160.820313	0
11165.248047	0
11169.674805	0
11174.101563	0
11178.529297	0
11182.956055	0
11187.383789	0
11191.810547	0
11196.237305	0
11200.665039	0
11205.091797	0
11209.519531	0
11213.946289	0
11218.373047	0
11222.800781	0
11227.227539	0
11231.655273	0
11236.082031	0
11240.508789	0
11244.936523	0
11249.363281	0
11253.791016	0
11258.217773	0
11262.644531	0
11267.072266	0
11271.499023	0
11275.925781	0
11280.353516	0
11284.780273	0
11289.208008	0
11293.634766	0
11298.061523	0
11302.489258	0
11306.916016	0
11311.343750	0
11315.770508	0
11320.197266	0
11324.625000	0
11329.051758	0
11333.479492	0
11337.906250	0
11342.333008	0
11346.760742	0
11351.187500	0
11355.615234	0
11360.041992	0
11364.468750	0
11368.896484	0
11373.323242	0
11377.750000	0
11382.177734	0
11386.604492	0
11391.032227	0
11395.458984	0
11399.885742	0
11404.313477	0
11408.740234	0
11413.167969	0
11417.594727	0
11422.021484	0
11426.449219	0
11430.875977	0
11435.303711	0
11439.730469	0
11444.157227	0
11448.584961	0
11453.011719	0
11457.439453	0
11461.866211	0
11466.292969	0
11470.720703	0
11475.147461	0
11479.574219	0
11484.001953	0
11488.428711	0
11492.856445	0
11497.283203	0
11501.709961	0
11506.137695	0
11510.564453	0
11514.992188	0
11519.418945	0
11523.845703	0
11528.273438	0
11532.700195	0
11537.127930	0
11541.554688	0
11545.981445	0
11550.409180	0
11554.835938	0
11559.263672	0
11563.690430	0
11568.117188	0
11572.544922	0
11576.971680	0
11581.398438	0
11585.826172	0
11590.252930	0
11594.680664	0
11599.107422	0
11603.534180	0
11607.961914	0
11612.388672	0
11616.816406	0
11621.243164	0
11625.669922	0
11630.097656	0
11634.524414	0
11638.952148	0
11643.378906	0
11647.805664	0
11652.233398	0
11656.660156	0
11661.087891	0
11665.514648	0
11669.941406	0
11674.369141	0
11678.795898	0
11683.222656	0
11687.650391	0
11692.077148	0
11696.504883	0
11700.931641	0
11705.358398	0
11709.786133	0
11714.212891	0
11718.640625	0
11723.067383	0
11727.494141	0
11731.921875	0
11736.348633	0
11740.776367	0
11745.203125	0
11749.629883	0
11754.057617	0
11758.484375	0
11762.912109	0
11767.338867	0
11771.765625	0
11776.193359	0
11780.620117	0
11785.046875	0
11789.474609	0
11793.901367	0
11798.329102	0
11802.755859	0
11807.182617	0
11811.610352	0
11816.037109	0
11820.464844	0
11824.891602	0
11829.318359	0
11833.746094	0
11838.172852	0
11842.600586	0
11847.027344	0
11851.454102	0
11855.881836	0
11860.308594	0
11864.736328	0
11869.163086	0
11873.589844	0
11878.017578	0
11882.444336	0
11886.872070	0
11891.298828	0
11895.725586	0
11900.153320	0
11904.580078	0
11909.006836	0
11913.434570	0
11917.861328	0
11922.289063	0
11926.715820	0
11931.142578	0
11935.570313	0
11939.997070	0
11944.424805	0
11948.851563	0
11953.278320	0
11957.706055	0
11962.132813	0
11966.560547	0
11970.987305	0
11975.414063	0
11979.841797	0
11984.268555	0
11988.696289	0
11993.123047	0
11997.549805	0
12001.977539	0
12006.404297	0
12010.831055	0
12015.258789	0
12019.685547	0
12024.113281	0
12028.540039	0
12032.966797	0
12037.394531	0
12041.821289	0
12046.249023	0
12050.675781	0
12055.102539	0
12059.530273	0
12063.957031	0
12068.384766	0
12072.811523	0
12077.238281	0
12081.666016	0
12086.092773	0
12090.520508	0
12094.947266	0
12099.374023	0
12103.801758	0
12108.228516	0
12112.655273	0
12117.083008	0
12121.509766	0
12125.937500	0
12130.364258	0
12134.791016	0
12139.218750	0
12143.645508	0
12148.073242	0
12152.500000	0
12156.926758	0
12161.354492	0
12165.781250	0
12170.208984	0
12174.635742	0
12179.062500	0
12183.490234	0
12187.916992	0
12192.344727	0
12196.771484	0
12201.198242	0
12205.625977	0
12210.052734	0
12214.479492	0
12218.907227	0
12223.333984	0
12227.761719	0
12232.188477	0
12236.615234	0
12241.042969	0
12245.469727	0
12249.897461	0
12254.324219	0
12258.750977	0
12263.178711	0
12267.605469	0
12272.033203	0
12276.459961	0
12280.886719	0
12285.314453	0
12289.741211	0
12294.168945	0
12298.595703	0
12303.022461	0
12307.450195	0
12311.876953	0
12316.303711	0
12320.731445	0
12325.158203	0
12329.585938	0
12334.012695	0
12338.439453	0
12342.867188	0
12347.293945	0
12351.721680	0
12356.148438	0
12360.575195	0
12365.002930	0
12369.429688	0
12373.857422	0
12378.284180	0
12382.710938	0
12387.138672	0
12391.565430	0
12395.993164	0
12400.419922	0
12404.846680	0
12409.274414	0
12413.701172	0
12418.127930	0
12422.555664	0
12426.982422	0
12431.410156	0
12435.836914	0
12440.263672	0
12444.691406	0
12449.118164	0
12453.545898	0
12457.972656	0
12462.399414	0
12466.827148	0
12471.253906	0
12475.681641	0
12480.108398	0
12484.535156	0
12488.962891	0
12493.389648	0
12497.817383	0
12502.244141	0
12506.670898	0
12511.098633	0
12515.525391	0
12519.953125	0
12524.379883	0
12528.806641	0
12533.234375	0
12537.661133	0
12542.087891	0
12546.515625	0
12550.942383	0
12555.370117	0
12559.796875	0
12564.223633	0
12568.651367	0
12573.078125	0
12577.505859	0
12581.932617	0
12586.359375	0
12590.787109	0
12595.213867	0
12599.641602	0
12604.068359	0
12608.495117	0
12612.922852	0
12617.349609	0
12621.777344	0
12626.204102	0
12630.630859	0
12635.058594	0
12639.485352	0
12643.912109	0
12648.339844	0
12652.766602	0
12657.194336	0
12661.621094	0
12666.047852	0
12670.475586	0
12674.902344	0
12679.330078	0
12683.756836	0
12688.183594	0
12692.611328	0
12697.038086	0
12701.465820	0
12705.892578	0
12710.319336	0
12714.747070	0
12719.173828	0
12723.601563	0
12728.028320	0
12732.455078	0
12736.882813	0
12741.309570	0
12745.736328	0
12750.164063	0
12754.590820	0
12759.018555	0
12763.445313	0
12767.872070	0
12772.299805	0
12776.726563	0
12781.154297	0
12785.581055	0
12790.007813	0
12794.435547	0
12798.862305	0
12803.290039	0
12807.716797	0
12812.143555	0
12816.571289	0
12820.998047	0
12825.425781	0
12829.852539	0
12834.279297	0
12838.707031	0
12843.133789	0
12847.560547	0
12851.988281	0
12856.415039	0
12860.842773	0
12865.269531	0
12869.696289	0
12874.124023	0
12878.550781	0
12882.978516	0
12887.405273	0
12891.832031	0
12896.259766	0
12900.686523	0
12905.114258	0
12909.541016	0
12913.967773	0
12918.395508	0
12922.822266	0
12927.250000	0
12931.676758	0
12936.103516	0
12940.531250	0
12944.958008	0
12949.384766	0
12953.812500	0
12958.239258	0
12962.666992	0
12967.093750	0
12971.520508	0
12975.948242	0
12980.375000	0
12984.802734	0
12989.229492	0
12993.656250	0
12998.083984	0
13002.510742	0
13006.938477	0
13011.365234	0
13015.791992	0
13020.219727	0
13024.646484	0
13029.074219	0
13033.500977	0
13037.927734	0
13042.355469	0
13046.782227	0
13051.208984	0
13055.636719	0
13060.063477	0
13064.491211	0
13068.917969	0
13073.344727	0
13077.772461	0
13082.199219	0
13086.626953	0
13091.053711	0
13095.480469	0
13099.908203	0
13104.334961	0
13108.762695	0
13113.189453	0
13117.616211	0
13122.043945	0
13126.470703	0
13130.898438	0
13135.325195	0
13139.751953	0
13144.179688	0
13148.606445	0
13153.034180	0
13157.460938	0
13161.887695	0
13166.315430	0
13170.742188	0
13175.168945	0
13179.596680	0
13184.023438	0
13188.451172	0
13192.877930	0
13197.304688	0
