-4177.489746	0
-4173.060059	0
-4168.629883	0
-4164.199707	0
-4159.770020	0
-4155.339844	0
-4150.909668	0
-4146.479980	0
-4142.049805	0
-4137.619629	0
-4133.189941	0
-4128.759766	0
-4124.330078	0
-4119.899902	0
-4115.469727	0
-4111.040039	0
-4106.609863	0
-4102.179688	0
-4097.750000	0
-4093.319824	0
-4088.889893	0
-4084.459961	0
-4080.029785	0
-4075.599854	0
-4071.169922	0
-4066.739746	0
-4062.309814	0
-4057.879883	0
-4053.449951	0
-4049.019775	0
-4044.589844	0
-4040.159912	0
-4035.729736	0
-4031.299805	0
-4026.869873	0
-4022.439941	0
-4018.009766	0
-4013.579834	0
-4009.149902	0
-4004.719727	0
-4000.289795	0
-3995.859863	0
-3991.429932	0
-3986.999756	0
-3982.569824	0
-3978.139893	0
-3973.709961	0
-3969.279785	0
-3964.849854	0
-3960.419922	0
-3955.989746	0
-3951.559814	0
-3947.129883	0
-3942.699951	0
-3938.269775	0
-3933.839844	0
-3929.409912	0
-3924.979736	0
-3920.549805	0
-3916.119873	0
-3911.689941	0
-3907.259766	0
-3902.829834	0
-3898.399902	0
-3893.969971	0
-3889.539795	0
-3885.109863	0
-3880.679932	0
-3876.249756	0
-3871.819824	0
-3867.389893	0
-3862.959961	0
-3858.529785	0
-3854.099854	0
-3849.669922	0
-3845.239746	0
-3840.809814	0
-3836.379883	0
-3831.949951	0
-3827.519775	0
-3823.089844	0
-3818.659912	0
-3814.229736	0
-3809.799805	0
-3805.369873	0
-3800.939941	0
-3796.509766	0
-3792.079834	0
-3787.649902	0
-3783.219971	0
-3778.789795	0
-3774.359863	0
-3769.929932	0
-3765.499756	0
-3761.069824	0
-3756.639893	0
-3752.209961	0
-3747.779785	0
-3743.349854	0
-3738.919922	0
-3734.489746	0
-3730.059814	0
-3725.629883	0
-3721.199951	0
-3716.769775	0
-3712.339844	0
-3707.909912	0
-3703.479736	0
-3699.049805	0
-3694.619873	0
-3690.189941	0
-3685.759766	0
-3681.329834	0
-3676.899902	0
-3672.469971	0
-3668.039795	0
-3663.609863	0
-3659.179932	0
-3654.749756	0
-3650.319824	0
-3645.889893	0
-3641.459961	0
-3637.029785	0
-3632.599854	0
-3628.169922	0
-3623.739746	0
-3619.309814	0
-3614.879883	0
-3610.449951	0
-3606.019775	0
-3601.589844	0
-3597.159912	0
-3592.729980	0
-3588.299805	0
-3583.869873	0
-3579.439941	0
-3575.009766	0
-3570.579834	0
-3566.149902	0
-3561.719971	0
-3557.289795	0
-3552.859863	0
-3548.429932	0
-3543.999756	0
-3539.569824	0
-3535.139893	0
-3530.709961	0
-3526.279785	0
-3521.849854	0
-3517.419922	0
-3512.989746	0
-3508.559814	0
-3504.129883	0
-3499.699951	0
-3495.269775	0
-3490.839844	0
-3486.409912	0
-3481.979980	0
-3477.549805	0
-3473.119873	0
-3468.689941	0
-3464.259766	0
-3459.829834	0
-3455.399902	0
-3450.969971	0
-3446.539795	0
-3442.109863	0
-3437.679932	0
-3433.249756	0
-3428.819824	0
-3424.389893	0
-3419.959961	0
-3415.529785	0
-3411.099854	0
-3406.669922	0
-3402.239746	0
-3397.809814	0
-3393.379883	0
-3388.949951	0
-3384.519775	0
-3380.089844	0
-3375.659912	0
-3371.229980	0
-3366.799805	0
-3362.369873	0
-3357.939941	0
-3353.509766	0
-3349.079834	0
-3344.649902	0
-3340.219971	0
-3335.789795	0
-3331.359863	0
-3326.929932	0
-3322.499756	0
-3318.069824	0
-3313.639893	0
-3309.209961	0
-3304.779785	0
-3300.349854	0
-3295.919922	0
-3291.489990	0
-3287.059814	0
-3282.629883	0
-3278.199951	0
-3273.769775	0
-3269.339844	0
-3264.909912	0
-3260.479980	0
-3256.049805	0
-3251.619873	0
-3247.189941	0
-3242.759766	0
-3238.329834	0
-3233.899902	0
-3229.469971	0
-3225.039795	0
-3220.609863	0
-3216.179932	0
-3211.749756	0
-3207.319824	0
-3202.889893	0
-3198.459961	0
-3194.029785	0
-3189.599854	0
-3185.169922	0
-3180.739990	0
-3176.309814	0
-3171.879883	0
-3167.449951	0
-3163.019775	0
-3158.589844	0
-3154.159912	0
-3149.729980	0
-3145.299805	0
-3140.869873	0
-3136.439941	0
-3132.009766	0
-3127.579834	0
-3123.149902	0
-3118.719971	0
-3114.289795	0
-3109.859863	0
-3105.429932	0
-3101.000000	0
-3096.569824	0
-3092.139893	0
-3087.709961	0
-3083.279785	0
-3078.849854	0
-3074.419922	0
-3069.989990	0
-3065.559814	0
-3061.129883	0
-3056.699951	0
-3052.269775	2
-3047.839844	2
-3043.409912	3
-3038.979980	4
-3034.549805	6
-3030.119873	6
-3025.689941	7
-3021.259766	8
-3016.829834	9
-3012.399902	11
-3007.969971	11
-3003.539795	10
-2999.109863	15
-2994.679932	16
-2990.250000	17
-2985.819824	16
-2981.389893	10
-2976.959961	15
-2972.529785	16
-2968.099854	22
-2963.669922	26
-2959.239990	22
-2954.809814	19
-2950.379883	17
-2945.949951	22
-2941.519775	23
-2937.089844	24
-2932.659912	25
-2928.229980	30
-2923.799805	30
-2919.369873	34
-2914.939941	36
-2910.509766	33
-2906.079834	37
-2901.649902	37
-2897.219971	33
-2892.789795	35
-2888.359863	31
-2883.929932	40
-2879.500000	34
-2875.069824	39
-2870.639893	39
-2866.209961	40
-2861.779785	38
-2857.349854	43
-2852.919922	50
-2848.489990	39
-2844.059814	39
-2839.629883	45
-2835.199951	47
-2830.769775	50
-2826.339844	54
-2821.909912	55
-2817.479980	56
-2813.049805	50
-2808.619873	59
-2804.189941	61
-2799.760010	56
-2795.329834	60
-2790.899902	62
-2786.469971	65
-2782.039795	62
-2777.609863	62
-2773.179932	66
-2768.750000	66
-2764.319824	63
-2759.889893	69
-2755.459961	69
-2751.029785	68
-2746.599854	75
-2742.169922	81
-2737.739990	76
-2733.309814	76
-2728.879883	83
-2724.449951	73
-2720.019775	76
-2715.589844	78
-2711.159912	71
-2706.729980	78
-2702.299805	78
-2697.869873	81
-2693.439941	81
-2689.010010	87
-2684.579834	87
-2680.149902	87
-2675.719971	85
-2671.289795	83
-2666.859863	85
-2662.429932	88
-2658.000000	91
-2653.569824	87
-2649.139893	91
-2644.709961	96
-2640.279785	104
-2635.849854	102
-2631.419922	102
-2626.989990	100
-2622.559814	96
-2618.129883	101
-2613.699951	105
-2609.270020	108
-2604.839844	102
-2600.409912	106
-2595.979980	111
-2591.549805	110
-2587.119873	109
-2582.689941	108
-2578.260010	106
-2573.829834	99
-2569.399902	115
-2564.969971	115
-2560.539795	106
-2556.109863	109
-2551.679932	123
-2547.250000	116
-2542.819824	111
-2538.389893	110
-2533.959961	114
-2529.529785	117
-2525.099854	125
-2520.669922	125
-2516.239990	111
-2511.809814	126
-2507.379883	131
-2502.949951	132
-2498.520020	123
-2494.089844	120
-2489.659912	119
-2485.229980	131
-2480.799805	138
-2476.369873	125
-2471.939941	131
-2467.510010	131
-2463.079834	138
-2458.649902	126
-2454.219971	129
-2449.789795	135
-2445.359863	149
-2440.929932	136
-2436.500000	136
-2432.069824	132
-2427.639893	137
-2423.209961	138
-2418.779785	130
-2414.349854	129
-2409.919922	122
-2405.489990	125
-2401.059814	128
-2396.629883	134
-2392.199951	128
-2387.770020	132
-2383.339844	133
-2378.909912	129
-2374.479980	127
-2370.049805	137
-2365.619873	129
-2361.189941	126
-2356.760010	138
-2352.329834	133
-2347.899902	131
-2343.469971	136
-2339.039795	144
-2334.609863	130
-2330.179932	117
-2325.750000	129
-2321.319824	122
-2316.889893	126
-2312.459961	128
-2308.030029	127
-2303.599854	128
-2299.169922	135
-2294.739990	145
-2290.309814	149
-2285.879883	131
-2281.449951	121
-2277.020020	123
-2272.589844	117
-2268.159912	120
-2263.729980	129
-2259.299805	138
-2254.869873	132
-2250.439941	125
-2246.010010	117
-2241.579834	123
-2237.149902	126
-2232.719971	125
-2228.289795	122
-2223.859863	128
-2219.429932	134
-2215.000000	147
-2210.569824	140
-2206.139893	136
-2201.709961	134
-2197.280029	123
-2192.849854	127
-2188.419922	137
-2183.989990	132
-2179.559814	141
-2175.129883	138
-2170.699951	137
-2166.270020	138
-2161.839844	130
-2157.409912	135
-2152.979980	131
-2148.549805	122
-2144.119873	134
-2139.689941	141
-2135.260010	139
-2130.829834	137
-2126.399902	133
-2121.969971	132
-2117.540039	128
-2113.109863	128
-2108.679932	130
-2104.250000	131
-2099.819824	130
-2095.389893	142
-2090.959961	131
-2086.530029	132
-2082.099854	131
-2077.669922	129
-2073.239990	120
-2068.809814	138
-2064.379883	142
-2059.949951	135
-2055.520020	144
-2051.089844	134
-2046.659912	131
-2042.229980	134
-2037.799927	140
-2033.369873	131
-2028.939941	130
-2024.509888	125
-2020.079956	135
-2015.649902	123
-2011.219971	127
-2006.789917	128
-2002.359863	135
-1997.929932	126
-1993.499878	122
-1989.069946	131
-1984.639893	128
-1980.209961	128
-1975.779907	135
-1971.349976	126
-1966.919922	130
-1962.489868	137
-1958.059937	131
-1953.629883	124
-1949.199951	124
-1944.769897	131
-1940.339966	129
-1935.909912	120
-1931.479980	121
-1927.049927	126
-1922.619873	129
-1918.189941	130
-1913.759888	140
-1909.329956	125
-1904.899902	120
-1900.469971	138
-1896.039917	137
-1891.609985	126
-1887.179932	120
-1882.749878	128
-1878.319946	133
-1873.889893	122
-1869.459961	133
-1865.029907	124
-1860.599976	118
-1856.169922	134
-1851.739868	129
-1847.309937	124
-1842.879883	122
-1838.449951	143
-1834.019897	131
-1829.589966	126
-1825.159912	124
-1820.729980	133
-1816.299927	133
-1811.869873	135
-1807.439941	133
-1803.009888	116
-1798.579956	130
-1794.149902	134
-1789.719971	128
-1785.289917	129
-1780.859985	132
-1776.429932	119
-1771.999878	116
-1767.569946	131
-1763.139893	136
-1758.709961	129
-1754.279907	123
-1749.849976	119
-1745.419922	128
-1740.989990	133
-1736.559937	131
-1732.129883	122
-1727.699951	114
-1723.269897	123
-1718.839966	128
-1714.409912	139
-1709.979980	136
-1705.549927	139
-1701.119873	138
-1696.689941	135
-1692.259888	131
-1687.829956	125
-1683.399902	135
-1678.969971	133
-1674.539917	129
-1670.109985	134
-1665.679932	137
-1661.249878	144
-1656.819946	140
-1652.389893	131
-1647.959961	134
-1643.529907	139
-1639.099976	135
-1634.669922	126
-1630.239990	138
-1625.809937	143
-1621.379883	123
-1616.949951	116
-1612.519897	130
-1608.089966	124
-1603.659912	113
-1599.229980	115
-1594.799927	124
-1590.369995	120
-1585.939941	125
-1581.509888	148
-1577.079956	148
-1572.649902	134
-1568.219971	133
-1563.789917	128
-1559.359985	140
-1554.929932	134
-1550.500000	121
-1546.069946	131
-1541.639893	135
-1537.209961	139
-1532.779907	140
-1528.349976	131
-1523.919922	139
-1519.489990	136
-1515.059937	134
-1510.629883	143
-1506.199951	149
-1501.769897	137
-1497.339966	123
-1492.909912	133
-1488.479980	146
-1484.049927	136
-1479.619995	126
-1475.189941	143
-1470.759888	136
-1466.329956	138
-1461.899902	139
-1457.469971	138
-1453.039917	131
-1448.609985	121
-1444.179932	122
-1439.750000	137
-1435.319946	130
-1430.889893	138
-1426.459961	130
-1422.029907	134
-1417.599976	129
-1413.169922	131
-1408.739990	124
-1404.309937	127
-1399.880005	132
-1395.449951	143
-1391.019897	130
-1386.589966	124
-1382.159912	126
-1377.729980	122
-1373.299927	118
-1368.869995	132
-1364.439941	131
-1360.009888	129
-1355.579956	128
-1351.149902	131
-1346.719971	129
-1342.289917	141
-1337.859985	133
-1333.429932	135
-1329.000000	140
-1324.569946	138
-1320.139893	127
-1315.709961	125
-1311.279907	136
-1306.849976	128
-1302.419922	122
-1297.989990	132
-1293.559937	133
-1289.130005	130
-1284.699951	125
-1280.269897	129
-1275.839966	123
-1271.409912	131
-1266.979980	136
-1262.549927	139
-1258.119995	138
-1253.689941	131
-1249.260010	132
-1244.829956	129
-1240.399902	131
-1235.969971	134
-1231.539917	122
-1227.109985	122
-1222.679932	131
-1218.250000	123
-1213.819946	127
-1209.389893	132
-1204.959961	129
-1200.529907	128
-1196.099976	126
-1191.669922	129
-1187.239990	137
-1182.809937	141
-1178.380005	140
-1173.949951	125
-1169.519897	122
-1165.089966	130
-1160.659912	142
-1156.229980	138
-1151.799927	138
-1147.369995	135
-1142.939941	139
-1138.510010	135
-1134.079956	133
-1129.649902	137
-1125.219971	121
-1120.789917	123
-1116.359985	133
-1111.929932	130
-1107.500000	125
-1103.069946	131
-1098.640015	128
-1094.209961	131
-1089.779907	124
-1085.349976	127
-1080.919922	131
-1076.489990	126
-1072.059937	125
-1067.630005	130
-1063.199951	128
-1058.770020	110
-1054.339966	130
-1049.909912	127
-1045.479980	134
-1041.049927	130
-1036.619995	128
-1032.189941	138
-1027.760010	131
-1023.329956	134
-1018.899963	138
-1014.469971	120
-1010.039978	130
-1005.609985	131
-1001.179932	134
-996.749939	139
-992.319946	135
-987.889954	133
-983.459961	123
-979.029968	107
-974.599976	133
-970.169983	134
-965.739990	131
-961.309937	136
-956.879944	131
-952.449951	132
-948.019958	136
-943.589966	129
-939.159973	128
-934.729980	134
-930.299988	135
-925.869934	142
-921.439941	127
-917.009949	128
-912.579956	139
-908.149963	140
-903.719971	134
-899.289978	135
-894.859985	136
-890.429993	141
-885.999939	143
-881.569946	140
-877.139954	130
-872.709961	135
-868.279968	142
-863.849976	140
-859.419983	140
-854.989990	145
-850.559937	152
-846.129944	143
-841.699951	134
-837.269958	150
-832.839966	148
-828.409973	138
-823.979980	131
-819.549988	137
-815.119995	130
-810.689941	133
-806.259949	132
-801.829956	131
-797.399963	136
-792.969971	138
-788.539978	136
-784.109985	126
-779.679993	134
-775.250000	132
-770.819946	143
-766.389954	145
-761.959961	142
-757.529968	131
-753.099976	138
-748.669983	144
-744.239990	145
-739.809998	149
-735.379944	144
-730.949951	140
-726.519958	142
-722.089966	141
-717.659973	138
-713.229980	133
-708.799988	143
-704.369995	150
-699.940002	138
-695.509949	124
-691.079956	130
-686.649963	147
-682.219971	142
-677.789978	145
-673.359985	148
-668.929993	143
-664.500000	134
-660.069946	135
-655.639954	147
-651.209961	142
-646.779968	139
-642.349976	144
-637.919983	140
-633.489990	155
-629.059998	161
-624.630005	156
-620.199951	147
-615.769958	151
-611.339966	148
-606.909973	143
-602.479980	141
-598.049988	149
-593.619995	156
-589.190002	135
-584.759949	141
-580.329956	146
-575.899963	147
-571.469971	141
-567.039978	141
-562.609985	136
-558.179993	140
-553.750000	144
-549.320007	143
-544.889954	149
-540.459961	154
-536.029968	158
-531.599976	150
-527.169983	138
-522.739990	145
-518.309998	151
-513.880005	139
-509.449982	139
-505.019989	142
-500.589966	137
-496.159973	140
-491.729980	155
-487.299988	153
-482.869995	149
-478.439972	166
-474.009979	159
-469.579987	148
-465.149994	151
-460.719971	152
-456.289978	153
-451.859985	154
-447.429993	169
-442.999969	164
-438.569977	156
-434.139984	154
-429.709991	162
-425.279968	161
-420.849976	181
-416.419983	168
-411.989990	162
-407.559998	160
-403.129974	169
-398.699982	172
-394.269989	176
-389.839996	169
-385.409973	168
-380.979980	170
-376.549988	174
-372.119995	175
-367.689972	182
-363.259979	175
-358.829987	185
-354.399994	187
-349.970001	191
-345.539978	185
-341.109985	184
-336.679993	174
-332.250000	180
-327.819977	190
-323.389984	190
-318.959991	191
-314.529999	187
-310.099976	194
-305.669983	203
-301.239990	207
-296.809998	212
-292.379974	206
-287.949982	212
-283.519989	216
-279.089996	217
-274.660004	215
-270.229980	222
-265.799988	229
-261.369995	239
-256.940002	240
-252.509995	252
-248.079987	244
-243.649994	244
-239.219986	260
-234.789993	257
-230.359985	259
-225.929993	267
-221.499985	294
-217.069992	294
-212.639984	329
-208.209991	347
-203.779999	344
-199.349991	346
-194.919998	360
-190.489990	380
-186.059998	420
-181.629990	447
-177.199997	469
-172.769989	484
-168.339996	504
-163.909988	551
-159.479996	575
-155.049988	617
-150.619995	658
-146.189987	709
-141.759995	771
-137.330002	826
-132.899994	889
-128.470001	994
-124.039993	1108
-119.609993	1224
-115.179993	1349
-110.749992	1482
-106.319992	1639
-101.889999	1826
-97.459999	2088
-93.029999	2404
-88.599998	2795
-84.169998	3200
-79.739998	3646
-75.309998	4210
-70.879997	4972
-66.449997	5828
-62.019997	6749
-57.589996	7533
-53.159996	8136
-48.730000	8623
-44.299999	9001
-39.869999	9313
-35.439999	9563
-31.009998	9795
-26.579998	10013
-22.150000	10196
-17.719999	10321
-13.289999	10378
-8.860000	10424
-4.430000	10490
0.000000	10495
4.430000	10445
8.860000	10394
13.289999	10301
17.719999	10196
22.150000	10112
26.579998	10010
31.009998	9867
35.439999	9615
39.869999	9317
44.299999	8963
48.730000	8613
53.159996	8233
57.589996	7815
62.019997	7365
66.449997	6730
70.879997	5931
75.309998	5027
79.739998	4233
84.169998	3551
88.599998	2998
93.029999	2563
97.459999	2219
101.889999	1923
106.319992	1665
110.749992	1487
115.179993	1336
119.609993	1171
124.039993	1081
128.470001	982
132.899994	875
137.330002	805
141.759995	739
146.189987	662
150.619995	615
155.049988	583
159.479996	537
163.909988	501
168.339996	480
172.769989	441
177.199997	428
181.629990	426
186.059998	410
190.489990	358
194.919998	337
199.349991	332
203.779999	324
208.209991	290
212.639984	287
217.069992	298
221.499985	287
225.929993	274
230.359985	271
234.789993	268
239.219986	245
243.649994	250
248.079987	250
252.509995	241
256.940002	215
261.369995	220
265.799988	227
270.229980	230
274.660004	213
279.089996	222
283.519989	225
287.949982	207
292.379974	208
296.809998	207
301.239990	196
305.669983	202
310.099976	210
314.529999	204
318.959991	194
323.389984	179
327.819977	185
332.250000	192
336.679993	173
341.109985	174
345.539978	183
349.970001	192
354.399994	194
358.829987	167
363.259979	166
367.689972	189
372.119995	184
376.549988	178
380.979980	171
385.409973	178
389.839996	170
394.269989	178
398.699982	170
403.129974	163
407.559998	166
411.989990	180
416.419983	170
420.849976	169
425.279968	171
429.709991	170
434.139984	176
438.569977	181
442.999969	177
447.429993	177
451.859985	168
456.289978	174
460.719971	175
465.149994	169
469.579987	161
474.009979	172
478.439972	164
482.869995	169
487.299988	167
491.729980	177
496.159973	177
500.589966	173
505.019989	170
509.449982	180
513.880005	167
518.309998	161
522.739990	166
527.169983	168
531.599976	163
536.029968	161
540.459961	172
544.889954	181
549.320007	172
553.750000	161
558.179993	169
562.609985	181
567.039978	169
571.469971	161
575.899963	162
580.329956	164
584.759949	166
589.190002	173
593.619995	182
598.049988	164
602.479980	173
606.909973	163
611.339966	156
615.769958	158
620.199951	146
624.630005	157
629.059998	151
633.489990	163
637.919983	167
642.349976	167
646.779968	173
651.209961	166
655.639954	185
660.069946	169
664.500000	153
668.929993	146
673.359985	149
677.789978	152
682.219971	159
686.649963	177
691.079956	170
695.509949	162
699.940002	169
704.369995	163
708.799988	161
713.229980	160
717.659973	162
722.089966	158
726.519958	142
730.949951	145
735.379944	159
739.809998	169
744.239990	162
748.669983	165
753.099976	161
757.529968	158
761.959961	158
766.389954	172
770.819946	175
775.250000	162
779.679993	163
784.109985	160
788.539978	158
792.969971	159
797.399963	158
801.829956	160
806.259949	165
810.689941	159
815.119995	147
819.549988	145
823.979980	159
828.409973	161
832.839966	164
837.269958	159
841.699951	164
846.129944	160
850.559937	154
854.989990	153
859.419983	159
863.849976	171
868.279968	170
872.709961	170
877.139954	163
881.569946	164
885.999939	162
890.429993	161
894.859985	162
899.289978	157
903.719971	162
908.149963	170
912.579956	160
917.009949	171
921.439941	177
925.869934	167
930.299988	148
934.729980	155
939.159973	163
943.589966	165
948.019958	181
952.449951	175
956.879944	164
961.309937	160
965.739990	166
970.169983	168
974.599976	170
979.029968	169
983.459961	168
987.889954	170
992.319946	169
996.749939	182
1001.179932	171
1005.609985	175
1010.039978	175
1014.469971	177
1018.899963	163
1023.329956	165
1027.760010	164
1032.189941	171
1036.619995	171
1041.049927	167
1045.479980	164
1049.909912	166
1054.339966	168
1058.770020	155
1063.199951	170
1067.630005	168
1072.059937	162
1076.489990	164
1080.919922	177
1085.349976	172
1089.779907	171
1094.209961	184
1098.640015	183
1103.069946	170
1107.500000	171
1111.929932	170
1116.359985	169
1120.789917	169
1125.219971	172
1129.649902	184
1134.079956	176
1138.510010	172
1142.939941	176
1147.369995	183
1151.799927	179
1156.229980	179
1160.659912	174
1165.089966	170
1169.519897	167
1173.949951	169
1178.380005	163
1182.809937	165
1187.239990	158
1191.669922	162
1196.099976	165
1200.529907	156
1204.959961	163
1209.389893	177
1213.819946	179
1218.250000	181
1222.679932	179
1227.109985	167
1231.539917	163
1235.969971	172
1240.399902	175
1244.829956	181
1249.260010	163
1253.689941	171
1258.119995	174
1262.549927	173
1266.979980	187
1271.409912	175
1275.839966	175
1280.269897	172
1284.699951	167
1289.130005	174
1293.559937	167
1297.989990	189
1302.419922	179
1306.849976	172
1311.279907	168
1315.709961	176
1320.139893	178
1324.569946	172
1329.000000	169
1333.429932	179
1337.859985	173
1342.289917	170
1346.719971	173
1351.149902	173
1355.579956	174
1360.009888	164
1364.439941	166
1368.869995	172
1373.299927	175
1377.729980	177
1382.159912	175
1386.589966	173
1391.019897	181
1395.449951	179
1399.880005	171
1404.309937	165
1408.739990	168
1413.169922	175
1417.599976	167
1422.029907	167
1426.459961	169
1430.889893	170
1435.319946	173
1439.750000	171
1444.179932	184
1448.609985	171
1453.039917	179
1457.469971	184
1461.899902	176
1466.329956	163
1470.759888	178
1475.189941	178
1479.619995	177
1484.049927	197
1488.479980	181
1492.909912	171
1497.339966	167
1501.769897	176
1506.199951	182
1510.629883	183
1515.059937	174
1519.489990	180
1523.919922	188
1528.349976	181
1532.779907	165
1537.209961	164
1541.639893	172
1546.069946	183
1550.500000	178
1554.929932	174
1559.359985	183
1563.789917	189
1568.219971	188
1572.649902	186
1577.079956	187
1581.509888	186
1585.939941	175
1590.369995	186
1594.799927	189
1599.229980	180
1603.659912	180
1608.089966	178
1612.519897	167
1616.949951	164
1621.379883	171
1625.809937	178
1630.239990	173
1634.669922	168
1639.099976	172
1643.529907	188
1647.959961	195
1652.389893	185
1656.819946	180
1661.249878	190
1665.679932	190
1670.109985	192
1674.539917	190
1678.969971	185
1683.399902	187
1687.829956	187
1692.259888	189
1696.689941	186
1701.119873	172
1705.549927	169
1709.979980	192
1714.409912	189
1718.839966	190
1723.269897	179
1727.699951	190
1732.129883	189
1736.559937	187
1740.989990	194
1745.419922	183
1749.849976	175
1754.279907	181
1758.709961	177
1763.139893	190
1767.569946	186
1771.999878	185
1776.429932	178
1780.859985	189
1785.289917	177
1789.719971	176
1794.149902	192
1798.579956	184
1803.009888	190
1807.439941	186
1811.869873	173
1816.299927	182
1820.729980	187
1825.159912	185
1829.589966	181
1834.019897	189
1838.449951	193
1842.879883	198
1847.309937	180
1851.739868	181
1856.169922	191
1860.599976	197
1865.029907	190
1869.459961	190
1873.889893	192
1878.319946	200
1882.749878	188
1887.179932	173
1891.609985	178
1896.039917	182
1900.469971	194
1904.899902	185
1909.329956	185
1913.759888	192
1918.189941	181
1922.619873	175
1927.049927	170
1931.479980	182
1935.909912	190
1940.339966	200
1944.769897	192
1949.199951	182
1953.629883	186
1958.059937	190
1962.489868	183
1966.919922	187
1971.349976	190
1975.779907	186
1980.209961	203
1984.639893	198
1989.069946	199
1993.499878	208
1997.929932	207
2002.359863	208
2006.789917	204
2011.219971	198
2015.649902	214
2020.079956	242
2024.509888	243
2028.939941	251
2033.369873	251
2037.799927	234
2042.229980	222
2046.659912	222
2051.089844	218
2055.520020	203
2059.949951	206
2064.379883	203
2068.809814	182
2073.239990	192
2077.669922	205
2082.099854	183
2086.530029	199
2090.959961	188
2095.389893	194
2099.819824	198
2104.250000	198
2108.679932	204
2113.109863	196
2117.540039	188
2121.969971	182
2126.399902	194
2130.829834	195
2135.260010	195
2139.689941	195
2144.119873	184
2148.549805	181
2152.979980	181
2157.409912	177
2161.839844	187
2166.270020	193
2170.699951	184
2175.129883	173
2179.559814	179
2183.989990	186
2188.419922	198
2192.849854	184
2197.280029	195
2201.709961	192
2206.139893	186
2210.569824	188
2215.000000	189
2219.429932	175
2223.859863	178
2228.289795	190
2232.719971	187
2237.149902	190
2241.579834	198
2246.010010	192
2250.439941	188
2254.869873	185
2259.299805	198
2263.729980	204
2268.159912	195
2272.589844	207
2277.020020	193
2281.449951	187
2285.879883	183
2290.309814	195
2294.739990	189
2299.169922	183
2303.599854	183
2308.030029	200
2312.459961	194
2316.889893	203
2321.319824	203
2325.750000	192
2330.179932	203
2334.609863	192
2339.039795	200
2343.469971	199
2347.899902	201
2352.329834	198
2356.760010	196
2361.189941	214
2365.619873	220
2370.049805	208
2374.479980	204
2378.909912	193
2383.339844	200
2387.770020	198
2392.199951	198
2396.629883	191
2401.059814	188
2405.489990	196
2409.919922	214
2414.349854	212
2418.779785	210
2423.209961	204
2427.639893	204
2432.069824	203
2436.500000	212
2440.929932	218
2445.359863	208
2449.789795	190
2454.219971	206
2458.649902	206
2463.079834	193
2467.510010	178
2471.939941	189
2476.369873	207
2480.799805	200
2485.229980	201
2489.659912	201
2494.089844	210
2498.520020	196
2502.949951	196
2507.379883	206
2511.809814	206
2516.239990	209
2520.669922	210
2525.099854	206
2529.529785	199
2533.959961	210
2538.389893	194
2542.819824	204
2547.250000	199
2551.679932	182
2556.109863	191
2560.539795	194
2564.969971	193
2569.399902	190
2573.829834	198
2578.260010	197
2582.689941	189
2587.119873	203
2591.549805	205
2595.979980	214
2600.409912	214
2604.839844	206
2609.270020	202
2613.699951	202
2618.129883	214
2622.559814	204
2626.989990	198
2631.419922	207
2635.849854	208
2640.279785	201
2644.709961	199
2649.139893	204
2653.569824	206
2658.000000	205
2662.429932	196
2666.859863	192
2671.289795	199
2675.719971	203
2680.149902	199
2684.579834	203
2689.010010	192
2693.439941	201
2697.869873	214
2702.299805	202
2706.729980	190
2711.159912	206
2715.589844	202
2720.019775	199
2724.449951	202
2728.879883	206
2733.309814	215
2737.739990	214
2742.169922	209
2746.599854	209
2751.029785	208
2755.459961	192
2759.889893	195
2764.319824	199
2768.750000	195
2773.179932	202
2777.609863	198
2782.039795	194
2786.469971	206
2790.899902	196
2795.329834	194
2799.760010	201
2804.189941	198
2808.619873	211
2813.049805	215
2817.479980	215
2821.909912	205
2826.339844	206
2830.769775	207
2835.199951	199
2839.629883	205
2844.059814	209
2848.489990	212
2852.919922	203
2857.349854	190
2861.779785	200
2866.209961	210
2870.639893	200
2875.069824	207
2879.500000	207
2883.929932	208
2888.359863	198
2892.789795	223
2897.219971	210
2901.649902	200
2906.079834	216
2910.509766	202
2914.939941	201
2919.369873	214
2923.799805	224
2928.229980	217
2932.659912	220
2937.089844	214
2941.519775	215
2945.949951	213
2950.379883	205
2954.809814	198
2959.239990	218
2963.669922	216
2968.099854	214
2972.529785	218
2976.959961	206
2981.389893	209
2985.819824	211
2990.250000	203
2994.679932	205
2999.109863	200
3003.539795	205
3007.969971	215
3012.399902	215
3016.829834	216
3021.259766	213
3025.689941	219
3030.119873	234
3034.549805	212
3038.979980	215
3043.409912	222
3047.839844	216
3052.269775	204
3056.699951	211
3061.129883	208
3065.559814	212
3069.989990	220
3074.419922	227
3078.849854	225
3083.279785	218
3087.709961	203
3092.139893	201
3096.569824	199
3101.000000	199
3105.429932	201
3109.859863	206
3114.289795	198
3118.719971	198
3123.149902	213
3127.579834	225
3132.009766	217
3136.439941	212
3140.869873	219
3145.299805	228
3149.729980	226
3154.159912	220
3158.589844	206
3163.019775	200
3167.449951	211
3171.879883	218
3176.309814	220
3180.739990	206
3185.169922	203
3189.599854	208
3194.029785	206
3198.459961	199
3202.889893	214
3207.319824	212
3211.749756	207
3216.179932	201
3220.609863	202
3225.039795	218
3229.469971	224
3233.899902	210
3238.329834	213
3242.759766	214
3247.189941	199
3251.619873	205
3256.049805	224
3260.479980	230
3264.909912	208
3269.339844	220
3273.769775	224
3278.199951	212
3282.629883	208
3287.059814	213
3291.489990	204
3295.919922	210
3300.349854	212
3304.779785	210
3309.209961	211
3313.639893	214
3318.069824	216
3322.499756	214
3326.929932	212
3331.359863	219
3335.789795	221
3340.219971	221
3344.649902	211
3349.079834	220
3353.509766	209
3357.939941	199
3362.369873	213
3366.799805	223
3371.229980	212
3375.659912	217
3380.089844	212
3384.519775	210
3388.949951	210
3393.379883	208
3397.809814	223
3402.239746	209
3406.669922	227
3411.099854	238
3415.529785	228
3419.959961	203
3424.389893	225
3428.819824	240
3433.249756	228
3437.679932	224
3442.109863	232
3446.539795	226
3450.969971	222
3455.399902	231
3459.829834	237
3464.259766	243
3468.689941	230
3473.119873	228
3477.549805	241
3481.979980	251
3486.409912	242
3490.839844	232
3495.269775	241
3499.699951	237
3504.129883	244
3508.559814	239
3512.989746	245
3517.419922	257
3521.849854	255
3526.279785	253
3530.709961	255
3535.139893	250
3539.569824	263
3543.999756	267
3548.429932	274
3552.859863	279
3557.289795	274
3561.719971	278
3566.149902	278
3570.579834	286
3575.009766	299
3579.439941	289
3583.869873	302
3588.299805	318
3592.729980	307
3597.159912	302
3601.589844	312
3606.019775	321
3610.449951	321
3614.879883	335
3619.309814	344
3623.739746	363
3628.169922	375
3632.599854	374
3637.029785	360
3641.459961	370
3645.889893	387
3650.319824	400
3654.749756	413
3659.179932	435
3663.609863	446
3668.039795	453
3672.469971	448
3676.899902	459
3681.329834	488
3685.759766	516
3690.189941	550
3694.619873	561
3699.049805	556
3703.479736	574
3707.909912	593
3712.339844	620
3716.769775	639
3721.199951	658
3725.629883	698
3730.059814	746
3734.489746	768
3738.919922	802
3743.349854	838
3747.779785	883
3752.209961	940
3756.639893	937
3761.069824	963
3765.499756	1015
3769.929932	1069
3774.359863	1127
3778.789795	1157
3783.219971	1191
3787.649902	1229
3792.079834	1286
3796.509766	1344
3800.939941	1425
3805.369873	1495
3809.799805	1569
3814.229736	1671
3818.659912	1786
3823.089844	1848
3827.519775	1972
3831.949951	2088
3836.379883	2163
3840.809814	2235
3845.239746	2329
3849.669922	2449
3854.099854	2502
3858.529785	2598
3862.959961	2717
3867.389893	2788
3871.819824	2847
3876.249756	2925
3880.679932	2997
3885.109863	3029
3889.539795	3131
3893.969971	3228
3898.399902	3244
3902.829834	3288
3907.259766	3375
3911.689941	3417
3916.119873	3474
3920.549805	3522
3924.979736	3537
3929.409912	3598
3933.839844	3643
3938.269775	3665
3942.699951	3681
3947.129883	3684
3951.559814	3681
3955.989746	3685
3960.419922	3721
3964.849854	3764
3969.279785	3763
3973.709961	3737
3978.139893	3748
3982.569824	3777
3986.999756	3776
3991.429932	3743
3995.859863	3750
4000.289795	3743
4004.719727	3731
4009.149902	3738
4013.579834	3763
4018.009766	3762
4022.439941	3716
4026.869873	3709
4031.299805	3710
4035.729736	3717
4040.159912	3715
4044.589844	3680
4049.019775	3667
4053.449951	3661
4057.879883	3674
4062.309814	3682
4066.739746	3641
4071.169922	3625
4075.599854	3607
4080.029785	3584
4084.459961	3576
4088.889893	3554
4093.319824	3516
4097.750000	3523
4102.179688	3491
4106.609863	3471
4111.040039	3482
4115.469727	3463
4119.899902	3470
4124.330078	3456
4128.759766	3449
4133.189941	3441
4137.619629	3432
4142.049805	3434
4146.479980	3432
4150.909668	3437
4155.339844	3435
4159.770020	3436
4164.199707	3416
4168.629883	3394
4173.060059	3433
4177.489746	3422
4181.919922	3399
4186.349609	3405
4190.779785	3414
4195.209961	3402
4199.639648	3358
4204.069824	3326
4208.500000	3300
4212.929688	3257
4217.359863	3269
4221.790039	3293
4226.219727	3264
4230.649902	3218
4235.080078	3225
4239.509766	3207
4243.939941	3180
4248.369629	3181
4252.799805	3161
4257.229980	3136
4261.659668	3137
4266.089844	3109
4270.520020	3095
4274.949707	3065
4279.379883	3049
4283.810059	3064
4288.239746	3044
4292.669922	3028
4297.099609	3039
4301.529785	3049
4305.959961	3050
4310.389648	3042
4314.819824	3032
4319.250000	3020
4323.679688	3027
4328.109863	3041
4332.540039	3048
4336.969727	3002
4341.399902	2999
4345.829590	3033
4350.259766	3037
4354.689941	3032
4359.119629	3043
4363.549805	3044
4367.979980	3062
4372.409668	3122
4376.839844	3149
4381.270020	3156
4385.699707	3174
4390.129883	3211
4394.560059	3225
4398.989746	3237
4403.419922	3262
4407.849609	3282
4412.279785	3294
4416.709961	3271
4421.139648	3278
4425.569824	3311
4430.000000	3337
4434.429688	3364
4438.859863	3346
4443.290039	3389
4447.719727	3385
4452.149902	3340
4456.579590	3377
4461.009766	3373
4465.439941	3337
4469.869629	3331
4474.299805	3362
4478.729980	3338
4483.159668	3304
4487.589844	3306
4492.020020	3277
4496.449707	3291
4500.879883	3301
4505.310059	3314
4509.739746	3308
4514.169922	3277
4518.599609	3265
4523.029785	3256
4527.459961	3226
4531.889648	3214
4536.319824	3220
4540.750000	3232
4545.179688	3236
4549.609863	3233
4554.040039	3199
4558.469727	3184
4562.899902	3197
4567.329590	3230
4571.759766	3225
4576.189941	3226
4580.619629	3240
4585.049805	3237
4589.479980	3279
4593.909668	3276
4598.339844	3304
4602.770020	3354
4607.199707	3377
4611.629883	3432
4616.060059	3492
4620.489746	3490
4624.919922	3561
4629.349609	3621
4633.779785	3638
4638.209961	3663
4642.639648	3734
4647.069824	3767
4651.500000	3800
4655.929688	3827
4660.359863	3878
4664.790039	3947
4669.219727	3965
4673.649902	4023
4678.079590	4076
4682.509766	4095
4686.939941	4153
4691.369629	4222
4695.799805	4255
4700.229980	4299
4704.659668	4338
4709.089844	4358
4713.520020	4400
4717.949707	4456
4722.379883	4478
4726.810059	4502
4731.239746	4564
4735.669922	4611
4740.099609	4636
4744.529785	4681
4748.959961	4721
4753.389648	4743
4757.819824	4720
4762.250000	4780
4766.679688	4826
4771.109863	4812
4775.540039	4857
4779.969727	4912
4784.399902	4912
4788.829590	4922
4793.259766	4962
4797.689941	4969
4802.119629	4953
4806.549805	4991
4810.979980	4980
4815.409668	4971
4819.839844	5010
4824.270020	5035
4828.699707	5055
4833.129883	5080
4837.559570	5104
4841.989746	5084
4846.419922	5060
4850.849609	5097
4855.279785	5104
4859.709961	5089
4864.139648	5079
4868.569824	5082
4873.000000	5079
4877.429688	5086
4881.859863	5119
4886.290039	5138
4890.719727	5131
4895.149902	5113
4899.579590	5141
4904.009766	5130
4908.439941	5098
4912.869629	5122
4917.299805	5144
4921.729980	5144
4926.159668	5115
4930.589844	5108
4935.020020	5130
4939.449707	5113
4943.879883	5154
4948.309570	5157
4952.739746	5129
4957.169922	5112
4961.599609	5101
4966.029785	5115
4970.459961	5124
4974.889648	5082
4979.319824	5075
4983.750000	5073
4988.179688	5092
4992.609863	5092
4997.040039	5053
5001.469727	5035
5005.899902	5050
5010.329590	5055
5014.759766	5035
5019.189941	5013
5023.619629	5007
5028.049805	5018
5032.479980	5019
5036.909668	4992
5041.339844	4975
5045.770020	4945
5050.199707	4944
5054.629883	4966
5059.059570	4958
5063.489746	4968
5067.919922	4971
5072.349609	4944
5076.779785	4907
5081.209961	4911
5085.639648	4916
5090.069824	4925
5094.500000	4908
5098.929688	4888
5103.359863	4881
5107.790039	4913
5112.219727	4904
5116.649902	4857
5121.079590	4856
5125.509766	4874
5129.939941	4840
5134.369629	4827
5138.799805	4821
5143.229980	4813
5147.659668	4821
5152.089844	4784
5156.520020	4776
5160.949707	4789
5165.379883	4782
5169.809570	4754
5174.239746	4742
5178.669922	4734
5183.099609	4723
5187.529785	4708
5191.959961	4715
5196.389648	4730
5200.819824	4727
5205.250000	4696
5209.679688	4681
5214.109863	4680
5218.540039	4648
5222.969727	4655
5227.399902	4656
5231.829590	4630
5236.259766	4620
5240.689941	4586
5245.119629	4579
5249.549805	4568
5253.979980	4557
5258.409668	4592
5262.839844	4585
5267.270020	4565
5271.699707	4559
5276.129883	4539
5280.559570	4550
5284.989746	4528
5289.419922	4457
5293.849609	4476
5298.279785	4510
5302.709961	4475
5307.139648	4474
5311.569824	4474
5316.000000	4469
5320.429688	4460
5324.859863	4464
5329.289551	4447
5333.719727	4432
5338.149902	4402
5342.579590	4403
5347.009766	4395
5351.439941	4364
5355.869629	4345
5360.299805	4323
5364.729980	4336
5369.159668	4342
5373.589844	4316
5378.020020	4315
5382.449707	4291
5386.879883	4290
5391.309570	4284
5395.739746	4260
5400.169922	4258
5404.599609	4282
5409.029785	4251
5413.459961	4200
5417.889648	4233
5422.319824	4222
5426.750000	4200
5431.179688	4189
5435.609863	4171
5440.039551	4204
5444.469727	4197
5448.899902	4165
5453.329590	4144
5457.759766	4117
5462.189941	4122
5466.619629	4119
5471.049805	4110
5475.479980	4092
5479.909668	4102
5484.339844	4088
5488.770020	4064
5493.199707	4048
5497.629883	4036
5502.059570	4004
5506.489746	4015
5510.919922	4049
5515.349609	4019
5519.779785	3990
5524.209961	4001
5528.639648	3956
5533.069824	3951
5537.500000	3973
5541.929688	3927
5546.359863	3936
5550.789551	3941
5555.219727	3914
5559.649902	3877
5564.079590	3874
5568.509766	3883
5572.939941	3859
5577.369629	3836
5581.799805	3811
5586.229980	3803
5590.659668	3806
5595.089844	3833
5599.520020	3843
5603.949707	3828
5608.379883	3807
5612.809570	3798
5617.239746	3776
5621.669922	3733
5626.099609	3744
5630.529785	3744
5634.959961	3682
5639.389648	3683
5643.819824	3704
5648.250000	3702
5652.679688	3675
5657.109863	3699
5661.539551	3698
5665.969727	3677
5670.399902	3647
5674.829590	3672
5679.259766	3676
5683.689941	3640
5688.119629	3627
5692.549805	3614
5696.979980	3613
5701.409668	3628
5705.839844	3621
5710.270020	3573
5714.699707	3568
5719.129883	3606
5723.559570	3569
5727.989746	3536
5732.419922	3570
5736.849609	3580
5741.279785	3552
5745.709961	3534
5750.139648	3545
5754.569824	3570
5759.000000	3573
5763.429688	3593
5767.859863	3603
5772.289551	3591
5776.719727	3602
5781.149902	3619
5785.579590	3617
5790.009766	3651
5794.439941	3677
5798.869629	3678
5803.299805	3664
5807.729980	3676
5812.159668	3704
5816.589844	3702
5821.019531	3705
5825.449707	3731
5829.879883	3745
5834.309570	3756
5838.739746	3756
5843.169922	3759
5847.599609	3749
5852.029785	3740
5856.459961	3726
5860.889648	3705
5865.319824	3730
5869.750000	3706
5874.179688	3696
5878.609863	3719
5883.039551	3732
5887.469727	3702
5891.899902	3672
5896.329590	3670
5900.759766	3676
5905.189941	3666
5909.619629	3694
5914.049805	3673
5918.479980	3627
5922.909668	3625
5927.339844	3634
5931.769531	3597
5936.199707	3545
5940.629883	3562
5945.059570	3578
5949.489746	3588
5953.919922	3573
5958.349609	3556
5962.779785	3553
5967.209961	3522
5971.639648	3499
5976.069824	3476
5980.500000	3455
5984.929688	3440
5989.359863	3436
5993.789551	3427
5998.219727	3401
6002.649902	3401
6007.079590	3387
6011.509766	3376
6015.939941	3380
6020.369629	3352
6024.799805	3326
6029.229980	3306
6033.659668	3277
6038.089844	3262
6042.519531	3237
6046.949707	3212
6051.379883	3211
6055.809570	3209
6060.239746	3190
6064.669922	3176
6069.099609	3140
6073.529785	3122
6077.959961	3079
6082.389648	3061
6086.819824	3029
6091.250000	3049
6095.679688	3022
6100.109863	2990
6104.539551	2991
6108.969727	2971
6113.399902	2948
6117.829590	2926
6122.259766	2919
6126.689941	2927
6131.119629	2912
6135.549805	2886
6139.979980	2878
6144.409668	2879
6148.839844	2840
6153.269531	2818
6157.699707	2803
6162.129883	2805
6166.559570	2813
6170.989746	2796
6175.419922	2778
6179.849609	2737
6184.279785	2731
6188.709961	2740
6193.139648	2694
6197.569824	2668
6202.000000	2688
6206.429688	2688
6210.859863	2633
6215.289551	2626
6219.719727	2662
6224.149902	2638
6228.579590	2601
6233.009766	2594
6237.439941	2588
6241.869629	2599
6246.299805	2588
6250.729980	2563
6255.159668	2545
6259.589844	2512
6264.019531	2528
6268.449707	2527
6272.879883	2478
6277.309570	2474
6281.739746	2497
6286.169922	2475
6290.599609	2466
6295.029785	2478
6299.459961	2512
6303.889648	2447
6308.319824	2430
6312.749512	2459
6317.179688	2423
6321.609863	2401
6326.039551	2400
6330.469727	2418
6334.899902	2399
6339.329590	2389
6343.759766	2387
6348.189941	2363
6352.619629	2355
6357.049805	2362
6361.479980	2371
6365.909668	2351
6370.339844	2330
6374.769531	2316
6379.199707	2321
6383.629883	2333
6388.059570	2316
6392.489746	2315
6396.919922	2336
6401.349609	2317
6405.779785	2292
6410.209961	2276
6414.639648	2293
6419.069824	2307
6423.499512	2284
6427.929688	2308
6432.359863	2312
6436.789551	2257
6441.219727	2212
6445.649902	2238
6450.079590	2285
6454.509766	2286
6458.939941	2256
6463.369629	2222
6467.799805	2192
6472.229980	2230
6476.659668	2264
6481.089844	2240
6485.519531	2193
6489.949707	2203
6494.379883	2181
6498.809570	2172
6503.239746	2185
6507.669922	2184
6512.099609	2177
6516.529785	2195
6520.959961	2195
6525.389648	2156
6529.819824	2171
6534.249512	2187
6538.679688	2189
6543.109863	2199
6547.539551	2190
6551.969727	2165
6556.399902	2176
6560.829590	2195
6565.259766	2216
6569.689941	2227
6574.119629	2233
6578.549805	2236
6582.979980	2264
6587.409668	2299
6591.839844	2325
6596.269531	2298
6600.699707	2270
6605.129883	2256
6609.559570	2272
6613.989746	2281
6618.419922	2244
6622.849609	2205
6627.279785	2196
6631.709961	2203
6636.139648	2171
6640.569824	2151
6644.999512	2169
6649.429688	2173
6653.859863	2150
6658.289551	2144
6662.719727	2180
6667.149902	2169
6671.579590	2177
6676.009766	2185
6680.439941	2147
6684.869629	2167
6689.299805	2199
6693.729980	2193
6698.159668	2167
6702.589844	2169
6707.019531	2194
6711.449707	2189
6715.879883	2213
6720.309570	2199
6724.739746	2208
6729.169922	2212
6733.599609	2204
6738.029785	2209
6742.459961	2217
6746.889648	2229
6751.319824	2234
6755.749512	2257
6760.179688	2248
6764.609863	2216
6769.039551	2225
6773.469727	2240
6777.899902	2239
6782.329590	2212
6786.759766	2220
6791.189941	2227
6795.619629	2209
6800.049805	2197
6804.479492	2224
6808.909668	2245
6813.339844	2240
6817.769531	2237
6822.199707	2206
6826.629883	2239
6831.059570	2225
6835.489746	2180
6839.919922	2128
6844.349609	2105
6848.779785	2096
6853.209961	2090
6857.639648	2100
6862.069824	2072
6866.499512	2043
6870.929688	2040
6875.359863	2054
6879.789551	2053
6884.219727	2068
6888.649902	2102
6893.079590	2106
6897.509766	2119
6901.939941	2138
6906.369629	2151
6910.799805	2144
6915.229492	2157
6919.659668	2185
6924.089844	2165
6928.519531	2175
6932.949707	2205
6937.379883	2215
6941.809570	2217
6946.239746	2215
6950.669922	2225
6955.099609	2239
6959.529785	2265
6963.959961	2308
6968.389648	2288
6972.819824	2256
6977.249512	2252
6981.679688	2219
6986.109863	2242
6990.539551	2240
6994.969727	2236
6999.399902	2287
7003.829590	2292
7008.259766	2298
7012.689941	2268
7017.119629	2276
7021.549805	2299
7025.979492	2291
7030.409668	2279
7034.839844	2274
7039.269531	2261
7043.699707	2267
7048.129883	2238
7052.559570	2236
7056.989746	2258
7061.419922	2282
7065.849609	2282
7070.279785	2270
7074.709961	2251
7079.139648	2245
7083.569824	2242
7087.999512	2225
7092.429688	2215
7096.859863	2214
7101.289551	2222
7105.719727	2225
7110.149902	2205
7114.579590	2192
7119.009766	2183
7123.439941	2193
7127.869629	2172
7132.299805	2136
7136.729492	2094
7141.159668	2073
7145.589844	2081
7150.019531	2091
7154.449707	2058
7158.879883	2034
7163.309570	2023
7167.739746	2024
7172.169922	1990
7176.599609	1953
7181.029785	1966
7185.459961	1942
7189.889648	1932
7194.319824	1908
7198.749512	1941
7203.179688	1950
7207.609863	1889
7212.039551	1871
7216.469727	1871
7220.899902	1843
7225.329590	1834
7229.759766	1817
7234.189941	1827
7238.619629	1810
7243.049805	1794
7247.479492	1797
7251.909668	1807
7256.339844	1783
7260.769531	1775
7265.199707	1762
7269.629883	1734
7274.059570	1737
7278.489746	1729
7282.919922	1718
7287.349609	1728
7291.779785	1716
7296.209961	1680
7300.639648	1676
7305.069824	1679
7309.499512	1676
7313.929688	1683
7318.359863	1700
7322.789551	1691
7327.219727	1678
7331.649902	1673
7336.079590	1641
7340.509766	1628
7344.939941	1636
7349.369629	1641
7353.799805	1612
7358.229492	1629
7362.659668	1638
7367.089844	1637
7371.519531	1629
7375.949707	1622
7380.379883	1613
7384.809570	1593
7389.239746	1575
7393.669922	1558
7398.099609	1551
7402.529785	1565
7406.959473	1528
7411.389648	1538
7415.819824	1519
7420.249512	1501
7424.679688	1514
7429.109863	1504
7433.539551	1480
7437.969727	1442
7442.399902	1448
7446.829590	1445
7451.259766	1443
7455.689941	1446
7460.119629	1436
7464.549805	1410
7468.979492	1392
7473.409668	1366
7477.839844	1349
7482.269531	1349
7486.699707	1320
7491.129883	1324
7495.559570	1319
7499.989746	1316
7504.419922	1294
7508.849609	1291
7513.279785	1265
7517.709473	1244
7522.139648	1223
7526.569824	1211
7530.999512	1218
7535.429688	1196
7539.859863	1166
7544.289551	1154
7548.719727	1126
7553.149902	1086
7557.579590	1062
7562.009766	1044
7566.439941	1013
7570.869629	957
7575.299805	927
7579.729492	897
7584.159668	861
7588.589844	836
7593.019531	819
7597.449707	810
7601.879883	790
7606.309570	794
7610.739746	777
7615.169922	759
7619.599609	763
7624.029785	758
7628.459473	758
7632.889648	778
7637.319824	787
7641.749512	791
7646.179688	788
7650.609863	802
7655.039551	798
7659.469727	803
7663.899902	796
7668.329590	802
7672.759766	825
7677.189941	851
7681.619629	826
7686.049805	802
7690.479492	790
7694.909668	818
7699.339844	829
7703.769531	826
7708.199707	799
7712.629883	800
7717.059570	812
7721.489746	792
7725.919922	795
7730.349609	798
7734.779785	794
7739.209473	808
7743.639648	791
7748.069824	771
7752.499512	755
7756.929688	729
7761.359863	724
7765.789551	735
7770.219727	725
7774.649902	717
7779.079590	705
7783.509766	706
7787.939941	695
7792.369629	679
7796.799805	668
7801.229492	651
7805.659668	637
7810.089844	622
7814.519531	624
7818.949707	631
7823.379883	627
7827.809570	610
7832.239746	586
7836.669922	593
7841.099609	594
7845.529785	587
7849.959473	570
7854.389648	561
7858.819824	557
7863.249512	568
7867.679688	550
7872.109863	536
7876.539551	553
7880.969727	556
7885.399902	543
7889.829590	532
7894.259766	561
7898.689453	580
7903.119629	571
7907.549805	550
7911.979492	555
7916.409668	572
7920.839844	560
7925.269531	559
7929.699707	578
7934.129883	584
7938.559570	593
7942.989746	582
7947.419922	567
7951.849609	581
7956.279785	577
7960.709473	572
7965.139648	578
7969.569824	576
7973.999512	590
7978.429688	580
7982.859863	570
7987.289551	591
7991.719727	582
7996.149902	580
8000.579590	593
8005.009766	587
8009.439453	585
8013.869629	589
8018.299805	588
8022.729492	576
8027.159668	562
8031.589844	558
8036.019531	562
8040.449707	564
8044.879883	569
8049.309570	546
8053.739746	555
8058.169922	550
8062.599609	561
8067.029785	543
8071.459473	523
8075.889648	517
8080.319824	514
8084.749512	513
8089.179688	505
8093.609863	513
8098.039551	496
8102.469727	489
8106.899902	492
8111.329590	487
8115.759766	488
8120.189453	459
8124.619629	451
8129.049805	440
8133.479492	443
8137.909668	442
8142.339844	432
8146.769531	446
8151.199707	441
8155.629883	426
8160.059570	409
8164.489746	409
8168.919922	405
8173.349609	388
8177.779785	397
8182.209473	397
8186.639648	390
8191.069824	386
8195.500000	380
8199.929688	358
8204.359375	363
8208.790039	351
8213.219727	356
8217.649414	373
8222.080078	373
8226.509766	372
8230.939453	382
8235.370117	379
8239.799805	366
8244.229492	358
8248.660156	372
8253.089844	374
8257.519531	375
8261.949219	371
8266.379883	374
8270.809570	374
8275.239258	387
8279.669922	403
8284.099609	383
8288.529297	375
8292.959961	393
8297.389648	389
8301.819336	389
8306.250000	395
8310.679688	400
8315.109375	393
8319.540039	421
8323.969727	429
8328.399414	404
8332.830078	414
8337.259766	419
8341.689453	421
8346.120117	431
8350.549805	429
8354.979492	429
8359.410156	419
8363.839844	428
8368.269531	433
8372.699219	437
8377.129883	424
8381.559570	435
8385.989258	449
8390.419922	441
8394.849609	452
8399.279297	456
8403.709961	430
8408.139648	423
8412.569336	423
8417.000000	453
8421.429688	443
8425.859375	446
8430.290039	446
8434.719727	443
8439.149414	430
8443.580078	422
8448.009766	429
8452.439453	436
8456.870117	455
8461.299805	452
8465.729492	439
8470.160156	449
8474.589844	456
8479.019531	445
8483.449219	443
8487.879883	428
8492.309570	432
8496.739258	442
8501.169922	438
8505.599609	433
8510.029297	432
8514.459961	428
8518.889648	427
8523.319336	426
8527.750000	437
8532.179688	442
8536.609375	434
8541.040039	431
8545.469727	434
8549.899414	425
8554.330078	436
8558.759766	428
8563.189453	426
8567.620117	397
8572.049805	389
8576.479492	405
8580.909180	420
8585.339844	402
8589.769531	393
8594.199219	384
8598.629883	374
8603.059570	363
8607.489258	384
8611.919922	380
8616.349609	367
8620.779297	360
8625.209961	362
8629.639648	372
8634.069336	372
8638.500000	367
8642.929688	362
8647.359375	356
8651.790039	352
8656.219727	345
8660.649414	353
8665.080078	348
8669.509766	334
8673.939453	317
8678.370117	313
8682.799805	303
8687.229492	304
8691.659180	306
8696.089844	308
8700.519531	306
8704.949219	299
8709.379883	305
8713.809570	298
8718.239258	300
8722.669922	299
8727.099609	301
8731.529297	281
8735.959961	282
8740.389648	280
8744.819336	275
8749.250000	263
8753.679688	259
8758.109375	260
8762.540039	254
8766.969727	279
8771.399414	287
8775.830078	277
8780.259766	276
8784.689453	260
8789.120117	258
8793.549805	262
8797.979492	259
8802.409180	269
8806.839844	274
8811.269531	253
8815.699219	254
8820.129883	262
8824.559570	251
8828.989258	244
8833.419922	257
8837.849609	260
8842.279297	261
8846.709961	247
8851.139648	253
8855.569336	247
8860.000000	237
8864.429688	237
8868.859375	235
8873.290039	251
8877.719727	252
8882.149414	249
8886.580078	259
8891.009766	255
8895.439453	251
8899.870117	251
8904.299805	247
8908.729492	236
8913.159180	240
8917.589844	253
8922.019531	249
8926.449219	239
8930.879883	222
8935.309570	225
8939.739258	234
8944.169922	234
8948.599609	237
8953.029297	244
8957.459961	247
8961.889648	247
8966.319336	241
8970.750000	247
8975.179688	241
8979.609375	231
8984.040039	253
8988.469727	261
8992.899414	249
8997.330078	257
9001.759766	268
9006.189453	266
9010.620117	256
9015.049805	243
9019.479492	239
9023.909180	239
9028.339844	247
9032.769531	249
9037.199219	247
9041.629883	237
9046.059570	241
9050.489258	248
9054.919922	230
9059.349609	235
9063.779297	242
9068.209961	237
9072.639648	242
9077.069336	250
9081.500000	256
9085.929688	252
9090.359375	248
9094.790039	258
9099.219727	252
9103.649414	249
9108.080078	262
9112.509766	249
9116.939453	246
9121.370117	250
9125.799805	249
9130.229492	258
9134.659180	256
9139.089844	250
9143.519531	247
9147.949219	257
9152.379883	251
9156.809570	249
9161.239258	244
9165.669922	235
9170.099609	245
9174.529297	247
9178.959961	253
9183.389648	261
9187.819336	250
9192.250000	249
9196.679688	252
9201.109375	249
9205.540039	244
9209.969727	252
9214.399414	239
9218.830078	245
9223.259766	239
9227.689453	244
9232.120117	260
9236.549805	258
9240.979492	263
9245.409180	266
9249.839844	261
9254.269531	254
9258.699219	239
9263.129883	240
9267.559570	250
9271.989258	248
9276.419922	238
9280.849609	229
9285.279297	245
9289.709961	232
9294.139648	229
9298.569336	238
9303.000000	232
9307.429688	231
9311.859375	247
9316.290039	247
9320.719727	250
9325.149414	248
9329.580078	238
9334.009766	233
9338.439453	252
9342.870117	249
9347.299805	249
9351.729492	245
9356.159180	234
9360.589844	245
9365.019531	230
9369.449219	247
9373.879883	261
9378.309570	259
9382.739258	237
9387.169922	235
9391.599609	240
9396.029297	246
9400.459961	248
9404.889648	255
9409.319336	259
9413.750000	260
9418.179688	259
9422.609375	252
9427.040039	259
9431.469727	249
9435.899414	248
9440.330078	251
9444.759766	255
9449.189453	261
9453.620117	267
9458.049805	272
9462.479492	262
9466.909180	249
9471.339844	257
9475.769531	273
9480.199219	290
9484.629883	286
9489.059570	269
9493.489258	258
9497.919922	259
9502.349609	264
9506.779297	263
9511.209961	270
9515.639648	277
9520.069336	286
9524.500000	280
9528.929688	283
9533.359375	285
9537.790039	283
9542.219727	284
9546.649414	273
9551.080078	276
9555.509766	283
9559.939453	287
9564.370117	274
9568.799805	287
9573.229492	296
9577.659180	291
9582.089844	289
9586.519531	301
9590.949219	296
9595.379883	282
9599.809570	284
9604.239258	285
9608.669922	287
9613.099609	291
9617.529297	294
9621.959961	278
9626.389648	285
9630.819336	311
9635.250000	322
9639.679688	317
9644.109375	315
9648.540039	315
9652.969727	308
9657.399414	312
9661.830078	307
9666.259766	310
9670.689453	311
9675.119141	308
9679.549805	301
9683.979492	291
9688.409180	291
9692.839844	284
9697.269531	299
9701.699219	296
9706.129883	300
9710.559570	299
9714.989258	298
9719.419922	303
9723.849609	316
9728.279297	323
9732.709961	312
9737.139648	328
9741.569336	310
9746.000000	315
9750.429688	318
9754.859375	322
9759.290039	321
9763.719727	300
9768.149414	300
9772.580078	313
9777.009766	325
9781.439453	327
9785.869141	327
9790.299805	311
9794.729492	321
9799.159180	315
9803.589844	306
9808.019531	302
9812.449219	306
9816.879883	312
9821.309570	321
9825.739258	301
9830.169922	306
9834.599609	308
9839.029297	314
9843.459961	308
9847.889648	321
9852.319336	330
9856.750000	307
9861.179688	323
9865.609375	317
9870.040039	323
9874.469727	311
9878.899414	312
9883.330078	304
9887.759766	318
9892.189453	332
9896.619141	310
9901.049805	312
9905.479492	323
9909.909180	319
9914.339844	309
9918.769531	301
9923.199219	314
9927.629883	316
9932.059570	328
9936.489258	323
9940.919922	323
9945.349609	327
9949.779297	320
9954.209961	323
9958.639648	328
9963.069336	314
9967.500000	320
9971.929688	306
9976.359375	303
9980.790039	301
9985.219727	293
9989.649414	295
9994.080078	315
9998.509766	331
10002.939453	318
10007.369141	316
10011.799805	321
10016.229492	326
10020.659180	311
10025.089844	305
10029.519531	315
10033.949219	308
10038.379883	315
10042.809570	314
10047.239258	318
10051.669922	296
10056.099609	325
10060.529297	312
10064.959961	316
10069.389648	311
10073.819336	297
10078.250000	301
10082.679688	279
10087.109375	288
10091.540039	304
10095.969727	310
10100.399414	315
10104.830078	320
10109.259766	319
10113.689453	320
10118.119141	318
10122.549805	300
10126.979492	288
10131.409180	292
10135.839844	292
10140.269531	282
10144.699219	302
10149.129883	295
10153.559570	291
10157.989258	296
10162.419922	298
10166.849609	303
10171.279297	300
10175.709961	292
10180.139648	295
10184.569336	301
10189.000000	281
10193.429688	279
10197.859375	290
10202.290039	291
10206.719727	290
10211.149414	303
10215.580078	303
10220.009766	301
10224.439453	295
10228.869141	309
10233.299805	320
10237.729492	320
10242.159180	306
10246.589844	295
10251.019531	301
10255.449219	306
10259.879883	301
10264.309570	293
10268.739258	290
10273.169922	287
10277.599609	283
10282.029297	298
10286.459961	304
10290.889648	296
10295.319336	280
10299.750000	289
10304.179688	280
10308.609375	270
10313.040039	277
10317.469727	280
10321.899414	279
10326.330078	255
10330.759766	258
10335.189453	275
10339.619141	278
10344.049805	268
10348.479492	274
10352.909180	262
10357.339844	251
10361.769531	258
10366.199219	250
10370.629883	255
10375.059570	249
10379.489258	256
10383.919922	261
10388.349609	249
10392.779297	243
10397.209961	250
10401.639648	262
10406.069336	255
10410.500000	238
10414.929688	235
10419.359375	231
10423.790039	227
10428.219727	229
10432.649414	231
10437.080078	215
10441.509766	204
10445.939453	190
10450.369141	187
10454.799805	174
10459.229492	158
10463.659180	156
10468.089844	149
10472.519531	131
10476.949219	124
10481.379883	106
10485.809570	103
10490.239258	88
10494.669922	86
10499.099609	79
10503.529297	82
10507.959961	82
10512.389648	76
10516.819336	74
10521.250000	77
10525.679688	71
10530.109375	66
10534.540039	66
10538.969727	67
10543.399414	67
10547.830078	57
10552.259766	55
10556.689453	60
10561.119141	60
10565.549805	61
10569.979492	58
10574.409180	58
10578.839844	51
10583.269531	53
10587.699219	62
10592.129883	54
10596.559570	42
10600.989258	42
10605.419922	50
10609.849609	55
10614.279297	52
10618.709961	47
10623.139648	44
10627.569336	36
10632.000000	37
10636.429688	40
10640.859375	37
10645.290039	29
10649.719727	37
10654.149414	38
10658.579102	42
10663.009766	44
10667.439453	44
10671.869141	35
10676.299805	22
10680.729492	29
10685.159180	30
10689.589844	30
10694.019531	33
10698.449219	29
10702.879883	28
10707.309570	26
10711.739258	25
10716.169922	21
10720.599609	19
10725.029297	23
10729.459961	24
10733.889648	21
10738.319336	21
10742.750000	21
10747.179688	17
10751.609375	17
10756.040039	17
10760.469727	15
10764.899414	15
10769.329102	10
10773.759766	13
10778.189453	13
10782.619141	9
10787.049805	7
10791.479492	11
10795.909180	12
10800.339844	9
10804.769531	10
10809.199219	6
10813.629883	4
10818.059570	3
10822.489258	2
10826.919922	1
10831.349609	0
10835.779297	0
10840.209961	0
10844.639648	0
10849.069336	0
10853.500000	0
10857.929688	0
10862.359375	0
10866.790039	0
10871.219727	0
10875.649414	0
10880.079102	0
10884.509766	0
10888.939453	0
10893.369141	0
10897.799805	0
10902.229492	0
10906.659180	0
10911.089844	0
10915.519531	0
10919.949219	0
10924.379883	0
10928.809570	0
10933.239258	0
10937.669922	0
10942.099609	0
10946.529297	0
10950.959961	0
10955.389648	0
10959.819336	0
10964.250000	0
10968.679688	0
10973.109375	0
10977.540039	0
10981.969727	0
10986.399414	0
10990.829102	0
10995.259766	0
10999.689453	0
11004.119141	0
11008.549805	0
11012.979492	0
11017.409180	0
11021.839844	0
11026.269531	0
11030.699219	0
11035.129883	0
11039.559570	0
11043.989258	0
11048.419922	0
11052.849609	0
11057.279297	0
11061.709961	0
11066.139648	0
11070.569336	0
11075.000000	0
11079.429688	0
11083.859375	0
11088.290039	0
11092.719727	0
11097.149414	0
11101.579102	0
11106.009766	0
11110.439453	0
11114.869141	0
11119.299805	0
11123.729492	0
11128.159180	0
11132.589844	0
11137.019531	0
11141.449219	0
11145.879883	0
11150.309570	0
11154.739258	0
11159.169922	0
11163.599609	0
11168.029297	0
11172.459961	0
11176.889648	0
11181.319336	0
11185.750000	0
11190.179688	0
11194.609375	0
11199.040039	0
11203.469727	0
11207.899414	0
11212.329102	0
11216.759766	0
11221.189453	0
11225.619141	0
11230.049805	0
11234.479492	0
11238.909180	0
11243.339844	0
11247.769531	0
11252.199219	0
11256.629883	0
11261.059570	0
11265.489258	0
11269.919922	0
11274.349609	0
11278.779297	0
11283.209961	0
11287.639648	0
11292.069336	0
11296.500000	0
11300.929688	0
11305.359375	0
11309.790039	0
11314.219727	0
11318.649414	0
11323.079102	0
11327.509766	0
11331.939453	0
11336.369141	0
11340.799805	0
11345.229492	0
11349.659180	0
11354.089844	0
11358.519531	0
11362.949219	0
11367.379883	0
11371.809570	0
11376.239258	0
11380.669922	0
11385.099609	0
11389.529297	0
11393.959961	0
11398.389648	0
11402.819336	0
11407.250000	0
11411.679688	0
11416.109375	0
11420.540039	0
11424.969727	0
11429.399414	0
11433.829102	0
11438.259766	0
11442.689453	0
11447.119141	0
11451.549805	0
11455.979492	0
11460.409180	0
11464.839844	0
11469.269531	0
11473.699219	0
11478.129883	0
11482.559570	0
11486.989258	0
11491.419922	0
11495.849609	0
11500.279297	0
11504.709961	0
11509.139648	0
11513.569336	0
11518.000000	0
11522.429688	0
11526.859375	0
11531.290039	0
11535.719727	0
11540.149414	0
11544.579102	0
11549.009766	0
11553.439453	0
11557.869141	0
11562.299805	0
11566.729492	0
11571.159180	0
11575.589844	0
11580.019531	0
11584.449219	0
11588.879883	0
11593.309570	0
11597.739258	0
11602.169922	0
11606.599609	0
11611.029297	0
11615.459961	0
11619.889648	0
11624.319336	0
11628.750000	0
11633.179688	0
11637.609375	0
11642.039063	0
11646.469727	0
11650.899414	0
11655.329102	0
11659.759766	0
11664.189453	0
11668.619141	0
11673.049805	0
11677.479492	0
11681.909180	0
11686.339844	0
11690.769531	0
11695.199219	0
11699.629883	0
11704.059570	0
11708.489258	0
11712.919922	0
11717.349609	0
11721.779297	0
11726.209961	0
11730.639648	0
11735.069336	0
11739.500000	0
11743.929688	0
11748.359375	0
11752.789063	0
11757.219727	0
11761.649414	0
11766.079102	0
11770.509766	0
11774.939453	0
11779.369141	0
11783.799805	0
11788.229492	0
11792.659180	0
11797.089844	0
11801.519531	0
11805.949219	0
11810.379883	0
11814.809570	0
11819.239258	0
11823.669922	0
11828.099609	0
11832.529297	0
11836.959961	0
11841.389648	0
11845.819336	0
11850.250000	0
11854.679688	0
11859.109375	0
11863.539063	0
11867.969727	0
11872.399414	0
11876.829102	0
11881.259766	0
11885.689453	0
11890.119141	0
11894.549805	0
11898.979492	0
11903.409180	0
11907.839844	0
11912.269531	0
11916.699219	0
11921.129883	0
11925.559570	0
11929.989258	0
11934.419922	0
11938.849609	0
11943.279297	0
11947.709961	0
11952.139648	0
11956.569336	0
11961.000000	0
11965.429688	0
11969.859375	0
11974.289063	0
11978.719727	0
11983.149414	0
11987.579102	0
11992.009766	0
11996.439453	0
12000.869141	0
12005.299805	0
12009.729492	0
12014.159180	0
12018.589844	0
12023.019531	0
12027.449219	0
12031.879883	0
12036.309570	0
12040.739258	0
12045.169922	0
12049.599609	0
12054.029297	0
12058.459961	0
12062.889648	0
12067.319336	0
12071.750000	0
12076.179688	0
12080.609375	0
12085.039063	0
12089.469727	0
12093.899414	0
12098.329102	0
12102.759766	0
12107.189453	0
12111.619141	0
12116.049805	0
12120.479492	0
12124.909180	0
12129.339844	0
12133.769531	0
12138.199219	0
12142.629883	0
12147.059570	0
12151.489258	0
12155.919922	0
12160.349609	0
12164.779297	0
12169.209961	0
12173.639648	0
12178.069336	0
12182.500000	0
12186.929688	0
12191.359375	0
12195.789063	0
12200.219727	0
12204.649414	0
12209.079102	0
12213.509766	0
12217.939453	0
12222.369141	0
12226.799805	0
12231.229492	0
12235.659180	0
12240.089844	0
12244.519531	0
12248.949219	0
12253.379883	0
12257.809570	0
12262.239258	0
12266.669922	0
12271.099609	0
12275.529297	0
12279.959961	0
12284.389648	0
12288.819336	0
12293.250000	0
12297.679688	0
12302.109375	0
12306.539063	0
12310.969727	0
12315.399414	0
12319.829102	0
12324.259766	0
12328.689453	0
12333.119141	0
12337.549805	0
12341.979492	0
12346.409180	0
12350.839844	0
12355.269531	0
12359.699219	0
12364.129883	0
12368.559570	0
12372.989258	0
12377.419922	0
12381.849609	0
12386.279297	0
12390.709961	0
12395.139648	0
12399.569336	0
12404.000000	0
12408.429688	0
12412.859375	0
12417.289063	0
12421.719727	0
12426.149414	0
12430.579102	0
12435.009766	0
12439.439453	0
12443.869141	0
12448.299805	0
12452.729492	0
12457.159180	0
12461.589844	0
12466.019531	0
12470.449219	0
12474.879883	0
12479.309570	0
12483.739258	0
12488.169922	0
12492.599609	0
12497.029297	0
12501.459961	0
12505.889648	0
12510.319336	0
12514.750000	0
12519.179688	0
12523.609375	0
12528.039063	0
12532.469727	0
12536.899414	0
12541.329102	0
12545.759766	0
12550.189453	0
12554.619141	0
12559.049805	0
12563.479492	0
12567.909180	0
12572.339844	0
12576.769531	0
12581.199219	0
12585.629883	0
12590.059570	0
12594.489258	0
12598.919922	0
12603.349609	0
12607.779297	0
12612.209961	0
12616.639648	0
12621.069336	0
12625.499023	0
12629.929688	0
12634.359375	0
12638.789063	0
12643.219727	0
12647.649414	0
12652.079102	0
12656.509766	0
12660.939453	0
12665.369141	0
12669.799805	0
12674.229492	0
12678.659180	0
12683.089844	0
12687.519531	0
12691.949219	0
12696.379883	0
12700.809570	0
12705.239258	0
12709.669922	0
12714.099609	0
12718.529297	0
12722.959961	0
12727.389648	0
12731.819336	0
12736.249023	0
12740.679688	0
12745.109375	0
12749.539063	0
12753.969727	0
12758.399414	0
12762.829102	0
12767.259766	0
12771.689453	0
12776.119141	0
12780.549805	0
12784.979492	0
12789.409180	0
12793.839844	0
12798.269531	0
12802.699219	0
12807.129883	0
12811.559570	0
12815.989258	0
12820.419922	0
12824.849609	0
12829.279297	0
