-4137.619629	0
-4133.189941	0
-4128.759766	0
-4124.330078	0
-4119.899902	0
-4115.469727	0
-4111.040039	0
-4106.609863	0
-4102.179688	0
-4097.750000	0
-4093.319824	0
-4088.889893	0
-4084.459961	0
-4080.029785	0
-4075.599854	0
-4071.169922	0
-4066.739746	0
-4062.309814	0
-4057.879883	0
-4053.449951	0
-4049.019775	0
-4044.589844	0
-4040.159912	0
-4035.729736	0
-4031.299805	0
-4026.869873	0
-4022.439941	0
-4018.009766	0
-4013.579834	0
-4009.149902	0
-4004.719727	0
-4000.289795	0
-3995.859863	0
-3991.429932	0
-3986.999756	0
-3982.569824	0
-3978.139893	0
-3973.709961	0
-3969.279785	0
-3964.849854	0
-3960.419922	0
-3955.989746	0
-3951.559814	0
-3947.129883	0
-3942.699951	0
-3938.269775	0
-3933.839844	0
-3929.409912	0
-3924.979736	0
-3920.549805	0
-3916.119873	0
-3911.689941	0
-3907.259766	0
-3902.829834	0
-3898.399902	0
-3893.969971	0
-3889.539795	0
-3885.109863	0
-3880.679932	0
-3876.249756	0
-3871.819824	0
-3867.389893	0
-3862.959961	0
-3858.529785	0
-3854.099854	0
-3849.669922	0
-3845.239746	0
-3840.809814	0
-3836.379883	0
-3831.949951	0
-3827.519775	0
-3823.089844	0
-3818.659912	0
-3814.229736	0
-3809.799805	0
-3805.369873	0
-3800.939941	0
-3796.509766	0
-3792.079834	0
-3787.649902	0
-3783.219971	0
-3778.789795	0
-3774.359863	0
-3769.929932	0
-3765.499756	0
-3761.069824	0
-3756.639893	0
-3752.209961	0
-3747.779785	0
-3743.349854	0
-3738.919922	0
-3734.489746	0
-3730.059814	0
-3725.629883	0
-3721.199951	0
-3716.769775	0
-3712.339844	0
-3707.909912	0
-3703.479736	0
-3699.049805	0
-3694.619873	0
-3690.189941	0
-3685.759766	0
-3681.329834	0
-3676.899902	0
-3672.469971	0
-3668.039795	0
-3663.609863	0
-3659.179932	0
-3654.749756	0
-3650.319824	0
-3645.889893	0
-3641.459961	0
-3637.029785	0
-3632.599854	0
-3628.169922	0
-3623.739746	0
-3619.309814	0
-3614.879883	0
-3610.449951	0
-3606.019775	0
-3601.589844	0
-3597.159912	0
-3592.729980	0
-3588.299805	0
-3583.869873	0
-3579.439941	0
-3575.009766	0
-3570.579834	0
-3566.149902	0
-3561.719971	0
-3557.289795	0
-3552.859863	0
-3548.429932	0
-3543.999756	0
-3539.569824	0
-3535.139893	0
-3530.709961	0
-3526.279785	0
-3521.849854	0
-3517.419922	0
-3512.989746	0
-3508.559814	0
-3504.129883	0
-3499.699951	0
-3495.269775	0
-3490.839844	0
-3486.409912	0
-3481.979980	0
-3477.549805	0
-3473.119873	0
-3468.689941	0
-3464.259766	0
-3459.829834	0
-3455.399902	0
-3450.969971	0
-3446.539795	0
-3442.109863	0
-3437.679932	0
-3433.249756	0
-3428.819824	0
-3424.389893	0
-3419.959961	0
-3415.529785	0
-3411.099854	0
-3406.669922	0
-3402.239746	0
-3397.809814	0
-3393.379883	0
-3388.949951	0
-3384.519775	0
-3380.089844	0
-3375.659912	0
-3371.229980	0
-3366.799805	0
-3362.369873	0
-3357.939941	0
-3353.509766	0
-3349.079834	0
-3344.649902	0
-3340.219971	0
-3335.789795	0
-3331.359863	0
-3326.929932	0
-3322.499756	0
-3318.069824	0
-3313.639893	0
-3309.209961	0
-3304.779785	0
-3300.349854	0
-3295.919922	0
-3291.489990	0
-3287.059814	0
-3282.629883	0
-3278.199951	0
-3273.769775	0
-3269.339844	0
-3264.909912	0
-3260.479980	0
-3256.049805	0
-3251.619873	0
-3247.189941	0
-3242.759766	0
-3238.329834	0
-3233.899902	0
-3229.469971	0
-3225.039795	0
-3220.609863	0
-3216.179932	0
-3211.749756	0
-3207.319824	0
-3202.889893	0
-3198.459961	0
-3194.029785	0
-3189.599854	0
-3185.169922	0
-3180.739990	0
-3176.309814	0
-3171.879883	0
-3167.449951	0
-3163.019775	0
-3158.589844	0
-3154.159912	0
-3149.729980	0
-3145.299805	0
-3140.869873	0
-3136.439941	0
-3132.009766	0
-3127.579834	0
-3123.149902	0
-3118.719971	0
-3114.289795	0
-3109.859863	0
-3105.429932	0
-3101.000000	0
-3096.569824	0
-3092.139893	0
-3087.709961	0
-3083.279785	0
-3078.849854	0
-3074.419922	0
-3069.989990	0
-3065.559814	0
-3061.129883	0
-3056.699951	0
-3052.269775	0
-3047.839844	1
-3043.409912	2
-3038.979980	3
-3034.549805	4
-3030.119873	6
-3025.689941	5
-3021.259766	4
-3016.829834	5
-3012.399902	8
-3007.969971	9
-3003.539795	12
-2999.109863	16
-2994.679932	14
-2990.250000	12
-2985.819824	14
-2981.389893	13
-2976.959961	16
-2972.529785	19
-2968.099854	21
-2963.669922	23
-2959.239990	18
-2954.809814	19
-2950.379883	22
-2945.949951	18
-2941.519775	17
-2937.089844	21
-2932.659912	24
-2928.229980	29
-2923.799805	27
-2919.369873	26
-2914.939941	26
-2910.509766	29
-2906.079834	28
-2901.649902	26
-2897.219971	20
-2892.789795	22
-2888.359863	31
-2883.929932	28
-2879.500000	30
-2875.069824	40
-2870.639893	43
-2866.209961	41
-2861.779785	32
-2857.349854	38
-2852.919922	29
-2848.489990	33
-2844.059814	44
-2839.629883	42
-2835.199951	42
-2830.769775	44
-2826.339844	43
-2821.909912	49
-2817.479980	52
-2813.049805	53
-2808.619873	48
-2804.189941	50
-2799.760010	57
-2795.329834	55
-2790.899902	46
-2786.469971	55
-2782.039795	58
-2777.609863	58
-2773.179932	62
-2768.750000	57
-2764.319824	56
-2759.889893	57
-2755.459961	54
-2751.029785	59
-2746.599854	62
-2742.169922	67
-2737.739990	72
-2733.309814	67
-2728.879883	58
-2724.449951	65
-2720.019775	66
-2715.589844	69
-2711.159912	70
-2706.729980	78
-2702.299805	70
-2697.869873	71
-2693.439941	80
-2689.010010	82
-2684.579834	82
-2680.149902	79
-2675.719971	81
-2671.289795	71
-2666.859863	74
-2662.429932	73
-2658.000000	73
-2653.569824	70
-2649.139893	86
-2644.709961	82
-2640.279785	79
-2635.849854	85
-2631.419922	86
-2626.989990	87
-2622.559814	92
-2618.129883	92
-2613.699951	87
-2609.270020	85
-2604.839844	89
-2600.409912	85
-2595.979980	89
-2591.549805	96
-2587.119873	90
-2582.689941	83
-2578.260010	90
-2573.829834	97
-2569.399902	91
-2564.969971	102
-2560.539795	106
-2556.109863	97
-2551.679932	97
-2547.250000	98
-2542.819824	102
-2538.389893	98
-2533.959961	109
-2529.529785	103
-2525.099854	104
-2520.669922	111
-2516.239990	113
-2511.809814	121
-2507.379883	102
-2502.949951	93
-2498.520020	104
-2494.089844	108
-2489.659912	121
-2485.229980	120
-2480.799805	111
-2476.369873	116
-2471.939941	124
-2467.510010	121
-2463.079834	115
-2458.649902	115
-2454.219971	111
-2449.789795	109
-2445.359863	116
-2440.929932	110
-2436.500000	109
-2432.069824	119
-2427.639893	106
-2423.209961	110
-2418.779785	117
-2414.349854	122
-2409.919922	107
-2405.489990	110
-2401.059814	123
-2396.629883	126
-2392.199951	124
-2387.770020	124
-2383.339844	116
-2378.909912	121
-2374.479980	123
-2370.049805	125
-2365.619873	125
-2361.189941	118
-2356.760010	129
-2352.329834	114
-2347.899902	118
-2343.469971	118
-2339.039795	121
-2334.609863	118
-2330.179932	124
-2325.750000	117
-2321.319824	112
-2316.889893	119
-2312.459961	107
-2308.030029	100
-2303.599854	104
-2299.169922	117
-2294.739990	118
-2290.309814	113
-2285.879883	108
-2281.449951	104
-2277.020020	105
-2272.589844	105
-2268.159912	117
-2263.729980	113
-2259.299805	103
-2254.869873	114
-2250.439941	117
-2246.010010	116
-2241.579834	111
-2237.149902	122
-2232.719971	118
-2228.289795	112
-2223.859863	115
-2219.429932	110
-2215.000000	101
-2210.569824	105
-2206.139893	108
-2201.709961	106
-2197.280029	113
-2192.849854	111
-2188.419922	115
-2183.989990	117
-2179.559814	118
-2175.129883	120
-2170.699951	114
-2166.270020	114
-2161.839844	120
-2157.409912	119
-2152.979980	112
-2148.549805	113
-2144.119873	109
-2139.689941	117
-2135.260010	116
-2130.829834	114
-2126.399902	106
-2121.969971	105
-2117.540039	111
-2113.109863	112
-2108.679932	106
-2104.250000	117
-2099.819824	114
-2095.389893	135
-2090.959961	124
-2086.530029	120
-2082.099854	110
-2077.669922	116
-2073.239990	108
-2068.809814	104
-2064.379883	109
-2059.949951	112
-2055.520020	100
-2051.089844	100
-2046.659912	115
-2042.229980	115
-2037.799927	115
-2033.369873	114
-2028.939941	119
-2024.509888	123
-2020.079956	123
-2015.649902	121
-2011.219971	108
-2006.789917	122
-2002.359863	118
-1997.929932	110
-1993.499878	115
-1989.069946	112
-1984.639893	119
-1980.209961	118
-1975.779907	114
-1971.349976	114
-1966.919922	121
-1962.489868	129
-1958.059937	117
-1953.629883	117
-1949.199951	116
-1944.769897	114
-1940.339966	116
-1935.909912	119
-1931.479980	124
-1927.049927	112
-1922.619873	114
-1918.189941	106
-1913.759888	110
-1909.329956	114
-1904.899902	112
-1900.469971	129
-1896.039917	131
-1891.609985	119
-1887.179932	112
-1882.749878	114
-1878.319946	110
-1873.889893	123
-1869.459961	122
-1865.029907	115
-1860.599976	123
-1856.169922	113
-1851.739868	120
-1847.309937	121
-1842.879883	127
-1838.449951	122
-1834.019897	116
-1829.589966	117
-1825.159912	119
-1820.729980	117
-1816.299927	127
-1811.869873	114
-1807.439941	110
-1803.009888	101
-1798.579956	102
-1794.149902	115
-1789.719971	104
-1785.289917	112
-1780.859985	113
-1776.429932	120
-1771.999878	122
-1767.569946	130
-1763.139893	117
-1758.709961	121
-1754.279907	115
-1749.849976	120
-1745.419922	114
-1740.989990	109
-1736.559937	123
-1732.129883	125
-1727.699951	116
-1723.269897	118
-1718.839966	123
-1714.409912	126
-1709.979980	120
-1705.549927	111
-1701.119873	111
-1696.689941	115
-1692.259888	116
-1687.829956	118
-1683.399902	122
-1678.969971	125
-1674.539917	113
-1670.109985	110
-1665.679932	116
-1661.249878	120
-1656.819946	116
-1652.389893	106
-1647.959961	106
-1643.529907	116
-1639.099976	119
-1634.669922	114
-1630.239990	112
-1625.809937	113
-1621.379883	112
-1616.949951	122
-1612.519897	107
-1608.089966	111
-1603.659912	128
-1599.229980	118
-1594.799927	121
-1590.369995	122
-1585.939941	114
-1581.509888	119
-1577.079956	121
-1572.649902	116
-1568.219971	112
-1563.789917	115
-1559.359985	125
-1554.929932	117
-1550.500000	120
-1546.069946	125
-1541.639893	114
-1537.209961	97
-1532.779907	101
-1528.349976	113
-1523.919922	120
-1519.489990	122
-1515.059937	121
-1510.629883	123
-1506.199951	127
-1501.769897	116
-1497.339966	117
-1492.909912	105
-1488.479980	112
-1484.049927	129
-1479.619995	114
-1475.189941	111
-1470.759888	114
-1466.329956	117
-1461.899902	131
-1457.469971	122
-1453.039917	119
-1448.609985	117
-1444.179932	117
-1439.750000	122
-1435.319946	114
-1430.889893	122
-1426.459961	125
-1422.029907	123
-1417.599976	122
-1413.169922	125
-1408.739990	120
-1404.309937	111
-1399.880005	110
-1395.449951	124
-1391.019897	107
-1386.589966	105
-1382.159912	131
-1377.729980	121
-1373.299927	120
-1368.869995	130
-1364.439941	127
-1360.009888	112
-1355.579956	108
-1351.149902	118
-1346.719971	127
-1342.289917	114
-1337.859985	108
-1333.429932	121
-1329.000000	100
-1324.569946	114
-1320.139893	124
-1315.709961	116
-1311.279907	114
-1306.849976	115
-1302.419922	109
-1297.989990	112
-1293.559937	112
-1289.130005	110
-1284.699951	114
-1280.269897	114
-1275.839966	112
-1271.409912	120
-1266.979980	99
-1262.549927	96
-1258.119995	116
-1253.689941	105
-1249.260010	98
-1244.829956	114
-1240.399902	121
-1235.969971	113
-1231.539917	126
-1227.109985	122
-1222.679932	119
-1218.250000	117
-1213.819946	120
-1209.389893	109
-1204.959961	109
-1200.529907	121
-1196.099976	112
-1191.669922	111
-1187.239990	117
-1182.809937	121
-1178.380005	125
-1173.949951	116
-1169.519897	118
-1165.089966	118
-1160.659912	127
-1156.229980	134
-1151.799927	131
-1147.369995	130
-1142.939941	117
-1138.510010	121
-1134.079956	114
-1129.649902	115
-1125.219971	105
-1120.789917	103
-1116.359985	116
-1111.929932	111
-1107.500000	114
-1103.069946	111
-1098.640015	126
-1094.209961	128
-1089.779907	127
-1085.349976	117
-1080.919922	110
-1076.489990	116
-1072.059937	122
-1067.630005	100
-1063.199951	117
-1058.770020	120
-1054.339966	120
-1049.909912	124
-1045.479980	123
-1041.049927	122
-1036.619995	116
-1032.189941	110
-1027.760010	113
-1023.329956	122
-1018.899963	108
-1014.469971	110
-1010.039978	106
-1005.609985	95
-1001.179932	113
-996.749939	132
-992.319946	123
-987.889954	117
-983.459961	124
-979.029968	115
-974.599976	123
-970.169983	125
-965.739990	115
-961.309937	116
-956.879944	117
-952.449951	124
-948.019958	117
-943.589966	114
-939.159973	123
-934.729980	125
-930.299988	127
-925.869934	124
-921.439941	112
-917.009949	125
-912.579956	117
-908.149963	108
-903.719971	121
-899.289978	126
-894.859985	117
-890.429993	110
-885.999939	114
-881.569946	117
-877.139954	118
-872.709961	122
-868.279968	118
-863.849976	126
-859.419983	127
-854.989990	117
-850.559937	124
-846.129944	129
-841.699951	118
-837.269958	118
-832.839966	122
-828.409973	126
-823.979980	121
-819.549988	125
-815.119995	112
-810.689941	106
-806.259949	119
-801.829956	129
-797.399963	117
-792.969971	113
-788.539978	118
-784.109985	110
-779.679993	121
-775.250000	116
-770.819946	121
-766.389954	110
-761.959961	107
-757.529968	129
-753.099976	115
-748.669983	123
-744.239990	123
-739.809998	126
-735.379944	115
-730.949951	105
-726.519958	102
-722.089966	117
-717.659973	122
-713.229980	138
-708.799988	122
-704.369995	125
-699.940002	125
-695.509949	121
-691.079956	125
-686.649963	128
-682.219971	132
-677.789978	131
-673.359985	123
-668.929993	132
-664.500000	120
-660.069946	116
-655.639954	112
-651.209961	118
-646.779968	113
-642.349976	110
-637.919983	120
-633.489990	127
-629.059998	128
-624.630005	128
-620.199951	134
-615.769958	139
-611.339966	132
-606.909973	121
-602.479980	125
-598.049988	116
-593.619995	132
-589.190002	133
-584.759949	118
-580.329956	122
-575.899963	133
-571.469971	137
-567.039978	140
-562.609985	135
-558.179993	135
-553.750000	135
-549.320007	143
-544.889954	150
-540.459961	145
-536.029968	139
-531.599976	139
-527.169983	145
-522.739990	125
-518.309998	133
-513.880005	132
-509.449982	123
-505.019989	132
-500.589966	129
-496.159973	122
-491.729980	122
-487.299988	136
-482.869995	133
-478.439972	119
-474.009979	125
-469.579987	130
-465.149994	135
-460.719971	136
-456.289978	138
-451.859985	133
-447.429993	136
-442.999969	137
-438.569977	140
-434.139984	143
-429.709991	136
-425.279968	141
-420.849976	144
-416.419983	143
-411.989990	137
-407.559998	144
-403.129974	145
-398.699982	139
-394.269989	139
-389.839996	142
-385.409973	142
-380.979980	144
-376.549988	138
-372.119995	143
-367.689972	143
-363.259979	148
-358.829987	154
-354.399994	157
-349.970001	159
-345.539978	161
-341.109985	166
-336.679993	156
-332.250000	154
-327.819977	165
-323.389984	158
-318.959991	161
-314.529999	149
-310.099976	154
-305.669983	155
-301.239990	155
-296.809998	171
-292.379974	183
-287.949982	175
-283.519989	165
-279.089996	180
-274.660004	184
-270.229980	196
-265.799988	202
-261.369995	204
-256.940002	210
-252.509995	196
-248.079987	201
-243.649994	193
-239.219986	214
-234.789993	216
-230.359985	221
-225.929993	229
-221.499985	242
-217.069992	245
-212.639984	239
-208.209991	247
-203.779999	273
-199.349991	300
-194.919998	296
-190.489990	289
-186.059998	300
-181.629990	319
-177.199997	350
-172.769989	375
-168.339996	388
-163.909988	415
-159.479996	420
-155.049988	442
-150.619995	477
-146.189987	513
-141.759995	557
-137.330002	611
-132.899994	663
-128.470001	715
-124.039993	777
-119.609993	837
-115.179993	932
-110.749992	1040
-106.319992	1164
-101.889999	1322
-97.459999	1472
-93.029999	1661
-88.599998	1888
-84.169998	2146
-79.739998	2460
-75.309998	2848
-70.879997	3330
-66.449997	3930
-62.019997	4710
-57.589996	5572
-53.159996	6438
-48.730000	7012
-44.299999	7443
-39.869999	7831
-35.439999	8178
-31.009998	8421
-26.579998	8616
-22.150000	8845
-17.719999	9011
-13.289999	9118
-8.860000	9169
-4.430000	9213
0.000000	9232
4.430000	9159
8.860000	9090
13.289999	8975
17.719999	8830
22.150000	8699
26.579998	8486
31.009998	8237
35.439999	7919
39.869999	7555
44.299999	7189
48.730000	6773
53.159996	6193
57.589996	5458
62.019997	4633
66.449997	3868
70.879997	3222
75.309998	2671
79.739998	2249
84.169998	1946
88.599998	1734
93.029999	1523
97.459999	1336
101.889999	1182
106.319992	1070
110.749992	971
115.179993	849
119.609993	752
124.039993	698
128.470001	656
132.899994	610
137.330002	548
141.759995	499
146.189987	470
150.619995	445
155.049988	411
159.479996	382
163.909988	370
168.339996	363
172.769989	345
177.199997	323
181.629990	318
186.059998	282
190.489990	279
194.919998	284
199.349991	269
203.779999	250
208.209991	240
212.639984	228
217.069992	231
221.499985	220
225.929993	224
230.359985	210
234.789993	209
239.219986	219
243.649994	222
248.079987	203
252.509995	190
256.940002	199
261.369995	215
265.799988	197
270.229980	179
274.660004	164
279.089996	161
283.519989	169
287.949982	177
292.379974	178
296.809998	163
301.239990	169
305.669983	169
310.099976	163
314.529999	156
318.959991	168
323.389984	166
327.819977	170
332.250000	166
336.679993	152
341.109985	150
345.539978	151
349.970001	156
354.399994	163
358.829987	163
363.259979	158
367.689972	157
372.119995	146
376.549988	148
380.979980	146
385.409973	149
389.839996	142
394.269989	147
398.699982	156
403.129974	161
407.559998	142
411.989990	149
416.419983	160
420.849976	157
425.279968	144
429.709991	138
434.139984	146
438.569977	139
442.999969	136
447.429993	147
451.859985	151
456.289978	157
460.719971	151
465.149994	144
469.579987	139
474.009979	134
478.439972	142
482.869995	139
487.299988	141
491.729980	136
496.159973	150
500.589966	144
505.019989	141
509.449982	134
513.880005	153
518.309998	147
522.739990	141
527.169983	151
531.599976	147
536.029968	138
540.459961	135
544.889954	132
549.320007	120
553.750000	133
558.179993	150
562.609985	144
567.039978	133
571.469971	140
575.899963	148
580.329956	155
584.759949	141
589.190002	149
593.619995	149
598.049988	142
602.479980	146
606.909973	135
611.339966	147
615.769958	146
620.199951	130
624.630005	147
629.059998	147
633.489990	148
637.919983	146
642.349976	147
646.779968	142
651.209961	138
655.639954	142
660.069946	140
664.500000	141
668.929993	145
673.359985	134
677.789978	138
682.219971	129
686.649963	142
691.079956	150
695.509949	148
699.940002	142
704.369995	141
708.799988	141
713.229980	138
717.659973	132
722.089966	146
726.519958	144
730.949951	128
735.379944	135
739.809998	141
744.239990	134
748.669983	134
753.099976	137
757.529968	143
761.959961	127
766.389954	120
770.819946	131
775.250000	134
779.679993	138
784.109985	137
788.539978	136
792.969971	137
797.399963	146
801.829956	141
806.259949	153
810.689941	143
815.119995	146
819.549988	125
823.979980	108
828.409973	131
832.839966	138
837.269958	134
841.699951	132
846.129944	138
850.559937	136
854.989990	133
859.419983	149
863.849976	144
868.279968	137
872.709961	147
877.139954	148
881.569946	142
885.999939	132
890.429993	137
894.859985	138
899.289978	142
903.719971	137
908.149963	133
912.579956	150
917.009949	150
921.439941	145
925.869934	139
930.299988	137
934.729980	140
939.159973	133
943.589966	133
948.019958	138
952.449951	141
956.879944	150
961.309937	143
965.739990	135
970.169983	135
974.599976	142
979.029968	141
983.459961	141
987.889954	136
992.319946	145
996.749939	148
1001.179932	138
1005.609985	131
1010.039978	136
1014.469971	135
1018.899963	130
1023.329956	140
1027.760010	142
1032.189941	143
1036.619995	148
1041.049927	149
1045.479980	142
1049.909912	145
1054.339966	159
1058.770020	149
1063.199951	155
1067.630005	148
1072.059937	151
1076.489990	151
1080.919922	145
1085.349976	155
1089.779907	140
1094.209961	137
1098.640015	140
1103.069946	145
1107.500000	147
1111.929932	147
1116.359985	146
1120.789917	132
1125.219971	142
1129.649902	152
1134.079956	153
1138.510010	130
1142.939941	130
1147.369995	142
1151.799927	135
1156.229980	145
1160.659912	149
1165.089966	150
1169.519897	140
1173.949951	151
1178.380005	153
1182.809937	151
1187.239990	149
1191.669922	155
1196.099976	151
1200.529907	135
1204.959961	137
1209.389893	142
1213.819946	141
1218.250000	143
1222.679932	144
1227.109985	135
1231.539917	137
1235.969971	150
1240.399902	147
1244.829956	147
1249.260010	140
1253.689941	129
1258.119995	123
1262.549927	140
1266.979980	145
1271.409912	139
1275.839966	139
1280.269897	148
1284.699951	157
1289.130005	145
1293.559937	141
1297.989990	134
1302.419922	145
1306.849976	149
1311.279907	155
1315.709961	138
1320.139893	138
1324.569946	146
1329.000000	149
1333.429932	156
1337.859985	152
1342.289917	147
1346.719971	142
1351.149902	148
1355.579956	166
1360.009888	160
1364.439941	139
1368.869995	131
1373.299927	137
1377.729980	142
1382.159912	138
1386.589966	136
1391.019897	146
1395.449951	143
1399.880005	149
1404.309937	155
1408.739990	148
1413.169922	143
1417.599976	150
1422.029907	157
1426.459961	153
1430.889893	156
1435.319946	135
1439.750000	137
1444.179932	141
1448.609985	148
1453.039917	143
1457.469971	150
1461.899902	150
1466.329956	144
1470.759888	153
1475.189941	146
1479.619995	144
1484.049927	163
1488.479980	159
1492.909912	132
1497.339966	128
1501.769897	140
1506.199951	157
1510.629883	157
1515.059937	168
1519.489990	163
1523.919922	163
1528.349976	154
1532.779907	153
1537.209961	154
1541.639893	153
1546.069946	156
1550.500000	153
1554.929932	150
1559.359985	145
1563.789917	147
1568.219971	148
1572.649902	152
1577.079956	154
1581.509888	164
1585.939941	157
1590.369995	144
1594.799927	148
1599.229980	153
1603.659912	157
1608.089966	152
1612.519897	153
1616.949951	153
1621.379883	153
1625.809937	152
1630.239990	162
1634.669922	143
1639.099976	149
1643.529907	157
1647.959961	159
1652.389893	160
1656.819946	150
1661.249878	151
1665.679932	149
1670.109985	152
1674.539917	144
1678.969971	147
1683.399902	142
1687.829956	163
1692.259888	163
1696.689941	165
1701.119873	156
1705.549927	159
1709.979980	153
1714.409912	145
1718.839966	165
1723.269897	161
1727.699951	150
1732.129883	150
1736.559937	162
1740.989990	162
1745.419922	147
1749.849976	150
1754.279907	155
1758.709961	161
1763.139893	155
1767.569946	162
1771.999878	161
1776.429932	163
1780.859985	157
1785.289917	141
1789.719971	139
1794.149902	147
1798.579956	158
1803.009888	158
1807.439941	165
1811.869873	170
1816.299927	159
1820.729980	155
1825.159912	155
1829.589966	164
1834.019897	161
1838.449951	164
1842.879883	170
1847.309937	162
1851.739868	161
1856.169922	162
1860.599976	152
1865.029907	158
1869.459961	153
1873.889893	158
1878.319946	154
1882.749878	152
1887.179932	153
1891.609985	161
1896.039917	151
1900.469971	156
1904.899902	151
1909.329956	149
1913.759888	164
1918.189941	163
1922.619873	157
1927.049927	168
1931.479980	171
1935.909912	153
1940.339966	156
1944.769897	161
1949.199951	161
1953.629883	165
1958.059937	160
1962.489868	163
1966.919922	168
1971.349976	159
1975.779907	159
1980.209961	171
1984.639893	158
1989.069946	155
1993.499878	172
1997.929932	176
2002.359863	172
2006.789917	176
2011.219971	187
2015.649902	193
2020.079956	200
2024.509888	210
2028.939941	211
2033.369873	203
2037.799927	195
2042.229980	191
2046.659912	173
2051.089844	172
2055.520020	181
2059.949951	185
2064.379883	177
2068.809814	179
2073.239990	171
2077.669922	166
2082.099854	167
2086.530029	159
2090.959961	157
2095.389893	166
2099.819824	169
2104.250000	159
2108.679932	153
2113.109863	164
2117.540039	165
2121.969971	158
2126.399902	170
2130.829834	173
2135.260010	164
2139.689941	169
2144.119873	165
2148.549805	155
2152.979980	161
2157.409912	162
2161.839844	164
2166.270020	157
2170.699951	159
2175.129883	153
2179.559814	154
2183.989990	154
2188.419922	158
2192.849854	164
2197.280029	163
2201.709961	151
2206.139893	152
2210.569824	150
2215.000000	165
2219.429932	169
2223.859863	166
2228.289795	167
2232.719971	172
2237.149902	159
2241.579834	153
2246.010010	160
2250.439941	151
2254.869873	161
2259.299805	158
2263.729980	163
2268.159912	172
2272.589844	163
2277.020020	164
2281.449951	171
2285.879883	161
2290.309814	161
2294.739990	168
2299.169922	165
2303.599854	175
2308.030029	181
2312.459961	165
2316.889893	168
2321.319824	157
2325.750000	167
2330.179932	162
2334.609863	171
2339.039795	164
2343.469971	166
2347.899902	161
2352.329834	171
2356.760010	170
2361.189941	162
2365.619873	163
2370.049805	170
2374.479980	163
2378.909912	171
2383.339844	186
2387.770020	170
2392.199951	163
2396.629883	166
2401.059814	179
2405.489990	175
2409.919922	175
2414.349854	181
2418.779785	167
2423.209961	165
2427.639893	160
2432.069824	168
2436.500000	154
2440.929932	150
2445.359863	161
2449.789795	163
2454.219971	181
2458.649902	186
2463.079834	178
2467.510010	170
2471.939941	178
2476.369873	180
2480.799805	168
2485.229980	159
2489.659912	163
2494.089844	159
2498.520020	159
2502.949951	163
2507.379883	168
2511.809814	169
2516.239990	172
2520.669922	181
2525.099854	174
2529.529785	172
2533.959961	168
2538.389893	170
2542.819824	175
2547.250000	183
2551.679932	178
2556.109863	174
2560.539795	178
2564.969971	174
2569.399902	176
2573.829834	181
2578.260010	175
2582.689941	167
2587.119873	178
2591.549805	168
2595.979980	166
2600.409912	167
2604.839844	172
2609.270020	175
2613.699951	163
2618.129883	165
2622.559814	166
2626.989990	166
2631.419922	164
2635.849854	164
2640.279785	157
2644.709961	162
2649.139893	170
2653.569824	160
2658.000000	167
2662.429932	176
2666.859863	168
2671.289795	181
2675.719971	172
2680.149902	162
2684.579834	174
2689.010010	180
2693.439941	170
2697.869873	170
2702.299805	162
2706.729980	176
2711.159912	180
2715.589844	177
2720.019775	172
2724.449951	166
2728.879883	184
2733.309814	167
2737.739990	168
2742.169922	171
2746.599854	168
2751.029785	157
2755.459961	166
2759.889893	179
2764.319824	176
2768.750000	180
2773.179932	176
2777.609863	172
2782.039795	169
2786.469971	177
2790.899902	172
2795.329834	161
2799.760010	168
2804.189941	184
2808.619873	182
2813.049805	170
2817.479980	168
2821.909912	171
2826.339844	177
2830.769775	174
2835.199951	164
2839.629883	165
2844.059814	172
2848.489990	173
2852.919922	175
2857.349854	174
2861.779785	173
2866.209961	166
2870.639893	177
2875.069824	171
2879.500000	171
2883.929932	182
2888.359863	181
2892.789795	180
2897.219971	168
2901.649902	164
2906.079834	153
2910.509766	160
2914.939941	175
2919.369873	189
2923.799805	168
2928.229980	167
2932.659912	178
2937.089844	179
2941.519775	182
2945.949951	185
2950.379883	177
2954.809814	181
2959.239990	181
2963.669922	175
2968.099854	174
2972.529785	189
2976.959961	184
2981.389893	186
2985.819824	182
2990.250000	184
2994.679932	174
2999.109863	171
3003.539795	181
3007.969971	193
3012.399902	174
3016.829834	162
3021.259766	175
3025.689941	176
3030.119873	173
3034.549805	180
3038.979980	176
3043.409912	168
3047.839844	180
3052.269775	171
3056.699951	173
3061.129883	182
3065.559814	172
3069.989990	174
3074.419922	160
3078.849854	169
3083.279785	182
3087.709961	174
3092.139893	177
3096.569824	174
3101.000000	178
3105.429932	166
3109.859863	170
3114.289795	188
3118.719971	176
3123.149902	179
3127.579834	179
3132.009766	173
3136.439941	178
3140.869873	178
3145.299805	180
3149.729980	176
3154.159912	163
3158.589844	167
3163.019775	160
3167.449951	167
3171.879883	178
3176.309814	172
3180.739990	164
3185.169922	164
3189.599854	180
3194.029785	179
3198.459961	173
3202.889893	180
3207.319824	184
3211.749756	181
3216.179932	179
3220.609863	171
3225.039795	171
3229.469971	162
3233.899902	176
3238.329834	180
3242.759766	187
3247.189941	178
3251.619873	178
3256.049805	181
3260.479980	168
3264.909912	168
3269.339844	168
3273.769775	180
3278.199951	179
3282.629883	174
3287.059814	177
3291.489990	176
3295.919922	181
3300.349854	188
3304.779785	179
3309.209961	179
3313.639893	179
3318.069824	183
3322.499756	191
3326.929932	181
3331.359863	174
3335.789795	172
3340.219971	167
3344.649902	162
3349.079834	171
3353.509766	173
3357.939941	170
3362.369873	175
3366.799805	184
3371.229980	179
3375.659912	184
3380.089844	195
3384.519775	182
3388.949951	184
3393.379883	190
3397.809814	180
3402.239746	189
3406.669922	188
3411.099854	181
3415.529785	184
3419.959961	166
3424.389893	169
3428.819824	195
3433.249756	180
3437.679932	174
3442.109863	182
3446.539795	188
3450.969971	198
3455.399902	192
3459.829834	205
3464.259766	196
3468.689941	174
3473.119873	192
3477.549805	200
3481.979980	183
3486.409912	191
3490.839844	209
3495.269775	214
3499.699951	221
3504.129883	215
3508.559814	203
3512.989746	187
3517.419922	209
3521.849854	216
3526.279785	216
3530.709961	220
3535.139893	233
3539.569824	228
3543.999756	237
3548.429932	229
3552.859863	224
3557.289795	226
3561.719971	235
3566.149902	231
3570.579834	245
3575.009766	247
3579.439941	240
3583.869873	243
3588.299805	246
3592.729980	249
3597.159912	262
3601.589844	256
3606.019775	266
3610.449951	279
3614.879883	275
3619.309814	291
3623.739746	303
3628.169922	302
3632.599854	301
3637.029785	312
3641.459961	332
3645.889893	336
3650.319824	356
3654.749756	363
3659.179932	358
3663.609863	366
3668.039795	380
3672.469971	394
3676.899902	394
3681.329834	400
3685.759766	422
3690.189941	438
3694.619873	442
3699.049805	472
3703.479736	489
3707.909912	486
3712.339844	503
3716.769775	546
3721.199951	582
3725.629883	611
3730.059814	644
3734.489746	675
3738.919922	684
3743.349854	692
3747.779785	719
3752.209961	756
3756.639893	783
3761.069824	825
3765.499756	846
3769.929932	861
3774.359863	894
3778.789795	908
3783.219971	938
3787.649902	992
3792.079834	1025
3796.509766	1080
3800.939941	1127
3805.369873	1220
3809.799805	1321
3814.229736	1399
3818.659912	1471
3823.089844	1577
3827.519775	1646
3831.949951	1704
3836.379883	1782
3840.809814	1858
3845.239746	1926
3849.669922	2011
3854.099854	2096
3858.529785	2155
3862.959961	2217
3867.389893	2272
3871.819824	2307
3876.249756	2368
3880.679932	2427
3885.109863	2495
3889.539795	2571
3893.969971	2623
3898.399902	2657
3902.829834	2708
3907.259766	2757
3911.689941	2807
3916.119873	2838
3920.549805	2842
3924.979736	2913
3929.409912	2976
3933.839844	2981
3938.269775	2999
3942.699951	3023
3947.129883	3053
3951.559814	3045
3955.989746	3049
3960.419922	3023
3964.849854	3009
3969.279785	3009
3973.709961	3031
3978.139893	3048
3982.569824	3014
3986.999756	3034
3991.429932	3056
3995.859863	3028
4000.289795	3044
4004.719727	3033
4009.149902	3027
4013.579834	3054
4018.009766	3064
4022.439941	3038
4026.869873	3015
4031.299805	3027
4035.729736	3037
4040.159912	3021
4044.589844	2988
4049.019775	2965
4053.449951	2944
4057.879883	2952
4062.309814	2977
4066.739746	2957
4071.169922	2939
4075.599854	2915
4080.029785	2888
4084.459961	2893
4088.889893	2898
4093.319824	2866
4097.750000	2824
4102.179688	2799
4106.609863	2788
4111.040039	2788
4115.469727	2783
4119.899902	2762
4124.330078	2769
4128.759766	2752
4133.189941	2755
4137.619629	2795
4142.049805	2793
4146.479980	2800
4150.909668	2786
4155.339844	2770
4159.770020	2762
4164.199707	2781
4168.629883	2771
4173.060059	2727
4177.489746	2724
4181.919922	2737
4186.349609	2737
4190.779785	2736
4195.209961	2735
4199.639648	2705
4204.069824	2646
4208.500000	2660
4212.929688	2639
4217.359863	2623
4221.790039	2627
4226.219727	2607
4230.649902	2613
4235.080078	2600
4239.509766	2567
4243.939941	2548
4248.369629	2538
4252.799805	2517
4257.229980	2479
4261.659668	2483
4266.089844	2525
4270.520020	2498
4274.949707	2447
4279.379883	2427
4283.810059	2444
4288.239746	2420
4292.669922	2411
4297.099609	2408
4301.529785	2447
4305.959961	2453
4310.389648	2438
4314.819824	2425
4319.250000	2438
4323.679688	2447
4328.109863	2439
4332.540039	2412
4336.969727	2430
4341.399902	2449
4345.829590	2471
4350.259766	2460
4354.689941	2448
4359.119629	2453
4363.549805	2458
4367.979980	2505
4372.409668	2507
4376.839844	2493
4381.270020	2520
4385.699707	2524
4390.129883	2550
4394.560059	2583
4398.989746	2583
4403.419922	2632
4407.849609	2645
4412.279785	2613
4416.709961	2637
4421.139648	2663
4425.569824	2656
4430.000000	2673
4434.429688	2672
4438.859863	2672
4443.290039	2718
4447.719727	2711
4452.149902	2708
4456.579590	2706
4461.009766	2676
4465.439941	2688
4469.869629	2659
4474.299805	2658
4478.729980	2682
4483.159668	2663
4487.589844	2661
4492.020020	2667
4496.449707	2643
4500.879883	2631
4505.310059	2624
4509.739746	2605
4514.169922	2604
4518.599609	2585
4523.029785	2606
4527.459961	2580
4531.889648	2579
4536.319824	2579
4540.750000	2563
4545.179688	2519
4549.609863	2538
4554.040039	2536
4558.469727	2528
4562.899902	2548
4567.329590	2579
4571.759766	2576
4576.189941	2579
4580.619629	2583
4585.049805	2597
4589.479980	2614
4593.909668	2621
4598.339844	2658
4602.770020	2702
4607.199707	2715
4611.629883	2735
4616.060059	2752
4620.489746	2785
4624.919922	2809
4629.349609	2837
4633.779785	2874
4638.209961	2934
4642.639648	2945
4647.069824	2963
4651.500000	3065
4655.929688	3141
4660.359863	3190
4664.790039	3196
4669.219727	3222
4673.649902	3273
4678.079590	3335
4682.509766	3386
4686.939941	3425
4691.369629	3469
4695.799805	3500
4700.229980	3557
4704.659668	3569
4709.089844	3617
4713.520020	3636
4717.949707	3614
4722.379883	3674
4726.810059	3739
4731.239746	3763
4735.669922	3810
4740.099609	3860
4744.529785	3852
4748.959961	3861
4753.389648	3913
4757.819824	3930
4762.250000	3979
4766.679688	4000
4771.109863	4016
4775.540039	4035
4779.969727	4025
4784.399902	4086
4788.829590	4115
4793.259766	4084
4797.689941	4086
4802.119629	4127
4806.549805	4159
4810.979980	4163
4815.409668	4162
4819.839844	4186
4824.270020	4212
4828.699707	4183
4833.129883	4197
4837.559570	4205
4841.989746	4198
4846.419922	4191
4850.849609	4199
4855.279785	4197
4859.709961	4192
4864.139648	4229
4868.569824	4267
4873.000000	4263
4877.429688	4275
4881.859863	4254
4886.290039	4236
4890.719727	4240
4895.149902	4244
4899.579590	4246
4904.009766	4227
4908.439941	4253
4912.869629	4267
4917.299805	4234
4921.729980	4216
4926.159668	4245
4930.589844	4254
4935.020020	4238
4939.449707	4240
4943.879883	4245
4948.309570	4230
4952.739746	4236
4957.169922	4264
4961.599609	4277
4966.029785	4244
4970.459961	4203
4974.889648	4180
4979.319824	4196
4983.750000	4192
4988.179688	4189
4992.609863	4187
4997.040039	4170
5001.469727	4177
5005.899902	4175
5010.329590	4167
5014.759766	4164
5019.189941	4131
5023.619629	4113
5028.049805	4132
5032.479980	4143
5036.909668	4103
5041.339844	4097
5045.770020	4097
5050.199707	4104
5054.629883	4097
5059.059570	4081
5063.489746	4074
5067.919922	4082
5072.349609	4102
5076.779785	4064
5081.209961	4040
5085.639648	4057
5090.069824	4043
5094.500000	4030
5098.929688	4031
5103.359863	4029
5107.790039	4030
5112.219727	3997
5116.649902	3980
5121.079590	3993
5125.509766	3967
5129.939941	3958
5134.369629	3981
5138.799805	3952
5143.229980	3961
5147.659668	3952
5152.089844	3914
5156.520020	3932
5160.949707	3932
5165.379883	3905
5169.809570	3899
5174.239746	3884
5178.669922	3899
5183.099609	3868
5187.529785	3847
5191.959961	3859
5196.389648	3884
5200.819824	3856
5205.250000	3794
5209.679688	3810
5214.109863	3818
5218.540039	3774
5222.969727	3774
5227.399902	3788
5231.829590	3787
5236.259766	3782
5240.689941	3786
5245.119629	3771
5249.549805	3749
5253.979980	3721
5258.409668	3725
5262.839844	3728
5267.270020	3714
5271.699707	3719
5276.129883	3739
5280.559570	3690
5284.989746	3672
5289.419922	3675
5293.849609	3646
5298.279785	3657
5302.709961	3647
5307.139648	3616
5311.569824	3586
5316.000000	3596
5320.429688	3578
5324.859863	3556
5329.289551	3554
5333.719727	3556
5338.149902	3535
5342.579590	3524
5347.009766	3540
5351.439941	3534
5355.869629	3522
5360.299805	3491
5364.729980	3468
5369.159668	3470
5373.589844	3499
5378.020020	3505
5382.449707	3482
5386.879883	3453
5391.309570	3426
5395.739746	3405
5400.169922	3429
5404.599609	3402
5409.029785	3396
5413.459961	3396
5417.889648	3359
5422.319824	3347
5426.750000	3359
5431.179688	3345
5435.609863	3340
5440.039551	3326
5444.469727	3315
5448.899902	3325
5453.329590	3315
5457.759766	3317
5462.189941	3290
5466.619629	3255
5471.049805	3267
5475.479980	3262
5479.909668	3237
5484.339844	3214
5488.770020	3202
5493.199707	3212
5497.629883	3220
5502.059570	3219
5506.489746	3186
5510.919922	3158
5515.349609	3151
5519.779785	3154
5524.209961	3159
5528.639648	3154
5533.069824	3128
5537.500000	3115
5541.929688	3139
5546.359863	3130
5550.789551	3097
5555.219727	3088
5559.649902	3109
5564.079590	3101
5568.509766	3087
5572.939941	3031
5577.369629	3009
5581.799805	3024
5586.229980	3022
5590.659668	3040
5595.089844	3018
5599.520020	2958
5603.949707	2982
5608.379883	2983
5612.809570	2981
5617.239746	2986
5621.669922	2966
5626.099609	2952
5630.529785	2961
5634.959961	2955
5639.389648	2947
5643.819824	2948
5648.250000	2914
5652.679688	2902
5657.109863	2894
5661.539551	2878
5665.969727	2890
5670.399902	2886
5674.829590	2863
5679.259766	2842
5683.689941	2844
5688.119629	2849
5692.549805	2847
5696.979980	2838
5701.409668	2805
5705.839844	2792
5710.270020	2788
5714.699707	2761
5719.129883	2754
5723.559570	2786
5727.989746	2784
5732.419922	2765
5736.849609	2759
5741.279785	2749
5745.709961	2735
5750.139648	2779
5754.569824	2804
5759.000000	2789
5763.429688	2779
5767.859863	2798
5772.289551	2829
5776.719727	2856
5781.149902	2861
5785.579590	2855
5790.009766	2867
5794.439941	2871
5798.869629	2885
5803.299805	2917
5807.729980	2938
5812.159668	2927
5816.589844	2914
5821.019531	2919
5825.449707	2951
5829.879883	2965
5834.309570	2961
5838.739746	2963
5843.169922	2967
5847.599609	2958
5852.029785	2935
5856.459961	2919
5860.889648	2908
5865.319824	2913
5869.750000	2907
5874.179688	2916
5878.609863	2931
5883.039551	2920
5887.469727	2887
5891.899902	2885
5896.329590	2898
5900.759766	2905
5905.189941	2901
5909.619629	2872
5914.049805	2846
5918.479980	2831
5922.909668	2845
5927.339844	2881
5931.769531	2863
5936.199707	2837
5940.629883	2802
5945.059570	2797
5949.489746	2809
5953.919922	2793
5958.349609	2778
5962.779785	2749
5967.209961	2748
5971.639648	2737
5976.069824	2711
5980.500000	2719
5984.929688	2726
5989.359863	2729
5993.789551	2693
5998.219727	2681
6002.649902	2679
6007.079590	2665
6011.509766	2625
6015.939941	2611
6020.369629	2590
6024.799805	2595
6029.229980	2586
6033.659668	2536
6038.089844	2530
6042.519531	2529
6046.949707	2499
6051.379883	2507
6055.809570	2503
6060.239746	2478
6064.669922	2451
6069.099609	2432
6073.529785	2441
6077.959961	2418
6082.389648	2348
6086.819824	2351
6091.250000	2344
6095.679688	2297
6100.109863	2308
6104.539551	2313
6108.969727	2311
6113.399902	2290
6117.829590	2255
6122.259766	2240
6126.689941	2221
6131.119629	2201
6135.549805	2218
6139.979980	2200
6144.409668	2169
6148.839844	2163
6153.269531	2133
6157.699707	2106
6162.129883	2102
6166.559570	2090
6170.989746	2087
6175.419922	2089
6179.849609	2062
6184.279785	2047
6188.709961	2036
6193.139648	2006
6197.569824	2013
6202.000000	2015
6206.429688	2006
6210.859863	1991
6215.289551	1959
6219.719727	1931
6224.149902	1946
6228.579590	1936
6233.009766	1920
6237.439941	1913
6241.869629	1919
6246.299805	1914
6250.729980	1890
6255.159668	1901
6259.589844	1881
6264.019531	1856
6268.449707	1846
6272.879883	1835
6277.309570	1821
6281.739746	1816
6286.169922	1826
6290.599609	1841
6295.029785	1841
6299.459961	1819
6303.889648	1806
6308.319824	1779
6312.749512	1793
6317.179688	1805
6321.609863	1822
6326.039551	1777
6330.469727	1774
6334.899902	1785
6339.329590	1764
6343.759766	1779
6348.189941	1779
6352.619629	1767
6357.049805	1770
6361.479980	1763
6365.909668	1755
6370.339844	1751
6374.769531	1752
6379.199707	1747
6383.629883	1748
6388.059570	1729
6392.489746	1722
6396.919922	1698
6401.349609	1701
6405.779785	1716
6410.209961	1712
6414.639648	1677
6419.069824	1719
6423.499512	1724
6427.929688	1697
6432.359863	1679
6436.789551	1676
6441.219727	1677
6445.649902	1676
6450.079590	1695
6454.509766	1685
6458.939941	1640
6463.369629	1640
6467.799805	1659
6472.229980	1681
6476.659668	1649
6481.089844	1646
6485.519531	1643
6489.949707	1620
6494.379883	1621
6498.809570	1618
6503.239746	1610
6507.669922	1637
6512.099609	1646
6516.529785	1652
6520.959961	1659
6525.389648	1642
6529.819824	1650
6534.249512	1652
6538.679688	1657
6543.109863	1650
6547.539551	1657
6551.969727	1639
6556.399902	1616
6560.829590	1640
6565.259766	1676
6569.689941	1685
6574.119629	1712
6578.549805	1700
6582.979980	1707
6587.409668	1716
6591.839844	1709
6596.269531	1698
6600.699707	1664
6605.129883	1650
6609.559570	1672
6613.989746	1673
6618.419922	1671
6622.849609	1669
6627.279785	1625
6631.709961	1624
6636.139648	1636
6640.569824	1622
6644.999512	1622
6649.429688	1617
6653.859863	1591
6658.289551	1596
6662.719727	1621
6667.149902	1617
6671.579590	1608
6676.009766	1615
6680.439941	1609
6684.869629	1608
6689.299805	1637
6693.729980	1643
6698.159668	1646
6702.589844	1631
6707.019531	1599
6711.449707	1626
6715.879883	1643
6720.309570	1653
6724.739746	1654
6729.169922	1652
6733.599609	1625
6738.029785	1640
6742.459961	1654
6746.889648	1650
6751.319824	1627
6755.749512	1625
6760.179688	1633
6764.609863	1627
6769.039551	1639
6773.469727	1639
6777.899902	1640
6782.329590	1645
6786.759766	1643
6791.189941	1637
6795.619629	1638
6800.049805	1668
6804.479492	1656
6808.909668	1631
6813.339844	1652
6817.769531	1666
6822.199707	1655
6826.629883	1630
6831.059570	1623
6835.489746	1607
6839.919922	1561
6844.349609	1536
6848.779785	1504
6853.209961	1490
6857.639648	1477
6862.069824	1475
6866.499512	1489
6870.929688	1526
6875.359863	1537
6879.789551	1526
6884.219727	1524
6888.649902	1536
6893.079590	1557
6897.509766	1561
6901.939941	1568
6906.369629	1570
6910.799805	1564
6915.229492	1593
6919.659668	1589
6924.089844	1609
6928.519531	1610
6932.949707	1605
6937.379883	1616
6941.809570	1636
6946.239746	1640
6950.669922	1645
6955.099609	1638
6959.529785	1636
6963.959961	1626
6968.389648	1618
6972.819824	1643
6977.249512	1650
6981.679688	1644
6986.109863	1634
6990.539551	1639
6994.969727	1641
6999.399902	1648
7003.829590	1680
7008.259766	1651
7012.689941	1654
7017.119629	1649
7021.549805	1660
7025.979492	1655
7030.409668	1649
7034.839844	1650
7039.269531	1632
7043.699707	1618
7048.129883	1629
7052.559570	1599
7056.989746	1611
7061.419922	1651
7065.849609	1659
7070.279785	1655
7074.709961	1661
7079.139648	1649
7083.569824	1605
7087.999512	1615
7092.429688	1619
7096.859863	1605
7101.289551	1600
7105.719727	1584
7110.149902	1582
7114.579590	1582
7119.009766	1578
7123.439941	1582
7127.869629	1568
7132.299805	1539
7136.729492	1505
7141.159668	1502
7145.589844	1508
7150.019531	1477
7154.449707	1453
7158.879883	1466
7163.309570	1469
7167.739746	1440
7172.169922	1437
7176.599609	1449
7181.029785	1450
7185.459961	1445
7189.889648	1417
7194.319824	1424
7198.749512	1415
7203.179688	1405
7207.609863	1418
7212.039551	1381
7216.469727	1328
7220.899902	1328
7225.329590	1335
7229.759766	1348
7234.189941	1326
7238.619629	1286
7243.049805	1272
7247.479492	1298
7251.909668	1265
7256.339844	1258
7260.769531	1281
7265.199707	1279
7269.629883	1250
7274.059570	1247
7278.489746	1295
7282.919922	1276
7287.349609	1253
7291.779785	1242
7296.209961	1239
7300.639648	1237
7305.069824	1227
7309.499512	1225
7313.929688	1227
7318.359863	1217
7322.789551	1219
7327.219727	1222
7331.649902	1230
7336.079590	1214
7340.509766	1219
7344.939941	1223
7349.369629	1208
7353.799805	1194
7358.229492	1182
7362.659668	1194
7367.089844	1196
7371.519531	1179
7375.949707	1172
7380.379883	1169
7384.809570	1155
7389.239746	1143
7393.669922	1147
7398.099609	1125
7402.529785	1118
7406.959473	1132
7411.389648	1117
7415.819824	1110
7420.249512	1095
7424.679688	1072
7429.109863	1069
7433.539551	1054
7437.969727	1061
7442.399902	1054
7446.829590	1024
7451.259766	1036
7455.689941	1032
7460.119629	1011
7464.549805	1008
7468.979492	1017
7473.409668	1030
7477.839844	1032
7482.269531	1008
7486.699707	976
7491.129883	980
7495.559570	984
7499.989746	969
7504.419922	972
7508.849609	953
7513.279785	952
7517.709473	938
7522.139648	895
7526.569824	881
7530.999512	888
7535.429688	880
7539.859863	860
7544.289551	851
7548.719727	823
7553.149902	788
7557.579590	764
7562.009766	729
7566.439941	701
7570.869629	688
7575.299805	656
7579.729492	637
7584.159668	599
7588.589844	593
7593.019531	573
7597.449707	564
7601.879883	574
7606.309570	569
7610.739746	551
7615.169922	543
7619.599609	552
7624.029785	592
7628.459473	599
7632.889648	606
7637.319824	618
7641.749512	622
7646.179688	632
7650.609863	631
7655.039551	651
7659.469727	617
7663.899902	599
7668.329590	623
7672.759766	628
7677.189941	626
7681.619629	619
7686.049805	630
7690.479492	640
7694.909668	625
7699.339844	614
7703.769531	605
7708.199707	615
7712.629883	619
7717.059570	613
7721.489746	607
7725.919922	603
7730.349609	597
7734.779785	577
7739.209473	571
7743.639648	565
7748.069824	559
7752.499512	556
7756.929688	546
7761.359863	537
7765.789551	538
7770.219727	545
7774.649902	538
7779.079590	516
7783.509766	512
7787.939941	517
7792.369629	495
7796.799805	469
7801.229492	480
7805.659668	482
7810.089844	486
7814.519531	473
7818.949707	448
7823.379883	467
7827.809570	453
7832.239746	442
7836.669922	420
7841.099609	416
7845.529785	437
7849.959473	429
7854.389648	419
7858.819824	420
7863.249512	429
7867.679688	416
7872.109863	417
7876.539551	428
7880.969727	429
7885.399902	430
7889.829590	440
7894.259766	446
7898.689453	431
7903.119629	425
7907.549805	430
7911.979492	427
7916.409668	429
7920.839844	436
7925.269531	438
7929.699707	431
7934.129883	437
7938.559570	429
7942.989746	447
7947.419922	453
7951.849609	454
7956.279785	438
7960.709473	434
7965.139648	444
7969.569824	442
7973.999512	434
7978.429688	440
7982.859863	431
7987.289551	435
7991.719727	422
7996.149902	418
8000.579590	424
8005.009766	433
8009.439453	439
8013.869629	422
8018.299805	416
8022.729492	415
8027.159668	422
8031.589844	425
8036.019531	429
8040.449707	423
8044.879883	424
8049.309570	430
8053.739746	424
8058.169922	403
8062.599609	399
8067.029785	397
8071.459473	408
8075.889648	408
8080.319824	400
8084.749512	410
8089.179688	406
8093.609863	390
8098.039551	378
8102.469727	385
8106.899902	369
8111.329590	354
8115.759766	359
8120.189453	345
8124.619629	334
8129.049805	345
8133.479492	350
8137.909668	325
8142.339844	329
8146.769531	309
8151.199707	309
8155.629883	324
8160.059570	332
8164.489746	336
8168.919922	326
8173.349609	326
8177.779785	313
8182.209473	317
8186.639648	299
8191.069824	307
8195.500000	312
8199.929688	307
8204.359375	301
8208.790039	301
8213.219727	303
8217.649414	317
8222.080078	301
8226.509766	291
8230.939453	281
8235.370117	288
8239.799805	279
8244.229492	280
8248.660156	296
8253.089844	302
8257.519531	311
8261.949219	312
8266.379883	308
8270.809570	302
8275.239258	293
8279.669922	308
8284.099609	304
8288.529297	309
8292.959961	321
8297.389648	320
8301.819336	303
8306.250000	298
8310.679688	309
8315.109375	329
8319.540039	323
8323.969727	309
8328.399414	325
8332.830078	340
8337.259766	326
8341.689453	325
8346.120117	330
8350.549805	331
8354.979492	327
8359.410156	325
8363.839844	333
8368.269531	330
8372.699219	335
8377.129883	341
8381.559570	346
8385.989258	334
8390.419922	333
8394.849609	329
8399.279297	339
8403.709961	340
8408.139648	334
8412.569336	356
8417.000000	341
8421.429688	331
8425.859375	350
8430.290039	352
8434.719727	354
8439.149414	360
8443.580078	359
8448.009766	350
8452.439453	355
8456.870117	356
8461.299805	344
8465.729492	342
8470.160156	344
8474.589844	350
8479.019531	344
8483.449219	338
8487.879883	334
8492.309570	349
8496.739258	339
8501.169922	325
8505.599609	329
8510.029297	325
8514.459961	330
8518.889648	331
8523.319336	314
8527.750000	312
8532.179688	307
8536.609375	324
8541.040039	340
8545.469727	336
8549.899414	317
8554.330078	314
8558.759766	318
8563.189453	334
8567.620117	326
8572.049805	324
8576.479492	306
8580.909180	294
8585.339844	285
8589.769531	278
8594.199219	299
8598.629883	320
8603.059570	300
8607.489258	278
8611.919922	284
8616.349609	303
8620.779297	284
8625.209961	285
8629.639648	290
8634.069336	282
8638.500000	274
8642.929688	272
8647.359375	276
8651.790039	265
8656.219727	250
8660.649414	274
8665.080078	266
8669.509766	262
8673.939453	253
8678.370117	251
8682.799805	255
8687.229492	255
8691.659180	256
8696.089844	248
8700.519531	230
8704.949219	221
8709.379883	226
8713.809570	229
8718.239258	230
8722.669922	235
8727.099609	230
8731.529297	223
8735.959961	233
8740.389648	228
8744.819336	233
8749.250000	223
8753.679688	213
8758.109375	214
8762.540039	210
8766.969727	211
8771.399414	216
8775.830078	224
8780.259766	230
8784.689453	217
8789.120117	210
8793.549805	221
8797.979492	208
8802.409180	198
8806.839844	205
8811.269531	213
8815.699219	213
8820.129883	207
8824.559570	214
8828.989258	213
8833.419922	209
8837.849609	205
8842.279297	194
8846.709961	199
8851.139648	207
8855.569336	212
8860.000000	209
8864.429688	197
8868.859375	194
8873.290039	203
8877.719727	209
8882.149414	209
8886.580078	208
8891.009766	221
8895.439453	204
8899.870117	218
8904.299805	211
8908.729492	202
8913.159180	211
8917.589844	199
8922.019531	200
8926.449219	205
8930.879883	187
8935.309570	182
8939.739258	202
8944.169922	209
8948.599609	213
8953.029297	204
8957.459961	195
8961.889648	205
8966.319336	201
8970.750000	202
8975.179688	220
8979.609375	214
8984.040039	200
8988.469727	210
8992.899414	202
8997.330078	199
9001.759766	210
9006.189453	196
9010.620117	206
9015.049805	196
9019.479492	211
9023.909180	218
9028.339844	213
9032.769531	222
9037.199219	223
9041.629883	203
9046.059570	196
9050.489258	206
9054.919922	210
9059.349609	203
9063.779297	198
9068.209961	200
9072.639648	206
9077.069336	202
9081.500000	199
9085.929688	202
9090.359375	193
9094.790039	196
9099.219727	201
9103.649414	198
9108.080078	196
9112.509766	198
9116.939453	211
9121.370117	215
9125.799805	216
9130.229492	203
9134.659180	200
9139.089844	204
9143.519531	208
9147.949219	206
9152.379883	211
9156.809570	215
9161.239258	199
9165.669922	185
9170.099609	189
9174.529297	201
9178.959961	207
9183.389648	213
9187.819336	207
9192.250000	208
9196.679688	204
9201.109375	202
9205.540039	193
9209.969727	202
9214.399414	207
9218.830078	198
9223.259766	201
9227.689453	201
9232.120117	197
9236.549805	197
9240.979492	205
9245.409180	201
9249.839844	203
9254.269531	200
9258.699219	201
9263.129883	214
9267.559570	191
9271.989258	193
9276.419922	197
9280.849609	211
9285.279297	205
9289.709961	209
9294.139648	215
9298.569336	198
9303.000000	181
9307.429688	193
9311.859375	200
9316.290039	203
9320.719727	206
9325.149414	200
9329.580078	188
9334.009766	206
9338.439453	197
9342.870117	197
9347.299805	201
9351.729492	201
9356.159180	214
9360.589844	207
9365.019531	202
9369.449219	194
9373.879883	199
9378.309570	200
9382.739258	201
9387.169922	207
9391.599609	207
9396.029297	199
9400.459961	205
9404.889648	207
9409.319336	213
9413.750000	209
9418.179688	205
9422.609375	203
9427.040039	197
9431.469727	212
9435.899414	219
9440.330078	220
9444.759766	205
9449.189453	214
9453.620117	212
9458.049805	218
9462.479492	222
9466.909180	199
9471.339844	210
9475.769531	222
9480.199219	218
9484.629883	208
9489.059570	216
9493.489258	213
9497.919922	222
9502.349609	220
9506.779297	218
9511.209961	218
9515.639648	217
9520.069336	237
9524.500000	230
9528.929688	236
9533.359375	247
9537.790039	235
9542.219727	241
9546.649414	223
9551.080078	229
9555.509766	236
9559.939453	231
9564.370117	228
9568.799805	234
9573.229492	225
9577.659180	226
9582.089844	229
9586.519531	236
9590.949219	223
9595.379883	222
9599.809570	229
9604.239258	236
9608.669922	241
9613.099609	246
9617.529297	248
9621.959961	256
9626.389648	266
9630.819336	250
9635.250000	227
9639.679688	244
9644.109375	256
9648.540039	243
9652.969727	239
9657.399414	246
9661.830078	253
9666.259766	243
9670.689453	237
9675.119141	247
9679.549805	245
9683.979492	238
9688.409180	241
9692.839844	239
9697.269531	222
9701.699219	216
9706.129883	238
9710.559570	238
9714.989258	249
9719.419922	242
9723.849609	227
9728.279297	234
9732.709961	242
9737.139648	250
9741.569336	249
9746.000000	251
9750.429688	256
9754.859375	255
9759.290039	254
9763.719727	256
9768.149414	243
9772.580078	246
9777.009766	250
9781.439453	255
9785.869141	250
9790.299805	255
9794.729492	252
9799.159180	246
9803.589844	250
9808.019531	249
9812.449219	250
9816.879883	248
9821.309570	243
9825.739258	257
9830.169922	251
9834.599609	252
9839.029297	253
9843.459961	244
9847.889648	245
9852.319336	242
9856.750000	260
9861.179688	263
9865.609375	255
9870.040039	252
9874.469727	257
9878.899414	258
9883.330078	240
9887.759766	249
9892.189453	245
9896.619141	244
9901.049805	246
9905.479492	254
9909.909180	254
9914.339844	244
9918.769531	234
9923.199219	238
9927.629883	251
9932.059570	256
9936.489258	254
9940.919922	249
9945.349609	241
9949.779297	253
9954.209961	251
9958.639648	241
9963.069336	250
9967.500000	253
9971.929688	242
9976.359375	255
9980.790039	259
9985.219727	247
9989.649414	239
9994.080078	242
9998.509766	253
10002.939453	262
10007.369141	260
10011.799805	249
10016.229492	241
10020.659180	246
10025.089844	245
10029.519531	249
10033.949219	236
10038.379883	225
10042.809570	232
10047.239258	237
10051.669922	244
10056.099609	257
10060.529297	251
10064.959961	245
10069.389648	243
10073.819336	246
10078.250000	239
10082.679688	233
10087.109375	247
10091.540039	262
10095.969727	256
10100.399414	236
10104.830078	256
10109.259766	255
10113.689453	252
10118.119141	246
10122.549805	232
10126.979492	249
10131.409180	249
10135.839844	246
10140.269531	255
10144.699219	241
10149.129883	258
10153.559570	249
10157.989258	233
10162.419922	230
10166.849609	228
10171.279297	236
10175.709961	239
10180.139648	228
10184.569336	221
10189.000000	237
10193.429688	230
10197.859375	224
10202.290039	231
10206.719727	227
10211.149414	237
10215.580078	236
10220.009766	235
10224.439453	234
10228.869141	258
10233.299805	263
10237.729492	265
10242.159180	240
10246.589844	230
10251.019531	248
10255.449219	238
10259.879883	235
10264.309570	237
10268.739258	233
10273.169922	225
10277.599609	236
10282.029297	239
10286.459961	232
10290.889648	228
10295.319336	234
10299.750000	228
10304.179688	228
10308.609375	222
10313.040039	214
10317.469727	228
10321.899414	238
10326.330078	239
10330.759766	221
10335.189453	209
10339.619141	208
10344.049805	225
10348.479492	204
10352.909180	195
10357.339844	200
10361.769531	198
10366.199219	204
10370.629883	197
10375.059570	198
10379.489258	204
10383.919922	198
10388.349609	200
10392.779297	219
10397.209961	196
10401.639648	190
10406.069336	197
10410.500000	202
10414.929688	207
10419.359375	196
10423.790039	190
10428.219727	199
10432.649414	194
10437.080078	171
10441.509766	167
10445.939453	165
10450.369141	172
10454.799805	170
10459.229492	161
10463.659180	153
10468.089844	145
10472.519531	146
10476.949219	139
10481.379883	124
10485.809570	110
10490.239258	97
10494.669922	92
10499.099609	86
10503.529297	77
10507.959961	78
10512.389648	73
10516.819336	72
10521.250000	70
10525.679688	60
10530.109375	63
10534.540039	65
10538.969727	63
10543.399414	62
10547.830078	64
10552.259766	62
10556.689453	61
10561.119141	56
10565.549805	59
10569.979492	48
10574.409180	47
10578.839844	56
10583.269531	48
10587.699219	41
10592.129883	40
10596.559570	46
10600.989258	43
10605.419922	49
10609.849609	50
10614.279297	49
10618.709961	34
10623.139648	41
10627.569336	43
10632.000000	46
10636.429688	39
10640.859375	38
10645.290039	31
10649.719727	35
10654.149414	38
10658.579102	35
10663.009766	37
10667.439453	33
10671.869141	36
10676.299805	39
10680.729492	30
10685.159180	32
10689.589844	34
10694.019531	31
10698.449219	25
10702.879883	22
10707.309570	28
10711.739258	28
10716.169922	24
10720.599609	28
10725.029297	26
10729.459961	26
10733.889648	26
10738.319336	23
10742.750000	20
10747.179688	21
10751.609375	20
10756.040039	17
10760.469727	17
10764.899414	18
10769.329102	19
10773.759766	13
10778.189453	11
10782.619141	8
10787.049805	6
10791.479492	7
10795.909180	8
10800.339844	9
10804.769531	7
10809.199219	4
10813.629883	9
10818.059570	7
10822.489258	4
10826.919922	3
10831.349609	1
10835.779297	1
10840.209961	0
10844.639648	0
10849.069336	0
10853.500000	0
10857.929688	0
10862.359375	0
10866.790039	0
10871.219727	0
10875.649414	0
10880.079102	0
10884.509766	0
10888.939453	0
10893.369141	0
10897.799805	0
10902.229492	0
10906.659180	0
10911.089844	0
10915.519531	0
10919.949219	0
10924.379883	0
10928.809570	0
10933.239258	0
10937.669922	0
10942.099609	0
10946.529297	0
10950.959961	0
10955.389648	0
10959.819336	0
10964.250000	0
10968.679688	0
10973.109375	0
10977.540039	0
10981.969727	0
10986.399414	0
10990.829102	0
10995.259766	0
10999.689453	0
11004.119141	0
11008.549805	0
11012.979492	0
11017.409180	0
11021.839844	0
11026.269531	0
11030.699219	0
11035.129883	0
11039.559570	0
11043.989258	0
11048.419922	0
11052.849609	0
11057.279297	0
11061.709961	0
11066.139648	0
11070.569336	0
11075.000000	0
11079.429688	0
11083.859375	0
11088.290039	0
11092.719727	0
11097.149414	0
11101.579102	0
11106.009766	0
11110.439453	0
11114.869141	0
11119.299805	0
11123.729492	0
11128.159180	0
11132.589844	0
11137.019531	0
11141.449219	0
11145.879883	0
11150.309570	0
11154.739258	0
11159.169922	0
11163.599609	0
11168.029297	0
11172.459961	0
11176.889648	0
11181.319336	0
11185.750000	0
11190.179688	0
11194.609375	0
11199.040039	0
11203.469727	0
11207.899414	0
11212.329102	0
11216.759766	0
11221.189453	0
11225.619141	0
11230.049805	0
11234.479492	0
11238.909180	0
11243.339844	0
11247.769531	0
11252.199219	0
11256.629883	0
11261.059570	0
11265.489258	0
11269.919922	0
11274.349609	0
11278.779297	0
11283.209961	0
11287.639648	0
11292.069336	0
11296.500000	0
11300.929688	0
11305.359375	0
11309.790039	0
11314.219727	0
11318.649414	0
11323.079102	0
11327.509766	0
11331.939453	0
11336.369141	0
11340.799805	0
11345.229492	0
11349.659180	0
11354.089844	0
11358.519531	0
11362.949219	0
11367.379883	0
11371.809570	0
11376.239258	0
11380.669922	0
11385.099609	0
11389.529297	0
11393.959961	0
11398.389648	0
11402.819336	0
11407.250000	0
11411.679688	0
11416.109375	0
11420.540039	0
11424.969727	0
11429.399414	0
11433.829102	0
11438.259766	0
11442.689453	0
11447.119141	0
11451.549805	0
11455.979492	0
11460.409180	0
11464.839844	0
11469.269531	0
11473.699219	0
11478.129883	0
11482.559570	0
11486.989258	0
11491.419922	0
11495.849609	0
11500.279297	0
11504.709961	0
11509.139648	0
11513.569336	0
11518.000000	0
11522.429688	0
11526.859375	0
11531.290039	0
11535.719727	0
11540.149414	0
11544.579102	0
11549.009766	0
11553.439453	0
11557.869141	0
11562.299805	0
11566.729492	0
11571.159180	0
11575.589844	0
11580.019531	0
11584.449219	0
11588.879883	0
11593.309570	0
11597.739258	0
11602.169922	0
11606.599609	0
11611.029297	0
11615.459961	0
11619.889648	0
11624.319336	0
11628.750000	0
11633.179688	0
11637.609375	0
11642.039063	0
11646.469727	0
11650.899414	0
11655.329102	0
11659.759766	0
11664.189453	0
11668.619141	0
11673.049805	0
11677.479492	0
11681.909180	0
11686.339844	0
11690.769531	0
11695.199219	0
11699.629883	0
11704.059570	0
11708.489258	0
11712.919922	0
11717.349609	0
11721.779297	0
11726.209961	0
11730.639648	0
11735.069336	0
11739.500000	0
11743.929688	0
11748.359375	0
11752.789063	0
11757.219727	0
11761.649414	0
11766.079102	0
11770.509766	0
11774.939453	0
11779.369141	0
11783.799805	0
11788.229492	0
11792.659180	0
11797.089844	0
11801.519531	0
11805.949219	0
11810.379883	0
11814.809570	0
11819.239258	0
11823.669922	0
11828.099609	0
11832.529297	0
11836.959961	0
11841.389648	0
11845.819336	0
11850.250000	0
11854.679688	0
11859.109375	0
11863.539063	0
11867.969727	0
11872.399414	0
11876.829102	0
11881.259766	0
11885.689453	0
11890.119141	0
11894.549805	0
11898.979492	0
11903.409180	0
11907.839844	0
11912.269531	0
11916.699219	0
11921.129883	0
11925.559570	0
11929.989258	0
11934.419922	0
11938.849609	0
11943.279297	0
11947.709961	0
11952.139648	0
11956.569336	0
11961.000000	0
11965.429688	0
11969.859375	0
11974.289063	0
11978.719727	0
11983.149414	0
11987.579102	0
11992.009766	0
11996.439453	0
12000.869141	0
12005.299805	0
12009.729492	0
12014.159180	0
12018.589844	0
12023.019531	0
12027.449219	0
12031.879883	0
12036.309570	0
12040.739258	0
12045.169922	0
12049.599609	0
12054.029297	0
12058.459961	0
12062.889648	0
12067.319336	0
12071.750000	0
12076.179688	0
12080.609375	0
12085.039063	0
12089.469727	0
12093.899414	0
12098.329102	0
12102.759766	0
12107.189453	0
12111.619141	0
12116.049805	0
12120.479492	0
12124.909180	0
12129.339844	0
12133.769531	0
12138.199219	0
12142.629883	0
12147.059570	0
12151.489258	0
12155.919922	0
12160.349609	0
12164.779297	0
12169.209961	0
12173.639648	0
12178.069336	0
12182.500000	0
12186.929688	0
12191.359375	0
12195.789063	0
12200.219727	0
12204.649414	0
12209.079102	0
12213.509766	0
12217.939453	0
12222.369141	0
12226.799805	0
12231.229492	0
12235.659180	0
12240.089844	0
12244.519531	0
12248.949219	0
12253.379883	0
12257.809570	0
12262.239258	0
12266.669922	0
12271.099609	0
12275.529297	0
12279.959961	0
12284.389648	0
12288.819336	0
12293.250000	0
12297.679688	0
12302.109375	0
12306.539063	0
12310.969727	0
12315.399414	0
12319.829102	0
12324.259766	0
12328.689453	0
12333.119141	0
12337.549805	0
12341.979492	0
12346.409180	0
12350.839844	0
12355.269531	0
12359.699219	0
12364.129883	0
12368.559570	0
12372.989258	0
12377.419922	0
12381.849609	0
12386.279297	0
12390.709961	0
12395.139648	0
12399.569336	0
12404.000000	0
12408.429688	0
12412.859375	0
12417.289063	0
12421.719727	0
12426.149414	0
12430.579102	0
12435.009766	0
12439.439453	0
12443.869141	0
12448.299805	0
12452.729492	0
12457.159180	0
12461.589844	0
12466.019531	0
12470.449219	0
12474.879883	0
12479.309570	0
12483.739258	0
12488.169922	0
12492.599609	0
12497.029297	0
12501.459961	0
12505.889648	0
12510.319336	0
12514.750000	0
12519.179688	0
12523.609375	0
12528.039063	0
12532.469727	0
12536.899414	0
12541.329102	0
12545.759766	0
12550.189453	0
12554.619141	0
12559.049805	0
12563.479492	0
12567.909180	0
12572.339844	0
12576.769531	0
12581.199219	0
12585.629883	0
12590.059570	0
12594.489258	0
12598.919922	0
12603.349609	0
12607.779297	0
12612.209961	0
12616.639648	0
12621.069336	0
12625.499023	0
12629.929688	0
12634.359375	0
12638.789063	0
12643.219727	0
12647.649414	0
12652.079102	0
12656.509766	0
12660.939453	0
12665.369141	0
12669.799805	0
12674.229492	0
12678.659180	0
12683.089844	0
12687.519531	0
12691.949219	0
12696.379883	0
12700.809570	0
12705.239258	0
12709.669922	0
12714.099609	0
12718.529297	0
12722.959961	0
12727.389648	0
12731.819336	0
12736.249023	0
12740.679688	0
12745.109375	0
12749.539063	0
12753.969727	0
12758.399414	0
12762.829102	0
12767.259766	0
12771.689453	0
12776.119141	0
12780.549805	0
12784.979492	0
12789.409180	0
12793.839844	0
12798.269531	0
12802.699219	0
12807.129883	0
12811.559570	0
12815.989258	0
12820.419922	0
12824.849609	0
12829.279297	0
12833.709961	0
12838.139648	0
12842.569336	0
12846.999023	0
12851.429688	0
12855.859375	0
12860.289063	0
12864.719727	0
12869.149414	0
