-3349.968994	450
-3345.537842	478
-3341.106689	453
-3336.675537	453
-3332.244385	441
-3327.813232	429
-3323.381836	432
-3318.950684	435
-3314.519531	453
-3310.088379	458
-3305.657227	440
-3301.226074	469
-3296.794922	461
-3292.363770	429
-3287.932617	428
-3283.501465	448
-3279.070313	459
-3274.638916	444
-3270.207764	444
-3265.776611	453
-3261.345459	439
-3256.914307	450
-3252.483154	459
-3248.052002	428
-3243.620850	432
-3239.189697	456
-3234.758545	446
-3230.327148	375
-3225.895996	396
-3221.464844	426
-3217.033691	411
-3212.602539	410
-3208.171387	439
-3203.740234	433
-3199.309082	410
-3194.877930	392
-3190.446777	396
-3186.015381	415
-3181.584229	380
-3177.153076	405
-3172.721924	428
-3168.290771	443
-3163.859619	411
-3159.428467	396
-3154.997314	426
-3150.566162	449
-3146.135010	437
-3141.703857	436
-3137.272461	422
-3132.841309	423
-3128.410156	432
-3123.979004	406
-3119.547852	384
-3115.116699	376
-3110.685547	390
-3106.254395	400
-3101.823242	418
-3097.392090	412
-3092.960693	421
-3088.529541	432
-3084.098389	454
-3079.667236	424
-3075.236084	415
-3070.804932	421
-3066.373779	395
-3061.942627	383
-3057.511475	389
-3053.080322	409
-3048.648926	449
-3044.217773	418
-3039.786621	399
-3035.355469	419
-3030.924316	445
-3026.493164	445
-3022.062012	406
-3017.630859	431
-3013.199707	411
-3008.768555	408
-3004.337402	425
-2999.906006	411
-2995.474854	410
-2991.043701	409
-2986.612549	399
-2982.181396	393
-2977.750244	397
-2973.319092	411
-2968.887939	419
-2964.456787	453
-2960.025635	407
-2955.594238	379
-2951.163086	412
-2946.731934	449
-2942.300781	452
-2937.869629	447
-2933.438477	438
-2929.007324	427
-2924.576172	401
-2920.145020	387
-2915.713867	408
-2911.282471	434
-2906.851318	427
-2902.420166	399
-2897.989014	415
-2893.557861	431
-2889.126709	419
-2884.695557	406
-2880.264404	423
-2875.833252	427
-2871.402100	417
-2866.970947	399
-2862.539551	396
-2858.108398	444
-2853.677246	455
-2849.246094	442
-2844.814941	430
-2840.383789	419
-2835.952637	397
-2831.521484	419
-2827.090332	455
-2822.659180	417
-2818.227783	397
-2813.796631	424
-2809.365479	455
-2804.934326	401
-2800.503174	410
-2796.072021	430
-2791.640869	436
-2787.209717	441
-2782.778564	417
-2778.347412	411
-2773.916016	407
-2769.484863	414
-2765.053711	437
-2760.622559	437
-2756.191406	442
-2751.760254	446
-2747.329102	417
-2742.897949	400
-2738.466797	426
-2734.035645	432
-2729.604492	442
-2725.173096	459
-2720.741943	460
-2716.310791	452
-2711.879639	452
-2707.448486	460
-2703.017334	436
-2698.586182	399
-2694.155029	419
-2689.723877	444
-2685.292725	432
-2680.861328	421
-2676.430176	433
-2671.999023	435
-2667.567871	437
-2663.136719	439
-2658.705566	433
-2654.274414	415
-2649.843262	403
-2645.412109	416
-2640.980957	435
-2636.549561	476
-2632.118408	503
-2627.687256	474
-2623.256104	426
-2618.824951	417
-2614.393799	432
-2609.962646	427
-2605.531494	438
-2601.100342	440
-2596.669189	433
-2592.238037	449
-2587.806641	422
-2583.375488	450
-2578.944336	445
-2574.513184	445
-2570.082031	417
-2565.650879	382
-2561.219727	400
-2556.788574	386
-2552.357422	410
-2547.926270	443
-2543.494873	465
-2539.063721	458
-2534.632568	465
-2530.201416	443
-2525.770264	397
-2521.339111	411
-2516.907959	411
-2512.476807	391
-2508.045654	389
-2503.614502	400
-2499.183105	432
-2494.751953	412
-2490.320801	424
-2485.889648	477
-2481.458496	451
-2477.027344	402
-2472.596191	418
-2468.165039	432
-2463.733887	439
-2459.302734	425
-2454.871582	407
-2450.440186	385
-2446.009033	391
-2441.577881	419
-2437.146729	441
-2432.715576	419
-2428.284424	405
-2423.853271	400
-2419.422119	400
-2414.990967	421
-2410.559814	428
-2406.128418	437
-2401.697266	434
-2397.266113	448
-2392.834961	426
-2388.403809	397
-2383.972656	412
-2379.541504	413
-2375.110352	406
-2370.679199	418
-2366.248047	433
-2361.816895	431
-2357.385498	427
-2352.954346	453
-2348.523193	444
-2344.092041	429
-2339.660889	418
-2335.229736	432
-2330.798584	420
-2326.367432	434
-2321.936279	441
-2317.505127	416
-2313.073730	418
-2308.642578	426
-2304.211426	445
-2299.780273	442
-2295.349121	433
-2290.917969	430
-2286.486816	403
-2282.055664	409
-2277.624512	461
-2273.193359	471
-2268.761963	430
-2264.330811	399
-2259.899658	381
-2255.468506	397
-2251.037354	438
-2246.606201	450
-2242.175049	420
-2237.743896	404
-2233.312744	416
-2228.881592	439
-2224.450439	469
-2220.019043	441
-2215.587891	427
-2211.156738	426
-2206.725586	428
-2202.294434	449
-2197.863281	467
-2193.432129	435
-2189.000977	388
-2184.569824	370
-2180.138672	416
-2175.707275	460
-2171.276123	436
-2166.844971	374
-2162.413818	390
-2157.982666	404
-2153.551514	412
-2149.120361	402
-2144.689209	423
-2140.258057	433
-2135.826904	445
-2131.395508	433
-2126.964355	432
-2122.533203	415
-2118.102051	396
-2113.670898	417
-2109.239746	396
-2104.808594	408
-2100.377441	426
-2095.946289	424
-2091.515137	398
-2087.083984	392
-2082.652588	411
-2078.221436	407
-2073.790283	389
-2069.359131	362
-2064.927979	420
-2060.496826	460
-2056.065674	451
-2051.634521	427
-2047.203247	392
-2042.772095	409
-2038.340942	416
-2033.909790	398
-2029.478638	411
-2025.047363	431
-2020.616211	409
-2016.185059	408
-2011.753906	422
-2007.322754	426
-2002.891479	421
-1998.460327	455
-1994.029175	418
-1989.598022	417
-1985.166870	417
-1980.735596	406
-1976.304443	427
-1971.873291	418
-1967.442139	432
-1963.010986	485
-1958.579712	463
-1954.148560	427
-1949.717407	464
-1945.286255	494
-1940.855103	492
-1936.423828	484
-1931.992676	461
-1927.561523	433
-1923.130371	431
-1918.699219	451
-1914.267944	448
-1909.836792	469
-1905.405640	453
-1900.974487	425
-1896.543335	413
-1892.112183	403
-1887.680908	431
-1883.249756	406
-1878.818604	426
-1874.387451	429
-1869.956299	386
-1865.525024	405
-1861.093872	445
-1856.662720	452
-1852.231567	417
-1847.800415	390
-1843.369141	386
-1838.937988	372
-1834.506836	354
-1830.075684	370
-1825.644531	444
-1821.213257	475
-1816.782104	471
-1812.350952	438
-1807.919800	419
-1803.488647	427
-1799.057373	431
-1794.626221	424
-1790.195068	454
-1785.763916	430
-1781.332764	446
-1776.901489	473
-1772.470337	437
-1768.039185	425
-1763.608032	434
-1759.176880	424
-1754.745728	399
-1750.314453	424
-1745.883301	421
-1741.452148	394
-1737.020996	395
-1732.589844	407
-1728.158569	445
-1723.727417	448
-1719.296265	404
-1714.865112	419
-1710.433960	426
-1706.002686	419
-1701.571533	449
-1697.140381	451
-1692.709229	450
-1688.278076	432
-1683.846802	441
-1679.415649	463
-1674.984497	462
-1670.553345	464
-1666.122192	442
-1661.690918	418
-1657.259766	429
-1652.828613	394
-1648.397461	396
-1643.966309	424
-1639.535156	405
-1635.103882	382
-1630.672729	454
-1626.241577	481
-1621.810425	452
-1617.379272	434
-1612.947998	440
-1608.516846	463
-1604.085693	445
-1599.654541	448
-1595.223389	435
-1590.792114	410
-1586.360962	432
-1581.929810	436
-1577.498657	429
-1573.067505	431
-1568.636230	430
-1564.205078	417
-1559.773926	465
-1555.342773	454
-1550.911621	426
-1546.480347	438
-1542.049194	436
-1537.618042	428
-1533.186890	406
-1528.755737	433
-1524.324463	437
-1519.893311	441
-1515.462158	418
-1511.031006	445
-1506.599854	454
-1502.168701	406
-1497.737427	446
-1493.306274	425
-1488.875122	411
-1484.443970	397
-1480.012817	411
-1475.581543	452
-1471.150391	458
-1466.719238	429
-1462.288086	406
-1457.856934	430
-1453.425659	452
-1448.994507	458
-1444.563354	414
-1440.132202	405
-1435.701050	432
-1431.269775	424
-1426.838623	407
-1422.407471	417
-1417.976318	426
-1413.545166	424
-1409.113892	430
-1404.682739	449
-1400.251587	430
-1395.820435	415
-1391.389282	410
-1386.958008	394
-1382.526855	415
-1378.095703	429
-1373.664551	430
-1369.233398	437
-1364.802246	430
-1360.370972	423
-1355.939819	422
-1351.508667	443
-1347.077515	428
-1342.646362	471
-1338.215088	521
-1333.783936	486
-1329.352783	434
-1324.921631	474
-1320.490479	474
-1316.059204	439
-1311.628052	439
-1307.196899	464
-1302.765747	439
-1298.334595	418
-1293.903320	449
-1289.472168	452
-1285.041016	439
-1280.609863	451
-1276.178711	437
-1271.747437	425
-1267.316284	429
-1262.885132	445
-1258.453979	436
-1254.022827	434
-1249.591553	423
-1245.160400	430
-1240.729248	442
-1236.298096	454
-1231.866943	401
-1227.435791	422
-1223.004517	454
-1218.573364	466
-1214.142212	478
-1209.711060	449
-1205.279907	420
-1200.848633	464
-1196.417480	456
-1191.986328	458
-1187.555176	466
-1183.124023	431
-1178.692749	424
-1174.261597	442
-1169.830444	440
-1165.399292	447
-1160.968140	451
-1156.536865	443
-1152.105713	447
-1147.674561	448
-1143.243408	425
-1138.812256	416
-1134.380981	407
-1129.949829	438
-1125.518677	451
-1121.087524	444
-1116.656372	417
-1112.225220	433
-1107.793945	449
-1103.362793	441
-1098.931641	423
-1094.500488	425
-1090.069336	455
-1085.638062	464
-1081.206909	469
-1076.775757	443
-1072.344604	437
-1067.913452	440
-1063.482178	423
-1059.051025	405
-1054.619873	415
-1050.188721	412
-1045.757568	426
-1041.326294	459
-1036.895142	459
-1032.463989	430
-1028.032837	423
-1023.601624	441
-1019.170471	426
-1014.739319	422
-1010.308105	431
-1005.876953	440
-1001.445740	446
-997.014587	431
-992.583435	428
-988.152222	451
-983.721069	432
-979.289856	428
-974.858704	432
-970.427551	424
-965.996338	400
-961.565186	430
-957.133972	450
-952.702820	470
-948.271667	470
-943.840454	481
-939.409302	454
-934.978149	437
-930.546936	450
-926.115784	428
-921.684570	440
-917.253418	487
-912.822266	459
-908.391052	430
-903.959900	426
-899.528687	440
-895.097534	457
-890.666382	437
-886.235168	433
-881.804016	417
-877.372864	438
-872.941650	454
-868.510498	447
-864.079285	446
-859.648132	438
-855.216980	426
-850.785767	433
-846.354614	455
-841.923401	451
-837.492249	455
-833.061096	446
-828.629883	452
-824.198730	473
-819.767578	444
-815.336365	424
-810.905212	455
-806.473999	461
-802.042847	451
-797.611694	452
-793.180481	460
-788.749329	461
-784.318115	485
-779.886963	453
-775.455811	428
-771.024597	427
-766.593445	434
-762.162231	451
-757.731079	405
-753.299927	369
-748.868713	375
-744.437561	417
-740.006409	431
-735.575195	428
-731.144043	469
-726.712830	456
-722.281677	439
-717.850525	456
-713.419312	446
-708.988159	417
-704.556946	404
-700.125793	425
-695.694641	419
-691.263428	431
-686.832275	474
-682.401123	501
-677.969910	469
-673.538757	453
-669.107544	469
-664.676392	503
-660.245239	462
-655.814026	438
-651.382874	413
-646.951660	416
-642.520508	461
-638.089355	484
-633.658142	494
-629.226990	487
-624.795776	440
-620.364624	431
-615.933472	449
-611.502258	446
-607.071106	426
-602.639954	441
-598.208740	456
-593.777588	453
-589.346375	442
-584.915222	409
-580.484070	413
-576.052856	444
-571.621704	451
-567.190491	465
-562.759338	453
-558.328186	446
-553.896973	447
-549.465820	420
-545.034668	415
-540.603455	418
-536.172302	441
-531.741089	459
-527.309937	464
-522.878784	475
-518.447571	459
-514.016418	424
-509.585236	450
-505.154053	504
-500.722870	488
-496.291718	453
-491.860535	455
-487.429352	433
-482.998169	452
-478.566986	482
-474.135834	478
-469.704651	422
-465.273468	435
-460.842285	472
-456.411133	482
-451.979950	465
-447.548767	446
-443.117584	458
-438.686432	467
-434.255249	470
-429.824066	469
-425.392883	471
-420.961700	449
-416.530548	438
-412.099365	447
-407.668182	476
-403.237000	472
-398.805847	471
-394.374664	472
-389.943481	460
-385.512299	460
-381.081116	485
-376.649963	494
-372.218781	498
-367.787598	509
-363.356415	482
-358.925262	461
-354.494080	474
-350.062897	440
-345.631714	457
-341.200562	477
-336.769379	458
-332.338196	442
-327.907013	472
-323.475830	478
-319.044678	447
-314.613495	465
-310.182312	461
-305.751129	461
-301.319977	450
-296.888794	462
-292.457611	481
-288.026428	505
-283.595245	516
-279.164093	473
-274.732910	501
-270.301727	535
-265.870544	549
-261.439392	517
-257.008209	500
-252.577026	535
-248.145859	518
-243.714676	500
-239.283493	508
-234.852325	547
-230.421143	545
-225.989975	574
-221.558792	561
-217.127625	563
-212.696442	605
-208.265274	675
-203.834091	673
-199.402924	690
-194.971741	686
-190.540558	675
-186.109390	683
-181.678207	729
-177.247040	793
-172.815857	848
-168.384689	864
-163.953506	881
-159.522339	1002
-155.091156	1058
-150.659988	1099
-146.228806	1159
-141.797623	1281
-137.366455	1336
-132.935272	1440
-128.504105	1610
-124.072929	1775
-119.641747	1973
-115.210571	2299
-110.779396	2544
-106.348221	2734
-101.917046	3188
-97.485870	3862
-93.054695	4417
-88.623520	5053
-84.192345	5996
-79.761169	6933
-75.329994	7911
-70.898811	8767
-66.467636	9601
-62.036465	10060
-57.605286	10447
-53.174110	10682
-48.742935	10980
-44.311760	11373
-39.880585	11543
-35.449406	11733
-31.018232	11749
-26.587055	11816
-22.155880	11845
-17.724703	11865
-13.293528	12047
-8.862351	12080
-4.431176	12063
0.000000	12282
4.431176	12183
8.862351	12186
13.293528	12239
17.724703	12207
22.155880	12056
26.587055	11963
31.018232	11861
35.449406	11657
39.880585	11265
44.311760	10923
48.742935	10549
53.174110	10189
57.605286	9823
62.036465	9122
66.467636	8424
70.898811	7790
75.329994	6994
79.761169	6033
84.192345	5092
88.623520	4273
93.054695	3681
97.485870	3082
101.917046	2813
106.348221	2657
110.779396	2353
115.210571	2038
119.641747	1878
124.072929	1639
128.504105	1501
132.935272	1350
137.366455	1157
141.797623	1043
146.228806	1037
150.659988	1110
155.091156	1053
159.522339	977
163.953506	862
168.384689	826
172.815857	798
177.247040	766
181.678207	731
186.109390	723
190.540558	725
194.971741	695
199.402924	611
203.834091	608
208.265274	593
212.696442	539
217.127625	568
221.558792	560
225.989975	576
230.421143	620
234.852325	586
239.283493	564
243.714676	573
248.145859	547
252.577026	576
257.008209	549
261.439392	510
265.870544	494
270.301727	527
274.732910	539
279.164093	519
283.595245	516
288.026428	483
292.457611	463
296.888794	450
301.319977	475
305.751129	510
310.182312	516
314.613495	518
319.044678	497
323.475830	467
327.907013	449
332.338196	494
336.769379	517
341.200562	518
345.631714	508
350.062897	481
354.494080	437
358.925262	435
363.356415	431
367.787598	455
372.218781	461
376.649963	463
381.081116	456
385.512299	463
389.943481	490
394.374664	482
398.805847	484
403.237000	441
407.668182	424
412.099365	421
416.530548	441
420.961700	459
425.392883	449
429.824066	436
434.255249	457
438.686432	473
443.117584	468
447.548767	448
451.979950	445
456.411133	437
460.842285	426
465.273468	430
469.704651	450
474.135834	461
478.566986	448
482.998169	454
487.429352	441
491.860535	435
496.291718	459
500.722870	459
505.154053	476
509.585236	481
514.016418	495
518.447571	462
522.878784	457
527.309937	470
531.741089	481
536.172302	515
540.603455	485
545.034668	460
549.465820	480
553.896973	462
558.328186	446
562.759338	492
567.190491	473
571.621704	451
576.052856	445
580.484070	432
584.915222	430
589.346375	442
593.777588	455
598.208740	489
602.639954	473
607.071106	473
611.502258	486
615.933472	435
620.364624	408
624.795776	441
629.226990	474
633.658142	458
638.089355	449
642.520508	456
646.951660	468
651.382874	499
655.814026	453
660.245239	425
664.676392	441
669.107544	464
673.538757	510
677.969910	490
682.401123	450
686.832275	442
691.263428	432
695.694641	457
700.125793	486
704.556946	457
708.988159	466
713.419312	424
717.850525	435
722.281677	487
726.712830	525
731.144043	499
735.575195	423
740.006409	434
744.437561	476
748.868713	457
753.299927	439
757.731079	444
762.162231	447
766.593445	472
771.024597	486
775.455811	468
779.886963	473
784.318115	478
788.749329	496
793.180481	476
797.611694	449
802.042847	461
806.473999	460
810.905212	441
815.336365	459
819.767578	432
824.198730	450
828.629883	469
833.061096	455
837.492249	455
841.923401	468
846.354614	439
850.785767	445
855.216980	449
859.648132	433
864.079285	430
868.510498	464
872.941650	487
877.372864	456
881.804016	440
886.235168	465
890.666382	503
895.097534	471
899.528687	422
903.959900	442
908.391052	448
912.822266	481
917.253418	494
921.684570	488
926.115784	456
930.546936	434
934.978149	409
939.409302	429
943.840454	440
948.271667	413
952.702820	432
957.133972	408
961.565186	413
965.996338	439
970.427551	457
974.858704	430
979.289856	424
983.721069	440
988.152222	461
992.583435	445
997.014587	411
1001.445740	429
1005.876953	451
1010.308105	440
1014.739319	480
1019.170471	477
1023.601624	433
1028.032837	477
1032.463989	514
1036.895142	500
1041.326294	461
1045.757568	445
1050.188721	448
1054.619873	410
1059.051025	404
1063.482178	431
1067.913452	431
1072.344604	467
1076.775757	441
1081.206909	415
1085.638062	419
1090.069336	419
1094.500488	438
1098.931641	485
1103.362793	490
1107.793945	439
1112.225220	429
1116.656372	462
1121.087524	465
1125.518677	450
1129.949829	442
1134.380981	467
1138.812256	445
1143.243408	442
1147.674561	421
1152.105713	465
1156.536865	502
1160.968140	475
1165.399292	456
1169.830444	455
1174.261597	451
1178.692749	430
1183.124023	420
1187.555176	472
1191.986328	490
1196.417480	470
1200.848633	430
1205.279907	445
1209.711060	484
1214.142212	483
1218.573364	482
1223.004517	462
1227.435791	458
1231.866943	465
1236.298096	460
1240.729248	499
1245.160400	550
1249.591553	568
1254.022827	512
1258.453979	453
1262.885132	459
1267.316284	472
1271.747437	466
1276.178711	459
1280.609863	446
1285.041016	453
1289.472168	446
1293.903320	451
1298.334595	459
1302.765747	453
1307.196899	431
1311.628052	455
1316.059204	475
1320.490479	459
1324.921631	412
1329.352783	413
1333.783936	456
1338.215088	479
1342.646362	480
1347.077515	450
1351.508667	438
1355.939819	423
1360.370972	457
1364.802246	516
1369.233398	512
1373.664551	477
1378.095703	447
1382.526855	447
1386.958008	442
1391.389282	473
1395.820435	473
1400.251587	442
1404.682739	458
1409.113892	458
1413.545166	444
1417.976318	391
1422.407471	411
1426.838623	463
1431.269775	464
1435.701050	486
1440.132202	503
1444.563354	517
1448.994507	506
1453.425659	451
1457.856934	419
1462.288086	404
1466.719238	437
1471.150391	447
1475.581543	473
1480.012817	476
1484.443970	485
1488.875122	471
1493.306274	459
1497.737427	474
1502.168701	474
1506.599854	479
1511.031006	478
1515.462158	453
1519.893311	438
1524.324463	453
1528.755737	496
1533.186890	527
1537.618042	511
1542.049194	476
1546.480347	462
1550.911621	476
1555.342773	479
1559.773926	495
1564.205078	481
1568.636230	478
1573.067505	447
1577.498657	474
1581.929810	444
1586.360962	455
1590.792114	457
1595.223389	500
1599.654541	496
1604.085693	461
1608.516846	444
1612.947998	428
1617.379272	416
1621.810425	434
1626.241577	471
1630.672729	504
1635.103882	488
1639.535156	461
1643.966309	462
1648.397461	449
1652.828613	462
1657.259766	447
1661.690918	457
1666.122192	476
1670.553345	462
1674.984497	416
1679.415649	417
1683.846802	443
1688.278076	491
1692.709229	520
1697.140381	489
1701.571533	496
1706.002686	485
1710.433960	473
1714.865112	492
1719.296265	492
1723.727417	410
1728.158569	400
1732.589844	434
1737.020996	457
1741.452148	437
1745.883301	442
1750.314453	455
1754.745728	455
1759.176880	477
1763.608032	468
1768.039185	464
1772.470337	478
1776.901489	492
1781.332764	488
1785.763916	500
1790.195068	550
1794.626221	529
1799.057373	482
1803.488647	474
1807.919800	471
1812.350952	466
1816.782104	464
1821.213257	427
1825.644531	421
1830.075684	430
1834.506836	445
1838.937988	434
1843.369141	446
1847.800415	463
1852.231567	494
1856.662720	506
1861.093872	485
1865.525024	468
1869.956299	440
1874.387451	422
1878.818604	445
1883.249756	526
1887.680908	520
1892.112183	451
1896.543335	459
1900.974487	492
1905.405640	493
1909.836792	499
1914.267944	455
1918.699219	477
1923.130371	474
1927.561523	450
1931.992676	463
1936.423828	484
1940.855103	432
1945.286255	420
1949.717407	447
1954.148560	444
1958.579712	470
1963.010986	475
1967.442139	438
1971.873291	464
1976.304443	513
1980.735596	506
1985.166870	507
1989.598022	512
1994.029175	505
1998.460327	512
2002.891479	480
2007.322754	461
2011.753906	475
2016.185059	468
2020.616211	528
2025.047363	576
2029.478638	507
2033.909790	439
2038.340942	456
2042.772095	454
2047.203247	443
2051.634521	436
2056.065674	485
2060.496826	478
2064.927979	475
2069.359131	480
2073.790283	498
2078.221436	503
2082.652588	484
2087.083984	469
2091.515137	480
2095.946289	492
2100.377441	448
2104.808594	437
2109.239746	475
2113.670898	489
2118.102051	494
2122.533203	478
2126.964355	474
2131.395508	468
2135.826904	427
2140.258057	426
2144.689209	476
2149.120361	506
2153.551514	477
2157.982666	427
2162.413818	436
2166.844971	457
2171.276123	483
2175.707275	452
2180.138672	434
2184.569824	470
2189.000977	509
2193.432129	474
2197.863281	448
2202.294434	468
2206.725586	457
2211.156738	424
2215.587891	431
2220.019043	472
2224.450439	488
2228.881592	475
2233.312744	492
2237.743896	502
2242.175049	504
2246.606201	490
2251.037354	460
2255.468506	495
2259.899658	540
2264.330811	508
2268.761963	498
2273.193359	532
2277.624512	542
2282.055664	524
2286.486816	491
2290.917969	481
2295.349121	462
2299.780273	497
2304.211426	592
2308.642578	526
2313.073730	471
2317.505127	501
2321.936279	515
2326.367432	494
2330.798584	478
2335.229736	445
2339.660889	430
2344.092041	421
2348.523193	440
2352.954346	452
2357.385498	472
2361.816895	477
2366.248047	461
2370.679199	440
2375.110352	417
2379.541504	438
2383.972656	479
2388.403809	465
2392.834961	473
2397.266113	498
2401.697266	493
2406.128418	504
2410.559814	459
2414.990967	471
2419.422119	456
2423.853271	454
2428.284424	455
2432.715576	455
2437.146729	491
2441.577881	486
2446.009033	439
2450.440186	448
2454.871582	458
2459.302734	451
2463.733887	478
2468.165039	469
2472.596191	456
2477.027344	471
2481.458496	477
2485.889648	467
2490.320801	466
2494.751953	475
2499.183105	487
2503.614502	523
2508.045654	477
2512.476807	458
2516.907959	475
2521.339111	474
2525.770264	457
2530.201416	429
2534.632568	468
2539.063721	483
2543.494873	514
2547.926270	500
2552.357422	502
2556.788574	503
2561.219727	501
2565.650879	555
2570.082031	552
2574.513184	502
2578.944336	493
2583.375488	469
2587.806641	440
2592.238037	448
2596.669189	471
2601.100342	493
2605.531494	505
2609.962646	470
2614.393799	477
2618.824951	494
2623.256104	512
2627.687256	536
2632.118408	532
2636.549561	530
2640.980957	484
2645.412109	487
2649.843262	503
2654.274414	519
2658.705566	513
2663.136719	515
2667.567871	505
2671.999023	498
2676.430176	484
2680.861328	474
2685.292725	470
2689.723877	504
2694.155029	501
2698.586182	476
2703.017334	463
2707.448486	468
2711.879639	451
2716.310791	463
2720.741943	516
2725.173096	510
2729.604492	489
2734.035645	471
2738.466797	455
2742.897949	499
2747.329102	547
2751.760254	484
2756.191406	427
2760.622559	463
2765.053711	511
2769.484863	536
2773.916016	560
2778.347412	559
2782.778564	509
2787.209717	482
2791.640869	472
2796.072021	483
2800.503174	489
2804.934326	465
2809.365479	496
2813.796631	524
2818.227783	514
2822.659180	465
2827.090332	439
2831.521484	447
2835.952637	461
2840.383789	476
2844.814941	462
2849.246094	506
2853.677246	525
2858.108398	484
2862.539551	469
2866.970947	501
2871.402100	483
2875.833252	485
2880.264404	453
2884.695557	447
2889.126709	498
2893.557861	521
2897.989014	511
2902.420166	531
2906.851318	490
2911.282471	460
2915.713867	493
2920.145020	528
2924.576172	505
2929.007324	499
2933.438477	528
2937.869629	493
2942.300781	475
2946.731934	451
2951.163086	497
2955.594238	476
2960.025635	489
2964.456787	495
2968.887939	494
2973.319092	515
2977.750244	501
2982.181396	455
2986.612549	434
2991.043701	463
2995.474854	483
2999.906006	478
3004.337402	504
3008.768555	526
3013.199707	490
3017.630859	504
3022.062012	544
3026.493164	522
3030.924316	462
3035.355469	476
3039.786621	469
3044.217773	477
3048.648926	484
3053.080322	490
3057.511475	489
3061.942627	476
3066.373779	482
3070.804932	498
3075.236084	541
3079.667236	522
3084.098389	470
3088.529541	484
3092.960693	475
3097.392090	476
3101.823242	475
3106.254395	498
3110.685547	497
3115.116699	496
3119.547852	491
3123.979004	485
3128.410156	500
3132.841309	467
3137.272461	476
3141.703857	483
3146.135010	477
3150.566162	502
3154.997314	508
3159.428467	469
3163.859619	478
3168.290771	461
3172.721924	476
3177.153076	519
3181.584229	510
3186.015381	468
3190.446777	474
3194.877930	473
3199.309082	481
3203.740234	485
3208.171387	463
3212.602539	475
3217.033691	491
3221.464844	484
3225.895996	465
3230.327148	445
3234.758545	477
3239.189697	476
3243.620850	477
3248.052002	482
3252.483154	490
3256.914307	516
3261.345459	493
3265.776611	491
3270.207764	490
3274.638916	479
3279.070313	489
3283.501465	495
3287.932617	510
3292.363770	530
3296.794922	515
3301.226074	468
3305.657227	450
3310.088379	477
3314.519531	467
3318.950684	465
3323.381836	475
3327.813232	495
3332.244385	535
3336.675537	502
3341.106689	513
3345.537842	497
3349.968994	470
3354.400146	516
3358.831299	500
3363.262451	446
3367.693604	485
3372.125000	500
3376.556152	477
3380.987305	487
3385.418457	483
3389.849609	479
3394.280762	510
3398.711914	532
3403.143066	505
3407.574219	501
3412.005371	544
3416.436523	545
3420.867920	497
3425.299072	491
3429.730225	510
3434.161377	514
3438.592529	513
3443.023682	490
3447.454834	487
3451.885986	512
3456.317139	508
3460.748291	526
3465.179688	528
3469.610840	533
3474.041992	531
3478.473145	523
3482.904297	492
3487.335449	483
3491.766602	449
3496.197754	466
3500.628906	468
3505.060059	481
3509.491455	506
3513.922607	500
3518.353760	478
3522.784912	480
3527.216064	478
3531.647217	527
3536.078369	511
3540.509521	517
3544.940674	490
3549.371826	509
3553.802979	525
3558.234375	516
3562.665527	503
3567.096680	502
3571.527832	510
3575.958984	514
3580.390137	478
3584.821289	470
3589.252441	486
3593.683594	521
3598.114746	543
3602.546143	526
3606.977295	520
3611.408447	507
3615.839600	523
3620.270752	518
3624.701904	513
3629.133057	547
3633.564209	541
3637.995361	551
3642.426514	557
3646.857910	541
3651.289063	547
3655.720215	536
3660.151367	507
3664.582520	540
3669.013672	569
3673.444824	562
3677.875977	551
3682.307129	562
3686.738281	563
3691.169434	551
3695.600830	565
3700.031982	576
3704.463135	543
3708.894287	512
3713.325439	569
3717.756592	606
3722.187744	638
3726.618896	627
3731.050049	659
3735.481201	630
3739.912598	602
3744.343750	604
3748.774902	608
3753.206055	616
3757.637207	652
3762.068359	678
3766.499512	667
3770.930664	623
3775.361816	610
3779.792969	627
3784.224365	667
3788.655518	674
3793.086670	719
3797.517822	683
3801.948975	657
3806.380127	649
3810.811279	686
3815.242432	701
3819.673584	699
3824.104736	717
3828.535889	762
3832.967285	736
3837.398438	761
3841.829590	805
3846.260742	845
3850.691895	871
3855.123047	856
3859.554199	827
3863.985352	872
3868.416504	861
3872.847656	905
3877.279053	946
3881.710205	946
3886.141357	987
3890.572510	1048
3895.003662	1038
3899.434814	988
3903.865967	980
3908.297119	1032
3912.728271	1051
3917.159424	1079
3921.590820	1066
3926.021973	1035
3930.453125	1111
3934.884277	1207
3939.315430	1269
3943.746582	1341
3948.177734	1405
3952.608887	1491
3957.040039	1607
3961.471191	1677
3965.902344	1694
3970.333740	1626
3974.764893	1567
3979.196045	1637
3983.627197	1750
3988.058350	1837
3992.489502	1753
3996.920654	1741
4001.351807	1857
4005.782959	1897
4010.214111	1944
4014.645508	2001
4019.076660	2000
4023.507813	2016
4027.938965	2042
4032.370117	2024
4036.801270	2013
4041.232422	2036
4045.663574	2039
4050.094727	2103
4054.525879	2249
4058.957275	2197
4063.388428	2052
4067.819580	2032
4072.250732	2095
4076.681885	2041
4081.113037	2032
4085.544189	2080
4089.975342	1908
4094.406494	1824
4098.837891	1828
4103.269043	2055
4107.700195	2217
4112.131348	2156
4116.562500	2069
4120.993652	1964
4125.424805	1959
4129.855957	2059
4134.287109	2112
4138.718262	2042
4143.149414	2056
4147.580566	2085
4152.011719	2076
4156.442871	2084
4160.874023	2120
4165.305176	2164
4169.736328	2163
4174.167969	2118
4178.599121	2186
4183.030273	2275
4187.461426	2390
4191.892578	2351
4196.323730	2247
4200.754883	2138
4205.186035	2257
4209.617188	2317
4214.048340	2348
4218.479492	2283
4222.910645	2343
4227.341797	2385
4231.772949	2307
4236.204102	2284
4240.635254	2303
4245.066406	2332
4249.497559	2300
4253.928711	2332
4258.359863	2353
4262.791016	2396
4267.222656	2460
4271.653809	2363
4276.084961	2286
4280.516113	2370
4284.947266	2524
4289.378418	2541
4293.809570	2456
4298.240723	2447
4302.671875	2533
4307.103027	2599
4311.534180	2500
4315.965332	2503
4320.396484	2637
4324.827637	2667
4329.258789	2678
4333.689941	2620
4338.121094	2619
4342.552246	2687
4346.983398	2641
4351.414551	2614
4355.845703	2660
4360.277344	2667
4364.708496	2729
4369.139648	2813
4373.570801	2854
4378.001953	2871
4382.433105	2895
4386.864258	2850
4391.295410	2777
4395.726563	2849
4400.157715	2807
4404.588867	2792
4409.020020	2833
4413.451172	2857
4417.882324	2918
4422.313477	2934
4426.744629	2977
4431.175781	3036
4435.606934	3115
4440.038086	3077
4444.469238	3106
4448.900879	3034
4453.332031	3079
4457.763184	3084
4462.194336	3002
4466.625488	3031
4471.056641	3086
4475.487793	3146
4479.918945	3204
4484.350098	3203
4488.781250	3154
4493.212402	3097
4497.643555	3105
4502.074707	3134
4506.505859	3124
4510.937012	3149
4515.368164	3291
4519.799316	3237
4524.230469	3126
4528.661621	3077
4533.092773	3140
4537.523926	3162
4541.955566	3092
4546.386719	3020
4550.817871	3069
4555.249023	3147
4559.680176	3275
4564.111328	3352
4568.542480	3315
4572.973633	3330
4577.404785	3407
4581.835938	3355
4586.267090	3324
4590.698242	3380
4595.129395	3431
4599.560547	3457
4603.991699	3558
4608.422852	3644
4612.854004	3613
4617.285156	3571
4621.716309	3552
4626.147461	3693
4630.578613	3758
4635.010254	3724
4639.441406	3810
4643.872559	3953
4648.303711	3992
4652.734863	3952
4657.166016	4039
4661.597168	4169
4666.028320	3968
4670.459473	4005
4674.890625	4229
4679.321777	4381
4683.752930	4320
4688.184082	4376
4692.615234	4619
4697.046387	4777
4701.477539	4754
4705.908691	4901
4710.339844	4998
4714.770996	5097
4719.202148	5056
4723.633789	5044
4728.064941	5187
4732.496094	5332
4736.927246	5480
4741.358398	5553
4745.789551	5602
4750.220703	5486
4754.651855	5501
4759.083008	5693
4763.514160	5746
4767.945313	5860
4772.376465	5890
4776.807617	5841
4781.238770	5880
4785.669922	5822
4790.101074	5893
4794.532227	5968
4798.963379	5959
4803.394531	5980
4807.825684	5981
4812.256836	6082
4816.688477	6007
4821.119629	6024
4825.550781	6106
4829.981934	6181
4834.413086	6161
4838.844238	6027
4843.275391	5986
4847.706543	6060
4852.137695	6013
4856.568848	5988
4861.000000	5944
4865.431152	5984
4869.862305	6122
4874.293457	6080
4878.724609	5993
4883.155762	6027
4887.586914	6096
4892.018066	6168
4896.449219	6080
4900.880371	6082
4905.311523	6159
4909.743164	6125
4914.174316	6049
4918.605469	6116
4923.036621	6201
4927.467773	6328
4931.898926	6289
4936.330078	6214
4940.761230	6127
4945.192383	6104
4949.623535	6114
4954.054688	6210
4958.485840	6152
4962.916992	6091
4967.348145	6007
4971.779297	5993
4976.210449	6101
4980.641602	6123
4985.072754	6092
4989.503906	6102
4993.935059	6229
4998.366211	6190
5002.797852	6104
5007.229004	6155
5011.660156	6230
5016.091309	6179
5020.522461	6093
5024.953613	6127
5029.384766	6280
5033.815918	6248
5038.247070	6012
5042.678223	5954
5047.109375	6049
5051.540527	6075
5055.971680	6125
5060.402832	6103
5064.833984	5989
5069.265137	5999
5073.696289	6120
5078.127441	6138
5082.558594	6053
5086.989746	5929
5091.421387	6012
5095.852539	6003
5100.283691	5954
5104.714844	5948
5109.145996	5947
5113.577148	5868
5118.008301	5767
5122.439453	5729
5126.870605	5858
5131.301758	5888
5135.732910	5772
5140.164063	5683
5144.595215	5800
5149.026367	5835
5153.457520	5916
5157.888672	5852
5162.319824	5747
5166.750977	5608
5171.182129	5541
5175.613281	5626
5180.044434	5780
5184.476074	5865
5188.907227	5701
5193.338379	5660
5197.769531	5606
5202.200684	5541
5206.631836	5540
5211.062988	5525
5215.494141	5632
5219.925293	5661
5224.356445	5593
5228.787598	5610
5233.218750	5633
5237.649902	5572
5242.081055	5531
5246.512207	5502
5250.943359	5486
5255.374512	5518
5259.805664	5620
5264.236816	5618
5268.667969	5458
5273.099121	5480
5277.530762	5557
5281.961914	5547
5286.393066	5503
5290.824219	5454
5295.255371	5442
5299.686523	5453
5304.117676	5529
5308.548828	5609
5312.979980	5601
5317.411133	5508
5321.842285	5532
5326.273438	5521
5330.704590	5483
5335.135742	5504
5339.566895	5551
5343.998047	5589
5348.429199	5627
5352.860352	5573
5357.291504	5486
5361.722656	5436
5366.154297	5486
5370.585449	5581
5375.016602	5459
5379.447754	5385
5383.878906	5356
5388.310059	5366
5392.741211	5404
5397.172363	5456
5401.603516	5517
5406.034668	5349
5410.465820	5250
5414.896973	5341
5419.328125	5502
5423.759277	5472
5428.190430	5325
5432.621582	5382
5437.052734	5334
5441.483887	5214
5445.915039	5226
5450.346191	5251
5454.777344	5370
5459.208984	5402
5463.640137	5415
5468.071289	5351
5472.502441	5135
5476.933594	5154
5481.364746	5230
5485.795898	5178
5490.227051	5108
5494.658203	5248
5499.089355	5417
5503.520508	5412
5507.951660	5228
5512.382813	5229
5516.813965	5356
5521.245117	5316
5525.676270	5213
5530.107422	5244
5534.538574	5203
5538.969727	5128
5543.400879	5109
5547.832031	5279
5552.263672	5198
5556.694824	5176
5561.125977	5241
5565.557129	5244
5569.988281	5217
5574.419434	5129
5578.850586	5172
5583.281738	5221
5587.712891	5232
5592.144043	5051
5596.575195	4920
5601.006348	4832
5605.437500	4844
5609.868652	5145
5614.299805	5120
5618.730957	5112
5623.162109	5149
5627.593262	4962
5632.024414	4941
5636.455566	5123
5640.887207	5137
5645.318359	5130
5649.749512	5033
5654.180664	4997
5658.611816	5030
5663.042969	5143
5667.474121	5155
5671.905273	5106
5676.336426	5074
5680.767578	4996
5685.198730	4946
5689.629883	4931
5694.061035	4936
5698.492188	5008
5702.923340	5024
5707.354492	5081
5711.785645	5079
5716.216797	5034
5720.647949	5140
5725.079102	5142
5729.510254	5154
5733.941895	5095
5738.373047	5132
5742.804199	5046
5747.235352	5049
5751.666504	5094
5756.097656	5054
5760.528809	5022
5764.959961	5132
5769.391113	5292
5773.822266	5253
5778.253418	5207
5782.684570	5237
5787.115723	5383
5791.546875	5397
5795.978027	5447
5800.409180	5410
5804.840332	5317
5809.271484	5267
5813.702637	5331
5818.133789	5410
5822.564941	5463
5826.996582	5521
5831.427734	5590
5835.858887	5518
5840.290039	5484
5844.721191	5479
5849.152344	5403
5853.583496	5349
5858.014648	5490
5862.445801	5518
5866.876953	5467
5871.308105	5476
5875.739258	5514
5880.170410	5516
5884.601563	5445
5889.032715	5367
5893.463867	5421
5897.895020	5427
5902.326172	5447
5906.757324	5512
5911.188477	5321
5915.619629	5307
5920.051270	5384
5924.482422	5300
5928.913574	5209
5933.344727	5306
5937.775879	5294
5942.207031	5319
5946.638184	5363
5951.069336	5223
5955.500488	5283
5959.931641	5295
5964.362793	5154
5968.793945	5140
5973.225098	5156
5977.656250	5269
5982.087402	5204
5986.518555	5194
5990.949707	5194
5995.380859	5249
5999.812012	5226
6004.243164	5340
6008.674805	5212
6013.105957	5169
6017.537109	5186
6021.968262	5246
6026.399414	5263
6030.830566	5163
6035.261719	4994
6039.692871	4973
6044.124023	5180
6048.555176	5058
6052.986328	4946
6057.417480	5038
6061.848633	4946
6066.279785	4872
6070.710938	4925
6075.142090	4956
6079.573242	4843
6084.004395	4761
6088.435547	4648
6092.866699	4778
6097.297852	4721
6101.729492	4676
6106.160645	4687
6110.591797	4661
6115.022949	4567
6119.454102	4529
6123.885254	4561
6128.316406	4520
6132.747559	4523
6137.178711	4537
6141.609863	4503
6146.041016	4431
6150.472168	4348
6154.903320	4516
6159.334473	4542
6163.765625	4423
6168.196777	4439
6172.627930	4521
6177.059082	4568
6181.490234	4372
6185.921387	4245
6190.352539	4172
6194.784180	4202
6199.215332	4306
6203.646484	4268
6208.077637	4231
6212.508789	4125
6216.939941	4282
6221.371094	4220
6225.802246	4045
6230.233398	3888
6234.664551	3885
6239.095703	4124
6243.526855	4112
6247.958008	4011
6252.389160	3923
6256.820313	3888
6261.251465	3931
6265.682617	3961
6270.113770	4046
6274.544922	3994
6278.976074	3865
6283.407715	3742
6287.838867	3762
6292.270020	3775
6296.701172	3844
6301.132324	3868
6305.563477	3811
6309.994629	3747
6314.425781	3724
6318.856934	3759
6323.288086	3921
6327.719238	3915
6332.150391	3821
6336.581543	3816
6341.012695	3843
6345.443848	3748
6349.875000	3796
6354.306152	3854
6358.737305	3835
6363.168457	3816
6367.599609	3845
6372.030762	3808
6376.462402	3911
6380.893555	3837
6385.324707	3615
6389.755859	3585
6394.187012	3800
6398.618164	3767
6403.049316	3755
6407.480469	3775
6411.911621	3871
6416.342773	3816
6420.773926	3741
6425.205078	3753
6429.636230	3774
6434.067383	3685
6438.498535	3630
6442.929688	3640
6447.360840	3635
6451.791992	3552
6456.223145	3602
6460.654297	3636
6465.085449	3543
6469.517090	3442
6473.948242	3492
6478.379395	3548
6482.810547	3510
6487.241699	3465
6491.672852	3536
6496.104004	3561
6500.535156	3580
6504.966309	3558
6509.397461	3535
6513.828613	3438
6518.259766	3423
6522.690918	3547
6527.122070	3602
6531.553223	3562
6535.984375	3528
6540.415527	3480
6544.846680	3344
6549.277832	3248
6553.708984	3422
6558.140625	3497
6562.571777	3465
6567.002930	3437
6571.434082	3532
6575.865234	3626
6580.296387	3511
6584.727539	3441
6589.158691	3470
6593.589844	3512
6598.020996	3476
6602.452148	3495
6606.883301	3606
6611.314453	3535
6615.745605	3632
6620.176758	3584
6624.607910	3477
6629.039063	3554
6633.470215	3639
6637.901367	3563
6642.332520	3488
6646.763672	3459
6651.195313	3517
6655.626465	3493
6660.057617	3470
6664.488770	3550
6668.919922	3538
6673.351074	3578
6677.782227	3624
6682.213379	3533
6686.644531	3604
6691.075684	3571
6695.506836	3465
6699.937988	3545
6704.369141	3566
6708.800293	3495
6713.231445	3450
6717.662598	3422
6722.093750	3473
6726.524902	3468
6730.956055	3497
6735.387207	3517
6739.818359	3598
6744.250000	3454
6748.681152	3397
6753.112305	3481
6757.543457	3615
6761.974609	3534
6766.405762	3499
6770.836914	3470
6775.268066	3340
6779.699219	3284
6784.130371	3345
6788.561523	3442
6792.992676	3502
6797.423828	3457
6801.854980	3422
6806.286133	3457
6810.717285	3438
6815.148438	3401
6819.579590	3338
6824.010742	3271
6828.441895	3306
6832.873047	3380
6837.304688	3407
6841.735840	3340
6846.166992	3320
6850.598145	3242
6855.029297	3244
6859.460449	3224
6863.891602	3191
6868.322754	3285
6872.753906	3152
6877.185059	3001
6881.616211	2984
6886.047363	3147
6890.478516	3128
6894.909668	3028
6899.340820	3070
6903.771973	3005
6908.203125	2976
6912.634277	3112
6917.065430	3140
6921.496582	3071
6925.928223	3102
6930.359375	2983
6934.790527	2937
6939.221680	2925
6943.652832	2891
6948.083984	2938
6952.515137	2876
6956.946289	2851
6961.377441	2829
6965.808594	2885
6970.239746	2920
6974.670898	2977
6979.102051	2971
6983.533203	2989
6987.964355	2885
6992.395508	2764
6996.826660	2702
7001.257813	2733
7005.688965	2746
7010.120117	2803
7014.551270	2853
7018.982910	2744
7023.414063	2654
7027.845215	2636
7032.276367	2656
7036.707520	2564
7041.138672	2600
7045.569824	2650
7050.000977	2545
7054.432129	2466
7058.863281	2542
7063.294434	2467
7067.725586	2419
7072.156738	2435
7076.587891	2410
7081.019043	2450
7085.450195	2361
7089.881348	2414
7094.312500	2379
7098.743652	2332
7103.174805	2413
7107.605957	2471
7112.037598	2374
7116.468750	2276
7120.899902	2245
7125.331055	2324
7129.762207	2201
7134.193359	2113
7138.624512	2125
7143.055664	2110
7147.486816	2067
7151.917969	2035
7156.349121	1907
7160.780273	1847
7165.211426	1808
7169.642578	1954
7174.073730	1813
7178.504883	1800
7182.936035	1886
7187.367188	1898
7191.798340	1930
7196.229492	1825
7200.661133	1741
7205.092285	1806
7209.523438	1771
7213.954590	1678
7218.385742	1716
7222.816895	1752
7227.248047	1743
7231.679199	1667
7236.110352	1656
7240.541504	1664
7244.972656	1676
7249.403809	1661
7253.834961	1725
7258.266113	1656
7262.697266	1520
7267.128418	1457
7271.559570	1547
7275.990723	1660
7280.421875	1565
7284.853027	1473
7289.284180	1487
7293.715820	1430
7298.146973	1349
7302.578125	1381
7307.009277	1327
7311.440430	1282
7315.871582	1250
7320.302734	1267
7324.733887	1222
7329.165039	1201
7333.596191	1179
7338.027344	1094
7342.458496	1135
7346.889648	1106
7351.320801	1011
7355.751953	1032
7360.183105	1070
7364.614258	1083
7369.045410	1015
7373.476563	998
7377.907715	1031
7382.338867	1002
7386.770508	968
7391.201660	1035
7395.632813	1113
7400.063965	1189
7404.495117	1149
7408.926270	1124
7413.357422	1120
7417.788574	1153
7422.219727	1151
7426.650879	1196
7431.082031	1251
7435.513184	1126
7439.944336	1048
7444.375488	1186
7448.806641	1347
7453.237793	1353
7457.668945	1286
7462.100098	1299
7466.531250	1303
7470.962402	1400
7475.394043	1413
7479.825195	1453
7484.256348	1515
7488.687500	1480
7493.118652	1498
7497.549805	1506
7501.980957	1450
7506.412109	1437
7510.843262	1454
7515.274414	1413
7519.705566	1388
7524.136719	1504
7528.567871	1460
7532.999023	1428
7537.430176	1396
7541.861328	1376
7546.292480	1456
7550.723633	1378
7555.154785	1377
7559.585938	1417
7564.017090	1329
7568.448730	1301
7572.879883	1327
7577.311035	1330
7581.742188	1307
7586.173340	1201
7590.604492	1168
7595.035645	1184
7599.466797	1123
7603.897949	1130
7608.329102	1047
7612.760254	1052
7617.191406	1042
7621.622559	1063
7626.053711	1125
7630.484863	1031
7634.916016	936
7639.347168	972
7643.778320	964
7648.209473	971
7652.640625	972
7657.071777	961
7661.503418	964
7665.934570	944
7670.365723	920
7674.796875	981
7679.228027	960
7683.659180	937
7688.090332	877
7692.521484	857
7696.952637	878
7701.383789	899
7705.814941	851
7710.246094	823
7714.677246	796
7719.108398	802
7723.539551	828
7727.970703	871
7732.401855	891
7736.833008	868
7741.264160	856
7745.695313	853
7750.126953	807
7754.558105	734
7758.989258	750
7763.420410	765
7767.851563	753
7772.282715	741
7776.713867	742
7781.145020	733
7785.576172	739
7790.007324	775
7794.438477	742
7798.869629	694
7803.300781	704
7807.731934	716
7812.163086	737
7816.594238	724
7821.025391	763
7825.456543	701
7829.887695	647
7834.318848	706
7838.750000	823
7843.181641	895
7847.612793	844
7852.043945	825
7856.475098	847
7860.906250	842
7865.337402	778
7869.768555	792
7874.199707	813
7878.630859	812
7883.062012	840
7887.493164	903
7891.924316	918
7896.355469	918
7900.786621	862
7905.217773	886
7909.648926	962
7914.080078	952
7918.511230	987
7922.942383	1048
7927.373535	999
7931.804688	1035
7936.236328	1035
7940.667480	1024
7945.098633	1026
7949.529785	1070
7953.960938	1102
7958.392090	1171
7962.823242	1137
7967.254395	1136
7971.685547	1225
7976.116699	1277
7980.547852	1179
7984.979004	1180
7989.410156	1156
7993.841309	1117
7998.272461	1132
8002.703613	1114
8007.134766	1103
8011.565918	1149
8015.997070	1185
8020.428223	1189
8024.859375	1182
8029.291016	1199
8033.722168	1203
8038.153320	1155
8042.584473	1147
8047.015625	1182
8051.446777	1205
8055.877930	1263
8060.309082	1263
8064.740234	1184
8069.171387	1123
8073.602539	1101
8078.033691	1094
8082.464844	1046
8086.895996	1116
8091.327148	1145
8095.758301	1152
8100.189453	1071
8104.620605	1127
8109.051758	1158
8113.482910	1031
8117.914551	922
8122.345703	960
8126.776855	1042
8131.208008	1059
8135.639160	1101
8140.070313	1032
8144.501465	974
8148.932617	977
8153.363770	937
8157.794922	873
8162.226074	896
8166.657227	905
8171.088379	923
8175.519531	888
8179.950684	871
8184.381836	822
8188.812988	792
8193.244141	764
8197.675781	788
8202.106445	848
8206.538086	847
8210.968750	745
8215.400391	738
8219.831055	723
8224.262695	766
8228.693359	756
8233.125000	734
8237.555664	727
8241.987305	716
8246.417969	673
8250.849609	671
8255.281250	646
8259.711914	692
8264.143555	706
8268.574219	672
8273.005859	675
8277.436523	638
8281.868164	597
8286.298828	617
8290.730469	638
8295.161133	612
8299.592773	611
8304.023438	625
8308.455078	582
8312.885742	589
8317.317383	650
8321.748047	672
8326.179688	646
8330.610352	603
8335.041992	612
8339.472656	667
8343.904297	651
8348.335938	586
8352.766602	595
8357.198242	656
8361.628906	663
8366.060547	668
8370.491211	702
8374.922852	730
8379.353516	692
8383.785156	655
8388.215820	685
8392.647461	669
8397.078125	668
8401.509766	665
8405.940430	668
8410.372070	665
8414.802734	676
8419.234375	708
8423.665039	749
8428.096680	733
8432.527344	750
8436.958984	751
8441.390625	747
8445.821289	727
8450.252930	729
8454.683594	756
8459.115234	799
8463.545898	835
8467.977539	874
8472.408203	836
8476.839844	825
8481.270508	833
8485.702148	839
8490.132813	896
8494.564453	895
8498.995117	842
8503.426758	813
8507.857422	833
8512.289063	866
8516.719727	855
8521.151367	881
8525.582031	891
8530.013672	815
8534.445313	827
8538.875977	857
8543.307617	897
8547.738281	934
8552.169922	903
8556.600586	888
8561.032227	900
8565.462891	937
8569.894531	874
8574.325195	820
8578.756836	852
8583.187500	922
8587.619141	938
8592.049805	933
8596.481445	916
8600.912109	917
8605.343750	911
8609.774414	887
8614.206055	870
8618.636719	908
8623.068359	941
8627.500000	870
8631.930664	801
8636.362305	814
8640.792969	833
8645.224609	830
8649.655273	846
8654.086914	846
8658.517578	840
8662.949219	888
8667.379883	852
8671.811523	860
8676.242188	838
8680.673828	780
8685.104492	766
8689.536133	795
8693.966797	774
8698.398438	783
8702.829102	767
8707.260742	759
8711.691406	773
8716.123047	767
8720.554688	720
8724.985352	724
8729.416992	715
8733.847656	703
8738.279297	687
8742.709961	743
8747.141602	782
8751.572266	737
8756.003906	736
8760.434570	739
8764.866211	685
8769.296875	728
8773.728516	713
8778.159180	705
8782.590820	764
8787.021484	716
8791.453125	672
8795.883789	668
8800.315430	625
8804.746094	627
8809.177734	609
8813.609375	602
8818.040039	614
8822.471680	627
8826.902344	605
8831.333984	582
8835.764648	558
8840.196289	574
8844.626953	601
8849.058594	608
8853.489258	580
8857.920898	595
8862.351563	614
8866.783203	572
8871.213867	546
8875.645508	559
8880.076172	562
8884.507813	558
8888.938477	569
8893.370117	551
8897.801758	529
8902.232422	523
8906.664063	555
8911.094727	559
8915.526367	528
8919.957031	516
8924.388672	548
8928.819336	546
8933.250977	525
8937.681641	529
8942.113281	482
8946.543945	478
8950.975586	477
8955.406250	487
8959.837891	510
8964.268555	499
8968.700195	500
8973.130859	510
8977.562500	519
8981.993164	530
8986.424805	539
8990.856445	510
8995.287109	510
8999.718750	501
9004.149414	538
9008.581055	551
9013.011719	559
9017.443359	527
9021.874023	500
9026.305664	512
9030.736328	519
9035.167969	550
9039.598633	533
9044.030273	541
9048.460938	532
9052.892578	546
9057.323242	574
9061.754883	544
9066.185547	506
9070.617188	532
9075.047852	541
9079.479492	549
9083.911133	528
9088.341797	499
9092.773438	482
9097.204102	537
9101.635742	549
9106.066406	575
9110.498047	557
9114.928711	513
9119.360352	553
9123.791016	574
9128.222656	573
9132.653320	563
9137.084961	549
9141.515625	554
9145.947266	580
9150.377930	585
9154.809570	557
9159.240234	565
9163.671875	575
9168.102539	530
9172.534180	509
9176.965820	516
9181.396484	557
9185.828125	594
9190.258789	565
9194.690430	536
9199.121094	599
9203.552734	660
9207.983398	623
9212.415039	631
9216.845703	638
9221.277344	621
9225.708008	620
9230.139648	639
9234.570313	597
9239.001953	600
9243.432617	600
9247.864258	624
9252.294922	587
9256.726563	543
9261.157227	550
9265.588867	529
9270.020508	560
9274.451172	579
9278.882813	593
9283.313477	577
9287.745117	567
9292.175781	540
9296.607422	541
9301.038086	560
9305.469727	572
9309.900391	589
9314.332031	578
9318.762695	613
9323.194336	602
9327.625000	592
9332.056641	531
9336.487305	491
9340.918945	543
9345.349609	604
9349.781250	568
9354.211914	534
9358.643555	516
9363.075195	581
9367.505859	596
9371.937500	561
9376.368164	570
9380.799805	585
9385.230469	582
9389.662109	552
9394.092773	571
9398.524414	541
9402.955078	514
9407.386719	521
9411.817383	538
9416.249023	540
9420.679688	553
9425.111328	553
9429.541992	549
9433.973633	524
9438.404297	513
9442.835938	535
9447.267578	569
9451.698242	552
9456.129883	519
9460.560547	524
9464.992188	498
9469.422852	480
9473.854492	472
9478.285156	482
9482.716797	506
9487.147461	513
9491.579102	527
9496.009766	522
9500.441406	522
9504.872070	532
9509.303711	503
9513.734375	487
9518.166016	514
9522.596680	504
9527.028320	534
9531.458984	577
9535.890625	570
9540.322266	524
9544.752930	520
9549.184570	480
9553.615234	467
9558.046875	478
9562.477539	502
9566.909180	505
9571.339844	479
9575.771484	529
9580.202148	566
9584.633789	561
9589.064453	564
9593.496094	551
9597.926758	529
9602.358398	541
9606.789063	554
9611.220703	527
9615.651367	513
9620.083008	537
9624.513672	549
9628.945313	545
9633.376953	538
9637.807617	524
9642.239258	542
9646.669922	595
9651.101563	580
9655.532227	539
9659.963867	491
9664.394531	522
9668.826172	573
9673.256836	566
9677.688477	551
9682.119141	577
9686.550781	566
9690.981445	599
9695.413086	570
9699.843750	506
9704.275391	534
9708.706055	556
9713.137695	563
9717.568359	590
9722.000000	585
9726.431641	586
9730.862305	597
9735.293945	558
9739.724609	523
9744.156250	542
9748.586914	539
9753.018555	519
9757.449219	527
9761.880859	511
9766.311523	502
9770.743164	513
9775.173828	555
9779.605469	557
9784.036133	542
9788.467773	526
9792.898438	556
9797.330078	583
9801.760742	599
9806.192383	594
9810.623047	578
9815.054688	541
9819.486328	500
9823.916992	522
9828.348633	592
9832.779297	617
9837.210938	581
9841.641602	525
9846.073242	567
9850.503906	577
9854.935547	561
9859.366211	559
9863.797852	557
9868.228516	549
9872.660156	555
9877.090820	533
9881.522461	534
9885.953125	593
9890.384766	576
9894.815430	588
9899.247070	580
9903.677734	603
9908.109375	598
9912.541016	591
9916.971680	605
9921.403320	601
9925.833984	579
9930.265625	569
9934.696289	604
9939.127930	599
9943.558594	548
9947.990234	571
9952.420898	594
9956.852539	589
9961.283203	596
9965.714844	612
9970.145508	610
9974.577148	549
9979.007813	532
9983.439453	544
9987.870117	528
9992.301758	544
9996.732422	558
10001.164063	532
10005.595703	533
10010.026367	531
10014.458008	558
10018.888672	586
10023.320313	577
10027.750977	606
10032.182617	602
10036.613281	549
10041.044922	565
10045.475586	605
10049.907227	569
10054.337891	589
10058.769531	552
10063.200195	514
10067.631836	511
10072.062500	498
10076.494141	550
10080.924805	612
10085.356445	600
10089.788086	580
10094.218750	579
10098.650391	582
10103.081055	584
10107.512695	545
10111.943359	523
10116.375000	532
10120.805664	560
10125.237305	518
10129.667969	532
10134.099609	543
10138.530273	594
10142.961914	568
10147.392578	545
10151.824219	575
10156.254883	568
10160.686523	549
10165.117188	548
10169.548828	570
10173.979492	619
10178.411133	569
10182.842773	522
10187.273438	549
10191.705078	522
10196.135742	496
10200.567383	562
10204.998047	589
10209.429688	554
10213.860352	562
10218.291992	544
10222.722656	591
10227.154297	579
10231.584961	549
10236.016602	512
10240.447266	548
10244.878906	583
10249.309570	523
10253.741211	525
10258.171875	558
10262.603516	569
10267.034180	556
10271.465820	585
10275.897461	603
10280.328125	584
10284.759766	593
10289.190430	635
10293.622070	609
10298.052734	566
10302.484375	557
10306.915039	562
10311.346680	597
10315.777344	565
10320.208984	553
10324.639648	559
10329.071289	557
10333.501953	543
10337.933594	516
10342.364258	561
10346.795898	565
10351.226563	530
10355.658203	568
10360.088867	535
10364.520508	531
10368.952148	552
10373.382813	562
10377.814453	537
10382.245117	551
10386.676758	555
10391.107422	576
10395.539063	585
10399.969727	559
10404.401367	561
10408.832031	574
10413.263672	598
10417.694336	598
10422.125977	602
10426.556641	535
10430.988281	513
10435.418945	510
10439.850586	589
10444.281250	590
10448.712891	512
10453.143555	522
10457.575195	545
10462.006836	539
10466.437500	562
10470.869141	584
10475.299805	580
10479.731445	532
10484.162109	521
10488.593750	546
10493.024414	607
10497.456055	599
10501.886719	597
10506.318359	569
10510.749023	559
10515.180664	516
10519.611328	512
10524.042969	560
10528.473633	577
10532.905273	514
10537.335938	505
10541.767578	553
10546.198242	576
10550.629883	612
10555.061523	579
10559.492188	527
10563.923828	544
10568.354492	560
10572.786133	524
10577.216797	507
10581.648438	568
10586.079102	617
10590.510742	594
10594.941406	570
10599.373047	593
10603.803711	580
10608.235352	572
10612.666016	609
10617.097656	656
10621.528320	614
10625.959961	617
10630.390625	605
10634.822266	583
10639.253906	643
10643.684570	580
10648.116211	509
10652.546875	533
10656.978516	556
10661.409180	541
10665.840820	544
10670.271484	576
10674.703125	618
10679.133789	625
10683.565430	566
10687.996094	543
10692.427734	561
10696.858398	542
10701.290039	567
10705.720703	592
10710.152344	581
10714.583008	593
10719.014648	606
10723.445313	585
10727.876953	581
10732.308594	579
10736.739258	568
10741.170898	542
10745.601563	544
10750.033203	553
10754.463867	565
10758.895508	560
10763.326172	591
10767.757813	566
10772.188477	589
10776.620117	574
10781.050781	563
10785.482422	565
10789.913086	570
10794.344727	544
10798.775391	555
10803.207031	580
10807.637695	582
10812.069336	531
10816.500000	525
10820.931641	588
10825.363281	544
10829.793945	522
10834.225586	509
10838.656250	506
10843.087891	535
10847.518555	593
10851.950195	572
10856.380859	520
10860.812500	488
10865.243164	503
10869.674805	493
10874.105469	526
10878.537109	529
10882.967773	503
10887.399414	538
10891.830078	530
10896.261719	514
10900.692383	587
10905.124023	559
10909.554688	542
10913.986328	576
10918.417969	583
10922.848633	589
10927.280273	563
10931.710938	588
10936.142578	599
10940.573242	514
10945.004883	528
10949.435547	551
10953.867188	579
10958.297852	593
10962.729492	591
10967.160156	559
10971.591797	573
10976.022461	567
10980.454102	530
10984.884766	554
10989.316406	609
10993.747070	611
10998.178711	598
11002.609375	623
11007.041016	652
11011.472656	607
11015.903320	586
11020.334961	578
11024.765625	541
11029.197266	539
11033.627930	525
11038.059570	578
11042.490234	621
11046.921875	620
11051.352539	572
11055.784180	597
11060.214844	577
11064.646484	545
11069.077148	507
11073.508789	554
11077.939453	568
11082.371094	568
11086.801758	564
11091.233398	529
11095.664063	570
11100.095703	560
11104.527344	580
11108.958008	566
11113.389648	575
11117.820313	579
11122.251953	562
11126.682617	567
11131.114258	564
11135.544922	584
11139.976563	600
11144.407227	612
11148.838867	631
11153.269531	582
11157.701172	531
11162.131836	514
11166.563477	567
11170.994141	566
11175.425781	579
11179.856445	581
11184.288086	583
11188.718750	568
11193.150391	572
11197.582031	551
11202.012695	523
11206.444336	538
11210.875000	562
11215.306641	599
11219.737305	593
11224.168945	610
11228.599609	619
11233.031250	604
11237.461914	588
11241.893555	591
11246.324219	573
11250.755859	542
11255.186523	576
11259.618164	647
11264.048828	619
11268.480469	599
11272.911133	594
11277.342773	574
11281.774414	576
11286.205078	604
11290.636719	621
11295.067383	590
11299.499023	565
11303.929688	585
11308.361328	601
11312.791992	573
11317.223633	570
11321.654297	590
11326.085938	548
11330.516602	514
11334.948242	528
11339.378906	502
11343.810547	549
11348.241211	569
11352.672852	544
11357.103516	527
11361.535156	537
11365.965820	575
11370.397461	553
11374.829102	604
11379.259766	595
11383.691406	595
11388.122070	655
11392.553711	609
11396.984375	506
11401.416016	544
11405.846680	560
11410.278320	573
11414.708984	534
11419.140625	514
11423.571289	535
11428.002930	548
11432.433594	603
11436.865234	618
11441.295898	633
11445.727539	556
11450.158203	565
11454.589844	531
11459.020508	542
11463.452148	583
11467.883789	544
11472.314453	560
11476.746094	521
11481.176758	515
11485.608398	538
11490.039063	559
11494.470703	529
11498.901367	568
11503.333008	555
11507.763672	547
11512.195313	586
11516.625977	618
11521.057617	592
11525.488281	574
11529.919922	589
11534.350586	581
11538.782227	557
11543.212891	565
11547.644531	572
11552.075195	595
11556.506836	594
11560.938477	632
11565.369141	650
11569.800781	590
11574.231445	583
11578.663086	568
11583.093750	587
11587.525391	595
11591.956055	603
11596.387695	555
11600.818359	541
11605.250000	568
11609.680664	567
11614.112305	551
11618.542969	569
11622.974609	579
11627.405273	635
11631.836914	632
11636.267578	587
11640.699219	613
11645.129883	588
11649.561523	549
11653.993164	587
11658.423828	605
11662.855469	541
11667.286133	542
11671.717773	584
11676.148438	567
11680.580078	547
11685.010742	588
11689.442383	562
11693.873047	524
11698.304688	565
11702.735352	637
11707.166992	621
11711.597656	594
11716.029297	579
11720.459961	561
11724.891602	538
11729.322266	589
11733.753906	637
11738.184570	649
11742.616211	636
11747.047852	605
11751.478516	562
11755.910156	567
11760.340820	615
11764.772461	639
11769.203125	569
11773.634766	530
11778.065430	523
11782.497070	581
11786.927734	613
11791.359375	592
11795.790039	594
11800.221680	622
11804.652344	565
11809.083984	551
11813.514648	538
11817.946289	565
11822.376953	596
11826.808594	596
11831.239258	608
11835.670898	588
11840.102539	592
11844.533203	622
11848.964844	617
11853.395508	610
11857.827148	602
11862.257813	616
11866.689453	617
11871.120117	604
11875.551758	618
11879.982422	592
11884.414063	550
11888.844727	531
11893.276367	611
11897.707031	625
11902.138672	621
11906.569336	633
11911.000977	630
11915.431641	630
11919.863281	603
11924.294922	614
11928.725586	664
11933.157227	604
11937.587891	589
11942.019531	598
11946.450195	576
11950.881836	580
11955.312500	615
11959.744141	583
11964.174805	581
11968.606445	565
11973.037109	568
11977.468750	594
11981.899414	605
11986.331055	589
11990.761719	536
11995.193359	606
11999.624023	623
12004.055664	573
12008.486328	559
12012.917969	563
12017.349609	561
12021.780273	565
12026.211914	597
12030.642578	562
12035.074219	547
12039.504883	573
12043.936523	590
12048.367188	600
12052.798828	615
12057.229492	635
12061.661133	600
12066.091797	616
12070.523438	628
12074.954102	598
12079.385742	592
12083.816406	617
12088.248047	605
12092.678711	563
12097.110352	544
12101.541016	514
12105.972656	539
12110.404297	583
12114.834961	617
12119.266602	604
12123.697266	619
12128.128906	614
12132.559570	583
12136.991211	561
12141.421875	545
12145.853516	574
12150.284180	603
12154.715820	638
12159.146484	643
12163.578125	617
12168.008789	627
12172.440430	622
12176.871094	546
12181.302734	551
12185.733398	568
12190.165039	553
12194.595703	596
12199.027344	628
12203.458984	620
12207.889648	571
12212.321289	550
12216.751953	567
12221.183594	578
12225.614258	573
12230.045898	529
12234.476563	551
12238.908203	576
12243.338867	573
12247.770508	574
12252.201172	552
12256.632813	547
12261.063477	588
12265.495117	566
12269.925781	549
12274.357422	554
12278.788086	521
12283.219727	546
12287.650391	553
12292.082031	568
12296.513672	585
12300.944336	596
12305.375977	612
12309.806641	565
12314.238281	528
12318.668945	489
12323.100586	490
12327.531250	520
12331.962891	560
12336.393555	569
12340.825195	589
12345.255859	580
12349.687500	598
12354.118164	580
12358.549805	553
12362.980469	533
12367.412109	567
12371.842773	531
12376.274414	538
12380.705078	583
12385.136719	596
12389.568359	620
12393.999023	614
12398.430664	616
12402.861328	547
12407.292969	540
12411.723633	566
12416.155273	592
12420.585938	565
12425.017578	545
12429.448242	547
12433.879883	567
12438.310547	591
12442.742188	570
12447.172852	548
12451.604492	540
12456.035156	539
12460.466797	525
12464.897461	552
12469.329102	539
12473.760742	533
12478.191406	562
12482.623047	577
12487.053711	569
12491.485352	549
12495.916016	550
12500.347656	538
12504.778320	543
12509.209961	513
12513.640625	496
12518.072266	498
12522.502930	522
12526.934570	563
12531.365234	584
12535.796875	554
12540.227539	493
12544.659180	486
12549.089844	512
12553.521484	562
12557.952148	568
12562.383789	573
12566.815430	578
12571.246094	550
12575.677734	550
12580.108398	547
12584.540039	497
12588.970703	458
12593.402344	448
12597.833008	467
12602.264648	502
12606.695313	528
12611.126953	555
12615.557617	562
12619.989258	541
12624.419922	536
12628.851563	520
12633.282227	516
12637.713867	474
12642.144531	457
12646.576172	507
12651.006836	552
12655.438477	573
12659.870117	557
12664.300781	557
12668.732422	534
12673.163086	526
12677.594727	523
12682.025391	511
12686.457031	525
12690.887695	529
12695.319336	527
12699.750000	547
12704.181641	579
12708.612305	583
12713.043945	575
12717.474609	564
12721.906250	571
12726.336914	551
12730.768555	517
12735.199219	544
12739.630859	558
12744.061523	535
12748.493164	512
12752.924805	534
12757.355469	542
12761.787109	552
12766.217773	535
12770.649414	552
12775.080078	542
12779.511719	537
12783.942383	504
12788.374023	494
12792.804688	494
12797.236328	515
12801.666992	534
12806.098633	514
12810.529297	461
12814.960938	504
12819.391602	545
12823.823242	526
12828.253906	548
12832.685547	509
12837.116211	487
12841.547852	530
12845.979492	527
12850.410156	526
12854.841797	528
12859.272461	500
12863.704102	515
12868.134766	527
12872.566406	542
12876.997070	568
12881.428711	612
12885.859375	594
12890.291016	531
12894.721680	512
12899.153320	557
12903.583984	579
12908.015625	542
12912.446289	525
12916.877930	561
12921.308594	554
12925.740234	560
12930.170898	505
12934.602539	512
12939.034180	543
12943.464844	566
12947.896484	540
12952.327148	517
12956.758789	520
12961.189453	512
12965.621094	520
12970.051758	540
12974.483398	528
12978.914063	530
12983.345703	501
12987.776367	531
12992.208008	539
12996.638672	516
13001.070313	508
13005.500977	459
13009.932617	508
13014.363281	581
13018.794922	539
13023.225586	556
13027.657227	559
13032.088867	547
13036.519531	520
13040.951172	476
13045.381836	498
13049.813477	516
13054.244141	490
13058.675781	520
13063.106445	528
13067.538086	493
13071.968750	482
13076.400391	569
13080.831055	558
13085.262695	515
13089.693359	507
13094.125000	515
13098.555664	523
13102.987305	545
13107.417969	554
13111.849609	528
13116.281250	504
13120.711914	528
13125.143555	526
13129.574219	542
13134.005859	542
13138.436523	522
13142.868164	506
13147.298828	544
13151.730469	539
13156.161133	556
13160.592773	543
13165.023438	548
13169.455078	551
13173.885742	560
13178.317383	573
13182.748047	491
13187.179688	461
13191.610352	507
13196.041992	575
13200.472656	580
13204.904297	509
13209.335938	510
13213.766602	509
13218.198242	532
13222.628906	517
13227.060547	507
13231.491211	523
13235.922852	522
13240.353516	515
13244.785156	538
13249.215820	548
13253.647461	543
13258.078125	535
13262.509766	561
13266.940430	561
13271.372070	544
13275.802734	531
13280.234375	533
13284.665039	498
13289.096680	500
13293.527344	542
13297.958984	577
13302.390625	572
13306.821289	549
13311.252930	597
13315.683594	555
13320.115234	496
13324.545898	497
13328.977539	538
13333.408203	530
13337.839844	525
13342.270508	539
13346.702148	552
13351.132813	502
13355.564453	522
13359.995117	531
13364.426758	504
13368.857422	563
13373.289063	596
13377.719727	590
13382.151367	560
13386.582031	556
13391.013672	527
13395.445313	481
13399.875977	494
13404.307617	510
13408.738281	479
13413.169922	456
13417.600586	475
13422.032227	468
13426.462891	508
13430.894531	532
13435.325195	510
13439.756836	514
13444.187500	538
13448.619141	523
13453.049805	562
13457.481445	590
13461.912109	576
13466.343750	564
13470.774414	531
13475.206055	507
13479.636719	509
13484.068359	506
13488.500000	488
13492.930664	513
13497.362305	557
13501.792969	565
13506.224609	555
13510.655273	510
13515.086914	495
13519.517578	505
13523.949219	548
13528.379883	547
13532.811523	552
13537.242188	531
13541.673828	516
13546.104492	457
13550.536133	456
13554.966797	481
13559.398438	524
13563.829102	540
13568.260742	532
13572.691406	542
13577.123047	551
13581.554688	590
13585.985352	591
13590.416992	563
13594.847656	534
13599.279297	530
13603.709961	557
13608.141602	566
13612.572266	538
13617.003906	519
13621.434570	514
13625.866211	480
13630.296875	501
13634.728516	564
13639.159180	564
13643.590820	588
13648.021484	606
13652.453125	573
13656.883789	557
13661.315430	584
