-3335.789795	0
-3331.359863	0
-3326.929932	0
-3322.499756	0
-3318.069824	0
-3313.639893	0
-3309.209961	0
-3304.779785	0
-3300.349854	0
-3295.919922	0
-3291.489990	0
-3287.059814	0
-3282.629883	0
-3278.199951	0
-3273.769775	0
-3269.339844	0
-3264.909912	0
-3260.479980	0
-3256.049805	0
-3251.619873	0
-3247.189941	0
-3242.759766	0
-3238.329834	0
-3233.899902	0
-3229.469971	0
-3225.039795	0
-3220.609863	0
-3216.179932	0
-3211.749756	0
-3207.319824	0
-3202.889893	0
-3198.459961	0
-3194.029785	0
-3189.599854	0
-3185.169922	0
-3180.739990	0
-3176.309814	0
-3171.879883	0
-3167.449951	0
-3163.019775	0
-3158.589844	0
-3154.159912	0
-3149.729980	0
-3145.299805	0
-3140.869873	0
-3136.439941	0
-3132.009766	0
-3127.579834	0
-3123.149902	0
-3118.719971	0
-3114.289795	0
-3109.859863	0
-3105.429932	0
-3101.000000	0
-3096.569824	0
-3092.139893	0
-3087.709961	0
-3083.279785	0
-3078.849854	0
-3074.419922	0
-3069.989990	0
-3065.559814	0
-3061.129883	0
-3056.699951	0
-3052.269775	0
-3047.839844	0
-3043.409912	0
-3038.979980	0
-3034.549805	0
-3030.119873	0
-3025.689941	0
-3021.259766	0
-3016.829834	0
-3012.399902	0
-3007.969971	0
-3003.539795	0
-2999.109863	0
-2994.679932	0
-2990.250000	0
-2985.819824	0
-2981.389893	0
-2976.959961	0
-2972.529785	0
-2968.099854	0
-2963.669922	0
-2959.239990	0
-2954.809814	0
-2950.379883	0
-2945.949951	0
-2941.519775	0
-2937.089844	0
-2932.659912	0
-2928.229980	0
-2923.799805	0
-2919.369873	0
-2914.939941	0
-2910.509766	0
-2906.079834	0
-2901.649902	0
-2897.219971	0
-2892.789795	0
-2888.359863	0
-2883.929932	0
-2879.500000	0
-2875.069824	0
-2870.639893	0
-2866.209961	0
-2861.779785	0
-2857.349854	0
-2852.919922	0
-2848.489990	0
-2844.059814	0
-2839.629883	0
-2835.199951	0
-2830.769775	0
-2826.339844	0
-2821.909912	0
-2817.479980	0
-2813.049805	0
-2808.619873	0
-2804.189941	0
-2799.760010	0
-2795.329834	0
-2790.899902	0
-2786.469971	0
-2782.039795	0
-2777.609863	0
-2773.179932	0
-2768.750000	0
-2764.319824	0
-2759.889893	0
-2755.459961	0
-2751.029785	0
-2746.599854	0
-2742.169922	0
-2737.739990	0
-2733.309814	0
-2728.879883	0
-2724.449951	0
-2720.019775	0
-2715.589844	0
-2711.159912	0
-2706.729980	0
-2702.299805	0
-2697.869873	0
-2693.439941	0
-2689.010010	0
-2684.579834	0
-2680.149902	0
-2675.719971	0
-2671.289795	0
-2666.859863	0
-2662.429932	0
-2658.000000	0
-2653.569824	0
-2649.139893	0
-2644.709961	0
-2640.279785	0
-2635.849854	0
-2631.419922	0
-2626.989990	0
-2622.559814	0
-2618.129883	0
-2613.699951	0
-2609.270020	0
-2604.839844	0
-2600.409912	0
-2595.979980	0
-2591.549805	0
-2587.119873	0
-2582.689941	0
-2578.260010	0
-2573.829834	0
-2569.399902	0
-2564.969971	0
-2560.539795	0
-2556.109863	0
-2551.679932	0
-2547.250000	0
-2542.819824	0
-2538.389893	0
-2533.959961	0
-2529.529785	0
-2525.099854	0
-2520.669922	0
-2516.239990	0
-2511.809814	0
-2507.379883	0
-2502.949951	0
-2498.520020	0
-2494.089844	0
-2489.659912	0
-2485.229980	0
-2480.799805	0
-2476.369873	0
-2471.939941	0
-2467.510010	0
-2463.079834	0
-2458.649902	0
-2454.219971	0
-2449.789795	0
-2445.359863	0
-2440.929932	0
-2436.500000	0
-2432.069824	0
-2427.639893	0
-2423.209961	0
-2418.779785	0
-2414.349854	0
-2409.919922	0
-2405.489990	0
-2401.059814	0
-2396.629883	0
-2392.199951	0
-2387.770020	0
-2383.339844	0
-2378.909912	0
-2374.479980	0
-2370.049805	0
-2365.619873	0
-2361.189941	0
-2356.760010	0
-2352.329834	0
-2347.899902	0
-2343.469971	0
-2339.039795	0
-2334.609863	0
-2330.179932	0
-2325.750000	0
-2321.319824	0
-2316.889893	0
-2312.459961	0
-2308.030029	0
-2303.599854	0
-2299.169922	0
-2294.739990	0
-2290.309814	0
-2285.879883	0
-2281.449951	0
-2277.020020	0
-2272.589844	0
-2268.159912	0
-2263.729980	0
-2259.299805	0
-2254.869873	0
-2250.439941	0
-2246.010010	0
-2241.579834	0
-2237.149902	0
-2232.719971	0
-2228.289795	0
-2223.859863	0
-2219.429932	0
-2215.000000	1
-2210.569824	2
-2206.139893	3
-2201.709961	4
-2197.280029	6
-2192.849854	8
-2188.419922	10
-2183.989990	9
-2179.559814	11
-2175.129883	12
-2170.699951	14
-2166.270020	18
-2161.839844	18
-2157.409912	19
-2152.979980	19
-2148.549805	24
-2144.119873	24
-2139.689941	22
-2135.260010	25
-2130.829834	27
-2126.399902	24
-2121.969971	27
-2117.540039	31
-2113.109863	31
-2108.679932	30
-2104.250000	32
-2099.819824	35
-2095.389893	37
-2090.959961	35
-2086.530029	39
-2082.099854	40
-2077.669922	41
-2073.239990	40
-2068.809814	41
-2064.379883	41
-2059.949951	41
-2055.520020	46
-2051.089844	50
-2046.659912	52
-2042.229980	50
-2037.799927	50
-2033.369873	52
-2028.939941	51
-2024.509888	56
-2020.079956	58
-2015.649902	60
-2011.219971	56
-2006.789917	56
-2002.359863	60
-1997.929932	72
-1993.499878	67
-1989.069946	66
-1984.639893	64
-1980.209961	76
-1975.779907	74
-1971.349976	73
-1966.919922	71
-1962.489868	80
-1958.059937	73
-1953.629883	76
-1949.199951	78
-1944.769897	73
-1940.339966	77
-1935.909912	80
-1931.479980	75
-1927.049927	79
-1922.619873	85
-1918.189941	88
-1913.759888	91
-1909.329956	94
-1904.899902	90
-1900.469971	89
-1896.039917	94
-1891.609985	93
-1887.179932	99
-1882.749878	105
-1878.319946	98
-1873.889893	90
-1869.459961	93
-1865.029907	98
-1860.599976	106
-1856.169922	106
-1851.739868	103
-1847.309937	105
-1842.879883	102
-1838.449951	109
-1834.019897	117
-1829.589966	118
-1825.159912	109
-1820.729980	112
-1816.299927	110
-1811.869873	120
-1807.439941	117
-1803.009888	121
-1798.579956	121
-1794.149902	121
-1789.719971	119
-1785.289917	117
-1780.859985	118
-1776.429932	127
-1771.999878	126
-1767.569946	119
-1763.139893	121
-1758.709961	127
-1754.279907	127
-1749.849976	133
-1745.419922	122
-1740.989990	115
-1736.559937	116
-1732.129883	125
-1727.699951	120
-1723.269897	118
-1718.839966	116
-1714.409912	118
-1709.979980	123
-1705.549927	121
-1701.119873	112
-1696.689941	122
-1692.259888	127
-1687.829956	122
-1683.399902	122
-1678.969971	121
-1674.539917	124
-1670.109985	128
-1665.679932	129
-1661.249878	125
-1656.819946	120
-1652.389893	119
-1647.959961	119
-1643.529907	116
-1639.099976	129
-1634.669922	129
-1630.239990	116
-1625.809937	129
-1621.379883	142
-1616.949951	137
-1612.519897	129
-1608.089966	122
-1603.659912	115
-1599.229980	123
-1594.799927	120
-1590.369995	127
-1585.939941	121
-1581.509888	120
-1577.079956	131
-1572.649902	132
-1568.219971	127
-1563.789917	127
-1559.359985	118
-1554.929932	120
-1550.500000	123
-1546.069946	120
-1541.639893	119
-1537.209961	119
-1532.779907	120
-1528.349976	124
-1523.919922	119
-1519.489990	122
-1515.059937	126
-1510.629883	131
-1506.199951	123
-1501.769897	120
-1497.339966	119
-1492.909912	118
-1488.479980	120
-1484.049927	129
-1479.619995	132
-1475.189941	122
-1470.759888	117
-1466.329956	130
-1461.899902	139
-1457.469971	133
-1453.039917	118
-1448.609985	115
-1444.179932	118
-1439.750000	131
-1435.319946	130
-1430.889893	127
-1426.459961	127
-1422.029907	122
-1417.599976	119
-1413.169922	126
-1408.739990	119
-1404.309937	122
-1399.880005	125
-1395.449951	121
-1391.019897	115
-1386.589966	113
-1382.159912	115
-1377.729980	116
-1373.299927	121
-1368.869995	120
-1364.439941	128
-1360.009888	126
-1355.579956	110
-1351.149902	114
-1346.719971	125
-1342.289917	128
-1337.859985	119
-1333.429932	127
-1329.000000	129
-1324.569946	130
-1320.139893	125
-1315.709961	122
-1311.279907	124
-1306.849976	126
-1302.419922	130
-1297.989990	120
-1293.559937	118
-1289.130005	124
-1284.699951	120
-1280.269897	118
-1275.839966	121
-1271.409912	113
-1266.979980	123
-1262.549927	121
-1258.119995	126
-1253.689941	122
-1249.260010	123
-1244.829956	126
-1240.399902	131
-1235.969971	125
-1231.539917	128
-1227.109985	125
-1222.679932	123
-1218.250000	120
-1213.819946	117
-1209.389893	123
-1204.959961	128
-1200.529907	125
-1196.099976	115
-1191.669922	123
-1187.239990	130
-1182.809937	127
-1178.380005	118
-1173.949951	121
-1169.519897	121
-1165.089966	132
-1160.659912	131
-1156.229980	129
-1151.799927	116
-1147.369995	114
-1142.939941	119
-1138.510010	120
-1134.079956	116
-1129.649902	118
-1125.219971	120
-1120.789917	118
-1116.359985	118
-1111.929932	125
-1107.500000	129
-1103.069946	129
-1098.640015	129
-1094.209961	124
-1089.779907	127
-1085.349976	119
-1080.919922	122
-1076.489990	132
-1072.059937	124
-1067.630005	128
-1063.199951	132
-1058.770020	132
-1054.339966	126
-1049.909912	122
-1045.479980	123
-1041.049927	122
-1036.619995	121
-1032.189941	130
-1027.760010	132
-1023.329956	137
-1018.899963	135
-1014.469971	126
-1010.039978	123
-1005.609985	124
-1001.179932	127
-996.749939	126
-992.319946	126
-987.889954	123
-983.459961	127
-979.029968	127
-974.599976	117
-970.169983	116
-965.739990	124
-961.309937	125
-956.879944	127
-952.449951	133
-948.019958	134
-943.589966	130
-939.159973	125
-934.729980	118
-930.299988	124
-925.869934	129
-921.439941	127
-917.009949	126
-912.579956	123
-908.149963	129
-903.719971	126
-899.289978	119
-894.859985	129
-890.429993	124
-885.999939	128
-881.569946	136
-877.139954	133
-872.709961	126
-868.279968	125
-863.849976	125
-859.419983	126
-854.989990	125
-850.559937	123
-846.129944	124
-841.699951	134
-837.269958	122
-832.839966	131
-828.409973	126
-823.979980	120
-819.549988	124
-815.119995	126
-810.689941	121
-806.259949	117
-801.829956	126
-797.399963	134
-792.969971	134
-788.539978	140
-784.109985	125
-779.679993	122
-775.250000	125
-770.819946	128
-766.389954	124
-761.959961	127
-757.529968	124
-753.099976	118
-748.669983	124
-744.239990	127
-739.809998	132
-735.379944	127
-730.949951	127
-726.519958	128
-722.089966	129
-717.659973	138
-713.229980	134
-708.799988	135
-704.369995	124
-699.940002	128
-695.509949	127
-691.079956	126
-686.649963	130
-682.219971	137
-677.789978	132
-673.359985	126
-668.929993	120
-664.500000	130
-660.069946	132
-655.639954	131
-651.209961	127
-646.779968	120
-642.349976	128
-637.919983	132
-633.489990	124
-629.059998	130
-624.630005	123
-620.199951	127
-615.769958	133
-611.339966	134
-606.909973	139
-602.479980	125
-598.049988	128
-593.619995	130
-589.190002	130
-584.759949	134
-580.329956	131
-575.899963	125
-571.469971	131
-567.039978	134
-562.609985	129
-558.179993	139
-553.750000	132
-549.320007	128
-544.889954	129
-540.459961	128
-536.029968	124
-531.599976	136
-527.169983	129
-522.739990	126
-518.309998	127
-513.880005	140
-509.449982	147
-505.019989	142
-500.589966	143
-496.159973	134
-491.729980	126
-487.299988	134
-482.869995	124
-478.439972	124
-474.009979	139
-469.579987	123
-465.149994	129
-460.719971	126
-456.289978	127
-451.859985	129
-447.429993	136
-442.999969	140
-438.569977	133
-434.139984	132
-429.709991	128
-425.279968	134
-420.849976	137
-416.419983	145
-411.989990	137
-407.559998	133
-403.129974	141
-398.699982	139
-394.269989	141
-389.839996	139
-385.409973	148
-380.979980	144
-376.549988	140
-372.119995	142
-367.689972	144
-363.259979	140
-358.829987	146
-354.399994	160
-349.970001	166
-345.539978	155
-341.109985	152
-336.679993	147
-332.250000	149
-327.819977	159
-323.389984	169
-318.959991	167
-314.529999	165
-310.099976	166
-305.669983	157
-301.239990	159
-296.809998	170
-292.379974	171
-287.949982	170
-283.519989	174
-279.089996	171
-274.660004	176
-270.229980	183
-265.799988	182
-261.369995	188
-256.940002	199
-252.509995	198
-248.079987	197
-243.649994	205
-239.219986	204
-234.789993	214
-230.359985	210
-225.929993	221
-221.499985	219
-217.069992	212
-212.639984	226
-208.209991	236
-203.779999	242
-199.349991	242
-194.919998	260
-190.489990	268
-186.059998	266
-181.629990	276
-177.199997	285
-172.769989	297
-168.339996	322
-163.909988	335
-159.479996	355
-155.049988	364
-150.619995	385
-146.189987	409
-141.759995	437
-137.330002	475
-132.899994	516
-128.470001	557
-124.039993	582
-119.609993	623
-115.179993	668
-110.749992	736
-106.319992	811
-101.889999	897
-97.459999	986
-93.029999	1112
-88.599998	1254
-84.169998	1406
-79.739998	1602
-75.309998	1846
-70.879997	2121
-66.449997	2471
-62.019997	2877
-57.589996	3358
-53.159996	4000
-48.730000	4694
-44.299999	5282
-39.869999	5765
-35.439999	6241
-31.009998	6736
-26.579998	7167
-22.150000	7548
-17.719999	7913
-13.289999	8198
-8.860000	8385
-4.430000	8513
0.000000	8571
4.430000	8500
8.860000	8364
13.289999	8134
17.719999	7823
22.150000	7519
26.579998	7219
31.009998	6924
35.439999	6551
39.869999	6075
44.299999	5468
48.730000	4816
53.159996	4100
57.589996	3438
62.019997	2866
66.449997	2434
70.879997	2125
75.309998	1825
79.739998	1566
84.169998	1391
88.599998	1235
93.029999	1097
97.459999	961
101.889999	856
106.319992	787
110.749992	726
115.179993	666
119.609993	614
124.039993	567
128.470001	519
132.899994	492
137.330002	439
141.759995	424
146.189987	392
150.619995	368
155.049988	356
159.479996	328
163.909988	319
168.339996	304
172.769989	304
177.199997	293
181.629990	276
186.059998	270
190.489990	254
194.919998	248
199.349991	248
203.779999	238
208.209991	237
212.639984	229
217.069992	224
221.499985	206
225.929993	202
230.359985	193
234.789993	209
239.219986	209
243.649994	194
248.079987	188
252.509995	195
256.940002	189
261.369995	180
265.799988	173
270.229980	176
274.660004	172
279.089996	173
283.519989	173
287.949982	170
292.379974	177
296.809998	173
301.239990	178
305.669983	167
310.099976	175
314.529999	161
318.959991	165
323.389984	158
327.819977	150
332.250000	134
336.679993	147
341.109985	158
345.539978	156
349.970001	154
354.399994	144
358.829987	127
363.259979	140
367.689972	139
372.119995	143
376.549988	154
380.979980	145
385.409973	139
389.839996	152
394.269989	150
398.699982	149
403.129974	148
407.559998	142
411.989990	146
416.419983	147
420.849976	150
425.279968	134
429.709991	135
434.139984	136
438.569977	139
442.999969	135
447.429993	135
451.859985	146
456.289978	138
460.719971	132
465.149994	126
469.579987	134
474.009979	142
478.439972	131
482.869995	132
487.299988	127
491.729980	126
496.159973	131
500.589966	135
505.019989	144
509.449982	139
513.880005	131
518.309998	127
522.739990	128
527.169983	136
531.599976	141
536.029968	138
540.459961	135
544.889954	129
549.320007	131
553.750000	128
558.179993	130
562.609985	132
567.039978	128
571.469971	120
575.899963	130
580.329956	132
584.759949	134
589.190002	140
593.619995	133
598.049988	124
602.479980	127
606.909973	136
611.339966	135
615.769958	131
620.199951	129
624.630005	137
629.059998	138
633.489990	125
637.919983	119
642.349976	124
646.779968	133
651.209961	132
655.639954	126
660.069946	126
664.500000	141
668.929993	140
673.359985	133
677.789978	140
682.219971	142
686.649963	131
691.079956	132
695.509949	129
699.940002	134
704.369995	136
708.799988	126
713.229980	135
717.659973	134
722.089966	135
726.519958	131
730.949951	134
735.379944	137
739.809998	136
744.239990	130
748.669983	133
753.099976	131
757.529968	136
761.959961	134
766.389954	123
770.819946	128
775.250000	135
779.679993	124
784.109985	128
788.539978	132
792.969971	131
797.399963	124
801.829956	128
806.259949	136
810.689941	140
815.119995	133
819.549988	131
823.979980	136
828.409973	133
832.839966	138
837.269958	136
841.699951	137
846.129944	127
850.559937	128
854.989990	120
859.419983	127
863.849976	132
868.279968	134
872.709961	134
877.139954	127
881.569946	129
885.999939	140
890.429993	134
894.859985	132
899.289978	131
903.719971	130
908.149963	135
912.579956	130
917.009949	128
921.439941	132
925.869934	133
930.299988	130
934.729980	134
939.159973	142
943.589966	143
948.019958	129
952.449951	126
956.879944	119
961.309937	121
965.739990	130
970.169983	130
974.599976	124
979.029968	127
983.459961	132
987.889954	130
992.319946	120
996.749939	128
1001.179932	132
1005.609985	135
1010.039978	132
1014.469971	134
1018.899963	133
1023.329956	133
1027.760010	129
1032.189941	144
1036.619995	141
1041.049927	128
1045.479980	131
1049.909912	121
1054.339966	125
1058.770020	124
1063.199951	131
1067.630005	123
1072.059937	131
1076.489990	133
1080.919922	133
1085.349976	141
1089.779907	144
1094.209961	132
1098.640015	131
1103.069946	125
1107.500000	128
1111.929932	120
1116.359985	118
1120.789917	124
1125.219971	126
1129.649902	127
1134.079956	133
1138.510010	126
1142.939941	123
1147.369995	129
1151.799927	135
1156.229980	129
1160.659912	127
1165.089966	129
1169.519897	123
1173.949951	140
1178.380005	140
1182.809937	133
1187.239990	129
1191.669922	132
1196.099976	136
1200.529907	133
1204.959961	136
1209.389893	136
1213.819946	130
1218.250000	133
1222.679932	125
1227.109985	117
1231.539917	127
1235.969971	129
1240.399902	127
1244.829956	133
1249.260010	135
1253.689941	134
1258.119995	143
1262.549927	139
1266.979980	129
1271.409912	121
1275.839966	128
1280.269897	135
1284.699951	127
1289.130005	123
1293.559937	133
1297.989990	133
1302.419922	127
1306.849976	124
1311.279907	129
1315.709961	127
1320.139893	121
1324.569946	129
1329.000000	133
1333.429932	136
1337.859985	123
1342.289917	125
1346.719971	133
1351.149902	138
1355.579956	137
1360.009888	131
1364.439941	127
1368.869995	134
1373.299927	134
1377.729980	126
1382.159912	128
1386.589966	131
1391.019897	125
1395.449951	128
1399.880005	127
1404.309937	126
1408.739990	122
1413.169922	123
1417.599976	126
1422.029907	123
1426.459961	132
1430.889893	139
1435.319946	135
1439.750000	136
1444.179932	134
1448.609985	125
1453.039917	131
1457.469971	136
1461.899902	128
1466.329956	128
1470.759888	133
1475.189941	126
1479.619995	127
1484.049927	126
1488.479980	137
1492.909912	139
1497.339966	130
1501.769897	131
1506.199951	135
1510.629883	134
1515.059937	120
1519.489990	127
1523.919922	139
1528.349976	135
1532.779907	134
1537.209961	133
1541.639893	124
1546.069946	130
1550.500000	131
1554.929932	135
1559.359985	131
1563.789917	126
1568.219971	126
1572.649902	123
1577.079956	119
1581.509888	125
1585.939941	137
1590.369995	135
1594.799927	133
1599.229980	139
1603.659912	135
1608.089966	125
1612.519897	120
1616.949951	125
1621.379883	132
1625.809937	125
1630.239990	123
1634.669922	128
1639.099976	129
1643.529907	136
1647.959961	132
1652.389893	132
1656.819946	137
1661.249878	138
1665.679932	135
1670.109985	127
1674.539917	132
1678.969971	135
1683.399902	122
1687.829956	133
1692.259888	128
1696.689941	126
1701.119873	135
1705.549927	138
1709.979980	136
1714.409912	137
1718.839966	138
1723.269897	126
1727.699951	136
1732.129883	133
1736.559937	126
1740.989990	125
1745.419922	125
1749.849976	132
1754.279907	136
1758.709961	139
1763.139893	134
1767.569946	136
1771.999878	135
1776.429932	127
1780.859985	131
1785.289917	130
1789.719971	127
1794.149902	126
1798.579956	128
1803.009888	132
1807.439941	134
1811.869873	143
1816.299927	148
1820.729980	146
1825.159912	130
1829.589966	128
1834.019897	133
1838.449951	147
1842.879883	142
1847.309937	140
1851.739868	143
1856.169922	141
1860.599976	130
1865.029907	129
1869.459961	135
1873.889893	132
1878.319946	134
1882.749878	137
1887.179932	143
1891.609985	149
1896.039917	144
1900.469971	139
1904.899902	137
1909.329956	140
1913.759888	133
1918.189941	126
1922.619873	127
1927.049927	130
1931.479980	125
1935.909912	129
1940.339966	126
1944.769897	133
1949.199951	139
1953.629883	141
1958.059937	135
1962.489868	134
1966.919922	135
1971.349976	132
1975.779907	135
1980.209961	136
1984.639893	131
1989.069946	129
1993.499878	130
1997.929932	132
2002.359863	133
2006.789917	131
2011.219971	132
2015.649902	134
2020.079956	132
2024.509888	128
2028.939941	124
2033.369873	129
2037.799927	139
2042.229980	132
2046.659912	131
2051.089844	123
2055.520020	122
2059.949951	121
2064.379883	121
2068.809814	128
2073.239990	138
2077.669922	144
2082.099854	130
2086.530029	121
2090.959961	127
2095.389893	136
2099.819824	133
2104.250000	134
2108.679932	134
2113.109863	137
2117.540039	132
2121.969971	128
2126.399902	127
2130.829834	121
2135.260010	130
2139.689941	129
2144.119873	130
2148.549805	143
2152.979980	135
2157.409912	133
2161.839844	132
2166.270020	135
2170.699951	135
2175.129883	134
2179.559814	127
2183.989990	134
2188.419922	127
2192.849854	131
2197.280029	130
2201.709961	137
2206.139893	145
2210.569824	150
2215.000000	135
2219.429932	134
2223.859863	135
2228.289795	133
2232.719971	132
2237.149902	130
2241.579834	129
2246.010010	127
2250.439941	130
2254.869873	139
2259.299805	136
2263.729980	135
2268.159912	140
2272.589844	137
2277.020020	136
2281.449951	140
2285.879883	146
2290.309814	149
2294.739990	140
2299.169922	128
2303.599854	125
2308.030029	131
2312.459961	135
2316.889893	132
2321.319824	133
2325.750000	131
2330.179932	125
2334.609863	136
2339.039795	135
2343.469971	135
2347.899902	140
2352.329834	136
2356.760010	134
2361.189941	125
2365.619873	128
2370.049805	136
2374.479980	141
2378.909912	131
2383.339844	127
2387.770020	122
2392.199951	126
2396.629883	134
2401.059814	143
2405.489990	133
2409.919922	131
2414.349854	146
2418.779785	146
2423.209961	144
2427.639893	135
2432.069824	132
2436.500000	120
2440.929932	130
2445.359863	137
2449.789795	138
2454.219971	137
2458.649902	138
2463.079834	128
2467.510010	131
2471.939941	130
2476.369873	138
2480.799805	145
2485.229980	136
2489.659912	137
2494.089844	140
2498.520020	142
2502.949951	133
2507.379883	127
2511.809814	131
2516.239990	130
2520.669922	130
2525.099854	136
2529.529785	139
2533.959961	139
2538.389893	141
2542.819824	133
2547.250000	139
2551.679932	136
2556.109863	127
2560.539795	132
2564.969971	138
2569.399902	139
2573.829834	123
2578.260010	130
2582.689941	130
2587.119873	128
2591.549805	129
2595.979980	129
2600.409912	130
2604.839844	132
2609.270020	139
2613.699951	128
2618.129883	125
2622.559814	128
2626.989990	128
2631.419922	136
2635.849854	136
2640.279785	135
2644.709961	133
2649.139893	134
2653.569824	130
2658.000000	137
2662.429932	137
2666.859863	144
2671.289795	137
2675.719971	138
2680.149902	133
2684.579834	136
2689.010010	128
2693.439941	133
2697.869873	131
2702.299805	142
2706.729980	130
2711.159912	131
2715.589844	129
2720.019775	125
2724.449951	134
2728.879883	138
2733.309814	135
2737.739990	130
2742.169922	143
2746.599854	136
2751.029785	131
2755.459961	130
2759.889893	138
2764.319824	136
2768.750000	126
2773.179932	129
2777.609863	131
2782.039795	139
2786.469971	134
2790.899902	134
2795.329834	138
2799.760010	140
2804.189941	142
2808.619873	132
2813.049805	125
2817.479980	129
2821.909912	134
2826.339844	123
2830.769775	130
2835.199951	132
2839.629883	131
2844.059814	135
2848.489990	139
2852.919922	136
2857.349854	138
2861.779785	141
2866.209961	143
2870.639893	132
2875.069824	121
2879.500000	125
2883.929932	131
2888.359863	128
2892.789795	128
2897.219971	132
2901.649902	138
2906.079834	133
2910.509766	143
2914.939941	143
2919.369873	133
2923.799805	136
2928.229980	135
2932.659912	134
2937.089844	140
2941.519775	132
2945.949951	138
2950.379883	132
2954.809814	129
2959.239990	126
2963.669922	139
2968.099854	141
2972.529785	130
2976.959961	132
2981.389893	141
2985.819824	148
2990.250000	134
2994.679932	122
2999.109863	126
3003.539795	137
3007.969971	137
3012.399902	133
3016.829834	120
3021.259766	124
3025.689941	128
3030.119873	125
3034.549805	138
3038.979980	137
3043.409912	132
3047.839844	136
3052.269775	134
3056.699951	130
3061.129883	139
3065.559814	134
3069.989990	130
3074.419922	123
3078.849854	132
3083.279785	134
3087.709961	131
3092.139893	128
3096.569824	127
3101.000000	123
3105.429932	127
3109.859863	130
3114.289795	141
3118.719971	141
3123.149902	133
3127.579834	134
3132.009766	137
3136.439941	133
3140.869873	136
3145.299805	131
3149.729980	136
3154.159912	132
3158.589844	131
3163.019775	127
3167.449951	129
3171.879883	130
3176.309814	128
3180.739990	142
3185.169922	137
3189.599854	135
3194.029785	133
3198.459961	136
3202.889893	141
3207.319824	144
3211.749756	134
3216.179932	121
3220.609863	127
3225.039795	134
3229.469971	132
3233.899902	133
3238.329834	135
3242.759766	137
3247.189941	129
3251.619873	123
3256.049805	127
3260.479980	132
3264.909912	138
3269.339844	140
3273.769775	137
3278.199951	142
3282.629883	135
3287.059814	132
3291.489990	132
3295.919922	134
3300.349854	137
3304.779785	140
3309.209961	135
3313.639893	136
3318.069824	136
3322.499756	130
3326.929932	129
3331.359863	126
3335.789795	136
3340.219971	133
3344.649902	132
3349.079834	143
3353.509766	140
3357.939941	139
3362.369873	135
3366.799805	126
3371.229980	124
3375.659912	128
3380.089844	134
3384.519775	138
3388.949951	130
3393.379883	143
3397.809814	139
3402.239746	130
3406.669922	133
3411.099854	140
3415.529785	134
3419.959961	136
3424.389893	142
3428.819824	133
3433.249756	138
3437.679932	140
3442.109863	134
3446.539795	130
3450.969971	126
3455.399902	129
3459.829834	126
3464.259766	130
3468.689941	134
3473.119873	143
3477.549805	131
3481.979980	128
3486.409912	134
3490.839844	128
3495.269775	136
3499.699951	142
3504.129883	141
3508.559814	137
3512.989746	143
3517.419922	132
3521.849854	125
3526.279785	129
3530.709961	134
3535.139893	124
3539.569824	126
3543.999756	133
3548.429932	131
3552.859863	130
3557.289795	136
3561.719971	126
3566.149902	129
3570.579834	135
3575.009766	131
3579.439941	129
3583.869873	133
3588.299805	138
3592.729980	141
3597.159912	143
3601.589844	153
3606.019775	157
3610.449951	139
3614.879883	131
3619.309814	133
3623.739746	130
3628.169922	138
3632.599854	141
3637.029785	134
3641.459961	128
3645.889893	136
3650.319824	146
3654.749756	136
3659.179932	140
3663.609863	139
3668.039795	130
3672.469971	137
3676.899902	147
3681.329834	139
3685.759766	134
3690.189941	131
3694.619873	133
3699.049805	132
3703.479736	135
3707.909912	146
3712.339844	144
3716.769775	136
3721.199951	131
3725.629883	132
3730.059814	140
3734.489746	139
3738.919922	145
3743.349854	141
3747.779785	145
3752.209961	140
3756.639893	131
3761.069824	143
3765.499756	148
3769.929932	151
3774.359863	152
3778.789795	151
3783.219971	155
3787.649902	151
3792.079834	150
3796.509766	144
3800.939941	138
3805.369873	144
3809.799805	144
3814.229736	141
3818.659912	135
3823.089844	137
3827.519775	139
3831.949951	137
3836.379883	142
3840.809814	157
3845.239746	157
3849.669922	159
3854.099854	164
3858.529785	159
3862.959961	156
3867.389893	151
3871.819824	160
3876.249756	162
3880.679932	160
3885.109863	157
3889.539795	164
3893.969971	158
3898.399902	161
3902.829834	157
3907.259766	159
3911.689941	159
3916.119873	166
3920.549805	167
3924.979736	158
3929.409912	157
3933.839844	166
3938.269775	159
3942.699951	154
3947.129883	166
3951.559814	169
3955.989746	168
3960.419922	166
3964.849854	173
3969.279785	184
3973.709961	183
3978.139893	184
3982.569824	179
3986.999756	184
3991.429932	191
3995.859863	204
4000.289795	211
4004.719727	216
4009.149902	208
4013.579834	217
4018.009766	223
4022.439941	228
4026.869873	227
4031.299805	229
4035.729736	229
4040.159912	229
4044.589844	226
4049.019775	226
4053.449951	221
4057.879883	234
4062.309814	245
4066.739746	248
4071.169922	239
4075.599854	255
4080.029785	270
4084.459961	265
4088.889893	277
4093.319824	281
4097.750000	275
4102.179688	278
4106.609863	287
4111.040039	279
4115.469727	269
4119.899902	260
4124.330078	259
4128.759766	270
4133.189941	281
4137.619629	287
4142.049805	299
4146.479980	303
4150.909668	304
4155.339844	305
4159.770020	293
4164.199707	291
4168.629883	292
4173.060059	291
4177.489746	298
4181.919922	295
4186.349609	301
4190.779785	299
4195.209961	306
4199.639648	310
4204.069824	300
4208.500000	298
4212.929688	292
4217.359863	293
4221.790039	301
4226.219727	289
4230.649902	290
4235.080078	286
4239.509766	297
4243.939941	307
4248.369629	312
4252.799805	316
4257.229980	321
4261.659668	336
4266.089844	321
4270.520020	331
4274.949707	332
4279.379883	336
4283.810059	334
4288.239746	324
4292.669922	325
4297.099609	330
4301.529785	329
4305.959961	336
4310.389648	351
4314.819824	369
4319.250000	386
4323.679688	398
4328.109863	404
4332.540039	411
4336.969727	425
4341.399902	443
4345.829590	451
4350.259766	451
4354.689941	459
4359.119629	472
4363.549805	480
4367.979980	473
4372.409668	465
4376.839844	483
4381.270020	479
4385.699707	474
4390.129883	462
4394.560059	472
4398.989746	473
4403.419922	475
4407.849609	490
4412.279785	503
4416.709961	507
4421.139648	506
4425.569824	514
4430.000000	526
4434.429688	530
4438.859863	527
4443.290039	537
4447.719727	544
4452.149902	548
4456.579590	552
4461.009766	539
4465.439941	550
4469.869629	565
4474.299805	594
4478.729980	613
4483.159668	621
4487.589844	631
4492.020020	628
4496.449707	637
4500.879883	663
4505.310059	660
4509.739746	663
4514.169922	682
4518.599609	684
4523.029785	670
4527.459961	650
4531.889648	653
4536.319824	654
4540.750000	650
4545.179688	665
4549.609863	680
4554.040039	681
4558.469727	696
4562.899902	715
4567.329590	717
4571.759766	741
4576.189941	756
4580.619629	735
4585.049805	715
4589.479980	723
4593.909668	735
4598.339844	753
4602.770020	772
4607.199707	776
4611.629883	800
4616.060059	838
4620.489746	837
4624.919922	815
4629.349609	779
4633.779785	780
4638.209961	800
4642.639648	795
4647.069824	800
4651.500000	805
4655.929688	811
4660.359863	822
4664.790039	838
4669.219727	833
4673.649902	844
4678.079590	858
4682.509766	872
4686.939941	894
4691.369629	913
4695.799805	946
4700.229980	953
4704.659668	966
4709.089844	988
4713.520020	1007
4717.949707	1053
4722.379883	1070
4726.810059	1053
4731.239746	1056
4735.669922	1073
4740.099609	1119
4744.529785	1151
4748.959961	1141
4753.389648	1140
4757.819824	1137
4762.250000	1091
4766.679688	1057
4771.109863	1034
4775.540039	1032
4779.969727	1021
4784.399902	1023
4788.829590	1033
4793.259766	1074
4797.689941	1118
4802.119629	1123
4806.549805	1113
4810.979980	1124
4815.409668	1125
4819.839844	1140
4824.270020	1162
4828.699707	1175
4833.129883	1207
4837.559570	1236
4841.989746	1247
4846.419922	1249
4850.849609	1260
4855.279785	1236
4859.709961	1230
4864.139648	1246
4868.569824	1251
4873.000000	1276
4877.429688	1303
4881.859863	1334
4886.290039	1362
4890.719727	1376
4895.149902	1401
4899.579590	1450
4904.009766	1506
4908.439941	1524
4912.869629	1529
4917.299805	1539
4921.729980	1577
4926.159668	1599
4930.589844	1597
4935.020020	1587
4939.449707	1583
4943.879883	1578
4948.309570	1572
4952.739746	1515
4957.169922	1408
4961.599609	1318
4966.029785	1261
4970.459961	1246
4974.889648	1234
4979.319824	1197
4983.750000	1194
4988.179688	1196
4992.609863	1196
4997.040039	1199
5001.469727	1160
5005.899902	1146
5010.329590	1148
5014.759766	1156
5019.189941	1159
5023.619629	1185
5028.049805	1192
5032.479980	1223
5036.909668	1243
5041.339844	1251
5045.770020	1282
5050.199707	1308
5054.629883	1337
5059.059570	1364
5063.489746	1369
5067.919922	1367
5072.349609	1375
5076.779785	1365
5081.209961	1372
5085.639648	1363
5090.069824	1376
5094.500000	1384
5098.929688	1366
5103.359863	1366
5107.790039	1379
5112.219727	1396
5116.649902	1397
5121.079590	1387
5125.509766	1402
5129.939941	1403
5134.369629	1396
5138.799805	1364
5143.229980	1371
5147.659668	1355
5152.089844	1337
5156.520020	1331
5160.949707	1266
5165.379883	1179
5169.809570	1092
5174.239746	1045
5178.669922	1019
5183.099609	1019
5187.529785	1037
5191.959961	1047
5196.389648	1061
5200.819824	1060
5205.250000	1097
5209.679688	1126
5214.109863	1180
5218.540039	1197
5222.969727	1229
5227.399902	1267
5231.829590	1309
5236.259766	1317
5240.689941	1342
5245.119629	1297
5249.549805	1280
5253.979980	1285
5258.409668	1291
5262.839844	1307
5267.270020	1322
5271.699707	1335
5276.129883	1421
5280.559570	1449
5284.989746	1451
5289.419922	1446
5293.849609	1469
5298.279785	1503
5302.709961	1523
5307.139648	1515
5311.569824	1512
5316.000000	1526
5320.429688	1506
5324.859863	1489
5329.289551	1492
5333.719727	1496
5338.149902	1491
5342.579590	1516
5347.009766	1568
5351.439941	1586
5355.869629	1575
5360.299805	1569
5364.729980	1552
5369.159668	1572
5373.589844	1584
5378.020020	1610
5382.449707	1574
5386.879883	1557
5391.309570	1542
5395.739746	1534
5400.169922	1531
5404.599609	1534
5409.029785	1528
5413.459961	1539
5417.889648	1571
5422.319824	1569
5426.750000	1549
5431.179688	1538
5435.609863	1524
5440.039551	1502
5444.469727	1443
5448.899902	1385
5453.329590	1341
5457.759766	1303
5462.189941	1281
5466.619629	1284
5471.049805	1262
5475.479980	1285
5479.909668	1303
5484.339844	1279
5488.770020	1295
5493.199707	1302
5497.629883	1306
5502.059570	1297
5506.489746	1294
5510.919922	1307
5515.349609	1308
5519.779785	1328
5524.209961	1355
5528.639648	1359
5533.069824	1390
5537.500000	1402
5541.929688	1407
5546.359863	1411
5550.789551	1435
5555.219727	1413
5559.649902	1421
5564.079590	1393
5568.509766	1403
5572.939941	1409
5577.369629	1378
5581.799805	1360
5586.229980	1354
5590.659668	1329
5595.089844	1288
5599.520020	1269
5603.949707	1248
5608.379883	1258
5612.809570	1242
5617.239746	1242
5621.669922	1215
5626.099609	1199
5630.529785	1199
5634.959961	1204
5639.389648	1199
5643.819824	1224
5648.250000	1247
5652.679688	1242
5657.109863	1233
5661.539551	1237
5665.969727	1242
5670.399902	1252
5674.829590	1266
5679.259766	1309
5683.689941	1268
5688.119629	1288
5692.549805	1301
5696.979980	1295
5701.409668	1319
5705.839844	1301
5710.270020	1284
5714.699707	1296
5719.129883	1314
5723.559570	1311
5727.989746	1319
5732.419922	1339
5736.849609	1348
5741.279785	1352
5745.709961	1368
5750.139648	1360
5754.569824	1351
5759.000000	1355
5763.429688	1358
5767.859863	1360
5772.289551	1386
5776.719727	1373
5781.149902	1389
5785.579590	1430
5790.009766	1447
5794.439941	1464
5798.869629	1484
5803.299805	1503
5807.729980	1504
5812.159668	1498
5816.589844	1526
5821.019531	1508
5825.449707	1495
5829.879883	1502
5834.309570	1504
5838.739746	1496
5843.169922	1481
5847.599609	1437
5852.029785	1394
5856.459961	1376
5860.889648	1344
5865.319824	1313
5869.750000	1293
5874.179688	1261
5878.609863	1218
5883.039551	1191
5887.469727	1187
5891.899902	1138
5896.329590	1119
5900.759766	1115
5905.189941	1108
5909.619629	1106
5914.049805	1102
5918.479980	1114
5922.909668	1122
5927.339844	1139
5931.769531	1139
5936.199707	1121
5940.629883	1137
5945.059570	1151
5949.489746	1165
5953.919922	1165
5958.349609	1146
5962.779785	1147
5967.209961	1195
5971.639648	1199
5976.069824	1204
5980.500000	1229
5984.929688	1237
5989.359863	1253
5993.789551	1254
5998.219727	1260
6002.649902	1250
6007.079590	1245
6011.509766	1268
6015.939941	1277
6020.369629	1280
6024.799805	1299
6029.229980	1320
6033.659668	1314
6038.089844	1298
6042.519531	1325
6046.949707	1326
6051.379883	1329
6055.809570	1348
6060.239746	1360
6064.669922	1351
6069.099609	1344
6073.529785	1298
6077.959961	1301
6082.389648	1330
6086.819824	1342
6091.250000	1322
6095.679688	1310
6100.109863	1296
6104.539551	1315
6108.969727	1317
6113.399902	1287
6117.829590	1270
6122.259766	1302
6126.689941	1293
6131.119629	1257
6135.549805	1259
6139.979980	1228
6144.409668	1190
6148.839844	1160
6153.269531	1101
6157.699707	1059
6162.129883	1022
6166.559570	976
6170.989746	954
6175.419922	914
6179.849609	879
6184.279785	869
6188.709961	853
6193.139648	857
6197.569824	843
6202.000000	822
6206.429688	802
6210.859863	800
6215.289551	774
6219.719727	768
6224.149902	770
6228.579590	760
6233.009766	759
6237.439941	743
6241.869629	743
6246.299805	758
6250.729980	764
6255.159668	779
6259.589844	784
6264.019531	798
6268.449707	835
6272.879883	828
6277.309570	832
6281.739746	839
6286.169922	870
6290.599609	881
6295.029785	898
6299.459961	934
6303.889648	960
6308.319824	973
6312.749512	972
6317.179688	999
6321.609863	1011
6326.039551	1028
6330.469727	1050
6334.899902	1044
6339.329590	1046
6343.759766	1045
6348.189941	1031
6352.619629	1035
6357.049805	1049
6361.479980	1035
6365.909668	1068
6370.339844	1101
6374.769531	1103
6379.199707	1093
6383.629883	1103
6388.059570	1100
6392.489746	1113
6396.919922	1126
6401.349609	1122
6405.779785	1126
6410.209961	1131
6414.639648	1121
6419.069824	1128
6423.499512	1128
6427.929688	1124
6432.359863	1138
6436.789551	1146
6441.219727	1135
6445.649902	1132
6450.079590	1149
6454.509766	1164
6458.939941	1167
6463.369629	1157
6467.799805	1144
6472.229980	1150
6476.659668	1143
6481.089844	1111
6485.519531	1090
6489.949707	1112
6494.379883	1099
6498.809570	1090
6503.239746	1117
6507.669922	1121
6512.099609	1120
6516.529785	1158
6520.959961	1158
6525.389648	1170
6529.819824	1187
6534.249512	1177
6538.679688	1186
6543.109863	1168
6547.539551	1134
6551.969727	1148
6556.399902	1143
6560.829590	1112
6565.259766	1110
6569.689941	1126
6574.119629	1127
6578.549805	1139
6582.979980	1148
6587.409668	1142
6591.839844	1142
6596.269531	1147
6600.699707	1130
6605.129883	1116
6609.559570	1118
6613.989746	1134
6618.419922	1131
6622.849609	1118
6627.279785	1112
6631.709961	1135
6636.139648	1112
6640.569824	1105
6644.999512	1082
6649.429688	1070
6653.859863	1058
6658.289551	1053
6662.719727	1081
6667.149902	1078
6671.579590	1074
6676.009766	1049
6680.439941	1016
6684.869629	1019
6689.299805	1035
6693.729980	1025
6698.159668	1047
6702.589844	1047
6707.019531	1016
6711.449707	1009
6715.879883	990
6720.309570	980
6724.739746	985
6729.169922	993
6733.599609	989
6738.029785	971
6742.459961	996
6746.889648	1013
6751.319824	999
6755.749512	1032
6760.179688	1028
6764.609863	1046
6769.039551	1075
6773.469727	1088
6777.899902	1070
6782.329590	1053
6786.759766	1073
6791.189941	1080
6795.619629	1089
6800.049805	1093
6804.479492	1100
6808.909668	1127
6813.339844	1142
6817.769531	1163
6822.199707	1181
6826.629883	1164
6831.059570	1183
6835.489746	1200
6839.919922	1200
6844.349609	1187
6848.779785	1169
6853.209961	1156
6857.639648	1172
6862.069824	1152
6866.499512	1145
6870.929688	1180
6875.359863	1182
6879.789551	1177
6884.219727	1205
6888.649902	1236
6893.079590	1273
6897.509766	1295
6901.939941	1330
6906.369629	1335
6910.799805	1344
6915.229492	1362
6919.659668	1391
6924.089844	1408
6928.519531	1425
6932.949707	1430
6937.379883	1445
6941.809570	1480
6946.239746	1506
6950.669922	1505
6955.099609	1524
6959.529785	1575
6963.959961	1603
6968.389648	1586
6972.819824	1586
6977.249512	1598
6981.679688	1644
6986.109863	1651
6990.539551	1637
6994.969727	1648
6999.399902	1660
7003.829590	1657
7008.259766	1651
7012.689941	1678
7017.119629	1703
7021.549805	1705
7025.979492	1700
7030.409668	1680
7034.839844	1698
7039.269531	1684
7043.699707	1641
7048.129883	1586
7052.559570	1516
7056.989746	1486
7061.419922	1450
7065.849609	1442
7070.279785	1423
7074.709961	1382
7079.139648	1343
7083.569824	1330
7087.999512	1285
7092.429688	1246
7096.859863	1232
7101.289551	1268
7105.719727	1259
7110.149902	1233
7114.579590	1184
7119.009766	1134
7123.439941	1105
7127.869629	1090
7132.299805	1082
7136.729492	1084
7141.159668	1083
7145.589844	1087
7150.019531	1087
7154.449707	1081
7158.879883	1063
7163.309570	1059
7167.739746	1064
7172.169922	1076
7176.599609	1074
7181.029785	1062
7185.459961	1066
7189.889648	1068
7194.319824	1090
7198.749512	1105
7203.179688	1114
7207.609863	1127
7212.039551	1147
7216.469727	1165
7220.899902	1176
7225.329590	1187
7229.759766	1192
7234.189941	1193
7238.619629	1218
7243.049805	1229
7247.479492	1230
7251.909668	1235
7256.339844	1265
7260.769531	1281
7265.199707	1277
7269.629883	1308
7274.059570	1314
7278.489746	1309
7282.919922	1314
7287.349609	1353
7291.779785	1386
7296.209961	1388
7300.639648	1395
7305.069824	1395
7309.499512	1395
7313.929688	1420
7318.359863	1407
7322.789551	1416
7327.219727	1467
7331.649902	1470
7336.079590	1472
7340.509766	1477
7344.939941	1474
7349.369629	1492
7353.799805	1510
7358.229492	1523
7362.659668	1541
7367.089844	1558
7371.519531	1570
7375.949707	1576
7380.379883	1555
7384.809570	1547
7389.239746	1545
7393.669922	1540
7398.099609	1546
7402.529785	1558
7406.959473	1555
7411.389648	1548
7415.819824	1553
7420.249512	1541
7424.679688	1537
7429.109863	1558
7433.539551	1555
7437.969727	1526
7442.399902	1533
7446.829590	1546
7451.259766	1558
7455.689941	1551
7460.119629	1517
7464.549805	1522
7468.979492	1512
7473.409668	1487
7477.839844	1506
7482.269531	1492
7486.699707	1476
7491.129883	1474
7495.559570	1453
7499.989746	1476
7504.419922	1459
7508.849609	1413
7513.279785	1398
7517.709473	1410
7522.139648	1422
7526.569824	1397
7530.999512	1363
7535.429688	1363
7539.859863	1363
7544.289551	1343
7548.719727	1318
7553.149902	1324
7557.579590	1320
7562.009766	1300
7566.439941	1255
7570.869629	1218
7575.299805	1167
7579.729492	1103
7584.159668	1050
7588.589844	981
7593.019531	921
7597.449707	878
7601.879883	835
7606.309570	814
7610.739746	816
7615.169922	794
7619.599609	781
7624.029785	776
7628.459473	767
7632.889648	772
7637.319824	782
7641.749512	801
7646.179688	820
7650.609863	822
7655.039551	811
7659.469727	814
7663.899902	818
7668.329590	819
7672.759766	808
7677.189941	833
7681.619629	840
7686.049805	815
7690.479492	823
7694.909668	838
7699.339844	842
7703.769531	858
7708.199707	869
7712.629883	843
7717.059570	825
7721.489746	835
7725.919922	847
7730.349609	856
7734.779785	839
7739.209473	830
7743.639648	816
7748.069824	809
7752.499512	814
7756.929688	802
7761.359863	791
7765.789551	792
7770.219727	800
7774.649902	788
7779.079590	773
7783.509766	758
7787.939941	745
7792.369629	749
7796.799805	727
7801.229492	720
7805.659668	699
7810.089844	677
7814.519531	682
7818.949707	686
7823.379883	684
7827.809570	657
7832.239746	636
7836.669922	634
7841.099609	600
7845.529785	600
7849.959473	600
7854.389648	586
7858.819824	587
7863.249512	587
7867.679688	570
7872.109863	578
7876.539551	602
7880.969727	597
7885.399902	580
7889.829590	561
7894.259766	573
7898.689453	592
7903.119629	579
7907.549805	586
7911.979492	574
7916.409668	572
7920.839844	564
7925.269531	578
7929.699707	602
7934.129883	614
7938.559570	595
7942.989746	613
7947.419922	612
7951.849609	603
7956.279785	608
7960.709473	628
7965.139648	629
7969.569824	634
7973.999512	631
7978.429688	632
7982.859863	647
7987.289551	651
7991.719727	661
7996.149902	652
8000.579590	636
8005.009766	663
8009.439453	670
8013.869629	665
8018.299805	671
8022.729492	671
8027.159668	679
8031.589844	678
8036.019531	664
8040.449707	667
8044.879883	669
8049.309570	679
8053.739746	666
8058.169922	664
8062.599609	666
8067.029785	658
8071.459473	650
8075.889648	638
8080.319824	645
8084.749512	652
8089.179688	659
8093.609863	645
8098.039551	626
8102.469727	616
8106.899902	617
8111.329590	612
8115.759766	591
8120.189453	575
8124.619629	565
8129.049805	568
8133.479492	563
8137.909668	539
8142.339844	532
8146.769531	534
8151.199707	529
8155.629883	522
8160.059570	526
8164.489746	509
8168.919922	512
8173.349609	499
8177.779785	474
8182.209473	455
8186.639648	443
8191.069824	442
8195.500000	441
8199.929688	446
8204.359375	438
8208.790039	430
8213.219727	442
8217.649414	435
8222.080078	421
8226.509766	414
8230.939453	414
8235.370117	391
8239.799805	397
8244.229492	391
8248.660156	397
8253.089844	392
8257.519531	390
8261.949219	408
8266.379883	401
8270.809570	410
8275.239258	420
8279.669922	412
8284.099609	401
8288.529297	411
8292.959961	411
8297.389648	414
8301.819336	435
8306.250000	430
8310.679688	426
8315.109375	425
8319.540039	432
8323.969727	441
8328.399414	436
8332.830078	455
8337.259766	455
8341.689453	459
8346.120117	453
8350.549805	462
8354.979492	456
8359.410156	475
8363.839844	483
8368.269531	501
8372.699219	513
8377.129883	522
8381.559570	524
8385.989258	511
8390.419922	498
8394.849609	501
8399.279297	516
8403.709961	514
8408.139648	503
8412.569336	515
8417.000000	521
8421.429688	528
8425.859375	526
8430.290039	539
8434.719727	533
8439.149414	532
8443.580078	530
8448.009766	536
8452.439453	545
8456.870117	547
8461.299805	550
8465.729492	546
8470.160156	547
8474.589844	542
8479.019531	519
8483.449219	526
8487.879883	538
8492.309570	546
8496.739258	526
8501.169922	520
8505.599609	526
8510.029297	535
8514.459961	526
8518.889648	515
8523.319336	514
8527.750000	526
8532.179688	518
8536.609375	508
8541.040039	510
8545.469727	506
8549.899414	498
8554.330078	486
8558.759766	491
8563.189453	492
8567.620117	494
8572.049805	492
8576.479492	490
8580.909180	496
8585.339844	500
8589.769531	491
8594.199219	482
8598.629883	480
8603.059570	474
8607.489258	448
8611.919922	446
8616.349609	444
8620.779297	449
8625.209961	448
8629.639648	442
8634.069336	431
8638.500000	415
8642.929688	418
8647.359375	430
8651.790039	420
8656.219727	417
8660.649414	401
8665.080078	404
8669.509766	407
8673.939453	385
8678.370117	385
8682.799805	386
8687.229492	367
8691.659180	367
8696.089844	359
8700.519531	352
8704.949219	358
8709.379883	351
8713.809570	348
8718.239258	335
8722.669922	327
8727.099609	325
8731.529297	323
8735.959961	313
8740.389648	314
8744.819336	321
8749.250000	308
8753.679688	295
8758.109375	285
8762.540039	268
8766.969727	276
8771.399414	285
8775.830078	286
8780.259766	276
8784.689453	261
8789.120117	256
8793.549805	259
8797.979492	243
8802.409180	244
8806.839844	248
8811.269531	240
8815.699219	243
8820.129883	240
8824.559570	238
8828.989258	242
8833.419922	242
8837.849609	233
8842.279297	220
8846.709961	227
8851.139648	223
8855.569336	221
8860.000000	222
8864.429688	225
8868.859375	212
8873.290039	201
8877.719727	206
8882.149414	214
8886.580078	211
8891.009766	208
8895.439453	212
8899.870117	209
8904.299805	216
8908.729492	209
8913.159180	209
8917.589844	209
8922.019531	210
8926.449219	204
8930.879883	198
8935.309570	209
8939.739258	210
8944.169922	206
8948.599609	200
8953.029297	201
8957.459961	198
8961.889648	200
8966.319336	202
8970.750000	213
8975.179688	211
8979.609375	212
8984.040039	207
8988.469727	204
8992.899414	212
8997.330078	218
9001.759766	212
9006.189453	213
9010.620117	214
9015.049805	203
9019.479492	199
9023.909180	206
9028.339844	212
9032.769531	211
9037.199219	214
9041.629883	215
9046.059570	216
9050.489258	217
9054.919922	211
9059.349609	211
9063.779297	213
9068.209961	223
9072.639648	223
9077.069336	230
9081.500000	226
9085.929688	222
9090.359375	226
9094.790039	221
9099.219727	216
9103.649414	221
9108.080078	213
9112.509766	214
9116.939453	220
9121.370117	217
9125.799805	220
9130.229492	222
9134.659180	219
9139.089844	216
9143.519531	215
9147.949219	211
9152.379883	222
9156.809570	221
9161.239258	212
9165.669922	218
9170.099609	217
9174.529297	224
9178.959961	227
9183.389648	216
9187.819336	210
9192.250000	213
9196.679688	218
9201.109375	219
9205.540039	220
9209.969727	211
9214.399414	211
9218.830078	207
9223.259766	203
9227.689453	211
9232.120117	223
9236.549805	217
9240.979492	214
9245.409180	204
9249.839844	203
9254.269531	202
9258.699219	200
9263.129883	197
9267.559570	204
9271.989258	201
9276.419922	200
9280.849609	203
9285.279297	197
9289.709961	193
9294.139648	194
9298.569336	197
9303.000000	203
9307.429688	191
9311.859375	182
9316.290039	187
9320.719727	182
9325.149414	170
9329.580078	179
9334.009766	169
9338.439453	168
9342.870117	165
9347.299805	172
9351.729492	174
9356.159180	165
9360.589844	166
9365.019531	169
9369.449219	166
9373.879883	165
9378.309570	171
9382.739258	170
9387.169922	165
9391.599609	153
9396.029297	162
9400.459961	171
9404.889648	167
9409.319336	167
9413.750000	164
9418.179688	156
9422.609375	154
9427.040039	168
9431.469727	175
9435.899414	170
9440.330078	162
9444.759766	166
9449.189453	170
9453.620117	167
9458.049805	163
9462.479492	162
9466.909180	167
9471.339844	152
9475.769531	150
9480.199219	158
9484.629883	157
9489.059570	164
9493.489258	182
9497.919922	173
9502.349609	160
9506.779297	150
9511.209961	157
9515.639648	161
9520.069336	174
9524.500000	163
9528.929688	165
9533.359375	169
9537.790039	173
9542.219727	174
9546.649414	169
9551.080078	170
9555.509766	177
9559.939453	180
9564.370117	167
9568.799805	162
9573.229492	166
9577.659180	172
9582.089844	174
9586.519531	164
9590.949219	166
9595.379883	172
9599.809570	171
9604.239258	168
9608.669922	168
9613.099609	155
9617.529297	155
9621.959961	160
9626.389648	169
9630.819336	182
9635.250000	189
9639.679688	176
9644.109375	168
9648.540039	165
9652.969727	176
9657.399414	167
9661.830078	185
9666.259766	179
9670.689453	174
9675.119141	177
9679.549805	171
9683.979492	175
9688.409180	179
9692.839844	191
9697.269531	190
9701.699219	186
9706.129883	181
9710.559570	182
9714.989258	188
9719.419922	190
9723.849609	177
9728.279297	178
9732.709961	184
9737.139648	181
9741.569336	186
9746.000000	185
9750.429688	183
9754.859375	181
9759.290039	181
9763.719727	185
9768.149414	192
9772.580078	196
9777.009766	183
9781.439453	176
9785.869141	183
9790.299805	180
9794.729492	184
9799.159180	193
9803.589844	194
9808.019531	194
9812.449219	194
9816.879883	194
9821.309570	187
9825.739258	188
9830.169922	197
9834.599609	182
9839.029297	191
9843.459961	191
9847.889648	182
9852.319336	186
9856.750000	188
9861.179688	193
9865.609375	191
9870.040039	178
9874.469727	188
9878.899414	186
9883.330078	187
9887.759766	201
9892.189453	202
9896.619141	201
9901.049805	202
9905.479492	195
9909.909180	191
9914.339844	183
9918.769531	188
9923.199219	179
9927.629883	189
9932.059570	189
9936.489258	181
9940.919922	168
9945.349609	172
9949.779297	179
9954.209961	188
9958.639648	183
9963.069336	190
9967.500000	195
9971.929688	181
9976.359375	189
9980.790039	193
9985.219727	187
9989.649414	182
9994.080078	176
9998.509766	176
10002.939453	179
10007.369141	186
10011.799805	198
10016.229492	178
10020.659180	163
10025.089844	166
10029.519531	167
10033.949219	164
10038.379883	171
10042.809570	168
10047.239258	174
10051.669922	181
10056.099609	178
10060.529297	169
10064.959961	176
10069.389648	171
10073.819336	176
10078.250000	176
10082.679688	162
10087.109375	175
10091.540039	176
10095.969727	158
10100.399414	156
10104.830078	163
10109.259766	167
10113.689453	163
10118.119141	160
10122.549805	153
10126.979492	154
10131.409180	159
10135.839844	148
10140.269531	150
10144.699219	158
10149.129883	170
10153.559570	163
10157.989258	163
10162.419922	163
10166.849609	157
10171.279297	153
10175.709961	161
10180.139648	172
10184.569336	158
10189.000000	159
10193.429688	160
10197.859375	162
10202.290039	159
10206.719727	164
10211.149414	156
10215.580078	152
10220.009766	154
10224.439453	151
10228.869141	152
10233.299805	155
10237.729492	147
10242.159180	150
10246.589844	151
10251.019531	156
10255.449219	163
10259.879883	157
10264.309570	150
10268.739258	148
10273.169922	150
10277.599609	158
10282.029297	163
10286.459961	164
10290.889648	164
10295.319336	158
10299.750000	152
10304.179688	153
10308.609375	157
10313.040039	153
10317.469727	146
10321.899414	148
10326.330078	154
10330.759766	152
10335.189453	148
10339.619141	151
10344.049805	153
10348.479492	157
10352.909180	162
10357.339844	148
10361.769531	135
10366.199219	133
10370.629883	135
10375.059570	138
10379.489258	145
10383.919922	142
10388.349609	137
10392.779297	144
10397.209961	150
10401.639648	146
10406.069336	153
10410.500000	147
10414.929688	147
10419.359375	151
10423.790039	147
10428.219727	147
10432.649414	152
10437.080078	143
10441.509766	138
10445.939453	137
10450.369141	138
10454.799805	154
10459.229492	166
10463.659180	157
10468.089844	145
10472.519531	142
10476.949219	141
10481.379883	149
10485.809570	157
10490.239258	160
10494.669922	153
10499.099609	149
10503.529297	147
10507.959961	147
10512.389648	148
10516.819336	146
10521.250000	149
10525.679688	148
10530.109375	151
10534.540039	144
10538.969727	136
10543.399414	137
10547.830078	143
10552.259766	142
10556.689453	147
10561.119141	154
10565.549805	151
10569.979492	150
10574.409180	143
10578.839844	148
10583.269531	157
10587.699219	154
10592.129883	151
10596.559570	148
10600.989258	147
10605.419922	151
10609.849609	156
10614.279297	163
10618.709961	161
10623.139648	146
10627.569336	147
10632.000000	150
10636.429688	138
10640.859375	145
10645.290039	160
10649.719727	151
10654.149414	152
10658.579102	156
10663.009766	156
10667.439453	156
10671.869141	158
10676.299805	151
10680.729492	149
10685.159180	153
10689.589844	155
10694.019531	148
10698.449219	147
10702.879883	149
10707.309570	151
10711.739258	157
10716.169922	157
10720.599609	157
10725.029297	155
10729.459961	150
10733.889648	150
10738.319336	153
10742.750000	150
10747.179688	150
10751.609375	152
10756.040039	145
10760.469727	148
10764.899414	147
10769.329102	140
10773.759766	141
10778.189453	137
10782.619141	151
10787.049805	143
10791.479492	145
10795.909180	141
10800.339844	133
10804.769531	131
10809.199219	137
10813.629883	139
10818.059570	138
10822.489258	132
10826.919922	128
10831.349609	126
10835.779297	135
10840.209961	133
10844.639648	126
10849.069336	122
10853.500000	119
10857.929688	119
10862.359375	119
10866.790039	112
10871.219727	125
10875.649414	127
10880.079102	122
10884.509766	112
10888.939453	107
10893.369141	112
10897.799805	108
10902.229492	110
10906.659180	111
10911.089844	104
10915.519531	97
10919.949219	96
10924.379883	96
10928.809570	98
10933.239258	99
10937.669922	94
10942.099609	97
10946.529297	93
10950.959961	92
10955.389648	88
10959.819336	88
10964.250000	91
10968.679688	85
10973.109375	85
10977.540039	82
10981.969727	77
10986.399414	73
10990.829102	72
10995.259766	70
10999.689453	61
11004.119141	61
11008.549805	58
11012.979492	56
11017.409180	49
11021.839844	52
11026.269531	50
11030.699219	50
11035.129883	47
11039.559570	38
11043.989258	41
11048.419922	38
11052.849609	39
11057.279297	36
11061.709961	31
11066.139648	32
11070.569336	30
11075.000000	29
11079.429688	29
11083.859375	30
11088.290039	29
11092.719727	29
11097.149414	25
11101.579102	23
11106.009766	22
11110.439453	20
11114.869141	18
11119.299805	18
11123.729492	18
11128.159180	18
11132.589844	13
11137.019531	12
11141.449219	12
11145.879883	12
11150.309570	8
11154.739258	7
11159.169922	8
11163.599609	7
11168.029297	7
11172.459961	6
11176.889648	4
11181.319336	0
11185.750000	0
11190.179688	0
11194.609375	0
11199.040039	0
11203.469727	0
11207.899414	0
11212.329102	0
11216.759766	0
11221.189453	0
11225.619141	0
11230.049805	0
11234.479492	0
11238.909180	0
11243.339844	0
11247.769531	0
11252.199219	0
11256.629883	0
11261.059570	0
11265.489258	0
11269.919922	0
11274.349609	0
11278.779297	0
11283.209961	0
11287.639648	0
11292.069336	0
11296.500000	0
11300.929688	0
11305.359375	0
11309.790039	0
11314.219727	0
11318.649414	0
11323.079102	0
11327.509766	0
11331.939453	0
11336.369141	0
11340.799805	0
11345.229492	0
11349.659180	0
11354.089844	0
11358.519531	0
11362.949219	0
11367.379883	0
11371.809570	0
11376.239258	0
11380.669922	0
11385.099609	0
11389.529297	0
11393.959961	0
11398.389648	0
11402.819336	0
11407.250000	0
11411.679688	0
11416.109375	0
11420.540039	0
11424.969727	0
11429.399414	0
11433.829102	0
11438.259766	0
11442.689453	0
11447.119141	0
11451.549805	0
11455.979492	0
11460.409180	0
11464.839844	0
11469.269531	0
11473.699219	0
11478.129883	0
11482.559570	0
11486.989258	0
11491.419922	0
11495.849609	0
11500.279297	0
11504.709961	0
11509.139648	0
11513.569336	0
11518.000000	0
11522.429688	0
11526.859375	0
11531.290039	0
11535.719727	0
11540.149414	0
11544.579102	0
11549.009766	0
11553.439453	0
11557.869141	0
11562.299805	0
11566.729492	0
11571.159180	0
11575.589844	0
11580.019531	0
11584.449219	0
11588.879883	0
11593.309570	0
11597.739258	0
11602.169922	0
11606.599609	0
11611.029297	0
11615.459961	0
11619.889648	0
11624.319336	0
11628.750000	0
11633.179688	0
11637.609375	0
11642.039063	0
11646.469727	0
11650.899414	0
11655.329102	0
11659.759766	0
11664.189453	0
11668.619141	0
11673.049805	0
11677.479492	0
11681.909180	0
11686.339844	0
11690.769531	0
11695.199219	0
11699.629883	0
11704.059570	0
11708.489258	0
11712.919922	0
11717.349609	0
11721.779297	0
11726.209961	0
11730.639648	0
11735.069336	0
11739.500000	0
11743.929688	0
11748.359375	0
11752.789063	0
11757.219727	0
11761.649414	0
11766.079102	0
11770.509766	0
11774.939453	0
11779.369141	0
11783.799805	0
11788.229492	0
11792.659180	0
11797.089844	0
11801.519531	0
11805.949219	0
11810.379883	0
11814.809570	0
11819.239258	0
11823.669922	0
11828.099609	0
11832.529297	0
11836.959961	0
11841.389648	0
11845.819336	0
11850.250000	0
11854.679688	0
11859.109375	0
11863.539063	0
11867.969727	0
11872.399414	0
11876.829102	0
11881.259766	0
11885.689453	0
11890.119141	0
11894.549805	0
11898.979492	0
11903.409180	0
11907.839844	0
11912.269531	0
11916.699219	0
11921.129883	0
11925.559570	0
11929.989258	0
11934.419922	0
11938.849609	0
11943.279297	0
11947.709961	0
11952.139648	0
11956.569336	0
11961.000000	0
11965.429688	0
11969.859375	0
11974.289063	0
11978.719727	0
11983.149414	0
11987.579102	0
11992.009766	0
11996.439453	0
12000.869141	0
12005.299805	0
12009.729492	0
12014.159180	0
12018.589844	0
12023.019531	0
12027.449219	0
12031.879883	0
12036.309570	0
12040.739258	0
12045.169922	0
12049.599609	0
12054.029297	0
12058.459961	0
12062.889648	0
12067.319336	0
12071.750000	0
12076.179688	0
12080.609375	0
12085.039063	0
12089.469727	0
12093.899414	0
12098.329102	0
12102.759766	0
12107.189453	0
12111.619141	0
12116.049805	0
12120.479492	0
12124.909180	0
12129.339844	0
12133.769531	0
12138.199219	0
12142.629883	0
12147.059570	0
12151.489258	0
12155.919922	0
12160.349609	0
12164.779297	0
12169.209961	0
12173.639648	0
12178.069336	0
12182.500000	0
12186.929688	0
12191.359375	0
12195.789063	0
12200.219727	0
12204.649414	0
12209.079102	0
12213.509766	0
12217.939453	0
12222.369141	0
12226.799805	0
12231.229492	0
12235.659180	0
12240.089844	0
12244.519531	0
12248.949219	0
12253.379883	0
12257.809570	0
12262.239258	0
12266.669922	0
12271.099609	0
12275.529297	0
12279.959961	0
12284.389648	0
12288.819336	0
12293.250000	0
12297.679688	0
12302.109375	0
12306.539063	0
12310.969727	0
12315.399414	0
12319.829102	0
12324.259766	0
12328.689453	0
12333.119141	0
12337.549805	0
12341.979492	0
12346.409180	0
12350.839844	0
12355.269531	0
12359.699219	0
12364.129883	0
12368.559570	0
12372.989258	0
12377.419922	0
12381.849609	0
12386.279297	0
12390.709961	0
12395.139648	0
12399.569336	0
12404.000000	0
12408.429688	0
12412.859375	0
12417.289063	0
12421.719727	0
12426.149414	0
12430.579102	0
12435.009766	0
12439.439453	0
12443.869141	0
12448.299805	0
12452.729492	0
12457.159180	0
12461.589844	0
12466.019531	0
12470.449219	0
12474.879883	0
12479.309570	0
12483.739258	0
12488.169922	0
12492.599609	0
12497.029297	0
12501.459961	0
12505.889648	0
12510.319336	0
12514.750000	0
12519.179688	0
12523.609375	0
12528.039063	0
12532.469727	0
12536.899414	0
12541.329102	0
12545.759766	0
12550.189453	0
12554.619141	0
12559.049805	0
12563.479492	0
12567.909180	0
12572.339844	0
12576.769531	0
12581.199219	0
12585.629883	0
12590.059570	0
12594.489258	0
12598.919922	0
12603.349609	0
12607.779297	0
12612.209961	0
12616.639648	0
12621.069336	0
12625.499023	0
12629.929688	0
12634.359375	0
12638.789063	0
12643.219727	0
12647.649414	0
12652.079102	0
12656.509766	0
12660.939453	0
12665.369141	0
12669.799805	0
12674.229492	0
12678.659180	0
12683.089844	0
12687.519531	0
12691.949219	0
12696.379883	0
12700.809570	0
12705.239258	0
12709.669922	0
12714.099609	0
12718.529297	0
12722.959961	0
12727.389648	0
12731.819336	0
12736.249023	0
12740.679688	0
12745.109375	0
12749.539063	0
12753.969727	0
12758.399414	0
12762.829102	0
12767.259766	0
12771.689453	0
12776.119141	0
12780.549805	0
12784.979492	0
12789.409180	0
12793.839844	0
12798.269531	0
12802.699219	0
12807.129883	0
12811.559570	0
12815.989258	0
12820.419922	0
12824.849609	0
12829.279297	0
12833.709961	0
12838.139648	0
12842.569336	0
12846.999023	0
12851.429688	0
12855.859375	0
12860.289063	0
12864.719727	0
12869.149414	0
12873.579102	0
12878.009766	0
12882.439453	0
12886.869141	0
12891.299805	0
12895.729492	0
12900.159180	0
12904.589844	0
12909.019531	0
12913.449219	0
12917.879883	0
12922.309570	0
12926.739258	0
12931.169922	0
12935.599609	0
12940.029297	0
12944.459961	0
12948.889648	0
12953.319336	0
12957.749023	0
12962.179688	0
12966.609375	0
12971.039063	0
12975.469727	0
12979.899414	0
12984.329102	0
12988.759766	0
12993.189453	0
12997.619141	0
13002.049805	0
13006.479492	0
13010.909180	0
13015.339844	0
13019.769531	0
13024.199219	0
13028.629883	0
13033.059570	0
13037.489258	0
13041.919922	0
13046.349609	0
13050.779297	0
13055.209961	0
13059.639648	0
13064.069336	0
13068.499023	0
13072.929688	0
13077.359375	0
13081.789063	0
13086.219727	0
13090.649414	0
13095.079102	0
13099.509766	0
13103.939453	0
13108.369141	0
13112.799805	0
13117.229492	0
13121.659180	0
13126.089844	0
13130.519531	0
13134.949219	0
13139.379883	0
13143.809570	0
13148.239258	0
13152.669922	0
13157.099609	0
13161.529297	0
13165.959961	0
13170.389648	0
13174.819336	0
13179.249023	0
13183.679688	0
13188.109375	0
13192.539063	0
13196.969727	0
13201.399414	0
13205.829102	0
13210.259766	0
13214.689453	0
13219.119141	0
13223.549805	0
13227.979492	0
13232.409180	0
13236.839844	0
13241.269531	0
13245.699219	0
13250.129883	0
13254.559570	0
13258.989258	0
13263.419922	0
13267.849609	0
13272.279297	0
13276.709961	0
13281.139648	0
13285.569336	0
13289.999023	0
13294.429688	0
13298.859375	0
13303.289063	0
13307.719727	0
13312.149414	0
13316.579102	0
13321.009766	0
13325.439453	0
13329.869141	0
13334.299805	0
13338.729492	0
13343.159180	0
13347.589844	0
13352.019531	0
13356.449219	0
13360.879883	0
13365.309570	0
13369.739258	0
13374.169922	0
13378.599609	0
13383.029297	0
13387.459961	0
13391.889648	0
13396.319336	0
13400.749023	0
13405.179688	0
13409.609375	0
13414.039063	0
13418.469727	0
13422.899414	0
13427.329102	0
13431.759766	0
13436.189453	0
13440.619141	0
13445.049805	0
13449.479492	0
13453.909180	0
13458.339844	0
13462.769531	0
13467.199219	0
13471.629883	0
13476.059570	0
13480.489258	0
13484.919922	0
13489.349609	0
13493.779297	0
13498.209961	0
13502.639648	0
13507.069336	0
13511.499023	0
13515.929688	0
13520.359375	0
13524.789063	0
13529.219727	0
13533.649414	0
13538.079102	0
13542.509766	0
13546.939453	0
13551.369141	0
13555.799805	0
13560.229492	0
13564.659180	0
13569.089844	0
13573.519531	0
13577.949219	0
13582.379883	0
13586.809570	0
13591.239258	0
13595.669922	0
13600.099609	0
13604.529297	0
13608.958984	0
13613.389648	0
13617.819336	0
13622.249023	0
13626.679688	0
13631.109375	0
13635.539063	0
13639.969727	0
13644.399414	0
13648.829102	0
13653.259766	0
13657.689453	0
13662.119141	0
13666.549805	0
13670.979492	0
