-4582.090332	0
-4577.663086	0
-4573.235840	0
-4568.808594	0
-4564.381836	0
-4559.954590	0
-4555.527344	0
-4551.100098	0
-4546.672852	0
-4542.246094	0
-4537.818848	0
-4533.391602	0
-4528.964355	0
-4524.537109	0
-4520.110352	0
-4515.683105	0
-4511.255859	0
-4506.828613	0
-4502.401855	0
-4497.974609	0
-4493.547363	0
-4489.120117	0
-4484.692871	0
-4480.266113	0
-4475.838867	0
-4471.411621	0
-4466.984375	0
-4462.557617	0
-4458.130371	0
-4453.703125	0
-4449.275879	0
-4444.848633	0
-4440.421875	0
-4435.994629	0
-4431.567383	0
-4427.140137	0
-4422.712891	0
-4418.286133	0
-4413.858887	0
-4409.431641	0
-4405.004395	0
-4400.577637	0
-4396.150391	0
-4391.723145	0
-4387.295898	0
-4382.868652	0
-4378.441895	0
-4374.014648	0
-4369.587402	0
-4365.160156	0
-4360.732910	0
-4356.306152	0
-4351.878906	0
-4347.451660	0
-4343.024414	0
-4338.597656	0
-4334.170410	0
-4329.743164	0
-4325.315918	0
-4320.888672	0
-4316.461914	0
-4312.034668	0
-4307.607422	0
-4303.180176	0
-4298.753418	0
-4294.326172	0
-4289.898926	0
-4285.471680	0
-4281.044434	0
-4276.617676	0
-4272.190430	0
-4267.763184	0
-4263.335938	0
-4258.908691	0
-4254.481934	0
-4250.054688	0
-4245.627441	0
-4241.200195	0
-4236.773438	0
-4232.346191	0
-4227.918945	0
-4223.491699	0
-4219.064453	0
-4214.637695	0
-4210.210449	0
-4205.783203	0
-4201.355957	0
-4196.929199	0
-4192.501953	0
-4188.074707	0
-4183.647461	0
-4179.220215	0
-4174.793457	0
-4170.366211	0
-4165.938965	0
-4161.511719	0
-4157.084473	0
-4152.657715	0
-4148.230469	0
-4143.803223	0
-4139.375977	0
-4134.949219	0
-4130.521973	0
-4126.094727	0
-4121.667480	0
-4117.240234	0
-4112.813477	0
-4108.386230	0
-4103.958984	0
-4099.531738	0
-4095.104736	0
-4090.677490	0
-4086.250488	0
-4081.823242	0
-4077.396240	0
-4072.968994	0
-4068.541992	0
-4064.114746	0
-4059.687500	0
-4055.260498	0
-4050.833252	0
-4046.406250	0
-4041.979004	0
-4037.552002	0
-4033.124756	0
-4028.697754	0
-4024.270508	0
-4019.843262	0
-4015.416260	0
-4010.989014	0
-4006.562012	0
-4002.134766	0
-3997.707764	0
-3993.280518	0
-3988.853271	0
-3984.426270	0
-3979.999023	0
-3975.572021	0
-3971.144775	0
-3966.717773	0
-3962.290527	0
-3957.863281	0
-3953.436279	0
-3949.009033	0
-3944.582031	0
-3940.154785	0
-3935.727783	0
-3931.300537	0
-3926.873291	0
-3922.446289	0
-3918.019043	0
-3913.592041	0
-3909.164795	0
-3904.737793	0
-3900.310547	0
-3895.883545	0
-3891.456299	0
-3887.029053	0
-3882.602051	0
-3878.174805	0
-3873.747803	0
-3869.320557	0
-3864.893555	0
-3860.466309	0
-3856.039063	0
-3851.612061	0
-3847.184814	0
-3842.757813	0
-3838.330566	0
-3833.903564	0
-3829.476318	0
-3825.049072	0
-3820.622070	0
-3816.194824	0
-3811.767822	0
-3807.340576	0
-3802.913574	0
-3798.486328	0
-3794.059082	0
-3789.632080	0
-3785.204834	0
-3780.777832	0
-3776.350586	0
-3771.923584	0
-3767.496338	0
-3763.069336	0
-3758.642090	0
-3754.214844	0
-3749.787842	0
-3745.360596	0
-3740.933594	0
-3736.506348	0
-3732.079346	0
-3727.652100	0
-3723.224854	0
-3718.797852	0
-3714.370605	0
-3709.943604	0
-3705.516357	0
-3701.089355	0
-3696.662109	0
-3692.234863	0
-3687.807861	0
-3683.380615	0
-3678.953613	0
-3674.526367	0
-3670.099365	0
-3665.672119	0
-3661.244873	0
-3656.817871	0
-3652.390625	0
-3647.963623	0
-3643.536377	0
-3639.109375	0
-3634.682129	0
-3630.255127	0
-3625.827881	0
-3621.400635	0
-3616.973633	0
-3612.546387	0
-3608.119385	0
-3603.692139	0
-3599.265137	0
-3594.837891	0
-3590.410645	0
-3585.983643	0
-3581.556396	0
-3577.129395	0
-3572.702148	0
-3568.275146	0
-3563.847900	0
-3559.420654	0
-3554.993652	0
-3550.566406	0
-3546.139404	0
-3541.712158	0
-3537.285156	0
-3532.857910	0
-3528.430664	0
-3524.003662	0
-3519.576416	0
-3515.149414	0
-3510.722168	0
-3506.295166	0
-3501.867920	0
-3497.440918	0
-3493.013672	0
-3488.586426	0
-3484.159424	0
-3479.732178	0
-3475.305176	0
-3470.877930	0
-3466.450928	0
-3462.023682	0
-3457.596436	0
-3453.169434	0
-3448.742188	0
-3444.315186	0
-3439.887939	0
-3435.460938	0
-3431.033691	0
-3426.606445	0
-3422.179443	0
-3417.752197	0
-3413.325195	0
-3408.897949	0
-3404.470947	0
-3400.043701	0
-3395.616455	0
-3391.189453	0
-3386.762207	0
-3382.335205	0
-3377.907959	0
-3373.480957	0
-3369.053711	0
-3364.626709	0
-3360.199463	0
-3355.772217	0
-3351.345215	0
-3346.917969	0
-3342.490967	0
-3338.063721	0
-3333.636719	0
-3329.209473	0
-3324.782227	0
-3320.355225	0
-3315.927979	0
-3311.500977	0
-3307.073730	0
-3302.646729	0
-3298.219482	0
-3293.792236	0
-3289.365234	0
-3284.937988	0
-3280.510986	0
-3276.083740	0
-3271.656738	0
-3267.229492	0
-3262.802246	0
-3258.375244	0
-3253.947998	0
-3249.520996	0
-3245.093750	0
-3240.666748	0
-3236.239502	0
-3231.812500	0
-3227.385254	0
-3222.958008	0
-3218.531006	0
-3214.103760	0
-3209.676758	0
-3205.249512	0
-3200.822510	0
-3196.395264	0
-3191.968018	0
-3187.541016	0
-3183.113770	0
-3178.686768	0
-3174.259521	0
-3169.832520	0
-3165.405273	0
-3160.978027	0
-3156.551025	0
-3152.123779	0
-3147.696777	0
-3143.269531	0
-3138.842529	0
-3134.415283	0
-3129.988281	0
-3125.561035	0
-3121.133789	0
-3116.706787	0
-3112.279541	0
-3107.852539	0
-3103.425293	0
-3098.998291	0
-3094.571045	0
-3090.143799	0
-3085.716797	0
-3081.289551	0
-3076.862549	0
-3072.435303	0
-3068.008301	0
-3063.581055	0
-3059.153809	0
-3054.726807	0
-3050.299561	0
-3045.872559	0
-3041.445313	0
-3037.018311	0
-3032.591064	0
-3028.163818	0
-3023.736816	0
-3019.309570	0
-3014.882568	0
-3010.455322	0
-3006.028320	0
-3001.601074	0
-2997.174072	0
-2992.746826	0
-2988.319580	0
-2983.892578	0
-2979.465332	0
-2975.038330	0
-2970.611084	0
-2966.184082	0
-2961.756836	0
-2957.329590	0
-2952.902588	0
-2948.475342	0
-2944.048340	0
-2939.621094	0
-2935.194092	0
-2930.766846	0
-2926.339600	0
-2921.912598	0
-2917.485352	0
-2913.058350	0
-2908.631104	0
-2904.204102	0
-2899.776855	0
-2895.349609	0
-2890.922607	0
-2886.495361	0
-2882.068359	0
-2877.641113	0
-2873.214111	0
-2868.786865	0
-2864.359863	0
-2859.932617	0
-2855.505371	0
-2851.078369	0
-2846.651123	0
-2842.224121	0
-2837.796875	0
-2833.369873	0
-2828.942627	0
-2824.515381	0
-2820.088379	0
-2815.661133	0
-2811.234131	0
-2806.806885	0
-2802.379883	0
-2797.952637	0
-2793.525391	0
-2789.098389	0
-2784.671143	0
-2780.244141	2
-2775.816895	4
-2771.389893	4
-2766.962646	4
-2762.535400	3
-2758.108398	6
-2753.681152	8
-2749.254150	9
-2744.826904	7
-2740.399902	8
-2735.972656	10
-2731.545654	13
-2727.118408	12
-2722.691162	14
-2718.264160	17
-2713.836914	14
-2709.409912	16
-2704.982666	18
-2700.555664	20
-2696.128418	16
-2691.701172	18
-2687.274170	23
-2682.846924	23
-2678.419922	19
-2673.992676	21
-2669.565674	21
-2665.138428	21
-2660.711182	25
-2656.284180	27
-2651.856934	22
-2647.429932	28
-2643.002686	28
-2638.575684	22
-2634.148438	26
-2629.721191	29
-2625.294189	34
-2620.866943	34
-2616.439941	32
-2612.012695	31
-2607.585693	36
-2603.158447	35
-2598.731445	35
-2594.304199	36
-2589.876953	34
-2585.449951	31
-2581.022705	35
-2576.595703	38
-2572.168457	46
-2567.741455	39
-2563.314209	39
-2558.886963	42
-2554.459961	50
-2550.032715	41
-2545.605713	40
-2541.178467	50
-2536.751465	44
-2532.324219	45
-2527.896973	56
-2523.469971	50
-2519.042725	47
-2514.615723	50
-2510.188477	45
-2505.761475	52
-2501.334229	50
-2496.906982	54
-2492.479980	50
-2488.052734	47
-2483.625732	58
-2479.198486	69
-2474.771484	65
-2470.344238	61
-2465.917236	65
-2461.489990	57
-2457.062744	55
-2452.635742	58
-2448.208496	58
-2443.781494	64
-2439.354248	67
-2434.927246	68
-2430.500000	77
-2426.072754	66
-2421.645752	65
-2417.218506	74
-2412.791504	76
-2408.364258	78
-2403.937256	80
-2399.510010	75
-2395.082764	87
-2390.655762	91
-2386.228516	82
-2381.801514	87
-2377.374268	88
-2372.947266	84
-2368.520020	83
-2364.093018	82
-2359.665771	84
-2355.238525	89
-2350.811523	92
-2346.384277	92
-2341.957275	101
-2337.530029	97
-2333.103027	94
-2328.675781	91
-2324.248535	83
-2319.821533	89
-2315.394287	99
-2310.967285	100
-2306.540039	94
-2302.113037	102
-2297.685791	90
-2293.258545	101
-2288.831543	98
-2284.404297	99
-2279.977295	97
-2275.550049	90
-2271.123047	92
-2266.695801	102
-2262.268555	112
-2257.841553	121
-2253.414307	112
-2248.987305	97
-2244.560059	100
-2240.133057	111
-2235.705811	99
-2231.278809	106
-2226.851563	99
-2222.424316	115
-2217.997314	117
-2213.570068	120
-2209.143066	121
-2204.715820	124
-2200.288818	126
-2195.861572	116
-2191.434326	109
-2187.007324	117
-2182.580078	119
-2178.153076	123
-2173.725830	130
-2169.298828	121
-2164.871582	117
-2160.444336	120
-2156.017334	106
-2151.590088	123
-2147.163086	128
-2142.735840	135
-2138.308838	125
-2133.881592	132
-2129.454346	140
-2125.027344	130
-2120.600098	119
-2116.173096	116
-2111.745850	129
-2107.318848	140
-2102.891602	125
-2098.464600	121
-2094.037354	138
-2089.610107	140
-2085.183105	149
-2080.755859	138
-2076.328857	142
-2071.901611	148
-2067.474609	135
-2063.047363	128
-2058.620117	133
-2054.193115	133
-2049.765869	128
-2045.338745	144
-2040.911621	153
-2036.484497	156
-2032.057373	148
-2027.630249	151
-2023.203125	152
-2018.776001	148
-2014.348877	150
-2009.921631	163
-2005.494507	157
-2001.067383	154
-1996.640259	144
-1992.213135	129
-1987.786011	139
-1983.358887	149
-1978.931641	150
-1974.504517	168
-1970.077393	159
-1965.650269	154
-1961.223145	144
-1956.796021	160
-1952.368896	170
-1947.941772	176
-1943.514526	164
-1939.087402	165
-1934.660278	159
-1930.233154	157
-1925.806030	168
-1921.378906	160
-1916.951782	165
-1912.524536	159
-1908.097412	158
-1903.670288	149
-1899.243164	158
-1894.816040	143
-1890.388916	163
-1885.961792	159
-1881.534668	168
-1877.107422	173
-1872.680298	176
-1868.253174	180
-1863.826050	166
-1859.398926	152
-1854.971802	179
-1850.544678	178
-1846.117432	154
-1841.690308	162
-1837.263184	162
-1832.836060	163
-1828.408936	167
-1823.981812	150
-1819.554688	152
-1815.127563	165
-1810.700317	161
-1806.273193	152
-1801.846069	157
-1797.418945	164
-1792.991821	154
-1788.564697	153
-1784.137573	171
-1779.710327	172
-1775.283203	175
-1770.856079	165
-1766.428955	153
-1762.001831	156
-1757.574707	167
-1753.147583	168
-1748.720459	171
-1744.293213	174
-1739.866089	165
-1735.438965	167
-1731.011841	171
-1726.584717	169
-1722.157593	149
-1717.730469	164
-1713.303223	168
-1708.876099	169
-1704.448975	159
-1700.021851	145
-1695.594727	153
-1691.167603	162
-1686.740479	180
-1682.313354	180
-1677.886108	175
-1673.458984	175
-1669.031860	163
-1664.604736	154
-1660.177612	157
-1655.750488	143
-1651.323364	156
-1646.896118	158
-1642.468994	162
-1638.041870	152
-1633.614746	157
-1629.187622	150
-1624.760498	146
-1620.333374	160
-1615.906250	150
-1611.479004	163
-1607.051880	163
-1602.624756	157
-1598.197632	163
-1593.770508	163
-1589.343384	160
-1584.916260	163
-1580.489014	165
-1576.061890	151
-1571.634766	161
-1567.207642	165
-1562.780518	159
-1558.353394	148
-1553.926270	150
-1549.499146	140
-1545.071899	163
-1540.644775	158
-1536.217651	148
-1531.790527	149
-1527.363403	157
-1522.936279	157
-1518.509155	162
-1514.081909	160
-1509.654785	160
-1505.227661	152
-1500.800537	153
-1496.373413	146
-1491.946289	154
-1487.519165	140
-1483.092041	162
-1478.664795	173
-1474.237671	174
-1469.810547	161
-1465.383423	171
-1460.956299	168
-1456.529175	150
-1452.102051	154
-1447.674805	171
-1443.247681	163
-1438.820557	162
-1434.393433	168
-1429.966309	170
-1425.539185	169
-1421.112061	165
-1416.684937	156
-1412.257690	164
-1407.830566	161
-1403.403442	153
-1398.976318	172
-1394.549194	172
-1390.122070	175
-1385.694946	173
-1381.267700	158
-1376.840576	163
-1372.413452	182
-1367.986328	171
-1363.559204	161
-1359.132080	164
-1354.704956	150
-1350.277832	150
-1345.850586	162
-1341.423462	157
-1336.996338	158
-1332.569214	164
-1328.142090	182
-1323.714966	178
-1319.287842	166
-1314.860596	157
-1310.433472	154
-1306.006348	154
-1301.579224	137
-1297.152100	146
-1292.724976	150
-1288.297852	149
-1283.870728	162
-1279.443481	164
-1275.016357	162
-1270.589233	165
-1266.162109	156
-1261.734985	166
-1257.307861	162
-1252.880737	150
-1248.453491	146
-1244.026367	150
-1239.599243	177
-1235.172119	163
-1230.744995	157
-1226.317871	161
-1221.890747	154
-1217.463623	149
-1213.036377	150
-1208.609253	136
-1204.182129	128
-1199.755005	147
-1195.327881	158
-1190.900757	168
-1186.473633	164
-1182.046509	160
-1177.619263	160
-1173.192139	162
-1168.765015	156
-1164.337891	175
-1159.910767	160
-1155.483643	148
-1151.056519	163
-1146.629272	160
-1142.202148	140
-1137.775024	143
-1133.347900	159
-1128.920776	181
-1124.493652	172
-1120.066528	165
-1115.639404	148
-1111.212158	143
-1106.785034	152
-1102.357910	156
-1097.930786	170
-1093.503662	159
-1089.076538	155
-1084.649414	172
-1080.222168	178
-1075.795044	179
-1071.367920	177
-1066.940796	157
-1062.513672	147
-1058.086548	160
-1053.659424	161
-1049.232300	156
-1044.805054	145
-1040.377930	149
-1035.950806	156
-1031.523682	167
-1027.096558	158
-1022.669373	156
-1018.242249	163
-1013.815125	156
-1009.388000	134
-1004.960815	142
-1000.533691	160
-996.106567	176
-991.679443	162
-987.252258	162
-982.825134	151
-978.398010	155
-973.970886	146
-969.543701	156
-965.116577	171
-960.689453	166
-956.262268	170
-951.835144	168
-947.408020	151
-942.980896	150
-938.553711	153
-934.126587	151
-929.699463	179
-925.272339	173
-920.845154	157
-916.418030	159
-911.990906	151
-907.563782	150
-903.136597	166
-898.709473	159
-894.282349	151
-889.855164	158
-885.428040	138
-881.000916	134
-876.573792	133
-872.146606	159
-867.719482	173
-863.292358	154
-858.865234	156
-854.438049	146
-850.010925	145
-845.583801	155
-841.156677	163
-836.729492	178
-832.302368	171
-827.875244	169
-823.448059	164
-819.020935	156
-814.593811	138
-810.166687	153
-805.739502	150
-801.312378	137
-796.885254	170
-792.458130	156
-788.030945	161
-783.603821	170
-779.176697	167
-774.749573	176
-770.322388	163
-765.895264	156
-761.468140	156
-757.040955	181
-752.613831	170
-748.186707	173
-743.759583	173
-739.332397	180
-734.905273	178
-730.478149	155
-726.051025	170
-721.623840	168
-717.196716	167
-712.769592	165
-708.342468	173
-703.915283	160
-699.488159	154
-695.061035	169
-690.633850	197
-686.206726	181
-681.779602	144
-677.352478	145
-672.925293	154
-668.498169	150
-664.071045	170
-659.643921	161
-655.216736	158
-650.789612	170
-646.362488	164
-641.935364	165
-637.508179	168
-633.081055	170
-628.653931	159
-624.226746	153
-619.799622	152
-615.372498	171
-610.945374	181
-606.518188	173
-602.091064	159
-597.663940	161
-593.236816	170
-588.809631	164
-584.382507	169
-579.955383	162
-575.528259	167
-571.101074	175
-566.673950	173
-562.246826	165
-557.819702	179
-553.392517	172
-548.965393	167
-544.538269	164
-540.111084	168
-535.683960	168
-531.256836	177
-526.829712	176
-522.402527	171
-517.975403	178
-513.548279	161
-509.121124	157
-504.694000	165
-500.266846	153
-495.839722	164
-491.412567	152
-486.985443	151
-482.558289	159
-478.131134	161
-473.704010	159
-469.276855	153
-464.849731	164
-460.422577	142
-455.995453	140
-451.568298	149
-447.141174	163
-442.714020	178
-438.286896	171
-433.859741	178
-429.432617	153
-425.005463	178
-420.578339	170
-416.151184	160
-411.724030	160
-407.296906	162
-402.869751	158
-398.442627	165
-394.015472	163
-389.588348	161
-385.161194	170
-380.734070	159
-376.306915	161
-371.879791	164
-367.452637	177
-363.025513	183
-358.598358	172
-354.171234	176
-349.744080	186
-345.316925	203
-340.889801	195
-336.462646	156
-332.035522	159
-327.608368	167
-323.181244	180
-318.754089	189
-314.326965	175
-309.899811	161
-305.472687	168
-301.045532	172
-296.618408	171
-292.191254	190
-287.764130	176
-283.336975	182
-278.909851	192
-274.482697	172
-270.055542	168
-265.628418	171
-261.201263	164
-256.774139	166
-252.347000	178
-247.919861	186
-243.492722	180
-239.065567	183
-234.638428	170
-230.211288	186
-225.784149	201
-221.357010	202
-216.929871	207
-212.502731	177
-208.075592	174
-203.648453	180
-199.221313	185
-194.794174	199
-190.367035	198
-185.939896	214
-181.512756	222
-177.085617	216
-172.658463	210
-168.231323	225
-163.804184	227
-159.377045	211
-154.949905	237
-150.522766	250
-146.095627	249
-141.668488	238
-137.241348	252
-132.814209	305
-128.387070	304
-123.959930	313
-119.532784	352
-115.105644	389
-110.678505	461
-106.251366	522
-101.824226	601
-97.397087	721
-92.969948	904
-88.542809	1123
-84.115662	1448
-79.688522	1986
-75.261383	2620
-70.834244	3004
-66.407104	3357
-61.979965	3679
-57.552822	3845
-53.125683	3894
-48.698544	3944
-44.271404	4024
-39.844261	4029
-35.417122	3988
-30.989983	3988
-26.562841	4028
-22.135702	4078
-17.708561	4161
-13.281421	4391
-8.854280	4597
-4.427140	4774
0.000000	4884
4.427140	4867
8.854280	4798
13.281421	4657
17.708561	4484
22.135702	4288
26.562841	4016
30.989983	3743
35.417122	3313
39.844261	2732
44.271404	2088
48.698544	1634
53.125683	1324
57.552822	1081
61.979965	884
66.407104	738
70.834244	641
75.261383	538
79.688522	482
84.115662	435
88.542809	392
92.969948	380
97.397087	343
101.824226	309
106.251366	282
110.678505	277
115.105644	283
119.532784	261
123.959930	264
128.387070	243
132.814209	229
137.241348	231
141.668488	215
146.095627	209
150.522766	217
154.949905	214
159.377045	214
163.804184	201
168.231323	214
172.658463	198
177.085617	193
181.512756	190
185.939896	197
190.367035	190
194.794174	189
199.221313	182
203.648453	182
208.075592	185
212.502731	180
216.929871	198
221.357010	183
225.784149	180
230.211288	173
234.638428	178
239.065567	185
243.492722	189
247.919861	182
252.347000	169
256.774139	179
261.201263	178
265.628418	176
270.055542	166
274.482697	184
278.909851	182
283.336975	190
287.764130	185
292.191254	178
296.618408	175
301.045532	164
305.472687	154
309.899811	159
314.326965	167
318.754089	174
323.181244	182
327.608368	185
332.035522	175
336.462646	185
340.889801	163
345.316925	166
349.744080	174
354.171234	163
358.598358	161
363.025513	175
367.452637	165
371.879791	155
376.306915	167
380.734070	182
385.161194	176
389.588348	180
394.015472	165
398.442627	154
402.869751	171
407.296906	175
411.724030	163
416.151184	169
420.578339	175
425.005463	165
429.432617	159
433.859741	162
438.286896	163
442.714020	156
447.141174	158
451.568298	169
455.995453	174
460.422577	169
464.849731	176
469.276855	162
473.704010	151
478.131134	169
482.558289	183
486.985443	178
491.412567	164
495.839722	174
500.266846	159
504.694000	151
509.121124	167
513.548279	169
517.975403	168
522.402527	167
526.829712	164
531.256836	152
535.683960	158
540.111084	155
544.538269	165
548.965393	160
553.392517	148
557.819702	159
562.246826	164
566.673950	170
571.101074	172
575.528259	158
579.955383	152
584.382507	156
588.809631	164
593.236816	159
597.663940	154
602.091064	151
606.518188	149
610.945374	169
615.372498	160
619.799622	153
624.226746	156
628.653931	159
633.081055	173
637.508179	173
641.935364	170
646.362488	165
650.789612	158
655.216736	166
659.643921	154
664.071045	167
668.498169	172
672.925293	164
677.352478	161
681.779602	157
686.206726	167
690.633850	171
695.061035	162
699.488159	150
703.915283	151
708.342468	155
712.769592	162
717.196716	166
721.623840	178
726.051025	166
730.478149	172
734.905273	163
739.332397	165
743.759583	153
748.186707	156
752.613831	161
757.040955	162
761.468140	169
765.895264	163
770.322388	166
774.749573	149
779.176697	164
783.603821	168
788.030945	165
792.458130	158
796.885254	168
801.312378	176
805.739502	172
810.166687	174
814.593811	168
819.020935	171
823.448059	173
827.875244	168
832.302368	150
836.729492	159
841.156677	163
845.583801	172
850.010925	167
854.438049	165
858.865234	170
863.292358	173
867.719482	163
872.146606	176
876.573792	175
881.000916	177
885.428040	159
889.855164	154
894.282349	171
898.709473	166
903.136597	170
907.563782	167
911.990906	162
916.418030	152
920.845154	145
925.272339	150
929.699463	157
934.126587	165
938.553711	160
942.980896	156
947.408020	167
951.835144	164
956.262268	156
960.689453	182
965.116577	168
969.543701	155
973.970886	166
978.398010	165
982.825134	161
987.252258	169
991.679443	167
996.106567	159
1000.533691	155
1004.960815	167
1009.388000	166
1013.815125	165
1018.242249	153
1022.669373	160
1027.096558	161
1031.523682	174
1035.950806	193
1040.377930	172
1044.805054	161
1049.232300	156
1053.659424	167
1058.086548	180
1062.513672	173
1066.940796	159
1071.367920	173
1075.795044	174
1080.222168	166
1084.649414	151
1089.076538	171
1093.503662	184
1097.930786	180
1102.357910	169
1106.785034	163
1111.212158	179
1115.639404	192
1120.066528	187
1124.493652	157
1128.920776	150
1133.347900	175
1137.775024	177
1142.202148	156
1146.629272	163
1151.056519	177
1155.483643	194
1159.910767	178
1164.337891	154
1168.765015	169
1173.192139	174
1177.619263	185
1182.046509	172
1186.473633	181
1190.900757	173
1195.327881	172
1199.755005	161
1204.182129	159
1208.609253	170
1213.036377	151
1217.463623	165
1221.890747	174
1226.317871	163
1230.744995	149
1235.172119	149
1239.599243	158
1244.026367	170
1248.453491	167
1252.880737	163
1257.307861	162
1261.734985	153
1266.162109	163
1270.589233	164
1275.016357	172
1279.443481	171
1283.870728	171
1288.297852	188
1292.724976	174
1297.152100	172
1301.579224	179
1306.006348	160
1310.433472	166
1314.860596	166
1319.287842	171
1323.714966	174
1328.142090	171
1332.569214	165
1336.996338	171
1341.423462	167
1345.850586	163
1350.277832	172
1354.704956	168
1359.132080	164
1363.559204	178
1367.986328	167
1372.413452	157
1376.840576	159
1381.267700	152
1385.694946	151
1390.122070	162
1394.549194	174
1398.976318	173
1403.403442	157
1407.830566	153
1412.257690	170
1416.684937	177
1421.112061	174
1425.539185	179
1429.966309	172
1434.393433	173
1438.820557	168
1443.247681	170
1447.674805	176
1452.102051	183
1456.529175	172
1460.956299	152
1465.383423	164
1469.810547	164
1474.237671	164
1478.664795	159
1483.092041	153
1487.519165	158
1491.946289	171
1496.373413	174
1500.800537	155
1505.227661	163
1509.654785	162
1514.081909	157
1518.509155	161
1522.936279	168
1527.363403	185
1531.790527	191
1536.217651	192
1540.644775	180
1545.071899	175
1549.499146	164
1553.926270	189
1558.353394	185
1562.780518	182
1567.207642	170
1571.634766	160
1576.061890	170
1580.489014	176
1584.916260	179
1589.343384	180
1593.770508	166
1598.197632	162
1602.624756	176
1607.051880	167
1611.479004	172
1615.906250	161
1620.333374	172
1624.760498	167
1629.187622	170
1633.614746	166
1638.041870	182
1642.468994	181
1646.896118	177
1651.323364	181
1655.750488	168
1660.177612	181
1664.604736	180
1669.031860	171
1673.458984	197
1677.886108	177
1682.313354	176
1686.740479	173
1691.167603	171
1695.594727	173
1700.021851	179
1704.448975	176
1708.876099	178
1713.303223	178
1717.730469	179
1722.157593	172
1726.584717	181
1731.011841	178
1735.438965	167
1739.866089	167
1744.293213	184
1748.720459	175
1753.147583	162
1757.574707	168
1762.001831	180
1766.428955	187
1770.856079	181
1775.283203	175
1779.710327	175
1784.137573	165
1788.564697	162
1792.991821	172
1797.418945	176
1801.846069	172
1806.273193	162
1810.700317	167
1815.127563	165
1819.554688	176
1823.981812	173
1828.408936	188
1832.836060	177
1837.263184	168
1841.690308	159
1846.117432	158
1850.544678	163
1854.971802	163
1859.398926	180
1863.826050	177
1868.253174	174
1872.680298	170
1877.107422	173
1881.534668	171
1885.961792	167
1890.388916	170
1894.816040	182
1899.243164	174
1903.670288	173
1908.097412	172
1912.524536	179
1916.951782	175
1921.378906	163
1925.806030	159
1930.233154	169
1934.660278	173
1939.087402	179
1943.514526	203
1947.941772	210
1952.368896	208
1956.796021	201
1961.223145	204
1965.650269	206
1970.077393	199
1974.504517	205
1978.931641	209
1983.358887	192
1987.786011	179
1992.213135	173
1996.640259	165
2001.067383	179
2005.494507	176
2009.921631	197
2014.348877	191
2018.776001	177
2023.203125	168
2027.630249	170
2032.057373	194
2036.484497	185
2040.911621	170
2045.338745	158
2049.765869	175
2054.193115	170
2058.620117	187
2063.047363	169
2067.474609	179
2071.901611	182
2076.328857	171
2080.755859	173
2085.183105	189
2089.610107	176
2094.037354	157
2098.464600	153
2102.891602	157
2107.318848	170
2111.745850	168
2116.173096	180
2120.600098	177
2125.027344	164
2129.454346	159
2133.881592	172
2138.308838	180
2142.735840	179
2147.163086	171
2151.590088	167
2156.017334	163
2160.444336	180
2164.871582	180
2169.298828	166
2173.725830	163
2178.153076	179
2182.580078	185
2187.007324	182
2191.434326	173
2195.861572	167
2200.288818	185
2204.715820	181
2209.143066	169
2213.570068	172
2217.997314	171
2222.424316	159
2226.851563	155
2231.278809	157
2235.705811	163
2240.133057	169
2244.560059	172
2248.987305	176
2253.414307	187
2257.841553	164
2262.268555	160
2266.695801	168
2271.123047	188
2275.550049	182
2279.977295	178
2284.404297	194
2288.831543	181
2293.258545	180
2297.685791	178
2302.113037	165
2306.540039	166
2310.967285	171
2315.394287	163
2319.821533	154
2324.248535	155
2328.675781	168
2333.103027	164
2337.530029	172
2341.957275	171
2346.384277	172
2350.811523	167
2355.238525	170
2359.665771	166
2364.093018	161
2368.520020	169
2372.947266	175
2377.374268	185
2381.801514	192
2386.228516	195
2390.655762	191
2395.082764	194
2399.510010	184
2403.937256	181
2408.364258	171
2412.791504	171
2417.218506	166
2421.645752	158
2426.072754	177
2430.500000	177
2434.927246	175
2439.354248	176
2443.781494	172
2448.208496	173
2452.635742	161
2457.062744	169
2461.489990	172
2465.917236	174
2470.344238	184
2474.771484	174
2479.198486	179
2483.625732	166
2488.052734	170
2492.479980	180
2496.906982	186
2501.334229	178
2505.761475	201
2510.188477	185
2514.615723	175
2519.042725	178
2523.469971	172
2527.896973	181
2532.324219	186
2536.751465	174
2541.178467	173
2545.605713	182
2550.032715	188
2554.459961	185
2558.886963	170
2563.314209	166
2567.741455	183
2572.168457	181
2576.595703	195
2581.022705	186
2585.449951	183
2589.876953	187
2594.304199	175
2598.731445	177
2603.158447	165
2607.585693	157
2612.012695	173
2616.439941	184
2620.866943	168
2625.294189	169
2629.721191	179
2634.148438	184
2638.575684	181
2643.002686	172
2647.429932	178
2651.856934	178
2656.284180	184
2660.711182	184
2665.138428	173
2669.565674	164
2673.992676	164
2678.419922	174
2682.846924	178
2687.274170	172
2691.701172	163
2696.128418	167
2700.555664	180
2704.982666	177
2709.409912	177
2713.836914	179
2718.264160	188
2722.691162	168
2727.118408	175
2731.545654	170
2735.972656	176
2740.399902	178
2744.826904	172
2749.254150	168
2753.681152	178
2758.108398	172
2762.535400	181
2766.962646	169
2771.389893	175
2775.816895	192
2780.244141	191
2784.671143	164
2789.098389	161
2793.525391	163
2797.952637	184
2802.379883	202
2806.806885	199
2811.234131	180
2815.661133	173
2820.088379	186
2824.515381	188
2828.942627	186
2833.369873	190
2837.796875	180
2842.224121	176
2846.651123	176
2851.078369	175
2855.505371	167
2859.932617	169
2864.359863	169
2868.786865	187
2873.214111	174
2877.641113	162
2882.068359	173
2886.495361	179
2890.922607	178
2895.349609	191
2899.776855	193
2904.204102	186
2908.631104	196
2913.058350	184
2917.485352	167
2921.912598	191
2926.339600	192
2930.766846	169
2935.194092	172
2939.621094	163
2944.048340	184
2948.475342	172
2952.902588	165
2957.329590	188
2961.756836	186
2966.184082	187
2970.611084	180
2975.038330	175
2979.465332	172
2983.892578	189
2988.319580	185
2992.746826	160
2997.174072	164
3001.601074	163
3006.028320	171
3010.455322	196
3014.882568	174
3019.309570	182
3023.736816	186
3028.163818	177
3032.591064	171
3037.018311	167
3041.445313	182
3045.872559	182
3050.299561	175
3054.726807	164
3059.153809	185
3063.581055	188
3068.008301	186
3072.435303	185
3076.862549	182
3081.289551	186
3085.716797	187
3090.143799	187
3094.571045	182
3098.998291	199
3103.425293	179
3107.852539	173
3112.279541	178
3116.706787	178
3121.133789	191
3125.561035	170
3129.988281	159
3134.415283	171
3138.842529	173
3143.269531	175
3147.696777	185
3152.123779	173
3156.551025	157
3160.978027	161
3165.405273	170
3169.832520	169
3174.259521	172
3178.686768	177
3183.113770	191
3187.541016	191
3191.968018	178
3196.395264	172
3200.822510	171
3205.249512	175
3209.676758	182
3214.103760	184
3218.531006	184
3222.958008	186
3227.385254	182
3231.812500	196
3236.239502	205
3240.666748	172
3245.093750	180
3249.520996	177
3253.947998	177
3258.375244	163
3262.802246	168
3267.229492	178
3271.656738	193
3276.083740	178
3280.510986	176
3284.937988	186
3289.365234	190
3293.792236	189
3298.219482	183
3302.646729	186
3307.073730	170
3311.500977	191
3315.927979	180
3320.355225	173
3324.782227	160
3329.209473	176
3333.636719	188
3338.063721	194
3342.490967	180
3346.917969	178
3351.345215	174
3355.772217	178
3360.199463	178
3364.626709	186
3369.053711	184
3373.480957	180
3377.907959	188
3382.335205	185
3386.762207	172
3391.189453	184
3395.616455	191
3400.043701	184
3404.470947	182
3408.897949	191
3413.325195	193
3417.752197	194
3422.179443	205
3426.606445	188
3431.033691	193
3435.460938	188
3439.887939	194
3444.315186	194
3448.742188	194
3453.169434	193
3457.596436	187
3462.023682	188
3466.450928	185
3470.877930	192
3475.305176	181
3479.732178	193
3484.159424	195
3488.586426	177
3493.013672	163
3497.440918	171
3501.867920	168
3506.295166	166
3510.722168	189
3515.149414	194
3519.576416	176
3524.003662	176
3528.430664	178
3532.857910	179
3537.285156	180
3541.712158	184
3546.139404	183
3550.566406	182
3554.993652	204
3559.420654	195
3563.847900	183
3568.275146	200
3572.702148	200
3577.129395	202
3581.556396	198
3585.983643	190
3590.410645	193
3594.837891	196
3599.265137	202
3603.692139	210
3608.119385	214
3612.546387	216
3616.973633	210
3621.400635	198
3625.827881	209
3630.255127	213
3634.682129	223
3639.109375	218
3643.536377	210
3647.963623	204
3652.390625	192
3656.817871	195
3661.244873	215
3665.672119	226
3670.099365	225
3674.526367	213
3678.953613	220
3683.380615	232
3687.807861	221
3692.234863	226
3696.662109	258
3701.089355	263
3705.516357	261
3709.943604	241
3714.370605	256
3718.797852	258
3723.224854	268
3727.652100	269
3732.079346	292
3736.506348	291
3740.933594	297
3745.360596	320
3749.787842	336
3754.214844	338
3758.642090	346
3763.069336	349
3767.496338	348
3771.923584	360
3776.350586	372
3780.777832	401
3785.204834	413
3789.632080	444
3794.059082	451
3798.486328	442
3802.913574	433
3807.340576	476
3811.767822	534
3816.194824	587
3820.622070	595
3825.049072	570
3829.476318	591
3833.903564	611
3838.330566	616
3842.757813	649
3847.184814	692
3851.612061	740
3856.039063	797
3860.466309	847
3864.893555	891
3869.320557	890
3873.747803	862
3878.174805	866
3882.602051	875
3887.029053	893
3891.456299	901
3895.883545	910
3900.310547	913
3904.737793	983
3909.164795	1040
3913.592041	1084
3918.019043	1111
3922.446289	1132
3926.873291	1184
3931.300537	1217
3935.727783	1254
3940.154785	1260
3944.582031	1296
3949.009033	1306
3953.436279	1284
3957.863281	1268
3962.290527	1267
3966.717773	1242
3971.144775	1232
3975.572021	1206
3979.999023	1236
3984.426270	1335
3988.853271	1440
3993.280518	1502
3997.707764	1538
4002.134766	1547
4006.562012	1536
4010.989014	1532
4015.416260	1578
4019.843262	1588
4024.270508	1577
4028.697754	1578
4033.124756	1544
4037.552002	1510
4041.979004	1499
4046.406250	1487
4050.833252	1530
4055.260498	1569
4059.687500	1552
4064.114746	1548
4068.541992	1546
4072.968994	1561
4077.396240	1582
4081.823242	1544
4086.250488	1539
4090.677490	1510
4095.104736	1451
4099.531738	1439
4103.958984	1396
4108.386230	1386
4112.813477	1406
4117.240234	1416
4121.667480	1456
4126.094727	1492
4130.521973	1509
4134.949219	1537
4139.375977	1553
4143.803223	1516
4148.230469	1510
4152.657715	1524
4157.084473	1557
4161.511719	1592
4165.938965	1611
4170.366211	1582
4174.793457	1598
4179.220215	1596
4183.647461	1586
4188.074707	1569
4192.501953	1577
4196.929199	1562
4201.355957	1516
4205.783203	1517
4210.210449	1532
4214.637695	1533
4219.064453	1516
4223.491699	1482
4227.918945	1508
4232.346191	1487
4236.773438	1474
4241.200195	1500
4245.627441	1510
4250.054688	1491
4254.481934	1454
4258.908691	1437
4263.335938	1421
4267.763184	1426
4272.190430	1415
4276.617676	1383
4281.044434	1352
4285.471680	1361
4289.898926	1371
4294.326172	1374
4298.753418	1378
4303.180176	1397
4307.607422	1382
4312.034668	1397
4316.461914	1418
4320.888672	1413
4325.315918	1382
4329.743164	1342
4334.170410	1350
4338.597656	1327
4343.024414	1328
4347.451660	1308
4351.878906	1282
4356.306152	1305
4360.732910	1360
4365.160156	1361
4369.587402	1382
4374.014648	1408
4378.441895	1381
4382.868652	1409
4387.295898	1421
4391.723145	1425
4396.150391	1436
4400.577637	1425
4405.004395	1449
4409.431641	1471
4413.858887	1454
4418.286133	1466
4422.712891	1466
4427.140137	1456
4431.567383	1469
4435.994629	1504
4440.421875	1487
4444.848633	1474
4449.275879	1480
4453.703125	1451
4458.130371	1452
4462.557617	1469
4466.984375	1453
4471.411621	1476
4475.838867	1482
4480.266113	1446
4484.692871	1431
4489.120117	1472
4493.547363	1464
4497.974609	1460
4502.401855	1447
4506.828613	1449
4511.255859	1453
4515.683105	1421
4520.110352	1440
4524.537109	1464
4528.964355	1422
4533.391602	1419
4537.818848	1452
4542.246094	1417
4546.672852	1418
4551.100098	1436
4555.527344	1438
4559.954590	1457
4564.381836	1457
4568.808594	1413
4573.235840	1416
4577.663086	1408
4582.090332	1414
4586.517090	1452
4590.944336	1497
4595.371582	1480
4599.798828	1471
4604.226074	1468
4608.652832	1480
4613.080078	1498
4617.507324	1508
4621.934570	1511
4626.361328	1530
4630.788574	1559
4635.215820	1550
4639.643066	1563
4644.070313	1573
4648.497070	1578
4652.924316	1591
4657.351563	1650
4661.778809	1682
4666.206055	1685
4670.632813	1667
4675.060059	1673
4679.487305	1725
4683.914551	1771
4688.341309	1798
4692.768555	1817
4697.195801	1826
4701.623047	1874
4706.050293	1906
4710.477051	1936
4714.904297	1955
4719.331543	1974
4723.758789	1987
4728.186035	1980
4732.612793	2043
4737.040039	2090
4741.467285	2132
4745.894531	2113
4750.321289	2121
4754.748535	2142
4759.175781	2088
4763.603027	2123
4768.030273	2166
4772.457031	2167
4776.884277	2172
4781.311523	2165
4785.738770	2143
4790.165527	2126
4794.592773	2093
4799.020020	2063
4803.447266	2055
4807.874512	2109
4812.301270	2105
4816.728516	2066
4821.155762	2079
4825.583008	2074
4830.010254	2157
4834.437012	2174
4838.864258	2135
4843.291504	2101
4847.718750	2049
4852.145508	2012
4856.572754	1983
4861.000000	1965
4865.427246	2015
4869.854492	2062
4874.281250	2055
4878.708496	2052
4883.135742	2083
4887.562988	2119
4891.989746	2152
4896.416992	2169
4900.844238	2158
4905.271484	2188
4909.698730	2242
4914.125488	2241
4918.552734	2217
4922.979980	2187
4927.407227	2194
4931.834473	2218
4936.261230	2204
4940.688477	2192
4945.115723	2213
4949.542969	2175
4953.969727	2162
4958.396973	2178
4962.824219	2158
4967.251465	2148
4971.678711	2159
4976.105469	2150
4980.532715	2172
4984.959961	2156
4989.387207	2126
4993.813965	2167
4998.241211	2179
5002.668457	2121
5007.095703	2094
5011.522949	2103
5015.949707	2037
5020.376953	2003
5024.804199	2046
5029.231445	2083
5033.658691	2044
5038.085449	2042
5042.512695	2024
5046.939941	2028
5051.367188	2008
5055.793945	2032
5060.221191	2018
5064.648438	2047
5069.075684	2040
5073.502930	2008
5077.929688	1983
5082.356934	1966
5086.784180	1989
5091.211426	1965
5095.638672	1936
5100.065430	1908
5104.492676	1892
5108.919922	1902
5113.347168	1879
5117.773926	1890
5122.201172	1871
5126.628418	1829
5131.055664	1822
5135.482910	1836
5139.909668	1867
5144.336914	1852
5148.764160	1810
5153.191406	1809
5157.618164	1817
5162.045410	1783
5166.472656	1759
5170.899902	1773
5175.327148	1741
5179.753906	1771
5184.181152	1750
5188.608398	1707
5193.035645	1739
5197.462891	1726
5201.889648	1770
5206.316895	1782
5210.744141	1698
5215.171387	1669
5219.598145	1656
5224.025391	1637
5228.452637	1645
5232.879883	1634
5237.307129	1628
5241.733887	1627
5246.161133	1618
5250.588379	1602
5255.015625	1582
5259.442383	1588
5263.869629	1593
5268.296875	1598
5272.724121	1575
5277.151367	1579
5281.578125	1567
5286.005371	1545
5290.432617	1567
5294.859863	1580
5299.287109	1587
5303.713867	1549
5308.141113	1516
5312.568359	1511
5316.995605	1481
5321.422363	1477
5325.849609	1500
5330.276855	1499
5334.704102	1478
5339.131348	1517
5343.558105	1520
5347.985352	1493
5352.412598	1484
5356.839844	1485
5361.267090	1472
5365.693848	1489
5370.121094	1486
5374.548340	1478
5378.975586	1417
5383.402344	1442
5387.829590	1477
5392.256836	1404
5396.684082	1408
5401.111328	1430
5405.538086	1397
5409.965332	1381
5414.392578	1429
5418.819824	1455
5423.246582	1431
5427.673828	1401
5432.101074	1358
5436.528320	1333
5440.955566	1360
5445.382324	1380
5449.809570	1386
5454.236816	1314
5458.664063	1305
5463.091309	1338
5467.518066	1355
5471.945313	1331
5476.372559	1329
5480.799805	1346
5485.226563	1314
5489.653809	1287
5494.081055	1280
5498.508301	1277
5502.935547	1257
5507.362305	1242
5511.789551	1256
5516.216797	1252
5520.644043	1262
5525.070801	1255
5529.498047	1240
5533.925293	1228
5538.352539	1258
5542.779785	1238
5547.206543	1201
5551.633789	1217
5556.061035	1211
5560.488281	1162
5564.915527	1165
5569.342285	1180
5573.769531	1177
5578.196777	1200
5582.624023	1191
5587.050781	1145
5591.478027	1156
5595.905273	1172
5600.332520	1179
5604.759766	1141
5609.186523	1163
5613.613770	1169
5618.041016	1134
5622.468262	1143
5626.895508	1134
5631.322266	1106
5635.749512	1122
5640.176758	1097
5644.604004	1111
5649.030762	1130
5653.458008	1103
5657.885254	1098
5662.312500	1098
5666.739746	1092
5671.166504	1049
5675.593750	1035
5680.020996	1015
5684.448242	1038
5688.875000	1058
5693.302246	1075
5697.729492	1076
5702.156738	1027
5706.583984	986
5711.010742	994
5715.437988	1005
5719.865234	1032
5724.292480	1031
5728.719727	1010
5733.146484	1027
5737.573730	1040
5742.000977	1034
5746.428223	1002
5750.854980	990
5755.282227	982
5759.709473	976
5764.136719	956
5768.563965	965
5772.990723	1012
5777.417969	1056
5781.845215	1025
5786.272461	1010
5790.699219	1016
5795.126465	1041
5799.553711	1031
5803.980957	1051
5808.408203	1049
5812.834961	1019
5817.262207	1040
5821.689453	1020
5826.116699	1009
5830.543945	1046
5834.970703	1046
5839.397949	1052
5843.825195	1028
5848.252441	1012
5852.679199	1021
5857.106445	1020
5861.533691	1014
5865.960938	1032
5870.388184	1058
5874.814941	1041
5879.242188	1006
5883.669434	1022
5888.096680	1034
5892.523438	1009
5896.950684	1017
5901.377930	997
5905.805176	980
5910.232422	1011
5914.659180	984
5919.086426	954
5923.513672	974
5927.940918	972
5932.368164	1000
5936.794922	982
5941.222168	968
5945.649414	935
5950.076660	921
5954.503418	946
5958.930664	951
5963.357910	950
5967.785156	917
5972.212402	910
5976.639160	895
5981.066406	878
5985.493652	880
5989.920898	884
5994.348145	874
5998.774902	881
6003.202148	902
6007.629395	875
6012.056641	844
6016.483398	868
6020.910645	841
6025.337891	837
6029.765137	825
6034.192383	811
6038.619141	830
6043.046387	827
6047.473633	795
6051.900879	786
6056.327637	817
6060.754883	810
6065.182129	777
6069.609375	772
6074.036621	773
6078.463379	735
6082.890625	747
6087.317871	743
6091.745117	740
6096.172363	729
6100.599121	714
6105.026367	712
6109.453613	707
6113.880859	711
6118.307617	720
6122.734863	710
6127.162109	721
6131.589355	696
6136.016602	671
6140.443359	683
6144.870605	689
6149.297852	678
6153.725098	663
6158.151855	646
6162.579102	663
6167.006348	674
6171.433594	698
6175.860840	693
6180.287598	697
6184.714844	698
6189.142090	684
6193.569336	645
6197.996582	645
6202.423340	638
6206.850586	622
6211.277832	619
6215.705078	630
6220.131836	638
6224.559082	641
6228.986328	633
6233.413574	626
6237.840820	608
6242.267578	608
6246.694824	599
6251.122070	589
6255.549316	597
6259.976563	592
6264.403320	584
6268.830566	596
6273.257813	602
6277.685059	587
6282.111816	606
6286.539063	593
6290.966309	582
6295.393555	570
6299.820801	585
6304.247559	575
6308.674805	568
6313.102051	586
6317.529297	615
6321.956055	584
6326.383301	572
6330.810547	581
6335.237793	595
6339.665039	595
6344.091797	580
6348.519043	570
6352.946289	584
6357.373535	563
6361.800781	595
6366.227539	575
6370.654785	543
6375.082031	549
6379.509277	551
6383.936035	568
6388.363281	563
6392.790527	573
6397.217773	565
6401.645020	569
6406.071777	551
6410.499023	552
6414.926270	561
6419.353516	561
6423.780273	565
6428.207520	557
6432.634766	551
6437.062012	571
6441.489258	560
6445.916016	576
6450.343262	558
6454.770508	572
6459.197754	551
6463.625000	532
6468.051758	547
6472.479004	547
6476.906250	532
6481.333496	514
6485.760254	534
6490.187500	522
6494.614746	523
6499.041992	535
6503.469238	523
6507.895996	506
6512.323242	488
6516.750488	499
6521.177734	488
6525.604492	473
6530.031738	480
6534.458984	490
6538.886230	489
6543.313477	504
6547.740234	487
6552.167480	470
6556.594727	454
6561.021973	470
6565.449219	472
6569.875977	478
6574.303223	482
6578.730469	488
6583.157715	497
6587.584473	503
6592.011719	479
6596.438965	468
6600.866211	488
6605.293457	488
6609.720215	482
6614.147461	494
6618.574707	487
6623.001953	487
6627.429199	503
6631.855957	518
6636.283203	507
6640.710449	526
6645.137695	518
6649.564453	513
6653.991699	512
6658.418945	499
6662.846191	497
6667.273438	503
6671.700195	513
6676.127441	527
6680.554688	524
6684.981934	519
6689.408691	509
6693.835938	508
6698.263184	520
6702.690430	525
6707.117676	493
6711.544434	479
6715.971680	492
6720.398926	496
6724.826172	494
6729.253418	517
6733.680176	517
6738.107422	491
6742.534668	480
6746.961914	503
6751.388672	511
6755.815918	512
6760.243164	527
6764.670410	525
6769.097656	508
6773.524414	499
6777.951660	506
6782.378906	532
6786.806152	533
6791.232910	515
6795.660156	494
6800.087402	481
6804.514648	479
6808.941895	500
6813.368652	480
6817.795898	468
6822.223145	493
6826.650391	507
6831.077637	523
6835.504395	505
6839.931641	490
6844.358887	486
6848.786133	490
6853.212891	486
6857.640137	487
6862.067383	482
6866.494629	479
6870.921875	479
6875.348633	460
6879.775879	475
6884.203125	501
6888.630371	491
6893.057617	508
6897.484375	500
6901.911621	476
6906.338867	474
6910.766113	491
6915.192871	488
6919.620117	471
6924.047363	494
6928.474609	517
6932.901855	535
6937.328613	509
6941.755859	492
6946.183105	481
6950.610352	484
6955.037109	488
6959.464355	507
6963.891602	492
6968.318848	516
6972.746094	532
6977.172852	517
6981.600098	497
6986.027344	498
6990.454590	499
6994.881836	494
6999.308594	500
7003.735840	488
7008.163086	497
7012.590332	506
7017.017090	504
7021.444336	489
7025.871582	495
7030.298828	483
7034.726074	479
7039.152832	488
7043.580078	509
7048.007324	519
7052.434570	508
7056.861328	508
7061.288574	513
7065.715820	501
7070.143066	488
7074.570313	516
7078.997070	511
7083.424316	503
7087.851563	493
7092.278809	479
7096.706055	478
7101.132813	478
7105.560059	474
7109.987305	484
7114.414551	483
7118.841309	460
7123.268555	472
7127.695801	480
7132.123047	473
7136.550293	461
7140.977051	450
7145.404297	449
7149.831543	451
7154.258789	465
7158.686035	489
7163.112793	492
7167.540039	477
7171.967285	456
7176.394531	445
7180.821289	468
7185.248535	461
7189.675781	435
7194.103027	433
7198.530273	443
7202.957031	413
7207.384277	411
7211.811523	435
7216.238770	449
7220.665527	417
7225.092773	413
7229.520020	411
7233.947266	423
7238.374512	405
7242.801270	407
7247.228516	413
7251.655762	434
7256.083008	424
7260.510254	406
7264.937012	399
7269.364258	397
7273.791504	412
7278.218750	421
7282.645508	422
7287.072754	420
7291.500000	411
7295.927246	397
7300.354492	402
7304.781250	400
7309.208496	385
7313.635742	390
7318.062988	410
7322.489746	421
7326.916992	414
7331.344238	393
7335.771484	404
7340.198730	399
7344.625488	377
7349.052734	383
7353.479980	395
7357.907227	383
7362.334473	385
7366.761230	394
7371.188477	373
7375.615723	386
7380.042969	405
7384.469727	381
7388.896973	389
7393.324219	399
7397.751465	396
7402.178711	380
7406.605469	372
7411.032715	372
7415.459961	379
7419.887207	374
7424.313965	369
7428.741211	398
7433.168457	385
7437.595703	370
7442.022949	369
7446.449707	355
7450.876953	358
7455.304199	360
7459.731445	359
7464.158691	364
7468.585449	354
7473.012695	350
7477.439941	351
7481.867188	361
7486.293945	344
7490.721191	327
7495.148438	340
7499.575684	335
7504.002930	336
7508.429688	344
7512.856934	318
7517.284180	310
7521.711426	329
7526.138672	329
7530.565430	315
7534.992676	293
7539.419922	290
7543.847168	311
7548.273926	322
7552.701172	305
7557.128418	284
7561.555664	263
7565.982910	283
7570.409668	286
7574.836914	276
7579.264160	260
7583.691406	274
7588.118164	273
7592.545410	272
7596.972656	274
7601.399902	283
7605.827148	266
7610.253906	254
7614.681152	262
7619.108398	259
7623.535645	248
7627.962891	241
7632.389648	250
7636.816895	250
7641.244141	251
7645.671387	261
7650.098145	257
7654.525391	269
7658.952637	275
7663.379883	267
7667.807129	245
7672.233887	251
7676.661133	256
7681.088379	251
7685.515625	253
7689.942383	255
7694.369629	258
7698.796875	260
7703.224121	253
7707.651367	255
7712.078125	268
7716.505371	272
7720.932617	253
7725.359863	250
7729.787109	268
7734.213867	269
7738.641113	265
7743.068359	259
7747.495605	245
7751.922363	242
7756.349609	250
7760.776855	251
7765.204102	238
7769.631348	246
7774.058105	250
7778.485352	243
7782.912598	219
7787.339844	230
7791.767090	234
7796.193848	236
7800.621094	227
7805.048340	237
7809.475586	227
7813.902344	240
7818.329590	226
7822.756836	227
7827.184082	222
7831.611328	194
7836.038086	183
7840.465332	221
7844.892578	238
7849.319824	221
7853.746582	218
7858.173828	217
7862.601074	227
7867.028320	220
7871.455566	226
7875.882324	230
7880.309570	221
7884.736816	205
7889.164063	196
7893.591309	195
7898.018066	203
7902.445313	215
7906.872559	218
7911.299805	221
7915.726563	220
7920.153809	198
7924.581055	204
7929.008301	224
7933.435547	222
7937.862305	212
7942.289551	214
7946.716797	201
7951.144043	219
7955.570801	211
7959.998047	213
7964.425293	218
7968.852539	223
7973.279785	239
7977.706543	232
7982.133789	225
7986.561035	224
7990.988281	221
7995.415527	231
7999.842285	228
8004.269531	230
8008.696777	225
8013.124023	228
8017.550781	228
8021.978027	226
8026.405273	218
8030.832520	216
8035.259766	228
8039.686523	241
8044.113770	242
8048.541016	234
8052.968262	232
8057.395508	224
8061.822266	214
8066.249512	215
8070.676758	217
8075.104004	224
8079.530762	201
8083.958008	224
8088.385254	226
8092.812500	225
8097.239746	232
8101.666504	225
8106.093750	204
8110.520996	206
8114.948242	220
8119.375000	212
8123.802246	213
8128.229492	220
8132.656738	207
8137.083984	197
8141.510742	191
8145.937988	210
8150.365234	228
8154.792480	202
8159.219727	203
8163.646484	214
8168.073730	194
8172.500977	185
8176.928223	190
8181.354980	189
8185.782227	175
8190.209473	191
8194.636719	200
8199.063477	206
8203.491211	202
8207.917969	202
8212.344727	199
8216.772461	187
8221.199219	185
8225.626953	189
8230.053711	165
8234.480469	186
8238.908203	192
8243.334961	172
8247.762695	171
8252.189453	179
8256.616211	179
8261.043945	189
8265.470703	197
8269.898438	212
8274.325195	206
8278.751953	195
8283.179688	204
8287.606445	190
8292.034180	183
8296.460938	194
8300.887695	185
8305.315430	192
8309.742188	193
8314.168945	179
8318.596680	180
8323.023438	175
8327.451172	193
8331.877930	195
8336.304688	197
8340.732422	207
8345.159180	209
8349.586914	206
8354.013672	199
8358.440430	209
8362.868164	206
8367.294922	203
8371.722656	213
8376.149414	208
8380.576172	206
8385.003906	195
8389.430664	193
8393.858398	200
8398.285156	195
8402.711914	212
8407.139648	216
8411.566406	216
8415.993164	203
8420.420898	207
8424.847656	225
8429.275391	222
8433.702148	211
8438.128906	205
8442.556641	205
8446.983398	205
8451.411133	203
8455.837891	204
8460.264648	238
8464.692383	230
8469.119141	206
8473.546875	209
8477.973633	222
8482.400391	195
8486.828125	190
8491.254883	204
8495.682617	215
8500.109375	223
8504.536133	204
8508.963867	208
8513.390625	214
8517.817383	220
8522.245117	213
8526.671875	195
8531.099609	195
8535.526367	189
8539.953125	197
8544.380859	214
8548.807617	193
8553.235352	202
8557.662109	204
8562.088867	211
8566.516602	195
8570.943359	199
8575.371094	197
8579.797852	206
8584.224609	195
8588.652344	190
8593.079102	203
8597.506836	203
8601.933594	199
8606.360352	183
8610.788086	176
8615.214844	210
8619.641602	203
8624.069336	185
8628.496094	191
8632.923828	214
8637.350586	200
8641.777344	197
8646.205078	188
8650.631836	188
8655.059570	193
8659.486328	196
8663.913086	202
8668.340820	180
8672.767578	190
8677.195313	199
8681.622070	197
8686.048828	202
8690.476563	194
8694.903320	185
8699.331055	184
8703.757813	204
8708.184570	185
8712.612305	183
8717.039063	188
8721.465820	184
8725.893555	181
8730.320313	179
8734.748047	171
8739.174805	180
8743.601563	190
8748.029297	183
8752.456055	180
8756.883789	204
8761.310547	188
8765.737305	177
8770.165039	194
8774.591797	173
8779.019531	178
8783.446289	187
8787.873047	187
8792.300781	175
8796.727539	173
8801.155273	177
8805.582031	187
8810.008789	187
8814.436523	198
8818.863281	187
8823.291016	177
8827.717773	172
8832.144531	158
8836.572266	161
8840.999023	180
8845.425781	159
8849.853516	170
8854.280273	174
8858.708008	177
8863.134766	177
8867.561523	169
8871.989258	171
8876.416016	177
8880.843750	172
8885.270508	177
8889.697266	179
8894.125000	178
8898.551758	179
8902.979492	180
8907.406250	179
8911.833008	195
8916.260742	158
8920.687500	153
8925.115234	177
8929.541992	166
8933.968750	166
8938.396484	176
8942.823242	174
8947.250000	186
8951.677734	187
8956.104492	183
8960.532227	183
8964.958984	183
8969.385742	179
8973.813477	177
8978.240234	185
8982.667969	179
8987.094727	167
8991.521484	160
8995.949219	175
9000.375977	175
9004.803711	178
9009.230469	170
9013.657227	169
9018.084961	167
9022.511719	168
9026.939453	181
9031.366211	202
9035.792969	197
9040.220703	186
9044.647461	197
9049.074219	180
9053.501953	179
9057.928711	174
9062.356445	158
9066.783203	167
9071.209961	178
9075.637695	185
9080.064453	174
9084.492188	177
9088.918945	165
9093.345703	170
9097.773438	174
9102.200195	190
9106.627930	191
9111.054688	176
9115.481445	166
9119.909180	183
9124.335938	170
9128.763672	172
9133.190430	176
9137.617188	159
9142.044922	162
9146.471680	179
9150.898438	190
9155.326172	185
9159.752930	186
9164.180664	194
9168.607422	186
9173.034180	161
9177.461914	169
9181.888672	174
9186.316406	178
9190.743164	173
9195.169922	177
9199.597656	172
9204.024414	183
9208.452148	187
9212.878906	175
9217.305664	196
9221.733398	209
9226.160156	204
9230.587891	194
9235.014648	180
9239.441406	187
9243.869141	173
9248.295898	178
9252.722656	190
9257.150391	186
9261.577148	175
9266.004883	185
9270.431641	189
9274.858398	184
9279.286133	185
9283.712891	183
9288.140625	190
9292.567383	188
9296.994141	176
9301.421875	169
9305.848633	178
9310.276367	184
9314.703125	189
9319.129883	179
9323.557617	166
9327.984375	170
9332.412109	188
9336.838867	189
9341.265625	191
9345.693359	188
9350.120117	178
9354.546875	170
9358.974609	159
9363.401367	160
9367.829102	181
9372.255859	205
9376.682617	189
9381.110352	181
9385.537109	201
9389.964844	197
9394.391602	185
9398.818359	177
9403.246094	181
9407.672852	190
9412.100586	181
9416.527344	176
9420.954102	185
9425.381836	185
9429.808594	181
9434.236328	174
9438.663086	174
9443.089844	182
9447.517578	186
9451.944336	174
9456.372070	173
9460.798828	176
9465.225586	164
9469.653320	151
9474.080078	155
9478.506836	177
9482.934570	171
9487.361328	169
9491.789063	190
9496.215820	193
9500.642578	181
9505.070313	186
9509.497070	193
9513.924805	191
9518.351563	185
9522.778320	167
9527.206055	181
9531.632813	183
9536.060547	194
9540.487305	192
9544.914063	187
9549.341797	180
9553.768555	174
9558.196289	175
9562.623047	186
9567.049805	211
9571.477539	209
9575.904297	184
9580.331055	183
9584.758789	174
9589.185547	185
9593.613281	173
9598.040039	174
9602.466797	180
9606.894531	171
9611.321289	185
9615.749023	174
9620.175781	166
9624.602539	181
9629.030273	178
9633.457031	187
9637.884766	173
9642.311523	163
9646.738281	183
9651.166016	179
9655.592773	171
9660.020508	175
9664.447266	203
9668.874023	191
9673.301758	196
9677.728516	182
9682.155273	185
9686.583008	201
9691.009766	183
9695.437500	190
9699.864258	194
9704.291016	176
9708.718750	171
9713.145508	181
9717.573242	178
9722.000000	186
9726.426758	185
9730.854492	190
9735.281250	196
9739.708984	176
9744.135742	182
9748.562500	185
9752.990234	174
9757.416992	188
9761.844727	191
9766.271484	185
9770.698242	178
9775.125977	172
9779.552734	182
9783.979492	181
9788.407227	190
9792.833984	179
9797.261719	192
9801.688477	190
9806.115234	186
9810.542969	188
9814.969727	187
9819.397461	196
9823.824219	202
9828.250977	194
9832.678711	200
9837.105469	198
9841.533203	185
9845.959961	179
9850.386719	196
9854.814453	186
9859.241211	182
9863.668945	189
9868.095703	199
9872.522461	204
9876.950195	196
9881.376953	200
9885.803711	193
9890.231445	197
9894.658203	197
9899.085938	198
9903.512695	188
9907.939453	190
9912.367188	187
9916.793945	171
9921.221680	185
9925.648438	187
9930.075195	192
9934.502930	219
9938.929688	212
9943.357422	203
9947.784180	187
9952.210938	174
9956.638672	191
9961.065430	200
9965.493164	203
9969.919922	211
9974.346680	200
9978.774414	199
9983.201172	181
9987.627930	170
9992.055664	197
9996.482422	203
10000.910156	188
10005.336914	178
10009.763672	196
10014.191406	201
10018.618164	191
10023.045898	192
10027.472656	182
10031.899414	177
10036.327148	174
10040.753906	177
10045.181641	180
10049.608398	181
10054.035156	179
10058.462891	174
10062.889648	193
10067.317383	204
10071.744141	210
10076.170898	190
10080.598633	184
10085.025391	186
10089.453125	196
10093.879883	194
10098.306641	171
10102.734375	178
10107.161133	203
10111.587891	201
10116.015625	207
10120.442383	194
10124.870117	198
10129.296875	195
10133.723633	198
10138.151367	188
10142.578125	198
10147.005859	193
10151.432617	192
10155.859375	192
10160.287109	196
10164.713867	184
10169.141602	193
10173.568359	192
10177.995117	180
10182.422852	188
10186.849609	189
10191.277344	181
10195.704102	175
10200.130859	165
10204.558594	178
10208.985352	191
10213.412109	188
10217.839844	206
10222.266602	215
10226.694336	233
10231.121094	214
10235.547852	188
10239.975586	193
10244.402344	217
10248.830078	197
10253.256836	183
10257.683594	200
10262.111328	206
10266.538086	200
10270.965820	198
10275.392578	189
10279.819336	192
10284.247070	187
10288.673828	190
10293.101563	176
10297.528320	158
10301.955078	178
10306.382813	191
10310.809570	183
10315.236328	170
10319.664063	195
10324.090820	195
10328.518555	178
10332.945313	181
10337.372070	182
10341.799805	181
10346.226563	167
10350.654297	165
10355.081055	161
10359.507813	171
10363.935547	165
10368.362305	159
10372.790039	137
10377.216797	156
10381.643555	169
10386.071289	164
10390.498047	168
10394.925781	172
10399.352539	168
10403.779297	162
10408.207031	159
10412.633789	168
10417.060547	155
10421.488281	148
10425.915039	147
10430.342773	154
10434.769531	150
10439.196289	134
10443.624023	138
10448.050781	146
10452.478516	156
10456.905273	163
10461.332031	150
10465.759766	143
10470.186523	143
10474.614258	147
10479.041016	142
10483.467773	142
10487.895508	152
10492.322266	155
10496.750000	160
10501.176758	142
10505.603516	148
10510.031250	155
10514.458008	140
10518.884766	149
10523.312500	145
10527.739258	135
10532.166992	142
10536.593750	138
10541.020508	128
10545.448242	128
10549.875000	134
10554.302734	128
10558.729492	138
10563.156250	151
10567.583984	146
10572.010742	132
10576.438477	133
10580.865234	124
10585.291992	108
10589.719727	119
10594.146484	125
10598.574219	114
10603.000977	119
10607.427734	129
10611.855469	120
10616.282227	109
10620.708984	116
10625.136719	124
10629.563477	120
10633.991211	101
10638.417969	94
10642.844727	104
10647.272461	116
10651.699219	120
10656.126953	117
10660.553711	109
10664.980469	113
10669.408203	109
10673.834961	111
10678.262695	103
10682.689453	111
10687.116211	121
10691.543945	112
10695.970703	107
10700.398438	104
10704.825195	99
10709.251953	113
10713.679688	115
10718.106445	107
10722.534180	101
10726.960938	100
10731.387695	96
10735.815430	92
10740.242188	90
10744.668945	88
10749.096680	90
10753.523438	93
10757.951172	92
10762.377930	85
10766.804688	86
10771.232422	82
10775.659180	88
10780.086914	96
10784.513672	86
10788.940430	81
10793.368164	85
10797.794922	83
10802.222656	80
10806.649414	71
10811.076172	64
10815.503906	70
10819.930664	77
10824.358398	66
10828.785156	48
10833.211914	42
10837.639648	54
10842.066406	52
10846.493164	53
10850.920898	48
10855.347656	51
10859.775391	55
10864.202148	51
10868.628906	53
10873.056641	47
10877.483398	46
10881.911133	41
10886.337891	36
10890.764648	39
10895.192383	39
10899.619141	43
10904.046875	34
10908.473633	35
10912.900391	31
10917.328125	36
10921.754883	37
10926.182617	35
10930.609375	32
10935.036133	36
10939.463867	30
10943.890625	29
10948.317383	29
10952.745117	26
10957.171875	28
10961.599609	24
10966.026367	31
10970.453125	28
10974.880859	27
10979.307617	19
10983.735352	15
10988.162109	26
10992.588867	24
10997.016602	19
11001.443359	18
11005.871094	20
11010.297852	17
11014.724609	19
11019.152344	19
11023.579102	12
11028.006836	13
11032.433594	12
11036.860352	6
11041.288086	5
11045.714844	10
11050.141602	10
11054.569336	10
11058.996094	9
11063.423828	8
11067.850586	6
11072.277344	6
11076.705078	7
11081.131836	4
11085.559570	3
11089.986328	2
11094.413086	1
11098.840820	0
11103.267578	0
11107.695313	0
11112.122070	0
11116.548828	0
11120.976563	0
11125.403320	0
11129.831055	0
11134.257813	0
11138.684570	0
11143.112305	0
11147.539063	0
11151.965820	0
11156.393555	0
11160.820313	0
11165.248047	0
11169.674805	0
11174.101563	0
11178.529297	0
11182.956055	0
11187.383789	0
11191.810547	0
11196.237305	0
11200.665039	0
11205.091797	0
11209.519531	0
11213.946289	0
11218.373047	0
11222.800781	0
11227.227539	0
11231.655273	0
11236.082031	0
11240.508789	0
11244.936523	0
11249.363281	0
11253.791016	0
11258.217773	0
11262.644531	0
11267.072266	0
11271.499023	0
11275.925781	0
11280.353516	0
11284.780273	0
11289.208008	0
11293.634766	0
11298.061523	0
11302.489258	0
11306.916016	0
11311.343750	0
11315.770508	0
11320.197266	0
11324.625000	0
11329.051758	0
11333.479492	0
11337.906250	0
11342.333008	0
11346.760742	0
11351.187500	0
11355.615234	0
11360.041992	0
11364.468750	0
11368.896484	0
11373.323242	0
11377.750000	0
11382.177734	0
11386.604492	0
11391.032227	0
11395.458984	0
11399.885742	0
11404.313477	0
11408.740234	0
11413.167969	0
11417.594727	0
11422.021484	0
11426.449219	0
11430.875977	0
11435.303711	0
11439.730469	0
11444.157227	0
11448.584961	0
11453.011719	0
11457.439453	0
11461.866211	0
11466.292969	0
11470.720703	0
11475.147461	0
11479.574219	0
11484.001953	0
11488.428711	0
11492.856445	0
11497.283203	0
11501.709961	0
11506.137695	0
11510.564453	0
11514.992188	0
11519.418945	0
11523.845703	0
11528.273438	0
11532.700195	0
11537.127930	0
11541.554688	0
11545.981445	0
11550.409180	0
11554.835938	0
11559.263672	0
11563.690430	0
11568.117188	0
11572.544922	0
11576.971680	0
11581.398438	0
11585.826172	0
11590.252930	0
11594.680664	0
11599.107422	0
11603.534180	0
11607.961914	0
11612.388672	0
11616.816406	0
11621.243164	0
11625.669922	0
11630.097656	0
11634.524414	0
11638.952148	0
11643.378906	0
11647.805664	0
11652.233398	0
11656.660156	0
11661.087891	0
11665.514648	0
11669.941406	0
11674.369141	0
11678.795898	0
11683.222656	0
11687.650391	0
11692.077148	0
11696.504883	0
11700.931641	0
11705.358398	0
11709.786133	0
11714.212891	0
11718.640625	0
11723.067383	0
11727.494141	0
11731.921875	0
11736.348633	0
11740.776367	0
11745.203125	0
11749.629883	0
11754.057617	0
11758.484375	0
11762.912109	0
11767.338867	0
11771.765625	0
11776.193359	0
11780.620117	0
11785.046875	0
11789.474609	0
11793.901367	0
11798.329102	0
11802.755859	0
11807.182617	0
11811.610352	0
11816.037109	0
11820.464844	0
11824.891602	0
11829.318359	0
11833.746094	0
11838.172852	0
11842.600586	0
11847.027344	0
11851.454102	0
11855.881836	0
11860.308594	0
11864.736328	0
11869.163086	0
11873.589844	0
11878.017578	0
11882.444336	0
11886.872070	0
11891.298828	0
11895.725586	0
11900.153320	0
11904.580078	0
11909.006836	0
11913.434570	0
11917.861328	0
11922.289063	0
11926.715820	0
11931.142578	0
11935.570313	0
11939.997070	0
11944.424805	0
11948.851563	0
11953.278320	0
11957.706055	0
11962.132813	0
11966.560547	0
11970.987305	0
11975.414063	0
11979.841797	0
11984.268555	0
11988.696289	0
11993.123047	0
11997.549805	0
12001.977539	0
12006.404297	0
12010.831055	0
12015.258789	0
12019.685547	0
12024.113281	0
12028.540039	0
12032.966797	0
12037.394531	0
12041.821289	0
12046.249023	0
12050.675781	0
12055.102539	0
12059.530273	0
12063.957031	0
12068.384766	0
12072.811523	0
12077.238281	0
12081.666016	0
12086.092773	0
12090.520508	0
12094.947266	0
12099.374023	0
12103.801758	0
12108.228516	0
12112.655273	0
12117.083008	0
12121.509766	0
12125.937500	0
12130.364258	0
12134.791016	0
12139.218750	0
12143.645508	0
12148.073242	0
12152.500000	0
12156.926758	0
12161.354492	0
12165.781250	0
12170.208984	0
12174.635742	0
12179.062500	0
12183.490234	0
12187.916992	0
12192.344727	0
12196.771484	0
12201.198242	0
12205.625977	0
12210.052734	0
12214.479492	0
12218.907227	0
12223.333984	0
12227.761719	0
12232.188477	0
12236.615234	0
12241.042969	0
12245.469727	0
12249.897461	0
12254.324219	0
12258.750977	0
12263.178711	0
12267.605469	0
12272.033203	0
12276.459961	0
12280.886719	0
12285.314453	0
12289.741211	0
12294.168945	0
12298.595703	0
12303.022461	0
12307.450195	0
12311.876953	0
12316.303711	0
12320.731445	0
12325.158203	0
12329.585938	0
12334.012695	0
12338.439453	0
12342.867188	0
12347.293945	0
12351.721680	0
12356.148438	0
12360.575195	0
12365.002930	0
12369.429688	0
12373.857422	0
12378.284180	0
12382.710938	0
12387.138672	0
12391.565430	0
12395.993164	0
12400.419922	0
12404.846680	0
12409.274414	0
12413.701172	0
