-4427.140137	0
-4422.712891	0
-4418.286133	0
-4413.858887	0
-4409.431641	0
-4405.004395	0
-4400.577637	0
-4396.150391	0
-4391.723145	0
-4387.295898	0
-4382.868652	0
-4378.441895	0
-4374.014648	0
-4369.587402	0
-4365.160156	0
-4360.732910	0
-4356.306152	0
-4351.878906	0
-4347.451660	0
-4343.024414	0
-4338.597656	0
-4334.170410	0
-4329.743164	0
-4325.315918	0
-4320.888672	0
-4316.461914	0
-4312.034668	0
-4307.607422	0
-4303.180176	0
-4298.753418	0
-4294.326172	0
-4289.898926	0
-4285.471680	0
-4281.044434	0
-4276.617676	0
-4272.190430	0
-4267.763184	0
-4263.335938	0
-4258.908691	0
-4254.481934	0
-4250.054688	0
-4245.627441	0
-4241.200195	0
-4236.773438	0
-4232.346191	0
-4227.918945	0
-4223.491699	0
-4219.064453	0
-4214.637695	0
-4210.210449	0
-4205.783203	0
-4201.355957	0
-4196.929199	0
-4192.501953	0
-4188.074707	0
-4183.647461	0
-4179.220215	0
-4174.793457	0
-4170.366211	0
-4165.938965	0
-4161.511719	0
-4157.084473	0
-4152.657715	0
-4148.230469	0
-4143.803223	0
-4139.375977	0
-4134.949219	0
-4130.521973	0
-4126.094727	0
-4121.667480	0
-4117.240234	0
-4112.813477	0
-4108.386230	0
-4103.958984	0
-4099.531738	0
-4095.104736	0
-4090.677490	0
-4086.250488	0
-4081.823242	0
-4077.396240	0
-4072.968994	0
-4068.541992	0
-4064.114746	0
-4059.687500	0
-4055.260498	0
-4050.833252	0
-4046.406250	0
-4041.979004	0
-4037.552002	0
-4033.124756	0
-4028.697754	0
-4024.270508	0
-4019.843262	0
-4015.416260	0
-4010.989014	0
-4006.562012	0
-4002.134766	0
-3997.707764	0
-3993.280518	0
-3988.853271	0
-3984.426270	0
-3979.999023	0
-3975.572021	0
-3971.144775	2
-3966.717773	5
-3962.290527	4
-3957.863281	4
-3953.436279	7
-3949.009033	9
-3944.582031	8
-3940.154785	8
-3935.727783	12
-3931.300537	12
-3926.873291	14
-3922.446289	16
-3918.019043	16
-3913.592041	14
-3909.164795	14
-3904.737793	16
-3900.310547	17
-3895.883545	19
-3891.456299	22
-3887.029053	24
-3882.602051	24
-3878.174805	20
-3873.747803	27
-3869.320557	30
-3864.893555	37
-3860.466309	34
-3856.039063	30
-3851.612061	32
-3847.184814	36
-3842.757813	33
-3838.330566	36
-3833.903564	30
-3829.476318	30
-3825.049072	36
-3820.622070	40
-3816.194824	49
-3811.767822	40
-3807.340576	37
-3802.913574	38
-3798.486328	40
-3794.059082	45
-3789.632080	51
-3785.204834	51
-3780.777832	46
-3776.350586	42
-3771.923584	52
-3767.496338	45
-3763.069336	44
-3758.642090	56
-3754.214844	51
-3749.787842	58
-3745.360596	54
-3740.933594	58
-3736.506348	51
-3732.079346	49
-3727.652100	57
-3723.224854	51
-3718.797852	61
-3714.370605	53
-3709.943604	44
-3705.516357	51
-3701.089355	47
-3696.662109	59
-3692.234863	63
-3687.807861	61
-3683.380615	63
-3678.953613	59
-3674.526367	67
-3670.099365	68
-3665.672119	62
-3661.244873	67
-3656.817871	75
-3652.390625	64
-3647.963623	73
-3643.536377	67
-3639.109375	70
-3634.682129	80
-3630.255127	72
-3625.827881	70
-3621.400635	68
-3616.973633	74
-3612.546387	63
-3608.119385	64
-3603.692139	72
-3599.265137	83
-3594.837891	74
-3590.410645	75
-3585.983643	69
-3581.556396	67
-3577.129395	67
-3572.702148	73
-3568.275146	68
-3563.847900	67
-3559.420654	74
-3554.993652	74
-3550.566406	75
-3546.139404	64
-3541.712158	65
-3537.285156	59
-3532.857910	64
-3528.430664	68
-3524.003662	67
-3519.576416	74
-3515.149414	68
-3510.722168	69
-3506.295166	78
-3501.867920	77
-3497.440918	79
-3493.013672	76
-3488.586426	64
-3484.159424	62
-3479.732178	61
-3475.305176	66
-3470.877930	68
-3466.450928	73
-3462.023682	71
-3457.596436	64
-3453.169434	57
-3448.742188	67
-3444.315186	74
-3439.887939	75
-3435.460938	76
-3431.033691	77
-3426.606445	67
-3422.179443	61
-3417.752197	67
-3413.325195	74
-3408.897949	66
-3404.470947	70
-3400.043701	72
-3395.616455	61
-3391.189453	62
-3386.762207	73
-3382.335205	71
-3377.907959	64
-3373.480957	69
-3369.053711	70
-3364.626709	64
-3360.199463	66
-3355.772217	62
-3351.345215	66
-3346.917969	74
-3342.490967	76
-3338.063721	76
-3333.636719	69
-3329.209473	69
-3324.782227	77
-3320.355225	78
-3315.927979	75
-3311.500977	69
-3307.073730	70
-3302.646729	71
-3298.219482	72
-3293.792236	73
-3289.365234	68
-3284.937988	73
-3280.510986	76
-3276.083740	76
-3271.656738	80
-3267.229492	82
-3262.802246	69
-3258.375244	65
-3253.947998	73
-3249.520996	79
-3245.093750	78
-3240.666748	78
-3236.239502	78
-3231.812500	65
-3227.385254	66
-3222.958008	73
-3218.531006	71
-3214.103760	69
-3209.676758	66
-3205.249512	69
-3200.822510	76
-3196.395264	76
-3191.968018	72
-3187.541016	74
-3183.113770	78
-3178.686768	71
-3174.259521	75
-3169.832520	65
-3165.405273	63
-3160.978027	82
-3156.551025	67
-3152.123779	66
-3147.696777	80
-3143.269531	73
-3138.842529	66
-3134.415283	64
-3129.988281	64
-3125.561035	71
-3121.133789	69
-3116.706787	68
-3112.279541	69
-3107.852539	65
-3103.425293	60
-3098.998291	57
-3094.571045	55
-3090.143799	67
-3085.716797	71
-3081.289551	75
-3076.862549	75
-3072.435303	79
-3068.008301	71
-3063.581055	71
-3059.153809	72
-3054.726807	65
-3050.299561	60
-3045.872559	59
-3041.445313	72
-3037.018311	57
-3032.591064	75
-3028.163818	69
-3023.736816	70
-3019.309570	65
-3014.882568	74
-3010.455322	70
-3006.028320	63
-3001.601074	76
-2997.174072	79
-2992.746826	75
-2988.319580	77
-2983.892578	73
-2979.465332	70
-2975.038330	74
-2970.611084	80
-2966.184082	73
-2961.756836	71
-2957.329590	80
-2952.902588	77
-2948.475342	73
-2944.048340	75
-2939.621094	80
-2935.194092	72
-2930.766846	69
-2926.339600	71
-2921.912598	63
-2917.485352	66
-2913.058350	70
-2908.631104	66
-2904.204102	62
-2899.776855	66
-2895.349609	67
-2890.922607	82
-2886.495361	84
-2882.068359	80
-2877.641113	69
-2873.214111	64
-2868.786865	71
-2864.359863	70
-2859.932617	60
-2855.505371	65
-2851.078369	64
-2846.651123	67
-2842.224121	72
-2837.796875	81
-2833.369873	70
-2828.942627	65
-2824.515381	67
-2820.088379	68
-2815.661133	78
-2811.234131	79
-2806.806885	76
-2802.379883	78
-2797.952637	69
-2793.525391	65
-2789.098389	67
-2784.671143	67
-2780.244141	66
-2775.816895	80
-2771.389893	92
-2766.962646	81
-2762.535400	70
-2758.108398	66
-2753.681152	71
-2749.254150	67
-2744.826904	72
-2740.399902	66
-2735.972656	65
-2731.545654	63
-2727.118408	70
-2722.691162	79
-2718.264160	80
-2713.836914	71
-2709.409912	70
-2704.982666	80
-2700.555664	73
-2696.128418	74
-2691.701172	67
-2687.274170	71
-2682.846924	70
-2678.419922	66
-2673.992676	67
-2669.565674	68
-2665.138428	63
-2660.711182	66
-2656.284180	67
-2651.856934	65
-2647.429932	65
-2643.002686	77
-2638.575684	67
-2634.148438	61
-2629.721191	66
-2625.294189	59
-2620.866943	67
-2616.439941	75
-2612.012695	75
-2607.585693	76
-2603.158447	72
-2598.731445	67
-2594.304199	69
-2589.876953	65
-2585.449951	62
-2581.022705	65
-2576.595703	71
-2572.168457	72
-2567.741455	69
-2563.314209	70
-2558.886963	64
-2554.459961	67
-2550.032715	76
-2545.605713	67
-2541.178467	81
-2536.751465	76
-2532.324219	70
-2527.896973	75
-2523.469971	74
-2519.042725	71
-2514.615723	71
-2510.188477	65
-2505.761475	72
-2501.334229	74
-2496.906982	76
-2492.479980	65
-2488.052734	64
-2483.625732	64
-2479.198486	64
-2474.771484	65
-2470.344238	61
-2465.917236	54
-2461.489990	60
-2457.062744	79
-2452.635742	78
-2448.208496	67
-2443.781494	70
-2439.354248	63
-2434.927246	63
-2430.500000	67
-2426.072754	70
-2421.645752	75
-2417.218506	75
-2412.791504	71
-2408.364258	76
-2403.937256	73
-2399.510010	63
-2395.082764	60
-2390.655762	71
-2386.228516	65
-2381.801514	66
-2377.374268	66
-2372.947266	76
-2368.520020	71
-2364.093018	74
-2359.665771	81
-2355.238525	72
-2350.811523	56
-2346.384277	63
-2341.957275	63
-2337.530029	62
-2333.103027	59
-2328.675781	59
-2324.248535	61
-2319.821533	61
-2315.394287	63
-2310.967285	68
-2306.540039	67
-2302.113037	68
-2297.685791	72
-2293.258545	66
-2288.831543	65
-2284.404297	69
-2279.977295	68
-2275.550049	67
-2271.123047	76
-2266.695801	70
-2262.268555	73
-2257.841553	74
-2253.414307	71
-2248.987305	70
-2244.560059	65
-2240.133057	76
-2235.705811	85
-2231.278809	78
-2226.851563	71
-2222.424316	78
-2217.997314	69
-2213.570068	60
-2209.143066	63
-2204.715820	65
-2200.288818	65
-2195.861572	59
-2191.434326	52
-2187.007324	58
-2182.580078	70
-2178.153076	64
-2173.725830	67
-2169.298828	70
-2164.871582	73
-2160.444336	72
-2156.017334	76
-2151.590088	71
-2147.163086	77
-2142.735840	78
-2138.308838	78
-2133.881592	73
-2129.454346	70
-2125.027344	71
-2120.600098	76
-2116.173096	74
-2111.745850	65
-2107.318848	69
-2102.891602	63
-2098.464600	59
-2094.037354	60
-2089.610107	58
-2085.183105	67
-2080.755859	70
-2076.328857	82
-2071.901611	73
-2067.474609	72
-2063.047363	77
-2058.620117	69
-2054.193115	63
-2049.765869	72
-2045.338745	72
-2040.911621	65
-2036.484497	67
-2032.057373	63
-2027.630249	74
-2023.203125	81
-2018.776001	86
-2014.348877	75
-2009.921631	75
-2005.494507	71
-2001.067383	69
-1996.640259	66
-1992.213135	68
-1987.786011	76
-1983.358887	68
-1978.931641	68
-1974.504517	58
-1970.077393	69
-1965.650269	71
-1961.223145	64
-1956.796021	56
-1952.368896	65
-1947.941772	73
-1943.514526	72
-1939.087402	70
-1934.660278	60
-1930.233154	61
-1925.806030	68
-1921.378906	65
-1916.951782	69
-1912.524536	72
-1908.097412	75
-1903.670288	71
-1899.243164	73
-1894.816040	62
-1890.388916	67
-1885.961792	82
-1881.534668	71
-1877.107422	58
-1872.680298	68
-1868.253174	81
-1863.826050	76
-1859.398926	76
-1854.971802	75
-1850.544678	72
-1846.117432	73
-1841.690308	68
-1837.263184	74
-1832.836060	68
-1828.408936	72
-1823.981812	67
-1819.554688	80
-1815.127563	71
-1810.700317	85
-1806.273193	77
-1801.846069	64
-1797.418945	64
-1792.991821	69
-1788.564697	60
-1784.137573	66
-1779.710327	81
-1775.283203	84
-1770.856079	74
-1766.428955	68
-1762.001831	72
-1757.574707	65
-1753.147583	73
-1748.720459	78
-1744.293213	67
-1739.866089	65
-1735.438965	68
-1731.011841	73
-1726.584717	64
-1722.157593	77
-1717.730469	77
-1713.303223	64
-1708.876099	60
-1704.448975	65
-1700.021851	81
-1695.594727	77
-1691.167603	66
-1686.740479	64
-1682.313354	70
-1677.886108	75
-1673.458984	79
-1669.031860	70
-1664.604736	68
-1660.177612	68
-1655.750488	70
-1651.323364	74
-1646.896118	69
-1642.468994	77
-1638.041870	68
-1633.614746	69
-1629.187622	75
-1624.760498	80
-1620.333374	74
-1615.906250	75
-1611.479004	72
-1607.051880	68
-1602.624756	69
-1598.197632	78
-1593.770508	83
-1589.343384	79
-1584.916260	66
-1580.489014	74
-1576.061890	69
-1571.634766	64
-1567.207642	67
-1562.780518	69
-1558.353394	76
-1553.926270	64
-1549.499146	68
-1545.071899	67
-1540.644775	67
-1536.217651	73
-1531.790527	70
-1527.363403	67
-1522.936279	74
-1518.509155	75
-1514.081909	66
-1509.654785	63
-1505.227661	71
-1500.800537	78
-1496.373413	65
-1491.946289	64
-1487.519165	77
-1483.092041	72
-1478.664795	80
-1474.237671	72
-1469.810547	55
-1465.383423	64
-1460.956299	61
-1456.529175	64
-1452.102051	65
-1447.674805	61
-1443.247681	63
-1438.820557	75
-1434.393433	78
-1429.966309	77
-1425.539185	74
-1421.112061	73
-1416.684937	67
-1412.257690	63
-1407.830566	57
-1403.403442	59
-1398.976318	72
-1394.549194	85
-1390.122070	81
-1385.694946	71
-1381.267700	69
-1376.840576	60
-1372.413452	79
-1367.986328	73
-1363.559204	61
-1359.132080	71
-1354.704956	77
-1350.277832	75
-1345.850586	67
-1341.423462	70
-1336.996338	66
-1332.569214	64
-1328.142090	73
-1323.714966	69
-1319.287842	74
-1314.860596	74
-1310.433472	74
-1306.006348	66
-1301.579224	64
-1297.152100	67
-1292.724976	68
-1288.297852	69
-1283.870728	68
-1279.443481	72
-1275.016357	72
-1270.589233	64
-1266.162109	66
-1261.734985	72
-1257.307861	75
-1252.880737	62
-1248.453491	58
-1244.026367	69
-1239.599243	64
-1235.172119	77
-1230.744995	80
-1226.317871	77
-1221.890747	66
-1217.463623	71
-1213.036377	72
-1208.609253	65
-1204.182129	73
-1199.755005	84
-1195.327881	80
-1190.900757	73
-1186.473633	79
-1182.046509	76
-1177.619263	71
-1173.192139	65
-1168.765015	65
-1164.337891	64
-1159.910767	62
-1155.483643	69
-1151.056519	72
-1146.629272	66
-1142.202148	74
-1137.775024	81
-1133.347900	74
-1128.920776	70
-1124.493652	81
-1120.066528	76
-1115.639404	72
-1111.212158	64
-1106.785034	63
-1102.357910	66
-1097.930786	67
-1093.503662	70
-1089.076538	65
-1084.649414	78
-1080.222168	69
-1075.795044	67
-1071.367920	78
-1066.940796	70
-1062.513672	63
-1058.086548	70
-1053.659424	77
-1049.232300	82
-1044.805054	79
-1040.377930	77
-1035.950806	81
-1031.523682	73
-1027.096558	70
-1022.669373	70
-1018.242249	76
-1013.815125	76
-1009.388000	72
-1004.960815	78
-1000.533691	78
-996.106567	72
-991.679443	70
-987.252258	68
-982.825134	63
-978.398010	68
-973.970886	77
-969.543701	71
-965.116577	69
-960.689453	66
-956.262268	63
-951.835144	59
-947.408020	72
-942.980896	83
-938.553711	84
-934.126587	79
-929.699463	72
-925.272339	79
-920.845154	75
-916.418030	81
-911.990906	66
-907.563782	59
-903.136597	72
-898.709473	79
-894.282349	85
-889.855164	77
-885.428040	74
-881.000916	82
-876.573792	80
-872.146606	77
-867.719482	83
-863.292358	82
-858.865234	74
-854.438049	80
-850.010925	75
-845.583801	84
-841.156677	75
-836.729492	74
-832.302368	77
-827.875244	82
-823.448059	81
-819.020935	64
-814.593811	71
-810.166687	81
-805.739502	82
-801.312378	71
-796.885254	66
-792.458130	77
-788.030945	86
-783.603821	82
-779.176697	81
-774.749573	86
-770.322388	80
-765.895264	77
-761.468140	72
-757.040955	79
-752.613831	81
-748.186707	76
-743.759583	75
-739.332397	73
-734.905273	74
-730.478149	82
-726.051025	83
-721.623840	78
-717.196716	80
-712.769592	74
-708.342468	77
-703.915283	78
-699.488159	82
-695.061035	81
-690.633850	75
-686.206726	80
-681.779602	71
-677.352478	70
-672.925293	81
-668.498169	83
-664.071045	87
-659.643921	84
-655.216736	79
-650.789612	78
-646.362488	79
-641.935364	82
-637.508179	78
-633.081055	78
-628.653931	80
-624.226746	76
-619.799622	74
-615.372498	78
-610.945374	85
-606.518188	79
-602.091064	78
-597.663940	78
-593.236816	77
-588.809631	73
-584.382507	82
-579.955383	93
-575.528259	83
-571.101074	83
-566.673950	92
-562.246826	81
-557.819702	83
-553.392517	81
-548.965393	77
-544.538269	82
-540.111084	72
-535.683960	72
-531.256836	68
-526.829712	62
-522.402527	78
-517.975403	88
-513.548279	79
-509.121124	71
-504.694000	80
-500.266846	82
-495.839722	79
-491.412567	87
-486.985443	74
-482.558289	83
-478.131134	88
-473.704010	89
-469.276855	91
-464.849731	93
-460.422577	88
-455.995453	92
-451.568298	91
-447.141174	86
-442.714020	91
-438.286896	95
-433.859741	98
-429.432617	95
-425.005463	90
-420.578339	88
-416.151184	84
-411.724030	92
-407.296906	90
-402.869751	97
-398.442627	97
-394.015472	99
-389.588348	91
-385.161194	91
-380.734070	87
-376.306915	94
-371.879791	92
-367.452637	96
-363.025513	95
-358.598358	97
-354.171234	97
-349.744080	89
-345.316925	108
-340.889801	103
-336.462646	98
-332.035522	95
-327.608368	93
-323.181244	91
-318.754089	98
-314.326965	109
-309.899811	119
-305.472687	113
-301.045532	112
-296.618408	118
-292.191254	108
-287.764130	110
-283.336975	103
-278.909851	107
-274.482697	112
-270.055542	118
-265.628418	124
-261.201263	133
-256.774139	150
-252.347000	146
-247.919861	139
-243.492722	138
-239.065567	133
-234.638428	144
-230.211288	159
-225.784149	153
-221.357010	153
-216.929871	152
-212.502731	173
-208.075592	180
-203.648453	168
-199.221313	167
-194.794174	179
-190.367035	191
-185.939896	202
-181.512756	215
-177.085617	224
-172.658463	237
-168.231323	246
-163.804184	257
-159.377045	262
-154.949905	277
-150.522766	301
-146.095627	303
-141.668488	329
-137.241348	364
-132.814209	381
-128.387070	425
-123.959930	467
-119.532784	493
-115.105644	534
-110.678505	597
-106.251366	687
-101.824226	806
-97.397087	940
-92.969948	1060
-88.542809	1210
-84.115662	1462
-79.688522	1784
-75.261383	2195
-70.834244	2790
-66.407104	3529
-61.979965	4410
-57.552822	5238
-53.125683	5856
-48.698544	6389
-44.271404	6875
-39.844261	7295
-35.417122	7638
-30.989983	7887
-26.562841	8040
-22.135702	8188
-17.708561	8285
-13.281421	8359
-8.854280	8376
-4.427140	8417
0.000000	8434
4.427140	8368
8.854280	8287
13.281421	8207
17.708561	8093
22.135702	7935
26.562841	7685
30.989983	7405
35.417122	7097
39.844261	6775
44.271404	6407
48.698544	5885
53.125683	5054
57.552822	4102
61.979965	3152
66.407104	2486
70.834244	2032
75.261383	1714
79.688522	1418
84.115662	1155
88.542809	975
92.969948	852
97.397087	764
101.824226	679
106.251366	596
110.678505	528
115.105644	484
119.532784	430
123.959930	385
128.387070	370
132.814209	357
137.241348	318
141.668488	315
146.095627	297
150.522766	275
154.949905	239
159.377045	217
163.804184	208
168.231323	214
172.658463	201
177.085617	191
181.512756	180
185.939896	186
190.367035	168
194.794174	171
199.221313	175
203.648453	175
208.075592	168
212.502731	146
216.929871	148
221.357010	142
225.784149	145
230.211288	137
234.638428	134
239.065567	135
243.492722	120
247.919861	123
252.347000	117
256.774139	124
261.201263	134
265.628418	137
270.055542	130
274.482697	128
278.909851	120
283.336975	117
287.764130	112
292.191254	112
296.618408	104
301.045532	102
305.472687	102
309.899811	99
314.326965	105
318.754089	101
323.181244	100
327.608368	113
332.035522	128
336.462646	127
340.889801	106
345.316925	106
349.744080	101
354.171234	103
358.598358	110
363.025513	104
367.452637	106
371.879791	99
376.306915	108
380.734070	104
385.161194	101
389.588348	97
394.015472	95
398.442627	85
402.869751	86
407.296906	105
411.724030	104
416.151184	105
420.578339	98
425.005463	84
429.432617	90
433.859741	96
438.286896	93
442.714020	90
447.141174	87
451.568298	99
455.995453	92
460.422577	95
464.849731	96
469.276855	95
473.704010	94
478.131134	94
482.558289	90
486.985443	89
491.412567	95
495.839722	95
500.266846	85
504.694000	91
509.121124	99
513.548279	94
517.975403	85
522.402527	85
526.829712	88
531.256836	90
535.683960	93
540.111084	90
544.538269	102
548.965393	93
553.392517	89
557.819702	93
562.246826	94
566.673950	94
571.101074	91
575.528259	91
579.955383	91
584.382507	95
588.809631	86
593.236816	88
597.663940	87
602.091064	97
606.518188	97
610.945374	93
615.372498	98
619.799622	93
624.226746	98
628.653931	97
633.081055	94
637.508179	93
641.935364	87
646.362488	85
650.789612	87
655.216736	86
659.643921	77
664.071045	78
668.498169	86
672.925293	95
677.352478	85
681.779602	92
686.206726	83
690.633850	80
695.061035	90
699.488159	95
703.915283	88
708.342468	90
712.769592	89
717.196716	87
721.623840	86
726.051025	96
730.478149	89
734.905273	79
739.332397	77
743.759583	92
748.186707	89
752.613831	90
757.040955	97
761.468140	91
765.895264	90
770.322388	95
774.749573	93
779.176697	89
783.603821	92
788.030945	102
792.458130	94
796.885254	85
801.312378	82
805.739502	85
810.166687	78
814.593811	84
819.020935	90
823.448059	91
827.875244	95
832.302368	94
836.729492	98
841.156677	93
845.583801	87
850.010925	90
854.438049	88
858.865234	93
863.292358	89
867.719482	89
872.146606	94
876.573792	86
881.000916	82
885.428040	89
889.855164	104
894.282349	101
898.709473	95
903.136597	104
907.563782	103
911.990906	102
916.418030	88
920.845154	89
925.272339	81
929.699463	82
934.126587	76
938.553711	84
942.980896	95
947.408020	97
951.835144	97
956.262268	89
960.689453	91
965.116577	108
969.543701	98
973.970886	89
978.398010	85
982.825134	93
987.252258	97
991.679443	90
996.106567	92
1000.533691	92
1004.960815	88
1009.388000	96
1013.815125	102
1018.242249	94
1022.669373	88
1027.096558	96
1031.523682	99
1035.950806	84
1040.377930	100
1044.805054	102
1049.232300	107
1053.659424	112
1058.086548	101
1062.513672	91
1066.940796	87
1071.367920	93
1075.795044	100
1080.222168	88
1084.649414	95
1089.076538	87
1093.503662	85
1097.930786	90
1102.357910	94
1106.785034	84
1111.212158	86
1115.639404	93
1120.066528	95
1124.493652	93
1128.920776	92
1133.347900	104
1137.775024	101
1142.202148	92
1146.629272	98
1151.056519	98
1155.483643	102
1159.910767	94
1164.337891	99
1168.765015	97
1173.192139	94
1177.619263	95
1182.046509	99
1186.473633	94
1190.900757	91
1195.327881	90
1199.755005	97
1204.182129	98
1208.609253	97
1213.036377	95
1217.463623	85
1221.890747	90
1226.317871	94
1230.744995	95
1235.172119	93
1239.599243	98
1244.026367	96
1248.453491	100
1252.880737	97
1257.307861	105
1261.734985	101
1266.162109	105
1270.589233	98
1275.016357	103
1279.443481	89
1283.870728	99
1288.297852	111
1292.724976	109
1297.152100	96
1301.579224	98
1306.006348	93
1310.433472	96
1314.860596	99
1319.287842	105
1323.714966	97
1328.142090	94
1332.569214	94
1336.996338	88
1341.423462	97
1345.850586	109
1350.277832	101
1354.704956	102
1359.132080	102
1363.559204	95
1367.986328	97
1372.413452	108
1376.840576	108
1381.267700	106
1385.694946	97
1390.122070	97
1394.549194	93
1398.976318	90
1403.403442	98
1407.830566	103
1412.257690	101
1416.684937	93
1421.112061	98
1425.539185	101
1429.966309	102
1434.393433	96
1438.820557	101
1443.247681	97
1447.674805	102
1452.102051	102
1456.529175	105
1460.956299	101
1465.383423	106
1469.810547	99
1474.237671	97
1478.664795	100
1483.092041	101
1487.519165	100
1491.946289	101
1496.373413	101
1500.800537	105
1505.227661	107
1509.654785	109
1514.081909	112
1518.509155	104
1522.936279	96
1527.363403	99
1531.790527	103
1536.217651	97
1540.644775	96
1545.071899	96
1549.499146	101
1553.926270	107
1558.353394	113
1562.780518	107
1567.207642	99
1571.634766	95
1576.061890	100
1580.489014	95
1584.916260	97
1589.343384	108
1593.770508	94
1598.197632	95
1602.624756	101
1607.051880	104
1611.479004	108
1615.906250	114
1620.333374	112
1624.760498	107
1629.187622	116
1633.614746	113
1638.041870	111
1642.468994	107
1646.896118	112
1651.323364	102
1655.750488	98
1660.177612	124
1664.604736	118
1669.031860	110
1673.458984	91
1677.886108	103
1682.313354	101
1686.740479	105
1691.167603	105
1695.594727	108
1700.021851	110
1704.448975	110
1708.876099	115
1713.303223	112
1717.730469	106
1722.157593	109
1726.584717	106
1731.011841	109
1735.438965	108
1739.866089	105
1744.293213	101
1748.720459	86
1753.147583	96
1757.574707	109
1762.001831	104
1766.428955	101
1770.856079	103
1775.283203	107
1779.710327	107
1784.137573	104
1788.564697	101
1792.991821	100
1797.418945	105
1801.846069	106
1806.273193	106
1810.700317	109
1815.127563	113
1819.554688	107
1823.981812	107
1828.408936	108
1832.836060	114
1837.263184	113
1841.690308	106
1846.117432	114
1850.544678	112
1854.971802	110
1859.398926	106
1863.826050	99
1868.253174	98
1872.680298	99
1877.107422	111
1881.534668	113
1885.961792	102
1890.388916	92
1894.816040	99
1899.243164	110
1903.670288	107
1908.097412	95
1912.524536	95
1916.951782	110
1921.378906	107
1925.806030	107
1930.233154	109
1934.660278	117
1939.087402	106
1943.514526	111
1947.941772	114
1952.368896	103
1956.796021	102
1961.223145	110
1965.650269	119
1970.077393	108
1974.504517	110
1978.931641	108
1983.358887	117
1987.786011	117
1992.213135	100
1996.640259	106
2001.067383	115
2005.494507	116
2009.921631	104
2014.348877	104
2018.776001	111
2023.203125	109
2027.630249	104
2032.057373	105
2036.484497	115
2040.911621	114
2045.338745	108
2049.765869	105
2054.193115	107
2058.620117	112
2063.047363	103
2067.474609	106
2071.901611	99
2076.328857	102
2080.755859	106
2085.183105	108
2089.610107	107
2094.037354	109
2098.464600	105
2102.891602	109
2107.318848	102
2111.745850	106
2116.173096	117
2120.600098	113
2125.027344	111
2129.454346	106
2133.881592	109
2138.308838	111
2142.735840	110
2147.163086	107
2151.590088	116
2156.017334	110
2160.444336	109
2164.871582	103
2169.298828	110
2173.725830	116
2178.153076	112
2182.580078	116
2187.007324	117
2191.434326	118
2195.861572	103
2200.288818	100
2204.715820	106
2209.143066	100
2213.570068	110
2217.997314	104
2222.424316	108
2226.851563	119
2231.278809	113
2235.705811	113
2240.133057	107
2244.560059	106
2248.987305	110
2253.414307	107
2257.841553	113
2262.268555	114
2266.695801	113
2271.123047	116
2275.550049	109
2279.977295	105
2284.404297	101
2288.831543	105
2293.258545	110
2297.685791	109
2302.113037	103
2306.540039	106
2310.967285	124
2315.394287	119
2319.821533	115
2324.248535	115
2328.675781	118
2333.103027	114
2337.530029	118
2341.957275	116
2346.384277	102
2350.811523	113
2355.238525	116
2359.665771	115
2364.093018	101
2368.520020	102
2372.947266	115
2377.374268	102
2381.801514	112
2386.228516	122
2390.655762	113
2395.082764	115
2399.510010	126
2403.937256	123
2408.364258	117
2412.791504	112
2417.218506	119
2421.645752	127
2426.072754	118
2430.500000	117
2434.927246	118
2439.354248	111
2443.781494	117
2448.208496	108
2452.635742	113
2457.062744	101
2461.489990	110
2465.917236	116
2470.344238	116
2474.771484	121
2479.198486	116
2483.625732	113
2488.052734	118
2492.479980	124
2496.906982	122
2501.334229	121
2505.761475	112
2510.188477	112
2514.615723	108
2519.042725	114
2523.469971	109
2527.896973	95
2532.324219	110
2536.751465	118
2541.178467	120
2545.605713	112
2550.032715	109
2554.459961	109
2558.886963	120
2563.314209	119
2567.741455	109
2572.168457	103
2576.595703	127
2581.022705	130
2585.449951	115
2589.876953	120
2594.304199	126
2598.731445	119
2603.158447	108
2607.585693	116
2612.012695	129
2616.439941	126
2620.866943	121
2625.294189	113
2629.721191	114
2634.148438	119
2638.575684	118
2643.002686	121
2647.429932	118
2651.856934	117
2656.284180	119
2660.711182	116
2665.138428	115
2669.565674	126
2673.992676	122
2678.419922	115
2682.846924	107
2687.274170	115
2691.701172	115
2696.128418	114
2700.555664	122
2704.982666	123
2709.409912	115
2713.836914	114
2718.264160	115
2722.691162	109
2727.118408	111
2731.545654	117
2735.972656	126
2740.399902	119
2744.826904	113
2749.254150	118
2753.681152	113
2758.108398	106
2762.535400	113
2766.962646	117
2771.389893	106
2775.816895	120
2780.244141	107
2784.671143	101
2789.098389	112
2793.525391	120
2797.952637	110
2802.379883	109
2806.806885	120
2811.234131	131
2815.661133	125
2820.088379	117
2824.515381	112
2828.942627	106
2833.369873	111
2837.796875	112
2842.224121	107
2846.651123	112
2851.078369	127
2855.505371	127
2859.932617	117
2864.359863	120
2868.786865	113
2873.214111	109
2877.641113	108
2882.068359	105
2886.495361	104
2890.922607	107
2895.349609	119
2899.776855	128
2904.204102	128
2908.631104	124
2913.058350	121
2917.485352	118
2921.912598	112
2926.339600	121
2930.766846	111
2935.194092	107
2939.621094	111
2944.048340	115
2948.475342	113
2952.902588	110
2957.329590	114
2961.756836	125
2966.184082	116
2970.611084	120
2975.038330	127
2979.465332	130
2983.892578	125
2988.319580	119
2992.746826	125
2997.174072	112
3001.601074	120
3006.028320	120
3010.455322	115
3014.882568	113
3019.309570	110
3023.736816	115
3028.163818	120
3032.591064	130
3037.018311	116
3041.445313	104
3045.872559	110
3050.299561	110
3054.726807	111
3059.153809	116
3063.581055	127
3068.008301	125
3072.435303	125
3076.862549	110
3081.289551	111
3085.716797	111
3090.143799	103
3094.571045	108
3098.998291	115
3103.425293	114
3107.852539	124
3112.279541	130
3116.706787	126
3121.133789	126
3125.561035	112
3129.988281	110
3134.415283	111
3138.842529	114
3143.269531	115
3147.696777	114
3152.123779	130
3156.551025	126
3160.978027	125
3165.405273	119
3169.832520	117
3174.259521	119
3178.686768	118
3183.113770	122
3187.541016	130
3191.968018	125
3196.395264	121
3200.822510	114
3205.249512	115
3209.676758	113
3214.103760	113
3218.531006	128
3222.958008	117
3227.385254	123
3231.812500	130
3236.239502	128
3240.666748	109
3245.093750	121
3249.520996	122
3253.947998	124
3258.375244	119
3262.802246	121
3267.229492	124
3271.656738	114
3276.083740	120
3280.510986	114
3284.937988	110
3289.365234	125
3293.792236	125
3298.219482	114
3302.646729	117
3307.073730	118
3311.500977	117
3315.927979	128
3320.355225	134
3324.782227	123
3329.209473	111
3333.636719	117
3338.063721	121
3342.490967	113
3346.917969	120
3351.345215	122
3355.772217	127
3360.199463	113
3364.626709	121
3369.053711	127
3373.480957	114
3377.907959	118
3382.335205	123
3386.762207	113
3391.189453	118
3395.616455	122
3400.043701	123
3404.470947	129
3408.897949	123
3413.325195	114
3417.752197	112
3422.179443	114
3426.606445	125
3431.033691	126
3435.460938	122
3439.887939	131
3444.315186	136
3448.742188	142
3453.169434	124
3457.596436	130
3462.023682	134
3466.450928	124
3470.877930	123
3475.305176	125
3479.732178	130
3484.159424	134
3488.586426	130
3493.013672	125
3497.440918	121
3501.867920	123
3506.295166	123
3510.722168	117
3515.149414	108
3519.576416	123
3524.003662	137
3528.430664	143
3532.857910	134
3537.285156	123
3541.712158	116
3546.139404	126
3550.566406	139
3554.993652	126
3559.420654	116
3563.847900	122
3568.275146	131
3572.702148	130
3577.129395	122
3581.556396	121
3585.983643	132
3590.410645	137
3594.837891	130
3599.265137	142
3603.692139	148
3608.119385	141
3612.546387	138
3616.973633	135
3621.400635	140
3625.827881	137
3630.255127	146
3634.682129	139
3639.109375	141
3643.536377	141
3647.963623	137
3652.390625	143
3656.817871	144
3661.244873	146
3665.672119	159
3670.099365	164
3674.526367	147
3678.953613	159
3683.380615	160
3687.807861	157
3692.234863	162
3696.662109	176
3701.089355	165
3705.516357	173
3709.943604	182
3714.370605	188
3718.797852	193
3723.224854	202
3727.652100	213
3732.079346	229
3736.506348	224
3740.933594	227
3745.360596	235
3749.787842	247
3754.214844	257
3758.642090	257
3763.069336	274
3767.496338	285
3771.923584	286
3776.350586	289
3780.777832	311
3785.204834	336
3789.632080	349
3794.059082	355
3798.486328	366
3802.913574	395
3807.340576	441
3811.767822	455
3816.194824	459
3820.622070	488
3825.049072	527
3829.476318	553
3833.903564	576
3838.330566	601
3842.757813	620
3847.184814	634
3851.612061	674
3856.039063	712
3860.466309	747
3864.893555	765
3869.320557	816
3873.747803	862
3878.174805	871
3882.602051	896
3887.029053	924
3891.456299	935
3895.883545	950
3900.310547	983
3904.737793	1043
3909.164795	1083
3913.592041	1124
3918.019043	1167
3922.446289	1214
3926.873291	1278
3931.300537	1344
3935.727783	1395
3940.154785	1393
3944.582031	1398
3949.009033	1425
3953.436279	1445
3957.863281	1432
3962.290527	1444
3966.717773	1468
3971.144775	1499
3975.572021	1514
3979.999023	1526
3984.426270	1558
3988.853271	1634
3993.280518	1686
3997.707764	1776
4002.134766	1865
4006.562012	1903
4010.989014	1984
4015.416260	1995
4019.843262	2019
4024.270508	2082
4028.697754	2096
4033.124756	2054
4037.552002	2042
4041.979004	2083
4046.406250	2119
4050.833252	2144
4055.260498	2162
4059.687500	2144
4064.114746	2111
4068.541992	2090
4072.968994	2080
4077.396240	2078
4081.823242	2056
4086.250488	2055
4090.677490	2022
4095.104736	1969
4099.531738	1966
4103.958984	1972
4108.386230	1978
4112.813477	2026
4117.240234	2059
4121.667480	2096
4126.094727	2111
4130.521973	2150
4134.949219	2172
4139.375977	2175
4143.803223	2181
4148.230469	2148
4152.657715	2184
4157.084473	2212
4161.511719	2187
4165.938965	2214
4170.366211	2211
4174.793457	2206
4179.220215	2254
4183.647461	2278
4188.074707	2269
4192.501953	2276
4196.929199	2320
4201.355957	2326
4205.783203	2300
4210.210449	2276
4214.637695	2278
4219.064453	2278
4223.491699	2286
4227.918945	2319
4232.346191	2343
4236.773438	2346
4241.200195	2323
4245.627441	2288
4250.054688	2293
4254.481934	2303
4258.908691	2303
4263.335938	2284
4267.763184	2299
4272.190430	2281
4276.617676	2269
4281.044434	2227
4285.471680	2192
4289.898926	2214
4294.326172	2217
4298.753418	2212
4303.180176	2235
4307.607422	2227
4312.034668	2186
4316.461914	2161
4320.888672	2142
4325.315918	2108
4329.743164	2072
4334.170410	2028
4338.597656	2020
4343.024414	2043
4347.451660	2039
4351.878906	2044
4356.306152	2076
4360.732910	2100
4365.160156	2133
4369.587402	2188
4374.014648	2217
4378.441895	2243
4382.868652	2250
4387.295898	2258
4391.723145	2306
4396.150391	2332
4400.577637	2366
4405.004395	2399
4409.431641	2428
4413.858887	2450
4418.286133	2491
4422.712891	2493
4427.140137	2476
4431.567383	2467
4435.994629	2492
4440.421875	2543
4444.848633	2549
4449.275879	2525
4453.703125	2540
4458.130371	2531
4462.557617	2531
4466.984375	2542
4471.411621	2536
4475.838867	2539
4480.266113	2504
4484.692871	2501
4489.120117	2514
4493.547363	2510
4497.974609	2530
4502.401855	2538
4506.828613	2544
4511.255859	2536
4515.683105	2521
4520.110352	2525
4524.537109	2491
4528.964355	2478
4533.391602	2501
4537.818848	2497
4542.246094	2501
4546.672852	2494
4551.100098	2465
4555.527344	2468
4559.954590	2476
4564.381836	2483
4568.808594	2512
4573.235840	2485
4577.663086	2507
4582.090332	2551
4586.517090	2530
4590.944336	2525
4595.371582	2587
4599.798828	2658
4604.226074	2660
4608.652832	2643
4613.080078	2735
4617.507324	2799
4621.934570	2810
4626.361328	2838
4630.788574	2897
4635.215820	2936
4639.643066	2954
4644.070313	2984
4648.497070	3060
4652.924316	3149
4657.351563	3191
4661.778809	3197
4666.206055	3246
4670.632813	3320
4675.060059	3355
4679.487305	3374
4683.914551	3429
4688.341309	3464
4692.768555	3432
4697.195801	3461
4701.623047	3525
4706.050293	3546
4710.477051	3548
4714.904297	3593
4719.331543	3650
4723.758789	3659
4728.186035	3663
4732.612793	3728
4737.040039	3760
4741.467285	3746
4745.894531	3793
4750.321289	3804
4754.748535	3822
4759.175781	3865
4763.603027	3879
4768.030273	3839
4772.457031	3852
4776.884277	3870
4781.311523	3889
4785.738770	3938
4790.165527	3955
4794.592773	3954
4799.020020	3977
4803.447266	3986
4807.874512	4009
4812.301270	4009
4816.728516	3987
4821.155762	3957
4825.583008	3982
4830.010254	3918
4834.437012	3859
4838.864258	3861
4843.291504	3802
4847.718750	3740
4852.145508	3719
4856.572754	3694
4861.000000	3653
4865.427246	3645
4869.854492	3640
4874.281250	3647
4878.708496	3678
4883.135742	3699
4887.562988	3719
4891.989746	3747
4896.416992	3794
4900.844238	3859
4905.271484	3886
4909.698730	3872
4914.125488	3861
4918.552734	3908
4922.979980	3925
4927.407227	3929
4931.834473	3957
4936.261230	3963
4940.688477	3950
4945.115723	3935
4949.542969	3943
4953.969727	3958
4958.396973	3953
4962.824219	3950
4967.251465	3950
4971.678711	3974
4976.105469	3959
4980.532715	3942
4984.959961	3935
4989.387207	3907
4993.813965	3889
4998.241211	3893
5002.668457	3904
5007.095703	3916
5011.522949	3877
5015.949707	3859
5020.376953	3857
5024.804199	3857
5029.231445	3834
5033.658691	3815
5038.085449	3811
5042.512695	3850
5046.939941	3837
5051.367188	3783
5055.793945	3768
5060.221191	3807
5064.648438	3827
5069.075684	3805
5073.502930	3795
5077.929688	3787
5082.356934	3776
5086.784180	3770
5091.211426	3766
5095.638672	3765
5100.065430	3781
5104.492676	3748
5108.919922	3757
5113.347168	3724
5117.773926	3707
5122.201172	3725
5126.628418	3681
5131.055664	3650
5135.482910	3672
5139.909668	3650
5144.336914	3647
5148.764160	3655
5153.191406	3639
5157.618164	3640
5162.045410	3615
5166.472656	3587
5170.899902	3589
5175.327148	3556
5179.753906	3568
5184.181152	3573
5188.608398	3536
5193.035645	3513
5197.462891	3526
5201.889648	3559
5206.316895	3580
5210.744141	3545
5215.171387	3520
5219.598145	3529
5224.025391	3518
5228.452637	3498
5232.879883	3486
5237.307129	3491
5241.733887	3501
5246.161133	3478
5250.588379	3447
5255.015625	3435
5259.442383	3454
5263.869629	3472
5268.296875	3462
5272.724121	3402
5277.151367	3394
5281.578125	3418
5286.005371	3388
5290.432617	3386
5294.859863	3367
5299.287109	3349
5303.713867	3351
5308.141113	3375
5312.568359	3357
5316.995605	3317
5321.422363	3270
5325.849609	3296
5330.276855	3308
5334.704102	3287
5339.131348	3297
5343.558105	3307
5347.985352	3278
5352.412598	3281
5356.839844	3268
5361.267090	3246
5365.693848	3270
5370.121094	3286
5374.548340	3264
5378.975586	3234
5383.402344	3235
5387.829590	3242
5392.256836	3238
5396.684082	3213
5401.111328	3210
5405.538086	3193
5409.965332	3157
5414.392578	3173
5418.819824	3143
5423.246582	3131
5427.673828	3138
5432.101074	3114
5436.528320	3126
5440.955566	3142
5445.382324	3109
5449.809570	3096
5454.236816	3119
5458.664063	3112
5463.091309	3077
5467.518066	3068
5471.945313	3061
5476.372559	3086
5480.799805	3072
5485.226563	3057
5489.653809	3048
5494.081055	3038
5498.508301	3034
5502.935547	3038
5507.362305	3036
5511.789551	3002
5516.216797	2979
5520.644043	2964
5525.070801	2987
5529.498047	3000
5533.925293	3034
5538.352539	3016
5542.779785	2951
5547.206543	2958
5551.633789	2967
5556.061035	2964
5560.488281	2964
5564.915527	2942
5569.342285	2929
5573.769531	2905
5578.196777	2881
5582.624023	2866
5587.050781	2852
5591.478027	2829
5595.905273	2810
5600.332520	2827
5604.759766	2834
5609.186523	2825
5613.613770	2843
5618.041016	2831
5622.468262	2772
5626.895508	2762
5631.322266	2794
5635.749512	2764
5640.176758	2774
5644.604004	2749
5649.030762	2740
5653.458008	2727
5657.885254	2724
5662.312500	2710
5666.739746	2666
5671.166504	2640
5675.593750	2659
5680.020996	2668
5684.448242	2668
5688.875000	2661
5693.302246	2670
5697.729492	2686
5702.156738	2676
5706.583984	2659
5711.010742	2645
5715.437988	2641
5719.865234	2609
5724.292480	2596
5728.719727	2618
5733.146484	2621
5737.573730	2602
5742.000977	2603
5746.428223	2599
5750.854980	2630
5755.282227	2643
5759.709473	2644
5764.136719	2643
5768.563965	2642
5772.990723	2642
5777.417969	2686
5781.845215	2695
5786.272461	2696
5790.699219	2704
5795.126465	2726
5799.553711	2743
5803.980957	2761
5808.408203	2779
5812.834961	2786
5817.262207	2796
5821.689453	2815
5826.116699	2805
5830.543945	2769
5834.970703	2762
5839.397949	2770
5843.825195	2778
5848.252441	2801
5852.679199	2814
5857.106445	2816
5861.533691	2810
5865.960938	2776
5870.388184	2736
5874.814941	2700
5879.242188	2676
5883.669434	2666
5888.096680	2676
5892.523438	2716
5896.950684	2699
5901.377930	2641
5905.805176	2602
5910.232422	2622
5914.659180	2640
5919.086426	2646
5923.513672	2639
5927.940918	2602
5932.368164	2626
5936.794922	2628
5941.222168	2587
5945.649414	2572
5950.076660	2597
5954.503418	2597
5958.930664	2551
5963.357910	2526
5967.785156	2507
5972.212402	2498
5976.639160	2536
5981.066406	2531
5985.493652	2506
5989.920898	2494
5994.348145	2488
5998.774902	2452
6003.202148	2457
6007.629395	2450
6012.056641	2437
6016.483398	2454
6020.910645	2441
6025.337891	2418
6029.765137	2402
6034.192383	2365
6038.619141	2349
6043.046387	2350
6047.473633	2337
6051.900879	2314
6056.327637	2306
6060.754883	2285
6065.182129	2285
6069.609375	2260
6074.036621	2251
6078.463379	2243
6082.890625	2234
6087.317871	2190
6091.745117	2169
6096.172363	2159
6100.599121	2150
6105.026367	2159
6109.453613	2147
6113.880859	2132
6118.307617	2089
6122.734863	2073
6127.162109	2088
6131.589355	2091
6136.016602	2063
6140.443359	2024
6144.870605	2033
6149.297852	2036
6153.725098	2024
6158.151855	2013
6162.579102	1985
6167.006348	1975
6171.433594	1975
6175.860840	1970
6180.287598	1976
6184.714844	1983
6189.142090	1934
6193.569336	1933
6197.996582	1920
6202.423340	1890
6206.850586	1866
6211.277832	1880
6215.705078	1885
6220.131836	1878
6224.559082	1869
6228.986328	1820
6233.413574	1828
6237.840820	1852
6242.267578	1824
6246.694824	1761
6251.122070	1745
6255.549316	1752
6259.976563	1786
6264.403320	1741
6268.830566	1720
6273.257813	1747
6277.685059	1782
6282.111816	1762
6286.539063	1757
6290.966309	1743
6295.393555	1738
6299.820801	1747
6304.247559	1732
6308.674805	1714
6313.102051	1730
6317.529297	1733
6321.956055	1728
6326.383301	1738
6330.810547	1731
6335.237793	1720
6339.665039	1720
6344.091797	1704
6348.519043	1677
6352.946289	1691
6357.373535	1704
6361.800781	1716
6366.227539	1673
6370.654785	1655
6375.082031	1671
6379.509277	1695
6383.936035	1690
6388.363281	1682
6392.790527	1702
6397.217773	1702
6401.645020	1669
6406.071777	1657
6410.499023	1656
6414.926270	1656
6419.353516	1658
6423.780273	1646
6428.207520	1643
6432.634766	1640
6437.062012	1623
6441.489258	1625
6445.916016	1592
6450.343262	1558
6454.770508	1554
6459.197754	1545
6463.625000	1549
6468.051758	1579
6472.479004	1561
6476.906250	1565
6481.333496	1547
6485.760254	1554
6490.187500	1583
6494.614746	1565
6499.041992	1540
6503.469238	1527
6507.895996	1525
6512.323242	1497
6516.750488	1473
6521.177734	1471
6525.604492	1437
6530.031738	1374
6534.458984	1326
6538.886230	1297
6543.313477	1303
6547.740234	1300
6552.167480	1274
6556.594727	1281
6561.021973	1311
6565.449219	1341
6569.875977	1379
6574.303223	1391
6578.730469	1426
6583.157715	1433
6587.584473	1457
6592.011719	1470
6596.438965	1483
6600.866211	1486
6605.293457	1499
6609.720215	1520
6614.147461	1531
6618.574707	1555
6623.001953	1563
6627.429199	1567
6631.855957	1590
6636.283203	1594
6640.710449	1596
6645.137695	1586
6649.564453	1596
6653.991699	1609
6658.418945	1616
6662.846191	1630
6667.273438	1612
6671.700195	1619
6676.127441	1633
6680.554688	1639
6684.981934	1629
6689.408691	1626
6693.835938	1632
6698.263184	1633
6702.690430	1625
6707.117676	1620
6711.544434	1622
6715.971680	1641
6720.398926	1637
6724.826172	1641
6729.253418	1636
6733.680176	1672
6738.107422	1683
6742.534668	1656
6746.961914	1646
6751.388672	1665
6755.815918	1690
6760.243164	1683
6764.670410	1669
6769.097656	1659
6773.524414	1664
6777.951660	1694
6782.378906	1686
6786.806152	1714
6791.232910	1692
6795.660156	1656
6800.087402	1631
6804.514648	1645
6808.941895	1663
6813.368652	1683
6817.795898	1694
6822.223145	1701
6826.650391	1695
6831.077637	1687
6835.504395	1701
6839.931641	1637
6844.358887	1557
6848.786133	1510
6853.212891	1457
6857.640137	1420
6862.067383	1409
6866.494629	1410
6870.921875	1420
6875.348633	1451
6879.775879	1445
6884.203125	1463
6888.630371	1485
6893.057617	1513
6897.484375	1542
6901.911621	1546
6906.338867	1564
6910.766113	1561
6915.192871	1550
6919.620117	1552
6924.047363	1587
6928.474609	1607
6932.901855	1600
6937.328613	1593
6941.755859	1619
6946.183105	1630
6950.610352	1646
6955.037109	1666
6959.464355	1680
6963.891602	1698
6968.318848	1720
6972.746094	1674
6977.172852	1633
6981.600098	1639
6986.027344	1663
6990.454590	1682
6994.881836	1683
6999.308594	1707
7003.735840	1693
7008.163086	1669
7012.590332	1678
7017.017090	1667
7021.444336	1708
7025.871582	1711
7030.298828	1673
7034.726074	1678
7039.152832	1724
7043.580078	1735
7048.007324	1702
7052.434570	1675
7056.861328	1697
7061.288574	1698
7065.715820	1692
7070.143066	1669
7074.570313	1642
7078.997070	1654
7083.424316	1644
7087.851563	1647
7092.278809	1675
7096.706055	1667
7101.132813	1644
7105.560059	1693
7109.987305	1651
7114.414551	1631
7118.841309	1634
7123.268555	1626
7127.695801	1594
7132.123047	1559
7136.550293	1514
7140.977051	1509
7145.404297	1509
7149.831543	1451
7154.258789	1395
7158.686035	1363
7163.112793	1342
7167.540039	1355
7171.967285	1325
7176.394531	1311
7180.821289	1321
7185.248535	1296
7189.675781	1272
7194.103027	1281
7198.530273	1318
7202.957031	1303
7207.384277	1264
7211.811523	1294
7216.238770	1271
7220.665527	1223
7225.092773	1227
7229.520020	1236
7233.947266	1232
7238.374512	1217
7242.801270	1201
7247.228516	1196
7251.655762	1223
7256.083008	1221
7260.510254	1217
7264.937012	1223
7269.364258	1199
7273.791504	1183
7278.218750	1189
7282.645508	1181
7287.072754	1187
7291.500000	1174
7295.927246	1168
7300.354492	1218
7304.781250	1230
7309.208496	1239
7313.635742	1239
7318.062988	1226
7322.489746	1198
7326.916992	1194
7331.344238	1180
7335.771484	1227
7340.198730	1229
7344.625488	1215
7349.052734	1236
7353.479980	1239
7357.907227	1236
7362.334473	1230
7366.761230	1207
7371.188477	1207
7375.615723	1216
7380.042969	1221
7384.469727	1207
7388.896973	1216
7393.324219	1211
7397.751465	1198
7402.178711	1201
7406.605469	1216
7411.032715	1195
7415.459961	1187
7419.887207	1179
7424.313965	1148
7428.741211	1136
7433.168457	1146
7437.595703	1162
7442.022949	1135
7446.449707	1151
7450.876953	1157
7455.304199	1156
7459.731445	1128
7464.158691	1115
7468.585449	1089
7473.012695	1058
7477.439941	1064
7481.867188	1070
7486.293945	1046
7490.721191	1029
7495.148438	1042
7499.575684	1034
7504.002930	1002
7508.429688	983
7512.856934	1000
7517.284180	978
7521.711426	950
7526.138672	943
7530.565430	935
7534.992676	942
7539.419922	938
7543.847168	931
7548.273926	913
7552.701172	871
7557.128418	843
7561.555664	810
7565.982910	771
7570.409668	696
7574.836914	631
7579.264160	557
7583.691406	496
7588.118164	477
7592.545410	466
7596.972656	443
7601.399902	450
7605.827148	439
7610.253906	417
7614.681152	418
7619.108398	424
7623.535645	443
7627.962891	477
7632.389648	485
7636.816895	501
7641.244141	511
7645.671387	538
7650.098145	556
7654.525391	569
7658.952637	577
7663.379883	598
7667.807129	626
7672.233887	637
7676.661133	643
7681.088379	632
7685.515625	638
7689.942383	638
7694.369629	644
7698.796875	648
7703.224121	641
7707.651367	661
7712.078125	671
7716.505371	648
7720.932617	653
7725.359863	641
7729.787109	642
7734.213867	642
7738.641113	631
7743.068359	618
7747.495605	643
7751.922363	635
7756.349609	611
7760.776855	588
7765.204102	563
7769.631348	584
7774.058105	571
7778.485352	539
7782.912598	529
7787.339844	525
7791.767090	523
7796.193848	495
7800.621094	486
7805.048340	494
7809.475586	492
7813.902344	474
7818.329590	453
7822.756836	427
7827.184082	423
7831.611328	422
7836.038086	398
7840.465332	393
7844.892578	395
7849.319824	385
7853.746582	359
7858.173828	354
7862.601074	376
7867.028320	367
7871.455566	373
7875.882324	383
7880.309570	390
7884.736816	387
7889.164063	399
7893.591309	384
7898.018066	380
7902.445313	369
7906.872559	375
7911.299805	378
7915.726563	364
7920.153809	378
7924.581055	376
7929.008301	402
7933.435547	404
7937.862305	415
7942.289551	409
7946.716797	391
7951.144043	386
7955.570801	387
7959.998047	405
7964.425293	408
7968.852539	400
7973.279785	404
7977.706543	396
7982.133789	391
7986.561035	393
7990.988281	406
7995.415527	406
7999.842285	403
8004.269531	421
8008.696777	401
8013.124023	388
8017.550781	400
8021.978027	407
8026.405273	406
8030.832520	414
8035.259766	421
8039.686523	405
8044.113770	400
8048.541016	403
8052.968262	410
8057.395508	414
8061.822266	418
8066.249512	421
8070.676758	407
8075.104004	386
8079.530762	370
8083.958008	373
8088.385254	371
8092.812500	380
8097.239746	377
8101.666504	345
8106.093750	323
8110.520996	333
8114.948242	315
8119.375000	310
8123.802246	325
8128.229492	322
8132.656738	290
8137.083984	285
8141.510742	289
8145.937988	278
8150.365234	265
8154.792480	267
8159.219727	273
8163.646484	272
8168.073730	253
8172.500977	254
8176.928223	243
8181.354980	223
8185.782227	229
8190.209473	235
8194.636719	221
8199.063477	232
8203.491211	233
8207.917969	227
8212.344727	227
8216.772461	219
8221.199219	211
8225.626953	224
8230.053711	216
8234.480469	205
8238.908203	207
8243.334961	215
8247.762695	213
8252.189453	210
8256.616211	194
8261.043945	194
8265.470703	201
8269.898438	210
8274.325195	216
8278.751953	213
8283.179688	218
8287.606445	225
8292.034180	234
8296.460938	229
8300.887695	230
8305.315430	235
8309.742188	240
8314.168945	243
8318.596680	249
8323.023438	250
8327.451172	254
8331.877930	259
8336.304688	268
8340.732422	275
8345.159180	276
8349.586914	272
8354.013672	272
8358.440430	273
8362.868164	273
8367.294922	288
8371.722656	282
8376.149414	284
8380.576172	279
8385.003906	289
8389.430664	307
8393.858398	302
8398.285156	293
8402.711914	308
8407.139648	308
8411.566406	315
8415.993164	314
8420.420898	308
8424.847656	320
8429.275391	327
8433.702148	324
8438.128906	297
8442.556641	305
8446.983398	311
8451.411133	304
8455.837891	309
8460.264648	300
8464.692383	307
8469.119141	310
8473.546875	306
8477.973633	307
8482.400391	309
8486.828125	309
8491.254883	313
8495.682617	311
8500.109375	312
8504.536133	300
8508.963867	284
8513.390625	292
8517.817383	279
8522.245117	285
8526.671875	295
8531.099609	301
8535.526367	304
8539.953125	308
8544.380859	304
8548.807617	318
8553.235352	310
8557.662109	275
8562.088867	261
8566.516602	270
8570.943359	286
8575.371094	289
8579.797852	284
8584.224609	273
8588.652344	269
8593.079102	264
8597.506836	265
8601.933594	272
8606.360352	267
8610.788086	267
8615.214844	249
8619.641602	240
8624.069336	235
8628.496094	226
8632.923828	227
8637.350586	228
8641.777344	220
8646.205078	221
8650.631836	220
8655.059570	217
8659.486328	220
8663.913086	217
8668.340820	221
8672.767578	231
8677.195313	218
8681.622070	192
8686.048828	185
8690.476563	179
8694.903320	188
8699.331055	202
8703.757813	210
8708.184570	196
8712.612305	179
8717.039063	178
8721.465820	174
8725.893555	171
8730.320313	156
8734.748047	158
8739.174805	165
8743.601563	176
8748.029297	178
8752.456055	163
8756.883789	162
8761.310547	159
8765.737305	169
8770.165039	165
8774.591797	159
8779.019531	154
8783.446289	162
8787.873047	156
8792.300781	143
8796.727539	140
8801.155273	142
8805.582031	151
8810.008789	157
8814.436523	158
8818.863281	147
8823.291016	148
8827.717773	151
8832.144531	146
8836.572266	144
8840.999023	141
8845.425781	134
8849.853516	146
8854.280273	152
8858.708008	143
8863.134766	132
8867.561523	144
8871.989258	141
8876.416016	126
8880.843750	136
8885.270508	124
8889.697266	134
8894.125000	146
8898.551758	149
8902.979492	151
8907.406250	139
8911.833008	132
8916.260742	129
8920.687500	132
8925.115234	135
8929.541992	140
8933.968750	151
8938.396484	147
8942.823242	143
8947.250000	136
8951.677734	138
8956.104492	128
8960.532227	129
8964.958984	131
8969.385742	126
8973.813477	129
8978.240234	137
8982.667969	146
8987.094727	134
8991.521484	140
8995.949219	135
9000.375977	131
9004.803711	123
9009.230469	128
9013.657227	128
9018.084961	132
9022.511719	145
9026.939453	147
9031.366211	134
9035.792969	132
9040.220703	133
9044.647461	128
9049.074219	123
9053.501953	132
9057.928711	135
9062.356445	136
9066.783203	139
9071.209961	133
9075.637695	129
9080.064453	122
9084.492188	118
9088.918945	123
9093.345703	119
9097.773438	126
9102.200195	133
9106.627930	114
9111.054688	102
9115.481445	92
9119.909180	92
9124.335938	98
9128.763672	89
9133.190430	82
9137.617188	72
9142.044922	63
9146.471680	63
9150.898438	58
9155.326172	56
9159.752930	47
9164.180664	39
9168.607422	35
9173.034180	33
9177.461914	37
9181.888672	34
9186.316406	37
9190.743164	44
9195.169922	38
9199.597656	31
9204.024414	22
9208.452148	28
9212.878906	28
9217.305664	26
9221.733398	20
9226.160156	20
9230.587891	18
9235.014648	20
9239.441406	22
9243.869141	18
9248.295898	18
9252.722656	15
9257.150391	8
9261.577148	14
9266.004883	15
9270.431641	15
9274.858398	10
9279.286133	8
9283.712891	6
9288.140625	3
9292.567383	6
9296.994141	2
9301.421875	0
9305.848633	2
9310.276367	1
9314.703125	0
9319.129883	0
9323.557617	0
9327.984375	0
9332.412109	0
9336.838867	0
9341.265625	0
9345.693359	0
9350.120117	0
9354.546875	0
9358.974609	0
9363.401367	0
9367.829102	0
9372.255859	0
9376.682617	0
9381.110352	0
9385.537109	0
9389.964844	0
9394.391602	0
9398.818359	0
9403.246094	0
9407.672852	0
9412.100586	0
9416.527344	0
9420.954102	0
9425.381836	0
9429.808594	0
9434.236328	0
9438.663086	0
9443.089844	0
9447.517578	0
9451.944336	0
9456.372070	0
9460.798828	0
9465.225586	0
9469.653320	0
9474.080078	0
9478.506836	0
9482.934570	0
9487.361328	0
9491.789063	0
9496.215820	0
9500.642578	0
9505.070313	0
9509.497070	0
9513.924805	0
9518.351563	0
9522.778320	0
9527.206055	0
9531.632813	0
9536.060547	0
9540.487305	0
9544.914063	0
9549.341797	0
9553.768555	0
9558.196289	0
9562.623047	0
9567.049805	0
9571.477539	0
9575.904297	0
9580.331055	0
9584.758789	0
9589.185547	0
9593.613281	0
9598.040039	0
9602.466797	0
9606.894531	0
9611.321289	0
9615.749023	0
9620.175781	0
9624.602539	0
9629.030273	0
9633.457031	0
9637.884766	0
9642.311523	0
9646.738281	0
9651.166016	0
9655.592773	0
9660.020508	0
9664.447266	0
9668.874023	0
9673.301758	0
9677.728516	0
9682.155273	0
9686.583008	0
9691.009766	0
9695.437500	0
9699.864258	0
9704.291016	0
9708.718750	0
9713.145508	0
9717.573242	0
9722.000000	0
9726.426758	0
9730.854492	0
9735.281250	0
9739.708984	0
9744.135742	0
9748.562500	0
9752.990234	0
9757.416992	0
9761.844727	0
9766.271484	0
9770.698242	0
9775.125977	0
9779.552734	0
9783.979492	0
9788.407227	0
9792.833984	0
9797.261719	0
9801.688477	0
9806.115234	0
9810.542969	0
9814.969727	0
9819.397461	0
9823.824219	0
9828.250977	0
9832.678711	0
9837.105469	0
9841.533203	0
9845.959961	0
9850.386719	0
9854.814453	0
9859.241211	0
9863.668945	0
9868.095703	0
9872.522461	0
9876.950195	0
9881.376953	0
9885.803711	0
9890.231445	0
9894.658203	0
9899.085938	0
9903.512695	0
9907.939453	0
9912.367188	0
9916.793945	0
9921.221680	0
9925.648438	0
9930.075195	0
9934.502930	0
9938.929688	0
9943.357422	0
9947.784180	0
9952.210938	0
9956.638672	0
9961.065430	0
9965.493164	0
9969.919922	0
9974.346680	0
9978.774414	0
9983.201172	0
9987.627930	0
9992.055664	0
9996.482422	0
10000.910156	0
10005.336914	0
10009.763672	0
10014.191406	0
10018.618164	0
10023.045898	0
10027.472656	0
10031.899414	0
10036.327148	0
10040.753906	0
10045.181641	0
10049.608398	0
10054.035156	0
10058.462891	0
10062.889648	0
10067.317383	0
10071.744141	0
10076.170898	0
10080.598633	0
10085.025391	0
10089.453125	0
10093.879883	0
10098.306641	0
10102.734375	0
10107.161133	0
10111.587891	0
10116.015625	0
10120.442383	0
10124.870117	0
10129.296875	0
10133.723633	0
10138.151367	0
10142.578125	0
10147.005859	0
10151.432617	0
10155.859375	0
10160.287109	0
10164.713867	0
10169.141602	0
10173.568359	0
10177.995117	0
10182.422852	0
10186.849609	0
10191.277344	0
10195.704102	0
10200.130859	0
10204.558594	0
10208.985352	0
10213.412109	0
10217.839844	0
10222.266602	0
10226.694336	0
10231.121094	0
10235.547852	0
10239.975586	0
10244.402344	0
10248.830078	0
10253.256836	0
10257.683594	0
10262.111328	0
10266.538086	0
10270.965820	0
10275.392578	0
10279.819336	0
10284.247070	0
10288.673828	0
10293.101563	0
10297.528320	0
10301.955078	0
10306.382813	0
10310.809570	0
10315.236328	0
10319.664063	0
10324.090820	0
10328.518555	0
10332.945313	0
10337.372070	0
10341.799805	0
10346.226563	0
10350.654297	0
10355.081055	0
10359.507813	0
10363.935547	0
10368.362305	0
10372.790039	0
10377.216797	0
10381.643555	0
10386.071289	0
10390.498047	0
10394.925781	0
10399.352539	0
10403.779297	0
10408.207031	0
10412.633789	0
10417.060547	0
10421.488281	0
10425.915039	0
10430.342773	0
10434.769531	0
10439.196289	0
10443.624023	0
10448.050781	0
10452.478516	0
10456.905273	0
10461.332031	0
10465.759766	0
10470.186523	0
10474.614258	0
10479.041016	0
10483.467773	0
10487.895508	0
10492.322266	0
10496.750000	0
10501.176758	0
10505.603516	0
10510.031250	0
10514.458008	0
10518.884766	0
10523.312500	0
10527.739258	0
10532.166992	0
10536.593750	0
10541.020508	0
10545.448242	0
10549.875000	0
10554.302734	0
10558.729492	0
10563.156250	0
10567.583984	0
10572.010742	0
10576.438477	0
10580.865234	0
10585.291992	0
10589.719727	0
10594.146484	0
10598.574219	0
10603.000977	0
10607.427734	0
10611.855469	0
10616.282227	0
10620.708984	0
10625.136719	0
10629.563477	0
10633.991211	0
10638.417969	0
10642.844727	0
10647.272461	0
10651.699219	0
10656.126953	0
10660.553711	0
10664.980469	0
10669.408203	0
10673.834961	0
10678.262695	0
10682.689453	0
10687.116211	0
10691.543945	0
10695.970703	0
10700.398438	0
10704.825195	0
10709.251953	0
10713.679688	0
10718.106445	0
10722.534180	0
10726.960938	0
10731.387695	0
10735.815430	0
10740.242188	0
10744.668945	0
10749.096680	0
10753.523438	0
10757.951172	0
10762.377930	0
10766.804688	0
10771.232422	0
10775.659180	0
10780.086914	0
10784.513672	0
10788.940430	0
10793.368164	0
10797.794922	0
10802.222656	0
10806.649414	0
10811.076172	0
10815.503906	0
10819.930664	0
10824.358398	0
10828.785156	0
10833.211914	0
10837.639648	0
10842.066406	0
10846.493164	0
10850.920898	0
10855.347656	0
10859.775391	0
10864.202148	0
10868.628906	0
10873.056641	0
10877.483398	0
10881.911133	0
10886.337891	0
10890.764648	0
10895.192383	0
10899.619141	0
10904.046875	0
10908.473633	0
10912.900391	0
10917.328125	0
10921.754883	0
10926.182617	0
10930.609375	0
10935.036133	0
10939.463867	0
10943.890625	0
10948.317383	0
10952.745117	0
10957.171875	0
10961.599609	0
10966.026367	0
10970.453125	0
10974.880859	0
10979.307617	0
10983.735352	0
10988.162109	0
10992.588867	0
10997.016602	0
11001.443359	0
11005.871094	0
11010.297852	0
11014.724609	0
11019.152344	0
11023.579102	0
11028.006836	0
11032.433594	0
11036.860352	0
11041.288086	0
11045.714844	0
11050.141602	0
11054.569336	0
11058.996094	0
11063.423828	0
11067.850586	0
11072.277344	0
11076.705078	0
11081.131836	0
11085.559570	0
11089.986328	0
11094.413086	0
11098.840820	0
11103.267578	0
11107.695313	0
11112.122070	0
11116.548828	0
11120.976563	0
11125.403320	0
11129.831055	0
11134.257813	0
11138.684570	0
11143.112305	0
11147.539063	0
11151.965820	0
11156.393555	0
11160.820313	0
11165.248047	0
11169.674805	0
11174.101563	0
11178.529297	0
11182.956055	0
11187.383789	0
11191.810547	0
11196.237305	0
11200.665039	0
11205.091797	0
11209.519531	0
11213.946289	0
11218.373047	0
11222.800781	0
11227.227539	0
11231.655273	0
11236.082031	0
11240.508789	0
11244.936523	0
11249.363281	0
11253.791016	0
11258.217773	0
11262.644531	0
11267.072266	0
11271.499023	0
11275.925781	0
11280.353516	0
11284.780273	0
11289.208008	0
11293.634766	0
11298.061523	0
11302.489258	0
11306.916016	0
11311.343750	0
11315.770508	0
11320.197266	0
11324.625000	0
11329.051758	0
11333.479492	0
11337.906250	0
11342.333008	0
11346.760742	0
11351.187500	0
11355.615234	0
11360.041992	0
11364.468750	0
11368.896484	0
11373.323242	0
11377.750000	0
11382.177734	0
11386.604492	0
11391.032227	0
11395.458984	0
11399.885742	0
11404.313477	0
11408.740234	0
11413.167969	0
11417.594727	0
11422.021484	0
11426.449219	0
11430.875977	0
11435.303711	0
11439.730469	0
11444.157227	0
11448.584961	0
11453.011719	0
11457.439453	0
11461.866211	0
11466.292969	0
11470.720703	0
11475.147461	0
11479.574219	0
11484.001953	0
11488.428711	0
11492.856445	0
11497.283203	0
11501.709961	0
11506.137695	0
11510.564453	0
11514.992188	0
11519.418945	0
11523.845703	0
11528.273438	0
11532.700195	0
11537.127930	0
11541.554688	0
11545.981445	0
11550.409180	0
11554.835938	0
11559.263672	0
11563.690430	0
11568.117188	0
11572.544922	0
11576.971680	0
11581.398438	0
11585.826172	0
11590.252930	0
11594.680664	0
11599.107422	0
11603.534180	0
11607.961914	0
11612.388672	0
11616.816406	0
11621.243164	0
11625.669922	0
11630.097656	0
11634.524414	0
11638.952148	0
11643.378906	0
11647.805664	0
11652.233398	0
11656.660156	0
11661.087891	0
11665.514648	0
11669.941406	0
11674.369141	0
11678.795898	0
11683.222656	0
11687.650391	0
11692.077148	0
11696.504883	0
11700.931641	0
11705.358398	0
11709.786133	0
11714.212891	0
11718.640625	0
11723.067383	0
11727.494141	0
11731.921875	0
11736.348633	0
11740.776367	0
11745.203125	0
11749.629883	0
11754.057617	0
11758.484375	0
11762.912109	0
11767.338867	0
11771.765625	0
11776.193359	0
11780.620117	0
11785.046875	0
11789.474609	0
11793.901367	0
11798.329102	0
11802.755859	0
11807.182617	0
11811.610352	0
11816.037109	0
11820.464844	0
11824.891602	0
11829.318359	0
11833.746094	0
11838.172852	0
11842.600586	0
11847.027344	0
11851.454102	0
11855.881836	0
11860.308594	0
11864.736328	0
11869.163086	0
11873.589844	0
11878.017578	0
11882.444336	0
11886.872070	0
11891.298828	0
11895.725586	0
11900.153320	0
11904.580078	0
11909.006836	0
11913.434570	0
11917.861328	0
11922.289063	0
11926.715820	0
11931.142578	0
11935.570313	0
11939.997070	0
11944.424805	0
11948.851563	0
11953.278320	0
11957.706055	0
11962.132813	0
11966.560547	0
11970.987305	0
11975.414063	0
11979.841797	0
11984.268555	0
11988.696289	0
11993.123047	0
11997.549805	0
12001.977539	0
12006.404297	0
12010.831055	0
12015.258789	0
12019.685547	0
12024.113281	0
12028.540039	0
12032.966797	0
12037.394531	0
12041.821289	0
12046.249023	0
12050.675781	0
12055.102539	0
12059.530273	0
12063.957031	0
12068.384766	0
12072.811523	0
12077.238281	0
12081.666016	0
12086.092773	0
12090.520508	0
12094.947266	0
12099.374023	0
12103.801758	0
12108.228516	0
12112.655273	0
12117.083008	0
12121.509766	0
12125.937500	0
12130.364258	0
12134.791016	0
12139.218750	0
12143.645508	0
12148.073242	0
12152.500000	0
12156.926758	0
12161.354492	0
12165.781250	0
12170.208984	0
12174.635742	0
12179.062500	0
12183.490234	0
12187.916992	0
12192.344727	0
12196.771484	0
12201.198242	0
12205.625977	0
12210.052734	0
12214.479492	0
12218.907227	0
12223.333984	0
12227.761719	0
12232.188477	0
12236.615234	0
12241.042969	0
12245.469727	0
12249.897461	0
12254.324219	0
12258.750977	0
12263.178711	0
12267.605469	0
12272.033203	0
12276.459961	0
12280.886719	0
12285.314453	0
12289.741211	0
12294.168945	0
12298.595703	0
12303.022461	0
12307.450195	0
12311.876953	0
12316.303711	0
12320.731445	0
12325.158203	0
12329.585938	0
12334.012695	0
12338.439453	0
12342.867188	0
12347.293945	0
12351.721680	0
12356.148438	0
12360.575195	0
12365.002930	0
12369.429688	0
12373.857422	0
12378.284180	0
12382.710938	0
12387.138672	0
12391.565430	0
12395.993164	0
12400.419922	0
12404.846680	0
12409.274414	0
12413.701172	0
12418.127930	0
12422.555664	0
12426.982422	0
12431.410156	0
12435.836914	0
12440.263672	0
12444.691406	0
12449.118164	0
12453.545898	0
12457.972656	0
12462.399414	0
12466.827148	0
12471.253906	0
12475.681641	0
12480.108398	0
12484.535156	0
12488.962891	0
12493.389648	0
12497.817383	0
12502.244141	0
12506.670898	0
12511.098633	0
12515.525391	0
12519.953125	0
12524.379883	0
12528.806641	0
12533.234375	0
12537.661133	0
12542.087891	0
12546.515625	0
12550.942383	0
12555.370117	0
12559.796875	0
12564.223633	0
12568.651367	0
