-3982.679932	0
-3978.239990	0
-3973.800049	0
-3969.360107	0
-3964.920166	0
-3960.479980	0
-3956.040039	0
-3951.600098	0
-3947.160156	0
-3942.719971	0
-3938.280029	0
-3933.840088	0
-3929.400146	0
-3924.959961	0
-3920.520020	0
-3916.080078	0
-3911.640137	0
-3907.199951	0
-3902.760010	0
-3898.320068	0
-3893.880127	0
-3889.439941	0
-3885.000000	0
-3880.560059	0
-3876.120117	0
-3871.679932	0
-3867.239990	0
-3862.800049	0
-3858.360107	0
-3853.920166	0
-3849.479980	0
-3845.040039	0
-3840.600098	0
-3836.160156	0
-3831.719971	0
-3827.280029	0
-3822.840088	0
-3818.400146	0
-3813.959961	0
-3809.520020	0
-3805.080078	0
-3800.640137	0
-3796.199951	0
-3791.760010	0
-3787.320068	0
-3782.880127	0
-3778.439941	0
-3774.000000	0
-3769.560059	0
-3765.120117	0
-3760.679932	0
-3756.239990	0
-3751.800049	0
-3747.360107	0
-3742.920166	0
-3738.479980	0
-3734.040039	0
-3729.600098	0
-3725.160156	0
-3720.719971	0
-3716.280029	0
-3711.840088	0
-3707.400146	0
-3702.959961	0
-3698.520020	0
-3694.080078	0
-3689.640137	0
-3685.199951	0
-3680.760010	0
-3676.320068	0
-3671.880127	0
-3667.439941	0
-3663.000000	0
-3658.560059	0
-3654.120117	0
-3649.679932	0
-3645.239990	0
-3640.800049	0
-3636.360107	0
-3631.920166	0
-3627.479980	0
-3623.040039	0
-3618.600098	0
-3614.160156	0
-3609.719971	0
-3605.280029	0
-3600.840088	0
-3596.400146	0
-3591.959961	0
-3587.520020	0
-3583.080078	0
-3578.640137	0
-3574.199951	0
-3569.760010	0
-3565.320068	0
-3560.880127	0
-3556.439941	0
-3552.000000	0
-3547.560059	0
-3543.120117	0
-3538.679932	0
-3534.239990	0
-3529.800049	0
-3525.360107	0
-3520.920166	0
-3516.479980	0
-3512.040039	0
-3507.600098	0
-3503.160156	0
-3498.719971	0
-3494.280029	0
-3489.840088	0
-3485.400146	0
-3480.959961	0
-3476.520020	0
-3472.080078	0
-3467.640137	0
-3463.199951	0
-3458.760010	0
-3454.320068	0
-3449.880127	0
-3445.439941	0
-3441.000000	0
-3436.560059	0
-3432.120117	0
-3427.679932	0
-3423.239990	0
-3418.800049	0
-3414.360107	0
-3409.919922	0
-3405.479980	0
-3401.040039	0
-3396.600098	0
-3392.160156	0
-3387.719971	0
-3383.280029	0
-3378.840088	0
-3374.400146	0
-3369.959961	0
-3365.520020	0
-3361.080078	0
-3356.640137	0
-3352.199951	0
-3347.760010	0
-3343.320068	0
-3338.880127	0
-3334.439941	0
-3330.000000	0
-3325.560059	0
-3321.120117	0
-3316.679932	0
-3312.239990	0
-3307.800049	0
-3303.360107	0
-3298.919922	0
-3294.479980	0
-3290.040039	0
-3285.600098	0
-3281.160156	0
-3276.719971	0
-3272.280029	0
-3267.840088	0
-3263.400146	0
-3258.959961	0
-3254.520020	0
-3250.080078	0
-3245.640137	0
-3241.199951	0
-3236.760010	0
-3232.320068	0
-3227.880127	0
-3223.439941	0
-3219.000000	0
-3214.560059	0
-3210.120117	0
-3205.679932	0
-3201.239990	0
-3196.800049	0
-3192.360107	0
-3187.919922	0
-3183.479980	0
-3179.040039	0
-3174.600098	0
-3170.160156	0
-3165.719971	0
-3161.280029	0
-3156.840088	0
-3152.400146	0
-3147.959961	0
-3143.520020	0
-3139.080078	0
-3134.640137	0
-3130.199951	0
-3125.760010	0
-3121.320068	0
-3116.880127	0
-3112.439941	0
-3108.000000	0
-3103.560059	0
-3099.120117	0
-3094.679932	0
-3090.239990	0
-3085.800049	0
-3081.360107	0
-3076.919922	0
-3072.479980	0
-3068.040039	0
-3063.600098	0
-3059.160156	0
-3054.719971	0
-3050.280029	0
-3045.840088	0
-3041.400146	0
-3036.959961	0
-3032.520020	0
-3028.080078	0
-3023.640137	0
-3019.199951	0
-3014.760010	0
-3010.320068	0
-3005.880127	0
-3001.439941	0
-2997.000000	0
-2992.560059	0
-2988.120117	0
-2983.679932	0
-2979.239990	0
-2974.800049	0
-2970.360107	0
-2965.919922	0
-2961.479980	0
-2957.040039	0
-2952.600098	0
-2948.160156	0
-2943.719971	0
-2939.280029	0
-2934.840088	0
-2930.400146	0
-2925.959961	0
-2921.520020	0
-2917.080078	0
-2912.640137	0
-2908.199951	0
-2903.760010	0
-2899.320068	0
-2894.880127	0
-2890.439941	0
-2886.000000	0
-2881.560059	0
-2877.120117	0
-2872.679932	0
-2868.239990	0
-2863.800049	0
-2859.360107	0
-2854.919922	0
-2850.479980	0
-2846.040039	0
-2841.600098	0
-2837.160156	0
-2832.719971	0
-2828.280029	0
-2823.840088	0
-2819.400146	0
-2814.959961	0
-2810.520020	0
-2806.080078	0
-2801.640137	0
-2797.199951	0
-2792.760010	0
-2788.320068	0
-2783.880127	0
-2779.439941	0
-2775.000000	0
-2770.560059	0
-2766.120117	0
-2761.679932	0
-2757.239990	0
-2752.800049	0
-2748.360107	0
-2743.919922	0
-2739.479980	0
-2735.040039	0
-2730.600098	0
-2726.160156	0
-2721.719971	0
-2717.280029	0
-2712.840088	0
-2708.400146	0
-2703.959961	0
-2699.520020	0
-2695.080078	0
-2690.640137	0
-2686.199951	0
-2681.760010	0
-2677.320068	0
-2672.880127	0
-2668.439941	0
-2664.000000	0
-2659.560059	0
-2655.120117	0
-2650.679932	0
-2646.239990	0
-2641.800049	0
-2637.360107	0
-2632.919922	0
-2628.479980	0
-2624.040039	0
-2619.600098	0
-2615.159912	0
-2610.719971	0
-2606.280029	0
-2601.840088	0
-2597.400146	0
-2592.959961	0
-2588.520020	0
-2584.080078	0
-2579.640137	0
-2575.199951	0
-2570.760010	0
-2566.320068	0
-2561.880127	0
-2557.439941	0
-2553.000000	0
-2548.560059	0
-2544.120117	0
-2539.679932	0
-2535.239990	0
-2530.800049	0
-2526.360107	0
-2521.919922	0
-2517.479980	0
-2513.040039	0
-2508.600098	1
-2504.159912	2
-2499.719971	3
-2495.280029	8
-2490.840088	7
-2486.400146	7
-2481.959961	8
-2477.520020	10
-2473.080078	10
-2468.640137	8
-2464.199951	9
-2459.760010	13
-2455.320068	12
-2450.880127	9
-2446.439941	7
-2442.000000	10
-2437.560059	18
-2433.120117	19
-2428.679932	17
-2424.239990	16
-2419.800049	19
-2415.360107	18
-2410.919922	18
-2406.479980	21
-2402.040039	21
-2397.600098	24
-2393.159912	24
-2388.719971	25
-2384.280029	26
-2379.840088	31
-2375.400146	29
-2370.959961	31
-2366.520020	26
-2362.080078	28
-2357.640137	33
-2353.199951	31
-2348.760010	33
-2344.320068	36
-2339.880127	36
-2335.439941	31
-2331.000000	33
-2326.560059	40
-2322.120117	39
-2317.679932	45
-2313.239990	43
-2308.800049	42
-2304.360107	40
-2299.919922	37
-2295.479980	42
-2291.040039	46
-2286.600098	45
-2282.159912	51
-2277.719971	44
-2273.280029	47
-2268.840088	47
-2264.400146	43
-2259.959961	49
-2255.520020	59
-2251.080078	64
-2246.640137	53
-2242.199951	56
-2237.760010	58
-2233.320068	62
-2228.880127	61
-2224.439941	65
-2220.000000	60
-2215.560059	56
-2211.120117	53
-2206.679932	51
-2202.239990	50
-2197.800049	52
-2193.360107	54
-2188.919922	54
-2184.479980	60
-2180.040039	73
-2175.600098	68
-2171.159912	62
-2166.719971	61
-2162.280029	61
-2157.840088	68
-2153.400146	76
-2148.959961	65
-2144.520020	75
-2140.080078	76
-2135.640137	79
-2131.199951	70
-2126.760010	72
-2122.320068	82
-2117.880127	79
-2113.439941	79
-2109.000000	75
-2104.560059	79
-2100.120117	89
-2095.679932	85
-2091.239990	70
-2086.800049	71
-2082.360107	83
-2077.919922	81
-2073.479980	92
-2069.040039	94
-2064.600098	91
-2060.159912	94
-2055.719971	95
-2051.280029	88
-2046.839966	87
-2042.400024	83
-2037.960083	87
-2033.520020	93
-2029.080078	89
-2024.640015	90
-2020.200073	88
-2015.760010	78
-2011.320068	83
-2006.880005	85
-2002.440063	91
-1998.000000	94
-1993.560059	89
-1989.119995	92
-1984.680054	89
-1980.239990	90
-1975.800049	87
-1971.359985	86
-1966.920044	79
-1962.479980	80
-1958.040039	86
-1953.599976	86
-1949.160034	95
-1944.719971	85
-1940.280029	86
-1935.839966	87
-1931.400024	90
-1926.960083	88
-1922.520020	93
-1918.080078	95
-1913.640015	90
-1909.200073	84
-1904.760010	86
-1900.320068	85
-1895.880005	84
-1891.440063	96
-1887.000000	81
-1882.560059	88
-1878.119995	96
-1873.680054	101
-1869.239990	98
-1864.800049	86
-1860.359985	70
-1855.920044	85
-1851.479980	93
-1847.040039	93
-1842.599976	89
-1838.160034	88
-1833.719971	79
-1829.280029	77
-1824.839966	82
-1820.400024	86
-1815.960083	80
-1811.520020	80
-1807.080078	90
-1802.640015	94
-1798.200073	92
-1793.760010	97
-1789.320068	87
-1784.880005	82
-1780.440063	87
-1776.000000	96
-1771.560059	91
-1767.119995	83
-1762.680054	93
-1758.239990	102
-1753.800049	101
-1749.359985	96
-1744.920044	97
-1740.479980	94
-1736.040039	93
-1731.599976	91
-1727.160034	98
-1722.719971	100
-1718.280029	104
-1713.839966	94
-1709.400024	84
-1704.959961	76
-1700.520020	86
-1696.080078	74
-1691.640015	73
-1687.200073	82
-1682.760010	98
-1678.320068	95
-1673.880005	90
-1669.440063	86
-1665.000000	78
-1660.560059	77
-1656.119995	82
-1651.680054	74
-1647.239990	87
-1642.800049	93
-1638.359985	83
-1633.920044	92
-1629.479980	89
-1625.040039	77
-1620.599976	90
-1616.160034	92
-1611.719971	81
-1607.280029	87
-1602.839966	86
-1598.400024	91
-1593.959961	84
-1589.520020	91
-1585.080078	101
-1580.640015	97
-1576.200073	90
-1571.760010	83
-1567.320068	90
-1562.880005	85
-1558.440063	94
-1554.000000	89
-1549.560059	84
-1545.119995	82
-1540.680054	82
-1536.239990	96
-1531.800049	93
-1527.359985	91
-1522.920044	76
-1518.479980	79
-1514.040039	84
-1509.599976	81
-1505.160034	78
-1500.719971	91
-1496.280029	83
-1491.839966	86
-1487.400024	82
-1482.959961	85
-1478.520020	91
-1474.080078	95
-1469.640015	91
-1465.200073	79
-1460.760010	80
-1456.320068	96
-1451.880005	92
-1447.440063	85
-1443.000000	82
-1438.560059	94
-1434.119995	94
-1429.680054	90
-1425.239990	84
-1420.800049	87
-1416.359985	87
-1411.920044	85
-1407.479980	87
-1403.040039	86
-1398.599976	94
-1394.160034	88
-1389.719971	76
-1385.280029	74
-1380.839966	77
-1376.400024	86
-1371.959961	86
-1367.520020	82
-1363.080078	95
-1358.640015	87
-1354.200073	81
-1349.760010	80
-1345.320068	88
-1340.880005	92
-1336.440063	95
-1332.000000	96
-1327.560059	92
-1323.119995	93
-1318.680054	94
-1314.239990	91
-1309.800049	92
-1305.359985	96
-1300.920044	93
-1296.479980	89
-1292.040039	77
-1287.599976	81
-1283.160034	96
-1278.719971	93
-1274.280029	90
-1269.839966	95
-1265.400024	91
-1260.959961	83
-1256.520020	88
-1252.079956	78
-1247.640015	75
-1243.200073	90
-1238.760010	91
-1234.320068	90
-1229.880005	88
-1225.440063	89
-1221.000000	77
-1216.560059	75
-1212.119995	86
-1207.680054	101
-1203.239990	98
-1198.800049	92
-1194.359985	78
-1189.920044	84
-1185.479980	93
-1181.040039	88
-1176.599976	79
-1172.160034	77
-1167.719971	85
-1163.280029	85
-1158.839966	81
-1154.400024	81
-1149.959961	88
-1145.520020	96
-1141.079956	84
-1136.640015	74
-1132.200073	84
-1127.760010	83
-1123.320068	80
-1118.880005	81
-1114.440063	79
-1110.000000	96
-1105.560059	107
-1101.119995	102
-1096.680054	97
-1092.239990	91
-1087.800049	91
-1083.359985	107
-1078.920044	104
-1074.479980	94
-1070.040039	87
-1065.599976	85
-1061.160034	81
-1056.719971	81
-1052.280029	92
-1047.839966	87
-1043.400024	82
-1038.959961	83
-1034.520020	95
-1030.079956	95
-1025.640015	101
-1021.200012	100
-1016.760010	100
-1012.320007	87
-1007.880005	102
-1003.440002	102
-999.000000	98
-994.559998	89
-990.119995	92
-985.679993	92
-981.239990	86
-976.799988	87
-972.359985	88
-967.919983	93
-963.480042	85
-959.040039	84
-954.600037	79
-950.160034	80
-945.720032	85
-941.280029	92
-936.840027	93
-932.400024	95
-927.960022	93
-923.520020	92
-919.080017	86
-914.640015	96
-910.200012	94
-905.760010	79
-901.320007	72
-896.880005	82
-892.440002	98
-888.000000	93
-883.559998	91
-879.119995	101
-874.679993	100
-870.239990	97
-865.799988	102
-861.359985	100
-856.919983	89
-852.479980	79
-848.040039	87
-843.600037	83
-839.160034	93
-834.720032	93
-830.280029	87
-825.840027	98
-821.400024	102
-816.960022	96
-812.520020	90
-808.080017	85
-803.640015	89
-799.200012	93
-794.760010	82
-790.320007	77
-785.880005	82
-781.440002	87
-777.000000	88
-772.559998	94
-768.119995	97
-763.679993	95
-759.239990	89
-754.799988	89
-750.359985	100
-745.919983	101
-741.479980	108
-737.040039	100
-732.600037	85
-728.160034	81
-723.720032	96
-719.280029	85
-714.840027	97
-710.400024	100
-705.960022	93
-701.520020	82
-697.080017	88
-692.640015	99
-688.200012	101
-683.760010	88
-679.320007	88
-674.880005	104
-670.440002	100
-666.000000	90
-661.559998	92
-657.119995	93
-652.679993	98
-648.239990	97
-643.799988	89
-639.359985	92
-634.919983	99
-630.479980	92
-626.039978	100
-621.600037	89
-617.160034	86
-612.720032	91
-608.280029	103
-603.840027	104
-599.400024	92
-594.960022	90
-590.520020	85
-586.080017	101
-581.640015	104
-577.200012	96
-572.760010	90
-568.320007	91
-563.880005	87
-559.440002	92
-555.000000	100
-550.559998	103
-546.119995	95
-541.679993	97
-537.239990	107
-532.799988	115
-528.359985	103
-523.919983	100
-519.479980	103
-515.039978	109
-510.600006	105
-506.160004	105
-501.720001	109
-497.279999	111
-492.839996	115
-488.399994	114
-483.959991	95
-479.520020	107
-475.080017	112
-470.640015	112
-466.200012	97
-461.760010	97
-457.320007	101
-452.880005	122
-448.440002	109
-444.000000	106
-439.559998	108
-435.119995	108
-430.679993	102
-426.239990	112
-421.800018	104
-417.360016	113
-412.920013	117
-408.480011	112
-404.040009	113
-399.600006	110
-395.160004	120
-390.720001	130
-386.279999	138
-381.839996	127
-377.399994	107
-372.959991	118
-368.520020	116
-364.080017	120
-359.640015	107
-355.200012	116
-350.760010	124
-346.320007	121
-341.880005	115
-337.440002	107
-333.000000	107
-328.559998	112
-324.119995	124
-319.679993	124
-315.239990	124
-310.800018	127
-306.360016	132
-301.920013	133
-297.480011	131
-293.040009	139
-288.600006	145
-284.160004	128
-279.720001	135
-275.279999	132
-270.839996	145
-266.399994	154
-261.959991	163
-257.519989	170
-253.080002	179
-248.639999	181
-244.199997	182
-239.760010	176
-235.320007	188
-230.880005	189
-226.440002	204
-222.000000	226
-217.559998	211
-213.119995	217
-208.680008	215
-204.240005	230
-199.800003	222
-195.360001	227
-190.919998	241
-186.479996	258
-182.040009	260
-177.600006	259
-173.160004	288
-168.720001	352
-164.279999	364
-159.839996	373
-155.400009	397
-150.960007	442
-146.520004	475
-142.080002	505
-137.639999	534
-133.199997	581
-128.759995	623
-124.320000	665
-119.880005	759
-115.440002	862
-111.000000	933
-106.559998	1016
-102.120003	1107
-97.680000	1272
-93.239998	1501
-88.800003	1677
-84.360001	1883
-79.919998	2139
-75.480003	2498
-71.040001	2934
-66.599998	3439
-62.160000	4039
-57.720001	4683
-53.279999	5303
-48.840000	5770
-44.400002	6149
-39.959999	6541
-35.520000	6930
-31.080000	7254
-26.639999	7595
-22.200001	7888
-17.760000	8196
-13.320000	8422
-8.880000	8527
-4.440000	8589
0.000000	8626
4.440000	8588
8.880000	8576
13.320000	8504
17.760000	8380
22.200001	8330
26.639999	8240
31.080000	8082
35.520000	7838
39.959999	7584
44.400002	7293
48.840000	6889
53.279999	6455
57.720001	5676
62.160000	4859
66.599998	4032
71.040001	3404
75.480003	2902
79.919998	2517
84.360001	2185
88.800003	1907
93.239998	1658
97.680000	1460
102.120003	1260
106.559998	1166
111.000000	1048
115.440002	936
119.880005	880
124.320000	782
128.759995	711
133.199997	665
137.639999	599
142.080002	539
146.520004	475
150.960007	434
155.400009	442
159.839996	410
164.279999	398
168.720001	380
173.160004	353
177.600006	318
182.040009	305
186.479996	299
190.919998	278
195.360001	263
199.800003	265
204.240005	260
208.680008	259
213.119995	244
217.559998	225
222.000000	221
226.440002	217
230.880005	208
235.320007	206
239.760010	190
244.199997	189
248.639999	190
253.080002	184
257.519989	174
261.959991	177
266.399994	169
270.839996	159
275.279999	154
279.720001	148
284.160004	149
288.600006	154
293.040009	162
297.480011	148
301.920013	144
306.360016	144
310.800018	142
315.239990	138
319.679993	137
324.119995	138
328.559998	132
333.000000	143
337.440002	138
341.880005	136
346.320007	125
350.760010	132
355.200012	127
359.640015	127
364.080017	121
368.520020	132
372.959991	134
377.399994	138
381.839996	125
386.279999	121
390.720001	129
395.160004	122
399.600006	112
404.040009	113
408.480011	112
412.920013	119
417.360016	128
421.800018	121
426.239990	111
430.679993	121
435.119995	103
439.559998	108
444.000000	115
448.440002	110
452.880005	115
457.320007	121
461.760010	113
466.200012	105
470.640015	104
475.080017	103
479.520020	110
483.959991	103
488.399994	103
492.839996	103
497.279999	105
501.720001	117
506.160004	111
510.600006	104
515.039978	107
519.479980	102
523.919983	97
528.359985	105
532.799988	119
537.239990	111
541.679993	112
546.119995	113
550.559998	107
555.000000	115
559.440002	122
563.880005	116
568.320007	108
572.760010	106
577.200012	113
581.640015	111
586.080017	105
590.520020	117
594.960022	114
599.400024	111
603.840027	117
608.280029	110
612.720032	107
617.160034	111
621.600037	109
626.039978	105
630.479980	115
634.919983	115
639.359985	105
643.799988	98
648.239990	111
652.679993	109
657.119995	112
661.559998	102
666.000000	102
670.440002	113
674.880005	109
679.320007	109
683.760010	104
688.200012	97
692.640015	112
697.080017	120
701.520020	117
705.960022	104
710.400024	95
714.840027	102
719.280029	99
723.720032	100
728.160034	106
732.600037	106
737.040039	104
741.479980	98
745.919983	115
750.359985	103
754.799988	84
759.239990	92
763.679993	97
768.119995	97
772.559998	97
777.000000	90
781.440002	92
785.880005	98
790.320007	109
794.760010	95
799.200012	110
803.640015	110
808.080017	110
812.520020	117
816.960022	111
821.400024	111
825.840027	109
830.280029	102
834.720032	97
839.160034	108
843.600037	112
848.040039	113
852.479980	105
856.919983	110
861.359985	110
865.799988	111
870.239990	109
874.679993	112
879.119995	112
883.559998	108
888.000000	114
892.440002	104
896.880005	108
901.320007	103
905.760010	109
910.200012	120
914.640015	111
919.080017	101
923.520020	103
927.960022	100
932.400024	100
936.840027	108
941.280029	111
945.720032	95
950.160034	105
954.600037	102
959.040039	106
963.480042	109
967.919983	109
972.359985	99
976.799988	91
981.239990	92
985.679993	104
990.119995	98
994.559998	95
999.000000	87
1003.440002	95
1007.880005	92
1012.320007	101
1016.760010	97
1021.200012	106
1025.640015	94
1030.079956	96
1034.520020	100
1038.959961	101
1043.400024	100
1047.839966	86
1052.280029	97
1056.719971	102
1061.160034	111
1065.599976	114
1070.040039	105
1074.479980	94
1078.920044	95
1083.359985	95
1087.800049	95
1092.239990	99
1096.680054	98
1101.119995	102
1105.560059	108
1110.000000	101
1114.440063	81
1118.880005	94
1123.320068	96
1127.760010	100
1132.200073	107
1136.640015	110
1141.079956	106
1145.520020	104
1149.959961	109
1154.400024	110
1158.839966	106
1163.280029	106
1167.719971	117
1172.160034	109
1176.599976	105
1181.040039	108
1185.479980	110
1189.920044	98
1194.359985	90
1198.800049	96
1203.239990	104
1207.680054	108
1212.119995	110
1216.560059	92
1221.000000	89
1225.440063	101
1229.880005	103
1234.320068	99
1238.760010	98
1243.200073	88
1247.640015	95
1252.079956	115
1256.520020	112
1260.959961	102
1265.400024	109
1269.839966	104
1274.280029	98
1278.719971	109
1283.160034	96
1287.599976	96
1292.040039	104
1296.479980	104
1300.920044	106
1305.359985	99
1309.800049	96
1314.239990	103
1318.680054	89
1323.119995	94
1327.560059	104
1332.000000	107
1336.440063	101
1340.880005	102
1345.320068	104
1349.760010	97
1354.200073	106
1358.640015	102
1363.080078	102
1367.520020	95
1371.959961	99
1376.400024	108
1380.839966	111
1385.280029	101
1389.719971	91
1394.160034	93
1398.599976	101
1403.040039	110
1407.479980	112
1411.920044	107
1416.359985	101
1420.800049	98
1425.239990	101
1429.680054	91
1434.119995	105
1438.560059	104
1443.000000	99
1447.440063	101
1451.880005	109
1456.320068	105
1460.760010	104
1465.200073	105
1469.640015	104
1474.080078	106
1478.520020	106
1482.959961	100
1487.400024	98
1491.839966	102
1496.280029	101
1500.719971	95
1505.160034	97
1509.599976	103
1514.040039	104
1518.479980	95
1522.920044	91
1527.359985	101
1531.800049	104
1536.239990	95
1540.680054	111
1545.119995	97
1549.560059	101
1554.000000	92
1558.440063	95
1562.880005	104
1567.320068	109
1571.760010	106
1576.200073	101
1580.640015	105
1585.080078	94
1589.520020	101
1593.959961	102
1598.400024	115
1602.839966	106
1607.280029	96
1611.719971	100
1616.160034	104
1620.599976	102
1625.040039	100
1629.479980	106
1633.920044	99
1638.359985	109
1642.800049	106
1647.239990	104
1651.680054	104
1656.119995	100
1660.560059	116
1665.000000	111
1669.440063	106
1673.880005	104
1678.320068	107
1682.760010	113
1687.200073	113
1691.640015	108
1696.080078	90
1700.520020	94
1704.959961	89
1709.400024	100
1713.839966	115
1718.280029	104
1722.719971	96
1727.160034	108
1731.599976	123
1736.040039	111
1740.479980	93
1744.920044	98
1749.359985	107
1753.800049	100
1758.239990	105
1762.680054	105
1767.119995	109
1771.560059	112
1776.000000	97
1780.440063	106
1784.880005	100
1789.320068	99
1793.760010	104
1798.200073	111
1802.640015	109
1807.080078	102
1811.520020	98
1815.960083	105
1820.400024	115
1824.839966	104
1829.280029	111
1833.719971	106
1838.160034	104
1842.599976	100
1847.040039	110
1851.479980	110
1855.920044	105
1860.359985	110
1864.800049	110
1869.239990	107
1873.680054	112
1878.119995	121
1882.560059	109
1887.000000	111
1891.440063	107
1895.880005	100
1900.320068	104
1904.760010	101
1909.200073	110
1913.640015	100
1918.080078	110
1922.520020	111
1926.960083	114
1931.400024	108
1935.839966	94
1940.280029	92
1944.719971	102
1949.160034	103
1953.599976	116
1958.040039	115
1962.479980	111
1966.920044	102
1971.359985	103
1975.800049	103
1980.239990	98
1984.680054	94
1989.119995	104
1993.560059	103
1998.000000	98
2002.440063	92
2006.880005	98
2011.320068	102
2015.760010	106
2020.200073	114
2024.640015	118
2029.080078	120
2033.520020	120
2037.960083	108
2042.400024	107
2046.839966	108
2051.280029	116
2055.719971	116
2060.159912	119
2064.600098	115
2069.040039	109
2073.479980	100
2077.919922	105
2082.360107	103
2086.800049	98
2091.239990	105
2095.679932	109
2100.120117	112
2104.560059	106
2109.000000	120
2113.439941	109
2117.880127	109
2122.320068	113
2126.760010	105
2131.199951	99
2135.640137	98
2140.080078	105
2144.520020	108
2148.959961	108
2153.400146	109
2157.840088	113
2162.280029	117
2166.719971	114
2171.159912	98
2175.600098	97
2180.040039	105
2184.479980	106
2188.919922	102
2193.360107	101
2197.800049	92
2202.239990	93
2206.679932	110
2211.120117	111
2215.560059	117
2220.000000	111
2224.439941	110
2228.880127	120
2233.320068	108
2237.760010	100
2242.199951	113
2246.640137	118
2251.080078	104
2255.520020	105
2259.959961	110
2264.400146	114
2268.840088	112
2273.280029	112
2277.719971	115
2282.159912	115
2286.600098	102
2291.040039	102
2295.479980	109
2299.919922	103
2304.360107	103
2308.800049	102
2313.239990	101
2317.679932	111
2322.120117	115
2326.560059	109
2331.000000	115
2335.439941	105
2339.880127	110
2344.320068	106
2348.760010	116
2353.199951	116
2357.640137	103
2362.080078	93
2366.520020	100
2370.959961	101
2375.400146	120
2379.840088	116
2384.280029	116
2388.719971	113
2393.159912	106
2397.600098	107
2402.040039	111
2406.479980	106
2410.919922	105
2415.360107	104
2419.800049	104
2424.239990	105
2428.679932	101
2433.120117	99
2437.560059	120
2442.000000	123
2446.439941	114
2450.880127	103
2455.320068	110
2459.760010	104
2464.199951	109
2468.640137	108
2473.080078	105
2477.520020	108
2481.959961	104
2486.400146	114
2490.840088	121
2495.280029	103
2499.719971	110
2504.159912	109
2508.600098	110
2513.040039	111
2517.479980	113
2521.919922	112
2526.360107	116
2530.800049	105
2535.239990	101
2539.679932	110
2544.120117	94
2548.560059	104
2553.000000	104
2557.439941	103
2561.880127	110
2566.320068	113
2570.760010	111
2575.199951	113
2579.640137	115
2584.080078	111
2588.520020	102
2592.959961	107
2597.400146	108
2601.840088	105
2606.280029	106
2610.719971	105
2615.159912	104
2619.600098	106
2624.040039	100
2628.479980	125
2632.919922	115
2637.360107	105
2641.800049	116
2646.239990	119
2650.679932	117
2655.120117	118
2659.560059	112
2664.000000	105
2668.439941	109
2672.880127	114
2677.320068	116
2681.760010	109
2686.199951	111
2690.640137	113
2695.080078	120
2699.520020	114
2703.959961	109
2708.400146	104
2712.840088	115
2717.280029	106
2721.719971	104
2726.160156	105
2730.600098	117
2735.040039	110
2739.479980	100
2743.919922	102
2748.360107	107
2752.800049	101
2757.239990	100
2761.679932	115
2766.120117	105
2770.560059	109
2775.000000	109
2779.439941	100
2783.880127	101
2788.320068	101
2792.760010	100
2797.199951	112
2801.640137	119
2806.080078	116
2810.520020	107
2814.959961	103
2819.400146	102
2823.840088	102
2828.280029	112
2832.719971	98
2837.160156	108
2841.600098	109
2846.040039	100
2850.479980	113
2854.919922	127
2859.360107	135
2863.800049	123
2868.239990	98
2872.679932	108
2877.120117	112
2881.560059	105
2886.000000	108
2890.439941	108
2894.880127	103
2899.320068	108
2903.760010	100
2908.199951	114
2912.640137	109
2917.080078	93
2921.520020	104
2925.959961	117
2930.400146	109
2934.840088	108
2939.280029	116
2943.719971	115
2948.160156	107
2952.600098	104
2957.040039	109
2961.479980	119
2965.919922	126
2970.360107	126
2974.800049	118
2979.239990	111
2983.679932	111
2988.120117	124
2992.560059	118
2997.000000	107
3001.439941	115
3005.880127	117
3010.320068	118
3014.760010	117
3019.199951	126
3023.640137	123
3028.080078	119
3032.520020	108
3036.959961	104
3041.400146	114
3045.840088	102
3050.280029	101
3054.719971	95
3059.160156	109
3063.600098	109
3068.040039	103
3072.479980	99
3076.919922	109
3081.360107	107
3085.800049	101
3090.239990	106
3094.679932	115
3099.120117	113
3103.560059	127
3108.000000	109
3112.439941	108
3116.880127	109
3121.320068	108
3125.760010	106
3130.199951	103
3134.640137	113
3139.080078	116
3143.520020	110
3147.959961	104
3152.400146	105
3156.840088	99
3161.280029	99
3165.719971	105
3170.160156	115
3174.600098	108
3179.040039	105
3183.479980	105
3187.919922	110
3192.360107	118
3196.800049	123
3201.239990	115
3205.679932	117
3210.120117	119
3214.560059	107
3219.000000	111
3223.439941	109
3227.880127	103
3232.320068	99
3236.760010	123
3241.199951	121
3245.640137	114
3250.080078	109
3254.520020	110
3258.959961	115
3263.400146	116
3267.840088	122
3272.280029	121
3276.719971	124
3281.160156	120
3285.600098	96
3290.040039	109
3294.479980	111
3298.919922	107
3303.360107	120
3307.800049	117
3312.239990	114
3316.679932	121
3321.120117	114
3325.560059	105
3330.000000	108
3334.439941	123
3338.880127	118
3343.320068	106
3347.760010	108
3352.199951	107
3356.640137	110
3361.080078	100
3365.520020	104
3369.959961	99
3374.400146	108
3378.840088	111
3383.280029	112
3387.719971	105
3392.160156	114
3396.600098	113
3401.040039	116
3405.479980	106
3409.919922	97
3414.360107	107
3418.800049	106
3423.239990	106
3427.679932	113
3432.120117	109
3436.560059	110
3441.000000	115
3445.439941	110
3449.880127	109
3454.320068	121
3458.760010	123
3463.199951	115
3467.640137	109
3472.080078	107
3476.520020	111
3480.959961	101
3485.400146	116
3489.840088	109
3494.280029	99
3498.719971	104
3503.160156	117
3507.600098	115
3512.040039	110
3516.479980	109
3520.920166	107
3525.360107	106
3529.800049	107
3534.239990	115
3538.679932	106
3543.120117	106
3547.560059	104
3552.000000	103
3556.439941	100
3560.880127	106
3565.320068	107
3569.760010	113
3574.199951	111
3578.640137	112
3583.080078	106
3587.520020	107
3591.959961	114
3596.400146	111
3600.840088	109
3605.280029	114
3609.719971	108
3614.160156	113
3618.600098	106
3623.040039	111
3627.479980	114
3631.920166	116
3636.360107	108
3640.800049	107
3645.239990	107
3649.679932	111
3654.120117	109
3658.560059	105
3663.000000	105
3667.439941	113
3671.880127	111
3676.320068	117
3680.760010	115
3685.199951	118
3689.640137	107
3694.080078	103
3698.520020	110
3702.959961	117
3707.400146	103
3711.840088	105
3716.280029	105
3720.719971	103
3725.160156	101
3729.600098	102
3734.040039	111
3738.479980	114
3742.920166	107
3747.360107	118
3751.800049	120
3756.239990	127
3760.679932	124
3765.120117	121
3769.560059	130
3774.000000	132
3778.439941	129
3782.880127	137
3787.320068	122
3791.760010	129
3796.199951	117
3800.640137	126
3805.080078	143
3809.520020	138
3813.959961	135
3818.400146	135
3822.840088	140
3827.280029	141
3831.719971	137
3836.160156	139
3840.600098	143
3845.040039	157
3849.479980	157
3853.920166	140
3858.360107	138
3862.800049	157
3867.239990	175
3871.679932	168
3876.120117	170
3880.560059	164
3885.000000	170
3889.439941	159
3893.880127	151
3898.320068	165
3902.760010	160
3907.199951	158
3911.640137	161
3916.080078	149
3920.520020	150
3924.959961	167
3929.400146	171
3933.840088	175
3938.280029	185
3942.719971	192
3947.160156	182
3951.600098	181
3956.040039	180
3960.479980	185
3964.920166	189
3969.360107	204
3973.800049	211
3978.239990	243
3982.679932	286
3987.120117	291
3991.560059	275
3996.000000	280
4000.439941	308
4004.880127	309
4009.320068	307
4013.760010	327
4018.199951	317
4022.640137	318
4027.080078	336
4031.520020	343
4035.959961	345
4040.400146	338
4044.840088	356
4049.280029	374
4053.719971	372
4058.160156	362
4062.600098	374
4067.040039	402
4071.479980	398
4075.920166	416
4080.360107	437
4084.800049	450
4089.239990	441
4093.679932	443
4098.120117	441
4102.560059	444
4107.000000	432
4111.439941	418
4115.879883	439
4120.319824	423
4124.760254	404
4129.200195	455
4133.640137	452
4138.080078	410
4142.520020	407
4146.959961	419
4151.399902	452
4155.839844	492
4160.280273	460
4164.720215	448
4169.160156	469
4173.600098	452
4178.040039	443
4182.479980	470
4186.919922	452
4191.359863	474
4195.800293	494
4200.240234	453
4204.680176	488
4209.120117	493
4213.560059	462
4218.000000	465
4222.439941	451
4226.879883	442
4231.319824	458
4235.760254	477
4240.200195	493
4244.640137	539
4249.080078	570
4253.520020	552
4257.959961	531
4262.399902	542
4266.839844	555
4271.280273	538
4275.720215	519
4280.160156	532
4284.600098	521
4289.040039	538
4293.479980	561
4297.919922	586
4302.359863	596
4306.800293	601
4311.240234	652
4315.680176	715
4320.120117	725
4324.560059	737
4329.000000	770
4333.439941	781
4337.879883	784
4342.319824	776
4346.760254	788
4351.200195	805
4355.640137	820
4360.080078	802
4364.520020	794
4368.959961	824
4373.399902	824
4377.839844	815
4382.280273	812
4386.720215	823
4391.160156	819
4395.600098	815
4400.040039	847
4404.479980	877
4408.919922	899
4413.359863	921
4417.800293	915
4422.240234	895
4426.680176	923
4431.120117	934
4435.560059	935
4440.000000	953
4444.439941	978
4448.879883	966
4453.319824	950
4457.760254	954
4462.200195	948
4466.640137	944
4471.080078	958
4475.520020	1004
4479.959961	1036
4484.399902	1035
4488.839844	1030
4493.280273	1044
4497.720215	1044
4502.160156	1036
4506.600098	1041
4511.040039	1058
4515.479980	1039
4519.919922	1064
4524.359863	1088
4528.800293	1069
4533.240234	1049
4537.680176	1067
4542.120117	1085
4546.560059	1084
4551.000000	1082
4555.439941	1106
4559.879883	1115
4564.319824	1102
4568.760254	1133
4573.200195	1160
4577.640137	1163
4582.080078	1148
4586.520020	1173
4590.959961	1170
4595.399902	1192
4599.839844	1214
4604.280273	1195
4608.720215	1202
4613.160156	1221
4617.600098	1236
4622.040039	1260
4626.479980	1292
4630.919922	1267
4635.359863	1291
4639.800293	1297
4644.240234	1308
4648.680176	1290
4653.120117	1290
4657.560059	1338
4662.000000	1368
4666.439941	1384
4670.879883	1416
4675.319824	1429
4679.760254	1457
4684.200195	1487
4688.640137	1500
4693.080078	1501
4697.520020	1543
4701.959961	1584
4706.399902	1623
4710.839844	1637
4715.280273	1657
4719.720215	1707
4724.160156	1750
4728.600098	1774
4733.040039	1792
4737.479980	1831
4741.919922	1861
4746.359863	1882
4750.800293	1869
4755.240234	1931
4759.680176	1958
4764.120117	1965
4768.560059	1962
4773.000000	1961
4777.439941	2006
4781.879883	2067
4786.319824	2082
4790.760254	2092
4795.200195	2140
4799.640137	2132
4804.080078	2141
4808.520020	2163
4812.959961	2141
4817.399902	2169
4821.839844	2175
4826.280273	2178
4830.720215	2205
4835.160156	2242
4839.600098	2233
4844.040039	2204
4848.479980	2190
4852.919922	2203
4857.359863	2210
4861.800293	2224
4866.240234	2219
4870.680176	2198
4875.120117	2215
4879.560059	2244
4884.000000	2267
4888.439941	2325
4892.879883	2339
4897.319824	2325
4901.760254	2311
4906.200195	2312
4910.640137	2348
4915.080078	2380
4919.520020	2359
4923.959961	2351
4928.399902	2372
4932.839844	2384
4937.280273	2399
4941.720215	2372
4946.160156	2329
4950.600098	2371
4955.040039	2367
4959.479980	2331
4963.919922	2293
4968.359863	2296
4972.800293	2305
4977.240234	2279
4981.680176	2285
4986.120117	2286
4990.560059	2258
4995.000000	2226
4999.439941	2238
5003.879883	2217
5008.319824	2212
5012.760254	2194
5017.200195	2177
5021.640137	2180
5026.080078	2179
5030.520020	2213
5034.959961	2213
5039.399902	2164
5043.839844	2166
5048.280273	2173
5052.720215	2171
5057.160156	2183
5061.600098	2176
5066.040039	2157
5070.479980	2104
5074.919922	2125
5079.359863	2169
5083.800293	2131
5088.240234	2110
5092.680176	2140
5097.120117	2157
5101.560059	2150
5106.000000	2148
5110.439941	2127
5114.879883	2126
5119.319824	2116
5123.760254	2094
5128.200195	2117
5132.640137	2105
5137.080078	2095
5141.520020	2096
5145.959961	2089
5150.399902	2062
5154.839844	2046
5159.280273	1974
5163.720215	1936
5168.160156	1932
5172.600098	1921
5177.040039	1875
5181.479980	1868
5185.919922	1883
5190.359863	1882
5194.800293	1859
5199.240234	1840
5203.680176	1856
5208.120117	1930
5212.560059	1934
5217.000000	1933
5221.439941	1975
5225.879883	2011
5230.319824	2020
5234.760254	1991
5239.200195	1987
5243.640137	2032
5248.080078	2052
5252.520020	2035
5256.959961	2033
5261.399902	2054
5265.839844	2071
5270.280273	2076
5274.720215	2081
5279.160156	2072
5283.600098	2097
5288.040039	2126
5292.479980	2159
5296.919922	2179
5301.359863	2180
5305.800293	2175
5310.240234	2128
5314.680176	2151
5319.120117	2177
5323.560059	2169
5328.000000	2183
5332.439941	2172
5336.879883	2167
5341.320313	2154
5345.760254	2179
5350.200195	2214
5354.640137	2216
5359.080078	2193
5363.520020	2178
5367.959961	2189
5372.399902	2201
5376.839844	2199
5381.280273	2211
5385.720215	2212
5390.160156	2197
5394.600098	2196
5399.040039	2179
5403.479980	2189
5407.919922	2158
5412.359863	2158
5416.800293	2174
5421.240234	2185
5425.680176	2145
5430.120117	2150
5434.560059	2196
5439.000000	2157
5443.439941	2129
5447.879883	2146
5452.320313	2124
5456.760254	2090
5461.200195	2093
5465.640137	2094
5470.080078	2099
5474.520020	2073
5478.959961	2069
5483.399902	2042
5487.839844	2033
5492.280273	2052
5496.720215	2088
5501.160156	2096
5505.600098	2045
5510.040039	2053
5514.479980	2071
5518.919922	2084
5523.359863	2092
5527.800293	2078
5532.240234	2102
5536.680176	2114
5541.120117	2096
5545.560059	2070
5550.000000	2073
5554.439941	2073
5558.879883	2081
5563.320313	2100
5567.760254	2074
5572.200195	2073
5576.640137	2061
5581.080078	2052
5585.520020	2047
5589.959961	2062
5594.399902	2087
5598.839844	2059
5603.280273	2053
5607.720215	2085
5612.160156	2106
5616.600098	2085
5621.040039	2069
5625.479980	2062
5629.919922	2029
5634.359863	2056
5638.800293	2038
5643.240234	1988
5647.680176	1969
5652.120117	1983
5656.560059	2020
5661.000000	2021
5665.439941	1978
5669.879883	1985
5674.320313	2047
5678.760254	2057
5683.200195	2033
5687.640137	2007
5692.080078	1974
5696.520020	1983
5700.959961	1990
5705.399902	2011
5709.839844	2018
5714.280273	2004
5718.720215	1994
5723.160156	1988
5727.600098	1995
5732.040039	2007
5736.479980	2003
5740.919922	2020
5745.359863	2066
5749.800293	2081
5754.240234	2055
5758.680176	2070
5763.120117	2109
5767.560059	2092
5772.000000	2076
5776.439941	2090
5780.879883	2101
5785.320313	2108
5789.760254	2140
5794.200195	2165
5798.640137	2137
5803.080078	2169
5807.520020	2200
5811.959961	2214
5816.399902	2176
5820.839844	2192
5825.280273	2274
5829.720215	2287
5834.160156	2277
5838.600098	2292
5843.040039	2280
5847.479980	2301
5851.919922	2294
5856.359863	2262
5860.800293	2249
5865.240234	2254
5869.680176	2252
5874.120117	2246
5878.560059	2214
5883.000000	2175
5887.439941	2181
5891.879883	2187
5896.320313	2166
5900.760254	2150
5905.200195	2149
5909.640137	2154
5914.080078	2168
5918.520020	2153
5922.959961	2155
5927.399902	2173
5931.839844	2140
5936.280273	2134
5940.720215	2128
5945.160156	2115
5949.600098	2122
5954.040039	2129
5958.479980	2149
5962.919922	2168
5967.359863	2112
5971.800293	2099
5976.240234	2115
5980.680176	2115
5985.120117	2143
5989.560059	2162
5994.000000	2163
5998.439941	2123
6002.879883	2109
6007.320313	2126
6011.760254	2113
6016.200195	2087
6020.640137	2086
6025.080078	2110
6029.520020	2127
6033.959961	2137
6038.399902	2114
6042.839844	2104
6047.280273	2100
6051.720215	2120
6056.160156	2116
6060.600098	2123
6065.040039	2120
6069.479980	2106
6073.919922	2051
6078.359863	2045
6082.800293	2082
6087.240234	2067
6091.680176	2051
6096.120117	2025
6100.560059	2000
6105.000000	2017
6109.439941	2008
6113.879883	1942
6118.320313	1922
6122.760254	1941
6127.200195	1963
6131.640137	1973
6136.080078	1957
6140.520020	1900
6144.959961	1874
6149.399902	1881
6153.839844	1866
6158.280273	1846
6162.720215	1853
6167.160156	1838
6171.600098	1855
6176.040039	1810
6180.479980	1797
6184.919922	1770
6189.359863	1714
6193.800293	1719
6198.240234	1695
6202.680176	1668
6207.120117	1660
6211.560059	1639
6216.000000	1637
6220.439941	1594
6224.879883	1579
6229.320313	1579
6233.760254	1574
6238.200195	1544
6242.640137	1543
6247.080078	1536
6251.520020	1549
6255.959961	1577
6260.399902	1554
6264.839844	1532
6269.280273	1527
6273.720215	1523
6278.160156	1550
6282.600098	1546
6287.040039	1497
6291.479980	1472
6295.919922	1503
6300.359863	1496
6304.800293	1519
6309.240234	1531
6313.680176	1526
6318.120117	1562
6322.560059	1579
6327.000000	1589
6331.439941	1609
6335.879883	1607
6340.320313	1631
6344.760254	1638
6349.200195	1605
6353.640137	1610
6358.080078	1703
6362.520020	1660
6366.959961	1652
6371.399902	1672
6375.839844	1691
6380.280273	1710
6384.720215	1714
6389.160156	1704
6393.600098	1728
6398.040039	1771
6402.479980	1737
6406.919922	1718
6411.359863	1734
6415.800293	1726
6420.240234	1729
6424.680176	1732
6429.120117	1728
6433.560059	1698
6438.000000	1685
6442.439941	1690
6446.879883	1692
6451.320313	1702
6455.760254	1734
6460.200195	1728
6464.640137	1729
6469.080078	1715
6473.520020	1720
6477.959961	1702
6482.399902	1661
6486.839844	1695
6491.280273	1736
6495.720215	1744
6500.160156	1726
6504.600098	1698
6509.040039	1677
6513.479980	1667
6517.919922	1679
6522.359863	1693
6526.800293	1691
6531.240234	1695
6535.680176	1714
6540.120117	1706
6544.560059	1732
6549.000000	1741
6553.439941	1701
6557.879883	1702
6562.320313	1714
6566.760254	1693
6571.200195	1714
6575.640137	1709
6580.080078	1681
6584.520020	1673
6588.959961	1696
6593.399902	1697
6597.839844	1699
6602.280273	1718
6606.720215	1735
6611.160156	1738
6615.600098	1730
6620.040039	1733
6624.479980	1720
6628.919922	1739
6633.359863	1773
6637.800293	1784
6642.240234	1776
6646.680176	1775
6651.120117	1792
6655.560059	1752
6660.000000	1718
6664.439941	1732
6668.879883	1724
6673.320313	1777
6677.760254	1805
6682.200195	1766
6686.640137	1760
6691.080078	1781
6695.520020	1744
6699.959961	1755
6704.399902	1778
6708.839844	1792
6713.280273	1788
6717.720215	1760
6722.160156	1767
6726.600098	1779
6731.040039	1790
6735.479980	1785
6739.919922	1782
6744.359863	1764
6748.800293	1760
6753.240234	1778
6757.680176	1783
6762.120117	1779
6766.560059	1745
6771.000000	1753
6775.439941	1799
6779.879883	1809
6784.320313	1774
6788.760254	1772
6793.200195	1799
6797.640137	1843
6802.080078	1871
6806.520020	1876
6810.959961	1878
6815.399902	1863
6819.839844	1855
6824.280273	1861
6828.720215	1888
6833.160156	1881
6837.600098	1890
6842.040039	1924
6846.479980	1938
6850.919922	1941
6855.359863	1905
6859.800293	1875
6864.240234	1874
6868.680176	1872
6873.120117	1859
6877.560059	1893
6882.000000	1879
6886.439941	1872
6890.879883	1843
6895.320313	1873
6899.760254	1927
6904.200195	1930
6908.640137	1921
6913.080078	1933
6917.520020	1955
6921.959961	1944
6926.399902	1956
6930.840332	1991
6935.280273	2031
6939.720215	2031
6944.160156	2039
6948.600098	2030
6953.040039	2016
6957.479980	2031
6961.919922	2046
6966.359863	2100
6970.800293	2097
6975.240234	2059
6979.680176	2128
6984.120117	2153
6988.560059	2134
6993.000000	2159
6997.439941	2154
7001.879883	2178
7006.320313	2208
7010.760254	2180
7015.200195	2161
7019.640137	2194
7024.080078	2213
7028.520020	2206
7032.959961	2203
7037.399902	2216
7041.840332	2200
7046.280273	2167
7050.720215	2178
7055.160156	2184
7059.600098	2207
7064.040039	2216
7068.479980	2198
7072.919922	2165
7077.359863	2186
7081.800293	2181
7086.240234	2140
7090.680176	2123
7095.120117	2105
7099.560059	2077
7104.000000	2078
7108.439941	2076
7112.879883	2050
7117.320313	2026
7121.760254	2000
7126.200195	2005
7130.640137	2021
7135.080078	2005
7139.520020	1988
7143.959961	1994
7148.399902	1998
7152.840332	1943
7157.280273	1905
7161.720215	1936
7166.160156	1942
7170.600098	1904
7175.040039	1830
7179.479980	1859
7183.919922	1869
7188.359863	1828
7192.800293	1843
7197.240234	1851
7201.680176	1862
7206.120117	1850
7210.560059	1844
7215.000000	1870
7219.439941	1889
7223.879883	1877
7228.320313	1876
7232.760254	1832
7237.200195	1862
7241.640137	1849
7246.080078	1885
7250.520020	1895
7254.959961	1865
7259.399902	1833
7263.840332	1851
7268.280273	1907
7272.720215	1868
7277.160156	1828
7281.600098	1848
7286.040039	1859
7290.479980	1844
7294.919922	1842
7299.359863	1865
7303.800293	1867
7308.240234	1872
7312.680176	1890
7317.120117	1931
7321.560059	1921
7326.000000	1916
7330.439941	1920
7334.879883	1909
7339.320313	1892
7343.760254	1903
7348.200195	1918
7352.640137	1909
7357.080078	1906
7361.520020	1914
7365.959961	1953
7370.399902	1964
7374.840332	1969
7379.280273	1943
7383.720215	1897
7388.160156	1898
7392.600098	1883
7397.040039	1866
7401.479980	1874
7405.919922	1931
7410.359863	1919
7414.800293	1932
7419.240234	1953
7423.680176	1911
7428.120117	1880
7432.560059	1866
7437.000000	1826
7441.439941	1854
7445.879883	1899
7450.320313	1872
7454.760254	1877
7459.200195	1832
7463.640137	1832
7468.080078	1862
7472.520020	1827
7476.959961	1796
7481.399902	1800
7485.840332	1823
7490.280273	1841
7494.720215	1793
7499.160156	1802
7503.600098	1814
7508.040039	1740
7512.479980	1720
7516.919922	1737
7521.359863	1765
7525.800293	1773
7530.240234	1721
7534.680176	1666
7539.120117	1632
7543.560059	1620
7548.000000	1636
7552.439941	1635
7556.879883	1596
7561.320313	1551
7565.760254	1526
7570.200195	1487
7574.640137	1465
7579.080078	1434
7583.520020	1384
7587.959961	1303
7592.399902	1249
7596.840332	1213
7601.280273	1185
7605.720215	1118
7610.160156	1083
7614.600098	1072
7619.040039	1048
7623.479980	1005
7627.919922	979
7632.359863	968
7636.800293	959
7641.240234	947
7645.680176	943
7650.120117	964
7654.560059	946
7659.000000	921
7663.439941	933
7667.879883	909
7672.320313	917
7676.760254	953
7681.200195	974
7685.640137	971
7690.080078	968
7694.520020	1019
7698.959961	1037
7703.399902	998
7707.840332	992
7712.280273	1004
7716.720215	1024
7721.160156	1003
7725.600098	1006
7730.040039	1021
7734.479980	1031
7738.919922	1033
7743.359863	1051
7747.800293	1052
7752.240234	1064
7756.680176	1072
7761.120117	1078
7765.560059	1028
7770.000000	1018
7774.439941	1014
7778.879883	1022
7783.320313	1062
7787.760254	1063
7792.200195	1086
7796.640137	1059
7801.080078	1043
7805.520020	1018
7809.959961	1006
7814.399902	1019
7818.840332	986
7823.280273	959
7827.720215	967
7832.160156	912
7836.600098	869
7841.040039	860
7845.479980	863
7849.919922	841
7854.359863	799
7858.800293	780
7863.240234	760
7867.680176	716
7872.120117	694
7876.560059	677
7881.000000	678
7885.439941	649
7889.879883	616
7894.320313	584
7898.760254	591
7903.200195	595
7907.640137	577
7912.080078	568
7916.520020	570
7920.959961	573
7925.399902	571
7929.840332	579
7934.280273	557
7938.720215	539
7943.160156	553
7947.600098	566
7952.040039	587
7956.479980	604
7960.919922	612
7965.359863	628
7969.800293	635
7974.240234	616
7978.680176	622
7983.120117	656
7987.560059	671
7992.000000	689
7996.439941	691
8000.879883	675
8005.320313	674
8009.760254	691
8014.200195	710
8018.640137	726
8023.080078	717
8027.520020	740
8031.959961	768
8036.399902	750
8040.840332	734
8045.280273	725
8049.720215	710
8054.160156	725
8058.600098	747
8063.040039	743
8067.479980	750
8071.919922	745
8076.359863	755
8080.800293	780
8085.240234	754
8089.680176	730
8094.120117	729
8098.560059	733
8103.000000	722
8107.439941	707
8111.879883	716
8116.320313	728
8120.760254	723
8125.200195	713
8129.640137	708
8134.080078	686
8138.520020	682
8142.959961	675
8147.399902	643
8151.840332	634
8156.280273	609
8160.720215	594
8165.160156	610
8169.600098	601
8174.040039	585
8178.479980	586
8182.919922	561
8187.359863	538
8191.800293	547
8196.240234	528
8200.679688	508
8205.120117	509
8209.560547	533
8214.000000	517
8218.440430	480
8222.879883	434
8227.320313	434
8231.759766	441
8236.200195	438
8240.639648	435
8245.080078	432
8249.520508	399
8253.959961	391
8258.400391	383
8262.839844	375
8267.280273	361
8271.719727	353
8276.160156	356
8280.600586	354
8285.040039	366
8289.480469	384
8293.919922	369
8298.360352	350
8302.799805	351
8307.240234	351
8311.679688	334
8316.120117	351
8320.560547	365
8325.000000	375
8329.440430	378
8333.879883	378
8338.320313	389
8342.759766	392
8347.200195	389
8351.639648	399
8356.080078	396
8360.520508	416
8364.959961	427
8369.400391	421
8373.839844	419
8378.280273	448
8382.719727	483
8387.160156	488
8391.600586	481
8396.040039	480
8400.480469	491
8404.919922	498
8409.360352	495
8413.799805	498
8418.240234	499
8422.679688	512
8427.120117	531
8431.560547	558
8436.000000	574
8440.440430	559
8444.879883	547
8449.320313	544
8453.759766	542
8458.200195	560
8462.639648	603
8467.080078	605
8471.520508	619
8475.959961	597
8480.400391	608
8484.839844	599
8489.280273	591
8493.719727	590
8498.160156	580
8502.600586	595
8507.040039	583
8511.480469	583
8515.919922	589
8520.360352	603
8524.799805	600
8529.240234	594
8533.679688	586
8538.120117	603
8542.560547	585
8547.000000	559
8551.440430	558
8555.879883	582
8560.320313	578
8564.759766	576
8569.200195	572
8573.639648	581
8578.080078	586
8582.520508	545
8586.959961	531
8591.400391	521
8595.839844	518
8600.280273	524
8604.719727	544
8609.160156	563
8613.600586	532
8618.040039	510
8622.480469	499
8626.919922	484
8631.360352	498
8635.799805	494
8640.240234	476
8644.679688	441
8649.120117	442
8653.560547	460
8658.000000	473
8662.440430	471
8666.879883	443
8671.320313	437
8675.759766	442
8680.200195	421
8684.639648	392
8689.080078	398
8693.520508	400
8697.959961	390
8702.400391	402
8706.839844	402
8711.280273	378
8715.719727	356
8720.160156	342
8724.600586	339
8729.040039	347
8733.480469	342
8737.919922	321
8742.360352	320
8746.799805	320
8751.240234	319
8755.679688	321
8760.120117	303
8764.560547	283
8769.000000	282
8773.440430	282
8777.879883	284
8782.320313	268
8786.759766	271
8791.200195	251
8795.639648	244
8800.080078	253
8804.520508	247
8808.959961	234
8813.400391	231
8817.839844	221
8822.280273	215
8826.719727	219
8831.160156	210
8835.600586	218
8840.040039	209
8844.480469	193
8848.919922	185
8853.360352	180
8857.799805	190
8862.240234	189
8866.679688	195
8871.120117	178
8875.560547	160
8880.000000	144
8884.440430	142
8888.879883	162
8893.320313	170
8897.759766	159
8902.200195	150
8906.639648	164
8911.080078	157
8915.520508	157
8919.959961	168
8924.400391	164
8928.839844	147
8933.280273	156
8937.719727	173
8942.160156	178
8946.600586	156
8951.040039	151
8955.480469	154
8959.919922	161
8964.360352	165
8968.799805	167
8973.240234	166
8977.679688	178
8982.120117	183
8986.560547	173
8991.000000	179
8995.440430	176
8999.879883	160
9004.320313	169
9008.759766	176
9013.200195	170
9017.639648	179
9022.080078	165
9026.520508	170
9030.959961	177
9035.400391	180
9039.839844	183
9044.280273	183
9048.719727	186
9053.160156	185
9057.600586	175
9062.040039	191
9066.480469	183
9070.919922	189
9075.360352	192
9079.799805	206
9084.240234	199
9088.679688	210
9093.120117	205
9097.560547	215
9102.000000	215
9106.440430	200
9110.879883	211
9115.320313	232
9119.759766	204
9124.200195	189
9128.639648	208
9133.080078	198
9137.520508	209
9141.959961	204
9146.400391	192
9150.839844	198
9155.280273	200
9159.719727	214
9164.160156	216
9168.600586	207
9173.040039	204
9177.480469	204
9181.919922	204
9186.360352	222
9190.799805	215
9195.240234	203
9199.679688	202
9204.120117	198
9208.560547	189
9213.000000	203
9217.440430	198
9221.879883	186
9226.320313	196
9230.759766	187
9235.200195	184
9239.639648	191
9244.080078	189
9248.520508	189
9252.959961	177
9257.400391	184
9261.839844	178
9266.280273	176
9270.719727	173
9275.160156	183
9279.600586	187
9284.040039	185
9288.480469	189
9292.919922	182
9297.360352	186
9301.799805	186
9306.240234	178
9310.679688	174
9315.120117	172
9319.560547	166
9324.000000	167
9328.440430	168
9332.879883	160
9337.320313	150
9341.759766	159
9346.200195	153
9350.639648	162
9355.080078	170
9359.520508	163
9363.959961	144
9368.400391	147
9372.839844	144
9377.280273	155
9381.719727	161
9386.160156	151
9390.600586	140
9395.040039	141
9399.480469	135
9403.919922	134
9408.360352	135
9412.799805	140
9417.240234	146
9421.679688	147
9426.120117	144
9430.560547	148
9435.000000	143
9439.440430	134
9443.879883	137
9448.320313	134
9452.759766	130
9457.200195	132
9461.639648	122
9466.080078	136
9470.520508	125
9474.959961	131
9479.400391	126
9483.839844	137
9488.280273	141
9492.719727	136
9497.160156	133
9501.600586	132
9506.040039	140
9510.480469	122
9514.919922	126
9519.360352	130
9523.799805	119
9528.240234	126
9532.679688	137
9537.120117	143
9541.560547	133
9546.000000	130
9550.440430	121
9554.879883	120
9559.320313	129
9563.759766	131
9568.200195	130
9572.639648	136
9577.080078	134
9581.520508	146
9585.959961	138
9590.400391	146
9594.839844	154
9599.280273	139
9603.719727	135
9608.160156	130
9612.600586	131
9617.040039	140
9621.480469	147
9625.919922	148
9630.360352	152
9634.799805	139
9639.240234	144
9643.679688	138
9648.120117	144
9652.560547	142
9657.000000	130
9661.440430	142
9665.879883	159
9670.320313	154
9674.759766	140
9679.200195	139
9683.639648	156
9688.080078	157
9692.520508	157
9696.959961	149
9701.400391	144
9705.839844	160
9710.280273	172
9714.719727	161
9719.160156	154
9723.600586	141
9728.040039	148
9732.480469	155
9736.919922	169
9741.360352	166
9745.799805	166
9750.240234	154
9754.679688	159
9759.120117	173
9763.560547	178
9768.000000	176
9772.440430	170
9776.879883	166
9781.320313	169
9785.759766	159
9790.200195	157
9794.639648	157
9799.080078	168
9803.520508	168
9807.959961	162
9812.400391	171
9816.839844	175
9821.280273	175
9825.719727	166
9830.160156	169
9834.600586	179
9839.040039	187
9843.480469	181
9847.919922	179
9852.360352	170
9856.799805	156
9861.240234	163
9865.679688	177
9870.120117	181
9874.560547	180
9879.000000	182
9883.440430	183
9887.879883	183
9892.320313	175
9896.759766	174
9901.200195	177
9905.639648	175
9910.080078	171
9914.520508	163
9918.959961	157
9923.400391	156
9927.839844	152
9932.280273	157
9936.719727	152
9941.160156	146
9945.600586	159
9950.040039	159
9954.480469	151
9958.919922	153
9963.360352	155
9967.799805	160
9972.240234	162
9976.679688	167
9981.120117	174
9985.560547	177
9990.000000	168
9994.440430	153
9998.879883	150
10003.320313	147
10007.759766	146
10012.200195	148
10016.639648	146
10021.080078	160
10025.520508	156
10029.959961	156
10034.400391	163
10038.839844	160
10043.280273	158
10047.719727	163
10052.160156	143
10056.600586	166
10061.040039	163
10065.480469	160
10069.919922	151
10074.360352	143
10078.799805	157
10083.240234	161
10087.679688	147
10092.120117	144
10096.560547	149
10101.000000	148
10105.440430	145
10109.879883	139
10114.320313	142
10118.759766	144
10123.200195	147
10127.639648	137
10132.080078	140
10136.520508	147
10140.959961	138
10145.400391	137
10149.839844	150
10154.280273	148
10158.719727	148
10163.160156	124
10167.600586	136
10172.040039	140
10176.480469	143
10180.919922	150
10185.360352	152
10189.799805	143
10194.240234	127
10198.679688	129
10203.120117	120
10207.560547	124
10212.000000	118
10216.440430	135
10220.879883	139
10225.320313	142
10229.759766	128
10234.200195	127
10238.639648	131
10243.080078	122
10247.520508	126
10251.959961	119
10256.400391	134
10260.839844	132
10265.280273	126
10269.719727	144
10274.160156	144
10278.600586	143
10283.040039	134
10287.480469	137
10291.919922	137
10296.360352	139
10300.799805	152
10305.240234	150
10309.679688	136
10314.120117	129
10318.560547	127
10323.000000	131
10327.440430	136
10331.879883	130
10336.320313	139
10340.759766	133
10345.200195	124
10349.639648	132
10354.080078	130
10358.520508	122
10362.959961	127
10367.400391	129
10371.839844	120
10376.280273	124
10380.719727	112
10385.160156	121
10389.600586	120
10394.040039	117
10398.480469	123
10402.919922	134
10407.360352	128
10411.799805	122
10416.240234	115
10420.679688	110
10425.120117	115
10429.560547	121
10434.000000	125
10438.440430	133
10442.879883	131
10447.320313	129
10451.759766	131
10456.200195	132
10460.639648	145
10465.080078	130
10469.520508	122
10473.959961	140
10478.400391	136
10482.839844	135
10487.280273	131
10491.719727	125
10496.160156	121
10500.600586	123
10505.040039	132
10509.480469	133
10513.919922	132
10518.360352	120
10522.799805	120
10527.240234	127
10531.679688	126
10536.120117	125
10540.560547	128
10545.000000	127
10549.440430	129
10553.879883	121
10558.320313	117
10562.759766	126
10567.200195	138
10571.639648	133
10576.080078	140
10580.520508	138
10584.959961	143
10589.400391	145
10593.839844	132
10598.280273	130
10602.719727	151
10607.160156	149
10611.600586	135
10616.040039	126
10620.480469	130
10624.919922	134
10629.360352	137
10633.799805	141
10638.240234	140
10642.679688	142
10647.120117	127
10651.560547	130
10656.000000	128
10660.440430	137
10664.879883	141
10669.320313	142
10673.759766	135
10678.200195	139
10682.640625	146
10687.080078	145
10691.520508	139
10695.959961	135
10700.400391	135
10704.839844	131
10709.280273	138
10713.719727	133
10718.160156	133
10722.600586	128
10727.040039	129
10731.480469	125
10735.919922	133
10740.360352	144
10744.799805	146
10749.240234	123
10753.679688	116
10758.120117	125
10762.560547	136
10767.000000	124
10771.440430	114
10775.879883	108
10780.320313	108
10784.759766	118
10789.200195	123
10793.640625	125
10798.080078	128
10802.520508	123
10806.959961	116
10811.400391	113
10815.839844	122
10820.280273	118
10824.719727	114
10829.160156	117
10833.600586	122
10838.040039	118
10842.480469	115
10846.919922	115
10851.360352	109
10855.799805	109
10860.240234	110
10864.679688	107
10869.120117	101
10873.560547	92
10878.000000	104
10882.440430	105
10886.879883	98
10891.320313	95
10895.759766	94
10900.200195	86
10904.640625	83
10909.080078	91
10913.520508	97
10917.959961	82
10922.400391	75
10926.839844	66
10931.280273	48
10935.719727	44
10940.160156	50
10944.600586	50
10949.040039	35
10953.480469	39
10957.919922	43
10962.360352	33
10966.799805	24
10971.240234	34
10975.679688	36
10980.120117	30
10984.560547	36
10989.000000	33
10993.440430	32
10997.879883	29
11002.320313	26
11006.759766	21
11011.200195	23
11015.640625	23
11020.080078	25
11024.520508	23
11028.959961	20
11033.400391	21
11037.839844	13
11042.280273	13
11046.719727	21
11051.160156	20
11055.600586	16
11060.040039	13
11064.480469	15
11068.919922	17
11073.360352	22
11077.799805	19
11082.240234	15
11086.679688	13
11091.120117	11
11095.560547	11
11100.000000	9
11104.440430	9
11108.879883	6
11113.320313	6
11117.759766	5
11122.200195	6
11126.640625	6
11131.080078	5
11135.520508	5
11139.959961	2
11144.400391	1
11148.839844	0
11153.280273	0
11157.719727	0
11162.160156	0
11166.600586	0
11171.040039	0
11175.480469	0
11179.919922	0
11184.360352	0
11188.799805	0
11193.240234	0
11197.679688	0
11202.120117	0
11206.560547	0
11211.000000	0
11215.440430	0
11219.879883	0
11224.320313	0
11228.759766	0
11233.200195	0
11237.640625	0
11242.080078	0
11246.520508	0
11250.959961	0
11255.400391	0
11259.839844	0
11264.280273	0
11268.719727	0
11273.160156	0
11277.600586	0
11282.040039	0
11286.480469	0
11290.919922	0
11295.360352	0
11299.799805	0
11304.240234	0
11308.679688	0
11313.120117	0
11317.560547	0
11322.000000	0
11326.440430	0
11330.879883	0
11335.320313	0
11339.759766	0
11344.200195	0
11348.640625	0
11353.080078	0
11357.520508	0
11361.959961	0
11366.400391	0
11370.839844	0
11375.280273	0
11379.719727	0
11384.160156	0
11388.600586	0
11393.040039	0
11397.480469	0
11401.919922	0
11406.360352	0
11410.799805	0
11415.240234	0
11419.679688	0
11424.120117	0
11428.560547	0
11433.000000	0
11437.440430	0
11441.879883	0
11446.320313	0
11450.759766	0
11455.200195	0
11459.640625	0
11464.080078	0
11468.520508	0
11472.959961	0
11477.400391	0
11481.839844	0
11486.280273	0
11490.719727	0
11495.160156	0
11499.600586	0
11504.040039	0
11508.480469	0
11512.919922	0
11517.360352	0
11521.799805	0
11526.240234	0
11530.679688	0
11535.120117	0
11539.560547	0
11544.000000	0
11548.440430	0
11552.879883	0
11557.320313	0
11561.759766	0
11566.200195	0
11570.640625	0
11575.080078	0
11579.520508	0
11583.959961	0
11588.400391	0
11592.839844	0
11597.280273	0
11601.719727	0
11606.160156	0
11610.600586	0
11615.040039	0
11619.480469	0
11623.919922	0
11628.360352	0
11632.799805	0
11637.240234	0
11641.679688	0
11646.120117	0
11650.560547	0
11655.000000	0
11659.440430	0
11663.879883	0
11668.320313	0
11672.759766	0
11677.200195	0
11681.640625	0
11686.080078	0
11690.520508	0
11694.959961	0
11699.400391	0
11703.839844	0
11708.280273	0
11712.719727	0
11717.160156	0
11721.600586	0
11726.040039	0
11730.480469	0
11734.919922	0
11739.360352	0
11743.799805	0
11748.240234	0
11752.679688	0
11757.120117	0
11761.560547	0
11766.000000	0
11770.440430	0
11774.879883	0
11779.320313	0
11783.759766	0
11788.200195	0
11792.640625	0
11797.080078	0
11801.520508	0
11805.959961	0
11810.400391	0
11814.839844	0
11819.280273	0
11823.719727	0
11828.160156	0
11832.600586	0
11837.040039	0
11841.480469	0
11845.919922	0
11850.360352	0
11854.799805	0
11859.240234	0
11863.679688	0
11868.120117	0
11872.560547	0
11877.000000	0
11881.440430	0
11885.879883	0
11890.320313	0
11894.759766	0
11899.200195	0
11903.640625	0
11908.080078	0
11912.520508	0
11916.959961	0
11921.400391	0
11925.839844	0
11930.280273	0
11934.719727	0
11939.160156	0
11943.600586	0
11948.040039	0
11952.480469	0
11956.919922	0
11961.360352	0
11965.799805	0
11970.240234	0
11974.679688	0
11979.120117	0
11983.560547	0
11988.000000	0
11992.440430	0
11996.879883	0
12001.320313	0
12005.759766	0
12010.200195	0
12014.640625	0
12019.080078	0
12023.520508	0
12027.959961	0
12032.400391	0
12036.839844	0
12041.280273	0
12045.719727	0
12050.160156	0
12054.600586	0
12059.040039	0
12063.480469	0
12067.919922	0
12072.360352	0
12076.799805	0
12081.240234	0
12085.679688	0
12090.120117	0
12094.560547	0
12099.000000	0
12103.440430	0
12107.879883	0
12112.320313	0
12116.759766	0
12121.200195	0
12125.640625	0
12130.080078	0
12134.520508	0
12138.959961	0
12143.400391	0
12147.839844	0
12152.280273	0
12156.719727	0
12161.160156	0
12165.600586	0
12170.040039	0
12174.480469	0
12178.919922	0
12183.360352	0
12187.799805	0
12192.240234	0
12196.679688	0
12201.120117	0
12205.560547	0
12210.000000	0
12214.440430	0
12218.879883	0
12223.320313	0
12227.759766	0
12232.200195	0
12236.640625	0
12241.080078	0
12245.520508	0
12249.959961	0
12254.400391	0
12258.839844	0
12263.280273	0
12267.719727	0
12272.160156	0
12276.600586	0
12281.040039	0
12285.480469	0
12289.919922	0
12294.360352	0
12298.799805	0
12303.240234	0
12307.679688	0
12312.120117	0
12316.560547	0
12321.000000	0
12325.440430	0
12329.879883	0
12334.320313	0
12338.759766	0
12343.200195	0
12347.640625	0
12352.080078	0
12356.520508	0
12360.959961	0
12365.400391	0
12369.839844	0
12374.280273	0
12378.719727	0
12383.160156	0
12387.600586	0
12392.040039	0
12396.480469	0
12400.919922	0
12405.360352	0
12409.799805	0
12414.240234	0
12418.679688	0
12423.120117	0
12427.560547	0
12432.000000	0
12436.440430	0
12440.879883	0
12445.320313	0
12449.759766	0
12454.200195	0
12458.640625	0
12463.080078	0
12467.520508	0
12471.959961	0
12476.400391	0
12480.839844	0
12485.280273	0
12489.719727	0
12494.160156	0
12498.600586	0
12503.040039	0
12507.480469	0
12511.919922	0
12516.360352	0
12520.799805	0
12525.240234	0
12529.679688	0
12534.120117	0
12538.560547	0
12543.000000	0
12547.440430	0
12551.879883	0
12556.320313	0
12560.759766	0
12565.200195	0
12569.640625	0
12574.080078	0
12578.520508	0
12582.959961	0
12587.400391	0
12591.839844	0
12596.280273	0
12600.719727	0
12605.160156	0
12609.600586	0
12614.040039	0
12618.480469	0
12622.919922	0
12627.360352	0
12631.799805	0
12636.240234	0
12640.679688	0
12645.120117	0
12649.560547	0
12654.000000	0
12658.440430	0
12662.879883	0
12667.320313	0
12671.759766	0
12676.200195	0
12680.640625	0
12685.080078	0
12689.520508	0
12693.959961	0
12698.400391	0
12702.839844	0
12707.280273	0
12711.719727	0
12716.160156	0
12720.600586	0
12725.040039	0
12729.480469	0
12733.919922	0
12738.360352	0
12742.799805	0
12747.240234	0
12751.679688	0
12756.120117	0
12760.560547	0
12765.000000	0
12769.440430	0
12773.879883	0
12778.320313	0
12782.759766	0
12787.200195	0
12791.640625	0
12796.080078	0
12800.520508	0
12804.959961	0
12809.400391	0
12813.839844	0
12818.280273	0
12822.719727	0
12827.160156	0
12831.600586	0
12836.040039	0
12840.480469	0
12844.919922	0
12849.360352	0
12853.799805	0
12858.240234	0
12862.679688	0
12867.120117	0
12871.560547	0
12876.000000	0
12880.440430	0
12884.879883	0
12889.320313	0
12893.759766	0
12898.200195	0
12902.640625	0
12907.080078	0
12911.520508	0
12915.959961	0
12920.400391	0
12924.839844	0
12929.280273	0
12933.719727	0
12938.160156	0
12942.600586	0
12947.040039	0
12951.480469	0
12955.919922	0
12960.360352	0
12964.799805	0
12969.240234	0
12973.679688	0
12978.120117	0
12982.560547	0
12987.000000	0
12991.440430	0
12995.879883	0
13000.320313	0
13004.759766	0
13009.200195	0
13013.640625	0
13018.080078	0
13022.520508	0
13026.959961	0
13031.400391	0
13035.839844	0
13040.280273	0
13044.719727	0
13049.160156	0
13053.600586	0
13058.040039	0
13062.480469	0
