-1346.719971	1076
-1342.289917	1062
-1337.859985	1061
-1333.429932	1050
-1329.000000	1019
-1324.569946	1044
-1320.139893	1117
-1315.709961	1069
-1311.279907	1030
-1306.849976	1123
-1302.419922	1159
-1297.989990	1102
-1293.559937	1086
-1289.130005	1174
-1284.699951	1204
-1280.269897	1112
-1275.839966	1075
-1271.409912	1110
-1266.979980	1170
-1262.549927	1229
-1258.119995	1235
-1253.689941	1134
-1249.260010	1065
-1244.829956	1097
-1240.399902	1132
-1235.969971	1157
-1231.539917	1203
-1227.109985	1196
-1222.679932	1109
-1218.250000	1121
-1213.819946	1189
-1209.389893	1178
-1204.959961	1188
-1200.529907	1193
-1196.099976	1178
-1191.669922	1136
-1187.239990	1126
-1182.809937	1127
-1178.380005	1087
-1173.949951	1157
-1169.519897	1172
-1165.089966	1192
-1160.659912	1203
-1156.229980	1128
-1151.799927	1147
-1147.369995	1138
-1142.939941	1121
-1138.510010	1114
-1134.079956	1076
-1129.649902	1032
-1125.219971	1055
-1120.789917	1113
-1116.359985	1156
-1111.929932	1194
-1107.500000	1154
-1103.069946	1082
-1098.640015	1070
-1094.209961	1122
-1089.779907	1122
-1085.349976	1128
-1080.919922	1099
-1076.489990	1115
-1072.059937	1140
-1067.630005	1144
-1063.199951	1112
-1058.770020	1068
-1054.339966	1094
-1049.909912	1151
-1045.479980	1174
-1041.049927	1173
-1036.619995	1154
-1032.189941	1173
-1027.760010	1147
-1023.329956	1107
-1018.899963	1071
-1014.469971	1096
-1010.039978	1159
-1005.609985	1168
-1001.179932	1155
-996.749939	1163
-992.319946	1103
-987.889954	1099
-983.459961	1103
-979.029968	1107
-974.599976	1091
-970.169983	1085
-965.739990	1073
-961.309937	1072
-956.879944	1163
-952.449951	1180
-948.019958	1142
-943.589966	1160
-939.159973	1190
-934.729980	1131
-930.299988	1102
-925.869934	1144
-921.439941	1165
-917.009949	1102
-912.579956	1078
-908.149963	1139
-903.719971	1162
-899.289978	1149
-894.859985	1124
-890.429993	1109
-885.999939	1098
-881.569946	1038
-877.139954	1094
-872.709961	1128
-868.279968	1131
-863.849976	1098
-859.419983	1143
-854.989990	1166
-850.559937	1169
-846.129944	1165
-841.699951	1132
-837.269958	1088
-832.839966	1136
-828.409973	1128
-823.979980	1099
-819.549988	1124
-815.119995	1141
-810.689941	1118
-806.259949	1078
-801.829956	1095
-797.399963	1117
-792.969971	1074
-788.539978	1107
-784.109985	1169
-779.679993	1161
-775.250000	1139
-770.819946	1093
-766.389954	1071
-761.959961	1067
-757.529968	1123
-753.099976	1175
-748.669983	1152
-744.239990	1122
-739.809998	1132
-735.379944	1060
-730.949951	1087
-726.519958	1108
-722.089966	1066
-717.659973	1064
-713.229980	1111
-708.799988	1111
-704.369995	1139
-699.940002	1165
-695.509949	1119
-691.079956	1140
-686.649963	1151
-682.219971	1122
-677.789978	1147
-673.359985	1118
-668.929993	1076
-664.500000	1066
-660.069946	1110
-655.639954	1125
-651.209961	1121
-646.779968	1082
-642.349976	1050
-637.919983	1083
-633.489990	1146
-629.059998	1127
-624.630005	1177
-620.199951	1211
-615.769958	1236
-611.339966	1209
-606.909973	1152
-602.479980	1123
-598.049988	1093
-593.619995	1098
-589.190002	1150
-584.759949	1135
-580.329956	1111
-575.899963	1126
-571.469971	1116
-567.039978	1111
-562.609985	1120
-558.179993	1123
-553.750000	1078
-549.320007	1044
-544.889954	1066
-540.459961	1053
-536.029968	1088
-531.599976	1201
-527.169983	1209
-522.739990	1090
-518.309998	1072
-513.880005	1109
-509.449982	1143
-505.019989	1162
-500.589966	1158
-496.159973	1106
-491.729980	1109
-487.299988	1153
-482.869995	1165
-478.439972	1110
-474.009979	1131
-469.579987	1197
-465.149994	1188
-460.719971	1077
-456.289978	1106
-451.859985	1215
-447.429993	1256
-442.999969	1209
-438.569977	1145
-434.139984	1102
-429.709991	1122
-425.279968	1156
-420.849976	1190
-416.419983	1174
-411.989990	1131
-407.559998	1123
-403.129974	1127
-398.699982	1110
-394.269989	1186
-389.839996	1222
-385.409973	1166
-380.979980	1128
-376.549988	1153
-372.119995	1173
-367.689972	1171
-363.259979	1182
-358.829987	1192
-354.399994	1214
-349.970001	1157
-345.539978	1176
-341.109985	1161
-336.679993	1102
-332.250000	1183
-327.819977	1177
-323.389984	1128
-318.959991	1160
-314.529999	1161
-310.099976	1090
-305.669983	1116
-301.239990	1159
-296.809998	1178
-292.379974	1201
-287.949982	1171
-283.519989	1145
-279.089996	1158
-274.660004	1176
-270.229980	1214
-265.799988	1216
-261.369995	1182
-256.940002	1141
-252.509995	1109
-248.079987	1127
-243.649994	1193
-239.219986	1234
-234.789993	1234
-230.359985	1169
-225.929993	1144
-221.499985	1186
-217.069992	1189
-212.639984	1119
-208.209991	1108
-203.779999	1134
-199.349991	1159
-194.919998	1171
-190.489990	1140
-186.059998	1118
-181.629990	1184
-177.199997	1210
-172.769989	1197
-168.339996	1194
-163.909988	1244
-159.479996	1278
-155.049988	1221
-150.619995	1268
-146.189987	1315
-141.759995	1289
-137.330002	1311
-132.899994	1362
-128.470001	1299
-124.039993	1326
-119.609993	1373
-115.179993	1333
-110.749992	1370
-106.319992	1437
-101.889999	1475
-97.459999	1547
-93.029999	1599
-88.599998	1690
-84.169998	1711
-79.739998	1868
-75.309998	2098
-70.879997	2209
-66.449997	2427
-62.019997	2759
-57.589996	3148
-53.159996	3539
-48.730000	4207
-44.299999	5069
-39.869999	5728
-35.439999	6209
-31.009998	6700
-26.579998	7195
-22.150000	7470
-17.719999	7708
-13.289999	7863
-8.860000	8073
-4.430000	8154
0.000000	8096
4.430000	7938
8.860000	7831
13.289999	7800
17.719999	7847
22.150000	7813
26.579998	7659
31.009998	7259
35.439999	6700
39.869999	6022
44.299999	5138
48.730000	4362
53.159996	3748
57.589996	3104
62.019997	2681
66.449997	2405
70.879997	2147
75.309998	1991
79.739998	1954
84.169998	1841
88.599998	1724
93.029999	1640
97.459999	1629
101.889999	1577
106.319992	1499
110.749992	1501
115.179993	1500
119.609993	1468
124.039993	1363
128.470001	1308
132.899994	1332
137.330002	1368
141.759995	1358
146.189987	1369
150.619995	1324
155.049988	1245
159.479996	1159
163.909988	1192
168.339996	1256
172.769989	1258
177.199997	1290
181.629990	1255
186.059998	1211
190.489990	1215
194.919998	1192
199.349991	1190
203.779999	1239
208.209991	1207
212.639984	1108
217.069992	1142
221.499985	1228
225.929993	1269
230.359985	1244
234.789993	1242
239.219986	1200
243.649994	1223
248.079987	1218
252.509995	1204
256.940002	1199
261.369995	1186
265.799988	1174
270.229980	1179
274.660004	1131
279.089996	1180
283.519989	1273
287.949982	1292
292.379974	1240
296.809998	1220
301.239990	1187
305.669983	1204
310.099976	1246
314.529999	1216
318.959991	1207
323.389984	1155
327.819977	1130
332.250000	1194
336.679993	1276
341.109985	1228
345.539978	1159
349.970001	1164
354.399994	1174
358.829987	1213
363.259979	1242
367.689972	1167
372.119995	1131
376.549988	1126
380.979980	1090
385.409973	1110
389.839996	1173
394.269989	1118
398.699982	1107
403.129974	1180
407.559998	1189
411.989990	1095
416.419983	1056
420.849976	1065
425.279968	1078
429.709991	1165
434.139984	1260
438.569977	1176
442.999969	1112
447.429993	1110
451.859985	1130
456.289978	1146
460.719971	1179
465.149994	1188
469.579987	1205
474.009979	1174
478.439972	1106
482.869995	1107
487.299988	1134
491.729980	1128
496.159973	1128
500.589966	1084
505.019989	1142
509.449982	1151
513.880005	1173
518.309998	1175
522.739990	1132
527.169983	1093
531.599976	1070
536.029968	1103
540.459961	1130
544.889954	1123
549.320007	1109
553.750000	1078
558.179993	1105
562.609985	1171
567.039978	1143
571.469971	1154
575.899963	1236
580.329956	1199
584.759949	1145
589.190002	1131
593.619995	1174
598.049988	1260
602.479980	1222
606.909973	1114
611.339966	1139
615.769958	1162
620.199951	1082
624.630005	1088
629.059998	1141
633.489990	1125
637.919983	1183
642.349976	1115
646.779968	1115
651.209961	1127
655.639954	1100
660.069946	1164
664.500000	1198
668.929993	1149
673.359985	1111
677.789978	1129
682.219971	1163
686.649963	1194
691.079956	1158
695.509949	1203
699.940002	1221
704.369995	1180
708.799988	1159
713.229980	1132
717.659973	1068
722.089966	1142
726.519958	1179
730.949951	1134
735.379944	1111
739.809998	1091
744.239990	1124
748.669983	1163
753.099976	1167
757.529968	1139
761.959961	1159
766.389954	1146
770.819946	1110
775.250000	1099
779.679993	1090
784.109985	1127
788.539978	1157
792.969971	1150
797.399963	1165
801.829956	1189
806.259949	1213
810.689941	1181
815.119995	1168
819.549988	1166
823.979980	1170
828.409973	1218
832.839966	1195
837.269958	1137
841.699951	1145
846.129944	1180
850.559937	1170
854.989990	1174
859.419983	1150
863.849976	1131
868.279968	1152
872.709961	1104
877.139954	1060
881.569946	1054
885.999939	1087
890.429993	1130
894.859985	1149
899.289978	1208
903.719971	1153
908.149963	1195
912.579956	1238
917.009949	1150
921.439941	1128
925.869934	1163
930.299988	1151
934.729980	1154
939.159973	1192
943.589966	1203
948.019958	1174
952.449951	1149
956.879944	1172
961.309937	1165
965.739990	1089
970.169983	1145
974.599976	1145
979.029968	1158
983.459961	1197
987.889954	1157
992.319946	1119
996.749939	1157
1001.179932	1133
1005.609985	1141
1010.039978	1143
1014.469971	1195
1018.899963	1186
1023.329956	1216
1027.760010	1191
1032.189941	1163
1036.619995	1136
1041.049927	1147
1045.479980	1120
1049.909912	1122
1054.339966	1173
1058.770020	1169
1063.199951	1092
1067.630005	1087
1072.059937	1089
1076.489990	1096
1080.919922	1172
1085.349976	1188
1089.779907	1147
1094.209961	1152
1098.640015	1183
1103.069946	1133
1107.500000	1100
1111.929932	1131
1116.359985	1188
1120.789917	1139
1125.219971	1057
1129.649902	1113
1134.079956	1141
1138.510010	1107
1142.939941	1125
1147.369995	1169
1151.799927	1112
1156.229980	1132
1160.659912	1147
1165.089966	1151
1169.519897	1167
1173.949951	1114
1178.380005	1085
1182.809937	1076
1187.239990	1140
1191.669922	1231
1196.099976	1153
1200.529907	1145
1204.959961	1151
1209.389893	1176
1213.819946	1186
1218.250000	1167
1222.679932	1199
1227.109985	1152
1231.539917	1090
1235.969971	1096
1240.399902	1119
1244.829956	1067
1249.260010	1071
1253.689941	1079
1258.119995	1062
1262.549927	1113
1266.979980	1158
1271.409912	1119
1275.839966	1106
1280.269897	1169
1284.699951	1215
1289.130005	1154
1293.559937	1100
1297.989990	1130
1302.419922	1123
1306.849976	1106
1311.279907	1129
1315.709961	1168
1320.139893	1148
1324.569946	1158
1329.000000	1150
1333.429932	1140
1337.859985	1118
1342.289917	1136
1346.719971	1166
1351.149902	1133
1355.579956	1152
1360.009888	1193
1364.439941	1193
1368.869995	1149
1373.299927	1155
1377.729980	1218
1382.159912	1206
1386.589966	1180
1391.019897	1129
1395.449951	1111
1399.880005	1148
1404.309937	1179
1408.739990	1220
1413.169922	1221
1417.599976	1186
1422.029907	1157
1426.459961	1178
1430.889893	1231
1435.319946	1209
1439.750000	1171
1444.179932	1119
1448.609985	1095
1453.039917	1110
1457.469971	1159
1461.899902	1186
1466.329956	1127
1470.759888	1108
1475.189941	1164
1479.619995	1169
1484.049927	1098
1488.479980	1086
1492.909912	1150
1497.339966	1159
1501.769897	1166
1506.199951	1180
1510.629883	1192
1515.059937	1198
1519.489990	1148
1523.919922	1118
1528.349976	1180
1532.779907	1225
1537.209961	1191
1541.639893	1173
1546.069946	1158
1550.500000	1138
1554.929932	1131
1559.359985	1140
1563.789917	1141
1568.219971	1099
1572.649902	1142
1577.079956	1191
1581.509888	1152
1585.939941	1159
1590.369995	1145
1594.799927	1113
1599.229980	1126
1603.659912	1126
1608.089966	1159
1612.519897	1186
1616.949951	1193
1621.379883	1164
1625.809937	1123
1630.239990	1149
1634.669922	1169
1639.099976	1167
1643.529907	1094
1647.959961	1103
1652.389893	1116
1656.819946	1159
1661.249878	1161
1665.679932	1115
1670.109985	1161
1674.539917	1192
1678.969971	1134
1683.399902	1152
1687.829956	1187
1692.259888	1180
1696.689941	1180
1701.119873	1185
1705.549927	1205
1709.979980	1187
1714.409912	1209
1718.839966	1225
1723.269897	1195
1727.699951	1149
1732.129883	1145
1736.559937	1145
1740.989990	1125
1745.419922	1174
1749.849976	1179
1754.279907	1199
1758.709961	1206
1763.139893	1116
1767.569946	1065
1771.999878	1080
1776.429932	1113
1780.859985	1122
1785.289917	1126
1789.719971	1152
1794.149902	1106
1798.579956	1115
1803.009888	1133
1807.439941	1133
1811.869873	1151
1816.299927	1179
1820.729980	1209
1825.159912	1212
1829.589966	1221
1834.019897	1204
1838.449951	1217
1842.879883	1172
1847.309937	1142
1851.739868	1134
1856.169922	1126
1860.599976	1123
1865.029907	1141
1869.459961	1172
1873.889893	1162
1878.319946	1202
1882.749878	1172
1887.179932	1117
1891.609985	1115
1896.039917	1145
1900.469971	1149
1904.899902	1102
1909.329956	1079
1913.759888	1110
1918.189941	1125
1922.619873	1193
1927.049927	1193
1931.479980	1193
1935.909912	1234
1940.339966	1152
1944.769897	1120
1949.199951	1185
1953.629883	1194
1958.059937	1125
1962.489868	1119
1966.919922	1144
1971.349976	1157
1975.779907	1170
1980.209961	1132
1984.639893	1139
1989.069946	1210
1993.499878	1205
1997.929932	1140
2002.359863	1104
2006.789917	1137
2011.219971	1179
2015.649902	1186
2020.079956	1167
2024.509888	1148
2028.939941	1198
2033.369873	1192
2037.799927	1140
2042.229980	1160
2046.659912	1156
2051.089844	1162
2055.520020	1179
2059.949951	1155
2064.379883	1141
2068.809814	1189
2073.239990	1211
2077.669922	1245
2082.099854	1222
2086.530029	1192
2090.959961	1174
2095.389893	1263
2099.819824	1222
2104.250000	1181
2108.679932	1168
2113.109863	1160
2117.540039	1161
2121.969971	1199
2126.399902	1150
2130.829834	1145
2135.260010	1148
2139.689941	1220
2144.119873	1156
2148.549805	1139
2152.979980	1143
2157.409912	1118
2161.839844	1118
2166.270020	1125
2170.699951	1096
2175.129883	1091
2179.559814	1148
2183.989990	1235
2188.419922	1254
2192.849854	1251
2197.280029	1201
2201.709961	1170
2206.139893	1233
2210.569824	1189
2215.000000	1150
2219.429932	1181
2223.859863	1168
2228.289795	1142
2232.719971	1166
2237.149902	1221
2241.579834	1249
2246.010010	1233
2250.439941	1161
2254.869873	1107
2259.299805	1079
2263.729980	1071
2268.159912	1100
2272.589844	1149
2277.020020	1171
2281.449951	1143
2285.879883	1131
2290.309814	1173
2294.739990	1209
2299.169922	1179
2303.599854	1207
2308.030029	1229
2312.459961	1196
2316.889893	1197
2321.319824	1150
2325.750000	1101
2330.179932	1120
2334.609863	1159
2339.039795	1181
2343.469971	1168
2347.899902	1139
2352.329834	1165
2356.760010	1180
2361.189941	1182
2365.619873	1217
2370.049805	1213
2374.479980	1183
2378.909912	1120
2383.339844	1137
2387.770020	1153
2392.199951	1164
2396.629883	1183
2401.059814	1229
2405.489990	1172
2409.919922	1107
2414.349854	1129
2418.779785	1133
2423.209961	1167
2427.639893	1212
2432.069824	1165
2436.500000	1195
2440.929932	1256
2445.359863	1257
2449.789795	1268
2454.219971	1213
2458.649902	1154
2463.079834	1153
2467.510010	1145
2471.939941	1119
2476.369873	1134
2480.799805	1146
2485.229980	1130
2489.659912	1110
2494.089844	1178
2498.520020	1263
2502.949951	1209
2507.379883	1183
2511.809814	1168
2516.239990	1263
2520.669922	1313
2525.099854	1249
2529.529785	1208
2533.959961	1176
2538.389893	1207
2542.819824	1213
2547.250000	1203
2551.679932	1169
2556.109863	1152
2560.539795	1160
2564.969971	1123
2569.399902	1132
2573.829834	1157
2578.260010	1165
2582.689941	1176
2587.119873	1187
2591.549805	1190
2595.979980	1146
2600.409912	1148
2604.839844	1178
2609.270020	1157
2613.699951	1156
2618.129883	1158
2622.559814	1140
2626.989990	1146
2631.419922	1177
2635.849854	1189
2640.279785	1159
2644.709961	1129
2649.139893	1105
2653.569824	1139
2658.000000	1202
2662.429932	1210
2666.859863	1184
2671.289795	1154
2675.719971	1130
2680.149902	1103
2684.579834	1131
2689.010010	1152
2693.439941	1141
2697.869873	1172
2702.299805	1230
2706.729980	1213
2711.159912	1159
2715.589844	1161
2720.019775	1203
2724.449951	1227
2728.879883	1232
2733.309814	1198
2737.739990	1157
2742.169922	1150
2746.599854	1168
2751.029785	1217
2755.459961	1190
2759.889893	1132
2764.319824	1157
2768.750000	1182
2773.179932	1167
2777.609863	1126
2782.039795	1155
2786.469971	1141
2790.899902	1139
2795.329834	1185
2799.760010	1238
2804.189941	1208
2808.619873	1149
2813.049805	1155
2817.479980	1123
2821.909912	1148
2826.339844	1157
2830.769775	1132
2835.199951	1154
2839.629883	1188
2844.059814	1216
2848.489990	1197
2852.919922	1222
2857.349854	1181
2861.779785	1100
2866.209961	1069
2870.639893	1106
2875.069824	1115
2879.500000	1132
2883.929932	1149
2888.359863	1172
2892.789795	1183
2897.219971	1254
2901.649902	1253
2906.079834	1175
2910.509766	1100
2914.939941	1140
2919.369873	1149
2923.799805	1192
2928.229980	1221
2932.659912	1214
2937.089844	1214
2941.519775	1187
2945.949951	1179
2950.379883	1202
2954.809814	1199
2959.239990	1197
2963.669922	1221
2968.099854	1248
2972.529785	1199
2976.959961	1175
2981.389893	1163
2985.819824	1177
2990.250000	1176
2994.679932	1195
2999.109863	1240
3003.539795	1256
3007.969971	1199
3012.399902	1178
3016.829834	1178
3021.259766	1185
3025.689941	1183
3030.119873	1190
3034.549805	1211
3038.979980	1174
3043.409912	1112
3047.839844	1068
3052.269775	1071
3056.699951	1146
3061.129883	1199
3065.559814	1215
3069.989990	1166
3074.419922	1125
3078.849854	1154
3083.279785	1136
3087.709961	1131
3092.139893	1151
3096.569824	1167
3101.000000	1146
3105.429932	1212
3109.859863	1230
3114.289795	1212
3118.719971	1125
3123.149902	1084
3127.579834	1138
3132.009766	1181
3136.439941	1191
3140.869873	1147
3145.299805	1121
3149.729980	1123
3154.159912	1171
3158.589844	1198
3163.019775	1144
3167.449951	1203
3171.879883	1208
3176.309814	1189
3180.739990	1164
3185.169922	1154
3189.599854	1165
3194.029785	1184
3198.459961	1199
3202.889893	1211
3207.319824	1177
3211.749756	1208
3216.179932	1198
3220.609863	1149
3225.039795	1171
3229.469971	1199
3233.899902	1256
3238.329834	1267
3242.759766	1208
3247.189941	1133
3251.619873	1132
3256.049805	1215
3260.479980	1251
3264.909912	1247
3269.339844	1226
3273.769775	1237
3278.199951	1228
3282.629883	1228
3287.059814	1240
3291.489990	1190
3295.919922	1221
3300.349854	1216
3304.779785	1205
3309.209961	1199
3313.639893	1194
3318.069824	1189
3322.499756	1257
3326.929932	1239
3331.359863	1184
3335.789795	1130
3340.219971	1143
3344.649902	1141
3349.079834	1176
3353.509766	1200
3357.939941	1151
3362.369873	1138
3366.799805	1152
3371.229980	1142
3375.659912	1159
3380.089844	1118
3384.519775	1116
3388.949951	1151
3393.379883	1173
3397.809814	1229
3402.239746	1249
3406.669922	1233
3411.099854	1196
3415.529785	1209
3419.959961	1205
3424.389893	1173
3428.819824	1164
3433.249756	1181
3437.679932	1147
3442.109863	1142
3446.539795	1223
3450.969971	1241
3455.399902	1245
3459.829834	1194
3464.259766	1168
3468.689941	1178
3473.119873	1194
3477.549805	1238
3481.979980	1248
3486.409912	1169
3490.839844	1180
3495.269775	1203
3499.699951	1232
3504.129883	1251
3508.559814	1192
3512.989746	1164
3517.419922	1224
3521.849854	1298
3526.279785	1283
3530.709961	1214
3535.139893	1169
3539.569824	1221
3543.999756	1224
3548.429932	1213
3552.859863	1220
3557.289795	1156
3561.719971	1155
3566.149902	1201
3570.579834	1280
3575.009766	1267
3579.439941	1252
3583.869873	1184
3588.299805	1144
3592.729980	1227
3597.159912	1303
3601.589844	1251
3606.019775	1244
3610.449951	1195
3614.879883	1170
3619.309814	1198
3623.739746	1190
3628.169922	1290
3632.599854	1284
3637.029785	1265
3641.459961	1303
3645.889893	1327
3650.319824	1273
3654.749756	1276
3659.179932	1297
3663.609863	1284
3668.039795	1274
3672.469971	1285
3676.899902	1325
3681.329834	1315
3685.759766	1304
3690.189941	1299
3694.619873	1334
3699.049805	1425
3703.479736	1499
3707.909912	1475
3712.339844	1450
3716.769775	1521
3721.199951	1550
3725.629883	1538
3730.059814	1515
3734.489746	1500
3738.919922	1501
3743.349854	1620
3747.779785	1715
3752.209961	1732
3756.639893	1839
3761.069824	1883
3765.499756	1845
3769.929932	1921
3774.359863	1993
3778.789795	2027
3783.219971	2116
3787.649902	2162
3792.079834	2318
3796.509766	2358
3800.939941	2379
3805.369873	2384
3809.799805	2374
3814.229736	2599
3818.659912	2638
3823.089844	2497
3827.519775	2557
3831.949951	2749
3836.379883	2905
3840.809814	3025
3845.239746	3100
3849.669922	3107
3854.099854	3092
3858.529785	3066
3862.959961	3036
3867.389893	3169
3871.819824	3241
3876.249756	3285
3880.679932	3311
3885.109863	3410
3889.539795	3423
3893.969971	3488
3898.399902	3668
3902.829834	3853
3907.259766	3837
3911.689941	3859
3916.119873	3982
3920.549805	4053
3924.979736	4010
3929.409912	3981
3933.839844	3901
3938.269775	3843
3942.699951	3865
3947.129883	3951
3951.559814	3971
3955.989746	3836
3960.419922	3723
3964.849854	3793
3969.279785	3877
3973.709961	3933
3978.139893	4088
3982.569824	4212
3986.999756	4178
3991.429932	4091
3995.859863	4182
4000.289795	4165
4004.719727	4157
4009.149902	4308
4013.579834	4316
4018.009766	4377
4022.439941	4465
4026.869873	4536
4031.299805	4457
4035.729736	4331
4040.159912	4257
4044.589844	4296
4049.019775	4261
4053.449951	4108
4057.879883	4169
4062.309814	4171
4066.739746	4059
4071.169922	4005
4075.599854	3937
4080.029785	3927
4084.459961	3814
4088.889893	3798
4093.319824	3835
4097.750000	3897
4102.179688	3802
4106.609863	3697
4111.040039	3702
4115.469727	3744
4119.899902	3880
4124.330078	4058
4128.759766	3961
4133.189941	3840
4137.619629	3882
4142.049805	3987
4146.479980	3971
4150.909668	4064
4155.339844	4094
4159.770020	4072
4164.199707	4112
4168.629883	4028
4173.060059	3950
4177.489746	4042
4181.919922	4008
4186.349609	3895
4190.779785	3862
4195.209961	3816
4199.639648	3854
4204.069824	3743
4208.500000	3708
4212.929688	3809
4217.359863	3886
4221.790039	3865
4226.219727	3769
4230.649902	3678
4235.080078	3630
4239.509766	3741
4243.939941	3799
4248.369629	3762
4252.799805	3720
4257.229980	3728
4261.659668	3691
4266.089844	3630
4270.520020	3588
4274.949707	3507
4279.379883	3504
4283.810059	3569
4288.239746	3605
4292.669922	3531
4297.099609	3375
4301.529785	3428
4305.959961	3402
4310.389648	3359
4314.819824	3389
4319.250000	3340
4323.679688	3199
4328.109863	3175
4332.540039	3131
4336.969727	3123
4341.399902	3199
4345.829590	3261
4350.259766	3265
4354.689941	3324
4359.119629	3373
4363.549805	3437
4367.979980	3536
4372.409668	3665
4376.839844	3654
4381.270020	3644
4385.699707	3641
4390.129883	3576
4394.560059	3430
4398.989746	3378
4403.419922	3402
4407.849609	3471
4412.279785	3616
4416.709961	3632
4421.139648	3571
4425.569824	3582
4430.000000	3603
4434.429688	3698
4438.859863	3767
4443.290039	3745
4447.719727	3754
4452.149902	3705
4456.579590	3689
4461.009766	3611
4465.439941	3603
4469.869629	3634
4474.299805	3620
4478.729980	3574
4483.159668	3618
4487.589844	3651
4492.020020	3549
4496.449707	3620
4500.879883	3696
4505.310059	3648
4509.739746	3549
4514.169922	3441
4518.599609	3367
4523.029785	3352
4527.459961	3331
4531.889648	3350
4536.319824	3457
4540.750000	3430
4545.179688	3444
4549.609863	3434
4554.040039	3415
4558.469727	3475
4562.899902	3595
4567.329590	3578
4571.759766	3453
4576.189941	3419
4580.619629	3450
4585.049805	3432
4589.479980	3456
4593.909668	3539
4598.339844	3590
4602.770020	3616
4607.199707	3561
4611.629883	3537
4616.060059	3581
4620.489746	3703
4624.919922	3715
4629.349609	3716
4633.779785	3773
4638.209961	3695
4642.639648	3658
4647.069824	3761
4651.500000	3866
4655.929688	3967
4660.359863	4010
4664.790039	3988
4669.219727	3972
4673.649902	3972
4678.079590	3947
4682.509766	4002
4686.939941	4015
4691.369629	4107
4695.799805	4126
4700.229980	4060
4704.659668	4138
4709.089844	4154
4713.520020	4207
4717.949707	4276
4722.379883	4356
4726.810059	4374
4731.239746	4353
4735.669922	4409
4740.099609	4416
4744.529785	4333
4748.959961	4364
4753.389648	4507
4757.819824	4521
4762.250000	4490
4766.679688	4486
4771.109863	4493
4775.540039	4471
4779.969727	4490
4784.399902	4501
4788.829590	4495
4793.259766	4618
4797.689941	4663
4802.119629	4609
4806.549805	4561
4810.979980	4570
4815.409668	4605
4819.839844	4617
4824.270020	4579
4828.699707	4451
4833.129883	4429
4837.559570	4522
4841.989746	4490
4846.419922	4393
4850.849609	4259
4855.279785	4236
4859.709961	4131
4864.139648	4123
4868.569824	4271
4873.000000	4337
4877.429688	4387
4881.859863	4417
4886.290039	4409
4890.719727	4413
4895.149902	4421
4899.579590	4496
4904.009766	4532
4908.439941	4462
4912.869629	4519
4917.299805	4638
4921.729980	4617
4926.159668	4639
4930.589844	4658
4935.020020	4518
4939.449707	4529
4943.879883	4548
4948.309570	4548
4952.739746	4474
4957.169922	4437
4961.599609	4508
4966.029785	4441
4970.459961	4463
4974.889648	4455
4979.319824	4274
4983.750000	4378
4988.179688	4495
4992.609863	4462
4997.040039	4531
5001.469727	4539
5005.899902	4547
5010.329590	4550
5014.759766	4557
5019.189941	4458
5023.619629	4337
5028.049805	4384
5032.479980	4421
5036.909668	4454
5041.339844	4427
5045.770020	4412
5050.199707	4418
5054.629883	4485
5059.059570	4428
5063.489746	4382
5067.919922	4371
5072.349609	4365
5076.779785	4393
5081.209961	4398
5085.639648	4361
5090.069824	4277
5094.500000	4276
5098.929688	4427
5103.359863	4523
5107.790039	4471
5112.219727	4408
5116.649902	4305
5121.079590	4212
5125.509766	4256
5129.939941	4339
5134.369629	4314
5138.799805	4277
5143.229980	4158
5147.659668	4134
5152.089844	4185
5156.520020	4208
5160.949707	4208
5165.379883	4194
5169.809570	4175
5174.239746	4134
5178.669922	4049
5183.099609	4037
5187.529785	4070
5191.959961	4143
5196.389648	4196
5200.819824	4215
5205.250000	4211
5209.679688	4182
5214.109863	4174
5218.540039	4195
5222.969727	4202
5227.399902	4198
5231.829590	4153
5236.259766	4068
5240.689941	4125
5245.119629	4164
5249.549805	4087
5253.979980	4099
5258.409668	4161
5262.839844	4102
5267.270020	4099
5271.699707	4109
5276.129883	4041
5280.559570	3956
5284.989746	3843
5289.419922	3789
5293.849609	3972
5298.279785	4018
5302.709961	3941
5307.139648	3879
5311.569824	3926
5316.000000	3939
5320.429688	3928
5324.859863	3956
5329.289551	3921
5333.719727	3924
5338.149902	3922
5342.579590	3938
5347.009766	3949
5351.439941	3876
5355.869629	3852
5360.299805	3910
5364.729980	3836
5369.159668	3758
5373.589844	3745
5378.020020	3735
5382.449707	3843
5386.879883	3922
5391.309570	3932
5395.739746	3717
5400.169922	3740
5404.599609	3822
5409.029785	3782
5413.459961	3808
5417.889648	3803
5422.319824	3764
5426.750000	3816
5431.179688	3715
5435.609863	3622
5440.039551	3756
5444.469727	3800
5448.899902	3764
5453.329590	3792
5457.759766	3773
5462.189941	3711
5466.619629	3743
5471.049805	3812
5475.479980	3811
5479.909668	3689
5484.339844	3633
5488.770020	3619
5493.199707	3582
5497.629883	3548
5502.059570	3673
5506.489746	3671
5510.919922	3505
5515.349609	3535
5519.779785	3543
5524.209961	3504
5528.639648	3509
5533.069824	3507
5537.500000	3578
5541.929688	3641
5546.359863	3615
5550.789551	3606
5555.219727	3506
5559.649902	3483
5564.079590	3439
5568.509766	3556
5572.939941	3632
5577.369629	3529
5581.799805	3514
5586.229980	3541
5590.659668	3417
5595.089844	3489
5599.520020	3538
5603.949707	3552
5608.379883	3507
5612.809570	3599
5617.239746	3615
5621.669922	3363
5626.099609	3355
5630.529785	3433
5634.959961	3429
5639.389648	3369
5643.819824	3404
5648.250000	3506
5652.679688	3457
5657.109863	3341
5661.539551	3306
5665.969727	3323
5670.399902	3296
5674.829590	3310
5679.259766	3376
5683.689941	3351
5688.119629	3338
5692.549805	3329
5696.979980	3394
5701.409668	3360
5705.839844	3292
5710.270020	3272
5714.699707	3339
5719.129883	3383
5723.559570	3243
5727.989746	3225
5732.419922	3304
5736.849609	3315
5741.279785	3297
5745.709961	3324
5750.139648	3332
5754.569824	3280
5759.000000	3232
5763.429688	3291
5767.859863	3323
5772.289551	3382
5776.719727	3439
5781.149902	3430
5785.579590	3348
5790.009766	3329
5794.439941	3369
5798.869629	3475
5803.299805	3499
5807.729980	3430
5812.159668	3466
5816.589844	3511
5821.019531	3401
5825.449707	3417
5829.879883	3496
5834.309570	3613
5838.739746	3618
5843.169922	3431
5847.599609	3323
5852.029785	3242
5856.459961	3407
5860.889648	3566
5865.319824	3562
5869.750000	3505
5874.179688	3389
5878.609863	3443
5883.039551	3377
5887.469727	3361
5891.899902	3388
5896.329590	3374
5900.759766	3328
5905.189941	3352
5909.619629	3405
5914.049805	3331
5918.479980	3314
5922.909668	3346
5927.339844	3287
5931.769531	3231
5936.199707	3276
5940.629883	3254
5945.059570	3228
5949.489746	3307
5953.919922	3366
5958.349609	3426
5962.779785	3387
5967.209961	3275
5971.639648	3286
5976.069824	3302
5980.500000	3322
5984.929688	3264
5989.359863	3164
5993.789551	3120
5998.219727	3122
6002.649902	3207
6007.079590	3171
6011.509766	3072
6015.939941	3209
6020.369629	3208
6024.799805	3148
6029.229980	3111
6033.659668	3067
6038.089844	3000
6042.519531	3002
6046.949707	3103
6051.379883	3019
6055.809570	2966
6060.239746	2959
6064.669922	2980
6069.099609	2930
6073.529785	3012
6077.959961	3077
6082.389648	3099
6086.819824	3016
6091.250000	2895
6095.679688	2883
6100.109863	2877
6104.539551	2889
6108.969727	2874
6113.399902	2906
6117.829590	2932
6122.259766	3003
6126.689941	2956
6131.119629	2881
6135.549805	2821
6139.979980	2751
6144.409668	2820
6148.839844	2830
6153.269531	2845
6157.699707	2723
6162.129883	2692
6166.559570	2709
6170.989746	2722
6175.419922	2819
6179.849609	2838
6184.279785	2686
6188.709961	2660
6193.139648	2717
6197.569824	2588
6202.000000	2587
6206.429688	2669
6210.859863	2757
6215.289551	2698
6219.719727	2601
6224.149902	2599
6228.579590	2576
6233.009766	2488
6237.439941	2514
6241.869629	2525
6246.299805	2493
6250.729980	2485
6255.159668	2510
6259.589844	2439
6264.019531	2482
6268.449707	2534
6272.879883	2433
6277.309570	2412
6281.739746	2429
6286.169922	2380
6290.599609	2331
6295.029785	2282
6299.459961	2275
6303.889648	2277
6308.319824	2398
6312.749512	2501
6317.179688	2507
6321.609863	2484
6326.039551	2460
6330.469727	2419
6334.899902	2426
6339.329590	2470
6343.759766	2496
6348.189941	2461
6352.619629	2382
6357.049805	2368
6361.479980	2418
6365.909668	2379
6370.339844	2375
6374.769531	2368
6379.199707	2305
6383.629883	2345
6388.059570	2440
6392.489746	2325
6396.919922	2287
6401.349609	2315
6405.779785	2352
6410.209961	2367
6414.639648	2314
6419.069824	2299
6423.499512	2312
6427.929688	2291
6432.359863	2301
6436.789551	2307
6441.219727	2306
6445.649902	2336
6450.079590	2338
6454.509766	2303
6458.939941	2291
6463.369629	2342
6467.799805	2266
6472.229980	2216
6476.659668	2134
6481.089844	2132
6485.519531	2136
6489.949707	2159
6494.379883	2230
6498.809570	2252
6503.239746	2227
6507.669922	2204
6512.099609	2210
6516.529785	2200
6520.959961	2126
6525.389648	2050
6529.819824	2138
6534.249512	2142
6538.679688	2098
6543.109863	2048
6547.539551	2013
6551.969727	1968
6556.399902	2041
6560.829590	2020
6565.259766	1993
6569.689941	1989
6574.119629	2085
6578.549805	2070
6582.979980	2037
6587.409668	2072
6591.839844	2146
6596.269531	2159
6600.699707	2148
6605.129883	2222
6609.559570	2177
6613.989746	2049
6618.419922	2049
6622.849609	2112
6627.279785	2160
6631.709961	2205
6636.139648	2264
6640.569824	2264
6644.999512	2240
6649.429688	2175
6653.859863	2096
6658.289551	2031
6662.719727	2126
6667.149902	2194
6671.579590	2177
6676.009766	2026
6680.439941	2020
6684.869629	2078
6689.299805	2087
6693.729980	2090
6698.159668	2124
6702.589844	2145
6707.019531	2153
6711.449707	2078
6715.879883	2123
6720.309570	2093
6724.739746	2032
6729.169922	2098
6733.599609	2124
6738.029785	2079
6742.459961	2036
6746.889648	2016
6751.319824	2015
6755.749512	2050
6760.179688	2072
6764.609863	2147
6769.039551	2183
6773.469727	2115
6777.899902	2045
6782.329590	2061
6786.759766	2098
6791.189941	2105
6795.619629	2184
6800.049805	2207
6804.479492	2085
6808.909668	2014
6813.339844	1981
6817.769531	2034
6822.199707	2026
6826.629883	1919
6831.059570	2004
6835.489746	2015
6839.919922	1944
6844.349609	1920
6848.779785	2005
6853.209961	2049
6857.639648	1953
6862.069824	1901
6866.499512	1910
6870.929688	1907
6875.359863	1879
6879.789551	1812
6884.219727	1849
6888.649902	1895
6893.079590	1876
6897.509766	1848
6901.939941	1833
6906.369629	1871
6910.799805	1897
6915.229492	1878
6919.659668	1929
6924.089844	1840
6928.519531	1813
6932.949707	1840
6937.379883	1814
6941.809570	1882
6946.239746	1882
6950.669922	1807
6955.099609	1823
6959.529785	1830
6963.959961	1756
6968.389648	1823
6972.819824	1896
6977.249512	1878
6981.679688	1879
6986.109863	1803
6990.539551	1720
6994.969727	1792
6999.399902	1857
7003.829590	1836
7008.259766	1774
7012.689941	1806
7017.119629	1865
7021.549805	1866
7025.979492	1837
7030.409668	1792
7034.839844	1795
7039.269531	1721
7043.699707	1762
7048.129883	1767
7052.559570	1711
7056.989746	1753
7061.419922	1754
7065.849609	1744
7070.279785	1747
7074.709961	1829
7079.139648	1829
7083.569824	1785
7087.999512	1789
7092.429688	1795
7096.859863	1751
7101.289551	1724
7105.719727	1684
7110.149902	1642
7114.579590	1618
7119.009766	1580
7123.439941	1598
7127.869629	1593
7132.299805	1603
7136.729492	1649
7141.159668	1666
7145.589844	1603
7150.019531	1613
7154.449707	1684
7158.879883	1698
7163.309570	1517
7167.739746	1441
7172.169922	1463
7176.599609	1499
7181.029785	1522
7185.459961	1532
7189.889648	1538
7194.319824	1538
7198.749512	1496
7203.179688	1499
7207.609863	1541
7212.039551	1526
7216.469727	1491
7220.899902	1425
7225.329590	1394
7229.759766	1426
7234.189941	1478
7238.619629	1506
7243.049805	1465
7247.479492	1512
7251.909668	1559
7256.339844	1509
7260.769531	1480
7265.199707	1514
7269.629883	1503
7274.059570	1471
7278.489746	1455
7282.919922	1402
7287.349609	1392
7291.779785	1425
7296.209961	1347
7300.639648	1355
7305.069824	1440
7309.499512	1424
7313.929688	1441
7318.359863	1432
7322.789551	1355
7327.219727	1334
7331.649902	1348
7336.079590	1349
7340.509766	1313
7344.939941	1316
7349.369629	1315
7353.799805	1355
7358.229492	1326
7362.659668	1305
7367.089844	1334
7371.519531	1277
7375.949707	1276
7380.379883	1256
7384.809570	1259
7389.239746	1354
7393.669922	1342
7398.099609	1293
7402.529785	1304
7406.959473	1309
7411.389648	1362
7415.819824	1359
7420.249512	1334
7424.679688	1305
7429.109863	1304
7433.539551	1296
7437.969727	1351
7442.399902	1458
7446.829590	1442
7451.259766	1435
7455.689941	1392
7460.119629	1323
7464.549805	1309
7468.979492	1342
7473.409668	1420
7477.839844	1513
7482.269531	1536
7486.699707	1427
7491.129883	1370
7495.559570	1309
7499.989746	1328
7504.419922	1316
7508.849609	1281
7513.279785	1279
7517.709473	1302
7522.139648	1376
7526.569824	1363
7530.999512	1304
7535.429688	1332
7539.859863	1394
7544.289551	1400
7548.719727	1385
7553.149902	1393
7557.579590	1415
7562.009766	1391
7566.439941	1339
7570.869629	1402
7575.299805	1404
7579.729492	1353
7584.159668	1406
7588.589844	1405
7593.019531	1402
7597.449707	1377
7601.879883	1355
7606.309570	1295
7610.739746	1266
7615.169922	1189
7619.599609	1200
7624.029785	1243
7628.459473	1294
7632.889648	1350
7637.319824	1304
7641.749512	1288
7646.179688	1287
7650.609863	1258
7655.039551	1205
7659.469727	1256
7663.899902	1315
7668.329590	1277
7672.759766	1229
7677.189941	1235
7681.619629	1294
7686.049805	1324
7690.479492	1326
7694.909668	1279
7699.339844	1238
7703.769531	1166
7708.199707	1210
7712.629883	1231
7717.059570	1227
7721.489746	1229
7725.919922	1231
7730.349609	1196
7734.779785	1270
7739.209473	1305
7743.639648	1251
7748.069824	1245
7752.499512	1246
7756.929688	1236
7761.359863	1189
7765.789551	1203
7770.219727	1250
7774.649902	1280
7779.079590	1308
7783.509766	1285
7787.939941	1213
7792.369629	1185
7796.799805	1188
7801.229492	1166
7805.659668	1180
7810.089844	1189
7814.519531	1241
7818.949707	1259
7823.379883	1240
7827.809570	1208
7832.239746	1238
7836.669922	1286
7841.099609	1255
7845.529785	1218
7849.959473	1249
7854.389648	1274
7858.819824	1256
7863.249512	1219
7867.679688	1180
7872.109863	1188
7876.539551	1197
7880.969727	1237
7885.399902	1187
7889.829590	1215
7894.259766	1307
7898.689453	1317
7903.119629	1297
7907.549805	1241
7911.979492	1183
7916.409668	1239
7920.839844	1266
7925.269531	1275
7929.699707	1294
7934.129883	1297
7938.559570	1272
7942.989746	1275
7947.419922	1264
7951.849609	1348
7956.279785	1408
7960.709473	1335
7965.139648	1342
7969.569824	1405
7973.999512	1402
7978.429688	1384
7982.859863	1333
7987.289551	1291
7991.719727	1263
7996.149902	1275
8000.579590	1268
8005.009766	1224
8009.439453	1277
8013.869629	1326
8018.299805	1366
8022.729492	1354
8027.159668	1304
8031.589844	1342
8036.019531	1352
8040.449707	1325
8044.879883	1297
8049.309570	1237
8053.739746	1223
8058.169922	1356
8062.599609	1434
8067.029785	1372
8071.459473	1304
8075.889648	1263
8080.319824	1283
8084.749512	1300
8089.179688	1316
8093.609863	1323
8098.039551	1355
8102.469727	1370
8106.899902	1363
8111.329590	1293
8115.759766	1246
8120.189453	1258
8124.619629	1285
8129.049805	1310
8133.479492	1312
8137.909668	1274
8142.339844	1260
8146.769531	1275
8151.199707	1241
8155.629883	1234
8160.059570	1233
8164.489746	1207
8168.919922	1296
8173.349609	1329
8177.779785	1274
8182.209473	1267
8186.639648	1293
8191.069824	1217
8195.500000	1157
8199.929688	1212
8204.359375	1198
8208.790039	1176
8213.219727	1211
8217.649414	1253
8222.080078	1254
8226.509766	1267
8230.939453	1238
8235.370117	1220
8239.799805	1255
8244.229492	1247
8248.660156	1200
8253.089844	1203
8257.519531	1240
8261.949219	1264
8266.379883	1261
8270.809570	1267
8275.239258	1257
8279.669922	1257
8284.099609	1250
8288.529297	1324
8292.959961	1314
8297.389648	1250
8301.819336	1238
8306.250000	1222
8310.679688	1220
8315.109375	1209
8319.540039	1176
8323.969727	1184
8328.399414	1235
8332.830078	1161
8337.259766	1135
8341.689453	1178
8346.120117	1223
8350.549805	1231
8354.979492	1241
8359.410156	1273
8363.839844	1273
8368.269531	1236
8372.699219	1187
8377.129883	1208
8381.559570	1214
8385.989258	1213
8390.419922	1218
8394.849609	1196
8399.279297	1166
8403.709961	1223
8408.139648	1262
8412.569336	1197
8417.000000	1116
8421.429688	1198
8425.859375	1349
8430.290039	1295
8434.719727	1195
8439.149414	1159
8443.580078	1183
8448.009766	1225
8452.439453	1229
8456.870117	1198
8461.299805	1231
8465.729492	1240
8470.160156	1260
8474.589844	1261
8479.019531	1249
8483.449219	1298
8487.879883	1269
8492.309570	1189
8496.739258	1186
8501.169922	1210
8505.599609	1204
8510.029297	1159
8514.459961	1236
8518.889648	1302
8523.319336	1275
8527.750000	1269
8532.179688	1317
8536.609375	1342
8541.040039	1288
8545.469727	1258
8549.899414	1247
8554.330078	1270
8558.759766	1259
8563.189453	1221
8567.620117	1272
8572.049805	1318
8576.479492	1320
8580.909180	1330
8585.339844	1345
8589.769531	1308
8594.199219	1252
8598.629883	1212
8603.059570	1238
8607.489258	1218
8611.919922	1277
8616.349609	1330
8620.779297	1267
8625.209961	1248
8629.639648	1307
8634.069336	1249
8638.500000	1224
8642.929688	1264
8647.359375	1272
8651.790039	1241
8656.219727	1253
8660.649414	1311
8665.080078	1338
8669.509766	1346
8673.939453	1233
8678.370117	1178
8682.799805	1187
8687.229492	1191
8691.659180	1214
8696.089844	1210
8700.519531	1161
8704.949219	1201
8709.379883	1255
8713.809570	1238
8718.239258	1174
8722.669922	1175
8727.099609	1208
8731.529297	1284
8735.959961	1302
8740.389648	1307
8744.819336	1295
8749.250000	1175
8753.679688	1131
8758.109375	1201
8762.540039	1246
8766.969727	1260
8771.399414	1230
8775.830078	1220
8780.259766	1194
8784.689453	1204
8789.120117	1221
8793.549805	1273
8797.979492	1224
8802.409180	1162
8806.839844	1213
8811.269531	1249
8815.699219	1245
8820.129883	1288
8824.559570	1262
8828.989258	1249
8833.419922	1268
8837.849609	1238
8842.279297	1227
8846.709961	1220
8851.139648	1241
8855.569336	1287
8860.000000	1249
8864.429688	1224
8868.859375	1266
8873.290039	1266
8877.719727	1261
8882.149414	1216
8886.580078	1169
8891.009766	1202
8895.439453	1263
8899.870117	1226
8904.299805	1193
8908.729492	1208
8913.159180	1184
8917.589844	1200
8922.019531	1205
8926.449219	1190
8930.879883	1209
8935.309570	1192
8939.739258	1235
8944.169922	1240
8948.599609	1168
8953.029297	1200
8957.459961	1244
8961.889648	1281
8966.319336	1318
8970.750000	1270
8975.179688	1236
8979.609375	1243
8984.040039	1222
8988.469727	1244
8992.899414	1250
8997.330078	1169
9001.759766	1161
9006.189453	1161
9010.620117	1187
9015.049805	1247
9019.479492	1281
9023.909180	1224
9028.339844	1182
9032.769531	1195
9037.199219	1215
9041.629883	1215
9046.059570	1204
9050.489258	1201
9054.919922	1229
9059.349609	1265
9063.779297	1252
9068.209961	1249
9072.639648	1252
9077.069336	1223
9081.500000	1204
9085.929688	1213
9090.359375	1199
9094.790039	1234
9099.219727	1249
9103.649414	1244
9108.080078	1197
9112.509766	1175
9116.939453	1160
9121.370117	1244
9125.799805	1260
9130.229492	1206
9134.659180	1252
9139.089844	1244
9143.519531	1187
9147.949219	1152
9152.379883	1227
9156.809570	1233
9161.239258	1200
9165.669922	1210
9170.099609	1242
9174.529297	1263
9178.959961	1257
9183.389648	1221
9187.819336	1199
9192.250000	1245
9196.679688	1258
9201.109375	1234
9205.540039	1157
9209.969727	1134
9214.399414	1141
9218.830078	1212
9223.259766	1182
9227.689453	1160
9232.120117	1192
9236.549805	1180
9240.979492	1170
9245.409180	1166
9249.839844	1193
9254.269531	1168
9258.699219	1149
9263.129883	1154
9267.559570	1141
9271.989258	1137
9276.419922	1173
9280.849609	1203
9285.279297	1252
9289.709961	1278
9294.139648	1249
9298.569336	1255
9303.000000	1268
9307.429688	1313
9311.859375	1222
9316.290039	1162
9320.719727	1192
9325.149414	1190
9329.580078	1198
9334.009766	1240
9338.439453	1271
9342.870117	1281
9347.299805	1256
9351.729492	1190
9356.159180	1209
9360.589844	1260
9365.019531	1265
9369.449219	1222
9373.879883	1215
9378.309570	1156
9382.739258	1149
9387.169922	1201
9391.599609	1205
9396.029297	1145
9400.459961	1179
9404.889648	1277
9409.319336	1271
9413.750000	1250
9418.179688	1268
9422.609375	1297
9427.040039	1280
9431.469727	1217
9435.899414	1194
9440.330078	1233
9444.759766	1243
9449.189453	1206
9453.620117	1175
9458.049805	1196
9462.479492	1271
9466.909180	1316
9471.339844	1268
9475.769531	1208
9480.199219	1245
9484.629883	1237
9489.059570	1264
9493.489258	1279
9497.919922	1205
9502.349609	1222
9506.779297	1188
9511.209961	1212
9515.639648	1207
9520.069336	1234
9524.500000	1227
9528.929688	1239
9533.359375	1205
9537.790039	1212
9542.219727	1191
9546.649414	1227
9551.080078	1264
9555.509766	1233
9559.939453	1224
9564.370117	1200
9568.799805	1224
9573.229492	1258
9577.659180	1223
9582.089844	1245
9586.519531	1202
9590.949219	1272
9595.379883	1320
9599.809570	1271
9604.239258	1257
9608.669922	1249
9613.099609	1258
9617.529297	1257
9621.959961	1310
9626.389648	1270
9630.819336	1257
9635.250000	1228
9639.679688	1243
9644.109375	1253
9648.540039	1238
9652.969727	1243
9657.399414	1225
9661.830078	1223
9666.259766	1223
9670.689453	1222
9675.119141	1212
9679.549805	1242
9683.979492	1250
9688.409180	1216
9692.839844	1226
9697.269531	1227
9701.699219	1230
9706.129883	1192
9710.559570	1173
9714.989258	1180
9719.419922	1188
9723.849609	1215
9728.279297	1208
9732.709961	1131
9737.139648	1174
9741.569336	1235
9746.000000	1218
9750.429688	1249
9754.859375	1210
9759.290039	1222
9763.719727	1263
9768.149414	1237
9772.580078	1285
9777.009766	1335
9781.439453	1260
9785.869141	1217
9790.299805	1267
9794.729492	1336
9799.159180	1344
9803.589844	1284
9808.019531	1237
9812.449219	1250
9816.879883	1274
9821.309570	1244
9825.739258	1226
9830.169922	1285
9834.599609	1322
9839.029297	1245
9843.459961	1199
9847.889648	1213
9852.319336	1214
9856.750000	1201
9861.179688	1217
9865.609375	1218
9870.040039	1222
9874.469727	1256
9878.899414	1266
9883.330078	1261
9887.759766	1238
9892.189453	1201
9896.619141	1250
9901.049805	1316
9905.479492	1318
9909.909180	1265
9914.339844	1172
9918.769531	1173
9923.199219	1231
9927.629883	1233
9932.059570	1218
9936.489258	1192
9940.919922	1123
9945.349609	1209
9949.779297	1221
9954.209961	1195
9958.639648	1221
9963.069336	1247
9967.500000	1279
9971.929688	1313
9976.359375	1307
9980.790039	1274
9985.219727	1267
9989.649414	1245
9994.080078	1211
9998.509766	1252
10002.939453	1275
10007.369141	1239
10011.799805	1279
10016.229492	1270
10020.659180	1283
10025.089844	1300
10029.519531	1252
10033.949219	1242
10038.379883	1251
10042.809570	1251
10047.239258	1241
10051.669922	1224
10056.099609	1221
10060.529297	1287
10064.959961	1246
10069.389648	1187
10073.819336	1240
10078.250000	1246
10082.679688	1228
10087.109375	1229
10091.540039	1231
10095.969727	1239
10100.399414	1227
10104.830078	1244
10109.259766	1250
10113.689453	1194
10118.119141	1173
10122.549805	1211
10126.979492	1221
10131.409180	1182
10135.839844	1225
10140.269531	1256
10144.699219	1266
10149.129883	1285
10153.559570	1205
10157.989258	1158
10162.419922	1163
10166.849609	1231
10171.279297	1271
10175.709961	1289
10180.139648	1342
10184.569336	1230
10189.000000	1208
10193.429688	1239
10197.859375	1252
10202.290039	1316
10206.719727	1306
10211.149414	1214
10215.580078	1201
10220.009766	1234
10224.439453	1250
10228.869141	1212
10233.299805	1227
10237.729492	1273
10242.159180	1282
10246.589844	1282
10251.019531	1228
10255.449219	1219
10259.879883	1223
10264.309570	1219
10268.739258	1174
10273.169922	1129
10277.599609	1115
10282.029297	1081
10286.459961	1138
10290.889648	1224
10295.319336	1279
10299.750000	1255
10304.179688	1259
10308.609375	1266
10313.040039	1250
10317.469727	1225
10321.899414	1273
10326.330078	1220
10330.759766	1260
10335.189453	1347
10339.619141	1306
10344.049805	1281
10348.479492	1233
10352.909180	1203
10357.339844	1217
10361.769531	1243
10366.199219	1275
10370.629883	1267
10375.059570	1235
10379.489258	1263
10383.919922	1273
10388.349609	1242
10392.779297	1270
10397.209961	1264
10401.639648	1235
10406.069336	1259
10410.500000	1302
10414.929688	1239
10419.359375	1264
10423.790039	1313
10428.219727	1272
10432.649414	1243
10437.080078	1292
10441.509766	1269
10445.939453	1196
10450.369141	1166
10454.799805	1175
10459.229492	1261
10463.659180	1305
10468.089844	1249
10472.519531	1270
10476.949219	1292
10481.379883	1330
10485.809570	1292
10490.239258	1248
10494.669922	1237
10499.099609	1231
10503.529297	1275
10507.959961	1281
10512.389648	1234
10516.819336	1274
10521.250000	1237
10525.679688	1225
10530.109375	1227
10534.540039	1202
10538.969727	1204
10543.399414	1229
10547.830078	1254
10552.259766	1238
10556.689453	1192
10561.119141	1184
10565.549805	1229
10569.979492	1273
10574.409180	1321
10578.839844	1287
10583.269531	1193
10587.699219	1204
10592.129883	1299
10596.559570	1298
10600.989258	1251
10605.419922	1233
10609.849609	1217
10614.279297	1209
10618.709961	1221
10623.139648	1276
10627.569336	1252
10632.000000	1198
10636.429688	1202
10640.859375	1253
10645.290039	1233
10649.719727	1172
10654.149414	1172
10658.579102	1196
10663.009766	1190
10667.439453	1214
10671.869141	1210
10676.299805	1173
10680.729492	1166
10685.159180	1173
10689.589844	1221
10694.019531	1197
10698.449219	1195
10702.879883	1224
10707.309570	1217
10711.739258	1235
10716.169922	1264
10720.599609	1281
10725.029297	1246
10729.459961	1242
10733.889648	1254
10738.319336	1291
10742.750000	1307
10747.179688	1269
10751.609375	1241
10756.040039	1188
10760.469727	1169
10764.899414	1168
10769.329102	1179
10773.759766	1145
10778.189453	1178
10782.619141	1275
10787.049805	1294
10791.479492	1234
10795.909180	1217
10800.339844	1251
10804.769531	1210
10809.199219	1209
10813.629883	1263
10818.059570	1218
10822.489258	1213
10826.919922	1243
10831.349609	1244
10835.779297	1241
10840.209961	1277
10844.639648	1265
10849.069336	1227
10853.500000	1170
10857.929688	1234
10862.359375	1250
10866.790039	1209
10871.219727	1229
10875.649414	1223
10880.079102	1207
10884.509766	1234
10888.939453	1249
10893.369141	1222
10897.799805	1162
10902.229492	1234
10906.659180	1242
10911.089844	1218
10915.519531	1250
10919.949219	1231
10924.379883	1255
10928.809570	1285
10933.239258	1286
10937.669922	1250
10942.099609	1173
10946.529297	1168
10950.959961	1204
10955.389648	1206
10959.819336	1160
10964.250000	1173
10968.679688	1215
10973.109375	1215
10977.540039	1232
10981.969727	1232
10986.399414	1238
10990.829102	1205
10995.259766	1222
10999.689453	1188
11004.119141	1180
11008.549805	1203
11012.979492	1231
11017.409180	1170
11021.839844	1147
11026.269531	1201
11030.699219	1239
11035.129883	1240
11039.559570	1251
11043.989258	1251
11048.419922	1195
11052.849609	1203
11057.279297	1244
11061.709961	1296
11066.139648	1219
11070.569336	1185
11075.000000	1224
11079.429688	1190
11083.859375	1170
11088.290039	1240
11092.719727	1241
11097.149414	1263
11101.579102	1249
11106.009766	1221
11110.439453	1224
11114.869141	1243
11119.299805	1261
11123.729492	1227
11128.159180	1250
11132.589844	1247
11137.019531	1212
11141.449219	1193
11145.879883	1230
11150.309570	1318
11154.739258	1279
11159.169922	1219
11163.599609	1195
11168.029297	1197
11172.459961	1225
11176.889648	1220
11181.319336	1228
11185.750000	1296
11190.179688	1253
11194.609375	1187
11199.040039	1155
11203.469727	1171
11207.899414	1220
11212.329102	1248
11216.759766	1217
11221.189453	1198
11225.619141	1197
11230.049805	1181
11234.479492	1184
11238.909180	1248
11243.339844	1258
11247.769531	1225
11252.199219	1178
11256.629883	1171
11261.059570	1180
11265.489258	1220
11269.919922	1237
11274.349609	1169
11278.779297	1192
11283.209961	1223
11287.639648	1188
11292.069336	1189
11296.500000	1177
11300.929688	1146
11305.359375	1186
11309.790039	1190
11314.219727	1187
11318.649414	1166
11323.079102	1184
11327.509766	1209
11331.939453	1205
11336.369141	1188
11340.799805	1232
11345.229492	1237
11349.659180	1257
11354.089844	1259
11358.519531	1169
11362.949219	1095
11367.379883	1150
11371.809570	1229
11376.239258	1177
11380.669922	1180
11385.099609	1190
11389.529297	1217
11393.959961	1244
11398.389648	1270
11402.819336	1252
11407.250000	1252
11411.679688	1217
11416.109375	1182
11420.540039	1200
11424.969727	1153
11429.399414	1161
11433.829102	1187
11438.259766	1207
11442.689453	1215
11447.119141	1228
11451.549805	1151
11455.979492	1132
11460.409180	1215
11464.839844	1205
11469.269531	1200
11473.699219	1179
11478.129883	1179
11482.559570	1201
11486.989258	1201
11491.419922	1164
11495.849609	1180
11500.279297	1206
11504.709961	1222
11509.139648	1271
11513.569336	1219
11518.000000	1173
11522.429688	1167
11526.859375	1205
11531.290039	1214
11535.719727	1175
11540.149414	1145
11544.579102	1123
11549.009766	1068
11553.439453	1140
11557.869141	1169
11562.299805	1151
11566.729492	1152
11571.159180	1178
11575.589844	1189
11580.019531	1190
11584.449219	1220
11588.879883	1210
11593.309570	1254
11597.739258	1252
11602.169922	1187
11606.599609	1200
11611.029297	1185
11615.459961	1175
11619.889648	1178
11624.319336	1164
11628.750000	1196
11633.179688	1163
11637.609375	1112
11642.039063	1146
11646.469727	1190
11650.899414	1240
11655.329102	1207
11659.759766	1143
11664.189453	1159
11668.619141	1205
11673.049805	1158
11677.479492	1156
11681.909180	1203
11686.339844	1244
11690.769531	1253
11695.199219	1191
11699.629883	1176
11704.059570	1201
11708.489258	1197
11712.919922	1149
11717.349609	1128
11721.779297	1142
11726.209961	1073
11730.639648	1027
11735.069336	1068
11739.500000	1080
11743.929688	1097
11748.359375	1091
11752.789063	1062
11757.219727	1009
11761.649414	1063
11766.079102	1072
11770.509766	1072
11774.939453	1068
11779.369141	1038
11783.799805	1075
11788.229492	1084
11792.659180	1016
11797.089844	959
11801.519531	987
11805.949219	1011
11810.379883	977
11814.809570	957
11819.239258	993
11823.669922	1018
11828.099609	992
11832.529297	941
11836.959961	1000
11841.389648	1094
11845.819336	1042
11850.250000	1011
11854.679688	1014
11859.109375	1007
11863.539063	981
11867.969727	1005
11872.399414	1032
11876.829102	995
11881.259766	991
11885.689453	993
11890.119141	954
11894.549805	972
11898.979492	959
11903.409180	937
11907.839844	950
11912.269531	932
11916.699219	879
11921.129883	851
11925.559570	908
11929.989258	959
11934.419922	949
11938.849609	923
11943.279297	880
11947.709961	917
11952.139648	943
11956.569336	895
11961.000000	865
11965.429688	878
11969.859375	875
11974.289063	864
11978.719727	862
11983.149414	891
11987.579102	904
11992.009766	859
11996.439453	871
12000.869141	900
12005.299805	889
12009.729492	844
12014.159180	855
12018.589844	893
12023.019531	852
12027.449219	803
12031.879883	848
12036.309570	883
12040.739258	865
12045.169922	881
12049.599609	833
12054.029297	774
12058.459961	802
12062.889648	809
12067.319336	849
12071.750000	814
12076.179688	760
12080.609375	751
12085.039063	753
12089.469727	719
12093.899414	765
12098.329102	789
12102.759766	775
12107.189453	768
12111.619141	824
12116.049805	842
12120.479492	802
12124.909180	714
12129.339844	705
12133.769531	723
12138.199219	730
12142.629883	702
12147.059570	719
12151.489258	745
12155.919922	698
12160.349609	654
12164.779297	666
12169.209961	674
12173.639648	717
12178.069336	730
12182.500000	698
12186.929688	679
12191.359375	655
12195.789063	678
12200.219727	699
12204.649414	685
12209.079102	646
12213.509766	639
12217.939453	630
12222.369141	631
12226.799805	669
12231.229492	687
12235.659180	641
12240.089844	574
12244.519531	549
12248.949219	603
12253.379883	647
12257.809570	646
12262.239258	606
12266.669922	648
12271.099609	639
12275.529297	620
12279.959961	571
12284.389648	558
12288.819336	580
12293.250000	616
12297.679688	664
12302.109375	653
12306.539063	618
12310.969727	595
12315.399414	558
12319.829102	588
12324.259766	542
12328.689453	514
12333.119141	526
12337.549805	519
12341.979492	547
12346.409180	551
12350.839844	530
12355.269531	568
12359.699219	597
12364.129883	535
12368.559570	498
12372.989258	473
12377.419922	485
12381.849609	541
12386.279297	530
12390.709961	485
12395.139648	478
12399.569336	522
12404.000000	486
12408.429688	445
12412.859375	443
12417.289063	440
12421.719727	442
12426.149414	427
12430.579102	411
12435.009766	423
12439.439453	418
12443.869141	429
12448.299805	430
12452.729492	402
12457.159180	396
12461.589844	372
12466.019531	361
12470.449219	365
12474.879883	360
12479.309570	374
12483.739258	375
12488.169922	361
12492.599609	326
12497.029297	324
12501.459961	369
12505.889648	375
12510.319336	379
12514.750000	370
12519.179688	344
12523.609375	334
12528.039063	326
12532.469727	312
12536.899414	315
12541.329102	337
12545.759766	321
12550.189453	331
12554.619141	326
12559.049805	299
12563.479492	304
12567.909180	278
12572.339844	263
12576.769531	283
12581.199219	282
12585.629883	284
12590.059570	283
12594.489258	282
12598.919922	275
12603.349609	277
12607.779297	265
12612.209961	248
12616.639648	260
12621.069336	256
12625.499023	250
12629.929688	236
12634.359375	226
12638.789063	196
12643.219727	213
12647.649414	221
12652.079102	232
12656.509766	234
12660.939453	228
12665.369141	194
12669.799805	174
12674.229492	188
12678.659180	187
12683.089844	180
12687.519531	173
12691.949219	178
12696.379883	177
12700.809570	166
12705.239258	157
12709.669922	184
12714.099609	173
12718.529297	170
12722.959961	180
12727.389648	172
12731.819336	159
12736.249023	149
12740.679688	136
12745.109375	123
12749.539063	116
12753.969727	123
12758.399414	146
12762.829102	124
12767.259766	110
12771.689453	114
12776.119141	104
12780.549805	103
12784.979492	117
12789.409180	100
12793.839844	83
12798.269531	89
12802.699219	84
12807.129883	89
12811.559570	93
12815.989258	74
12820.419922	63
12824.849609	68
12829.279297	63
12833.709961	63
12838.139648	57
12842.569336	56
12846.999023	48
12851.429688	45
12855.859375	37
12860.289063	46
12864.719727	42
12869.149414	25
12873.579102	19
12878.009766	18
12882.439453	19
12886.869141	13
12891.299805	9
12895.729492	3
12900.159180	0
12904.589844	0
12909.019531	0
12913.449219	0
12917.879883	0
12922.309570	0
12926.739258	0
12931.169922	0
12935.599609	0
12940.029297	0
12944.459961	0
12948.889648	0
12953.319336	0
12957.749023	0
12962.179688	0
12966.609375	0
12971.039063	0
12975.469727	0
12979.899414	0
12984.329102	0
12988.759766	0
12993.189453	0
12997.619141	0
13002.049805	0
13006.479492	0
13010.909180	0
13015.339844	0
13019.769531	0
13024.199219	0
13028.629883	0
13033.059570	0
13037.489258	0
13041.919922	0
13046.349609	0
13050.779297	0
13055.209961	0
13059.639648	0
13064.069336	0
13068.499023	0
13072.929688	0
13077.359375	0
13081.789063	0
13086.219727	0
13090.649414	0
13095.079102	0
13099.509766	0
13103.939453	0
13108.369141	0
13112.799805	0
13117.229492	0
13121.659180	0
13126.089844	0
13130.519531	0
13134.949219	0
13139.379883	0
13143.809570	0
13148.239258	0
13152.669922	0
13157.099609	0
13161.529297	0
13165.959961	0
13170.389648	0
13174.819336	0
13179.249023	0
13183.679688	0
13188.109375	0
13192.539063	0
13196.969727	0
13201.399414	0
13205.829102	0
13210.259766	0
13214.689453	0
13219.119141	0
13223.549805	0
13227.979492	0
13232.409180	0
13236.839844	0
13241.269531	0
13245.699219	0
13250.129883	0
13254.559570	0
13258.989258	0
13263.419922	0
13267.849609	0
13272.279297	0
13276.709961	0
13281.139648	0
13285.569336	0
13289.999023	0
13294.429688	0
13298.859375	0
13303.289063	0
13307.719727	0
13312.149414	0
13316.579102	0
13321.009766	0
13325.439453	0
13329.869141	0
13334.299805	0
13338.729492	0
13343.159180	0
13347.589844	0
13352.019531	0
13356.449219	0
13360.879883	0
13365.309570	0
13369.739258	0
13374.169922	0
13378.599609	0
13383.029297	0
13387.459961	0
13391.889648	0
13396.319336	0
13400.749023	0
13405.179688	0
13409.609375	0
13414.039063	0
13418.469727	0
13422.899414	0
13427.329102	0
13431.759766	0
13436.189453	0
13440.619141	0
13445.049805	0
13449.479492	0
13453.909180	0
13458.339844	0
13462.769531	0
13467.199219	0
13471.629883	0
13476.059570	0
13480.489258	0
13484.919922	0
13489.349609	0
13493.779297	0
13498.209961	0
13502.639648	0
13507.069336	0
13511.499023	0
13515.929688	0
13520.359375	0
13524.789063	0
13529.219727	0
13533.649414	0
13538.079102	0
13542.509766	0
13546.939453	0
13551.369141	0
13555.799805	0
13560.229492	0
13564.659180	0
13569.089844	0
13573.519531	0
13577.949219	0
13582.379883	0
13586.809570	0
13591.239258	0
13595.669922	0
13600.099609	0
13604.529297	0
13608.958984	0
13613.389648	0
13617.819336	0
13622.249023	0
13626.679688	0
13631.109375	0
13635.539063	0
13639.969727	0
13644.399414	0
13648.829102	0
13653.259766	0
13657.689453	0
13662.119141	0
13666.549805	0
13670.979492	0
13675.409180	0
13679.839844	0
13684.269531	0
13688.699219	0
13693.129883	0
13697.559570	0
13701.989258	0
13706.419922	0
13710.849609	0
13715.279297	0
13719.708984	0
13724.139648	0
13728.569336	0
13732.999023	0
13737.429688	0
13741.859375	0
13746.289063	0
13750.719727	0
13755.149414	0
13759.579102	0
13764.009766	0
13768.439453	0
13772.869141	0
13777.299805	0
13781.729492	0
13786.159180	0
13790.589844	0
13795.019531	0
13799.449219	0
13803.879883	0
13808.309570	0
13812.739258	0
13817.169922	0
13821.599609	0
13826.029297	0
13830.458984	0
13834.889648	0
13839.319336	0
13843.749023	0
13848.179688	0
13852.609375	0
13857.039063	0
13861.469727	0
13865.899414	0
13870.329102	0
13874.759766	0
13879.189453	0
13883.619141	0
13888.049805	0
13892.479492	0
13896.909180	0
13901.339844	0
13905.769531	0
13910.199219	0
13914.629883	0
13919.059570	0
13923.489258	0
13927.919922	0
13932.349609	0
13936.779297	0
13941.208984	0
13945.639648	0
13950.069336	0
13954.499023	0
13958.929688	0
13963.359375	0
13967.789063	0
13972.219727	0
13976.649414	0
13981.079102	0
13985.509766	0
13989.939453	0
13994.369141	0
13998.799805	0
14003.229492	0
14007.659180	0
14012.089844	0
14016.519531	0
14020.949219	0
14025.379883	0
14029.809570	0
14034.239258	0
14038.669922	0
14043.099609	0
14047.529297	0
14051.958984	0
14056.389648	0
14060.819336	0
14065.249023	0
14069.679688	0
14074.109375	0
14078.539063	0
14082.969727	0
14087.399414	0
14091.829102	0
14096.259766	0
14100.689453	0
14105.119141	0
14109.549805	0
14113.979492	0
14118.409180	0
14122.839844	0
14127.269531	0
14131.699219	0
14136.129883	0
14140.559570	0
14144.989258	0
14149.419922	0
14153.849609	0
14158.279297	0
14162.708984	0
14167.139648	0
14171.569336	0
14175.999023	0
14180.429688	0
14184.859375	0
14189.289063	0
14193.719727	0
14198.149414	0
14202.579102	0
14207.009766	0
14211.439453	0
14215.869141	0
14220.299805	0
14224.729492	0
14229.159180	0
14233.589844	0
14238.019531	0
14242.449219	0
14246.879883	0
14251.309570	0
14255.739258	0
14260.169922	0
14264.599609	0
14269.029297	0
14273.458984	0
14277.889648	0
14282.319336	0
14286.749023	0
14291.179688	0
14295.609375	0
14300.039063	0
14304.469727	0
14308.899414	0
14313.329102	0
14317.759766	0
14322.189453	0
14326.619141	0
14331.049805	0
14335.479492	0
14339.909180	0
14344.339844	0
14348.769531	0
14353.199219	0
14357.629883	0
14362.059570	0
14366.489258	0
14370.919922	0
14375.349609	0
14379.779297	0
14384.208984	0
14388.639648	0
14393.069336	0
14397.499023	0
14401.929688	0
14406.359375	0
14410.789063	0
14415.219727	0
14419.649414	0
14424.079102	0
14428.509766	0
14432.939453	0
14437.369141	0
14441.799805	0
14446.229492	0
14450.659180	0
14455.089844	0
14459.519531	0
14463.949219	0
14468.379883	0
14472.809570	0
14477.239258	0
14481.669922	0
14486.099609	0
14490.529297	0
14494.958984	0
14499.389648	0
14503.819336	0
14508.249023	0
14512.679688	0
14517.109375	0
14521.539063	0
14525.969727	0
14530.399414	0
14534.829102	0
14539.259766	0
14543.689453	0
14548.119141	0
14552.549805	0
14556.979492	0
14561.409180	0
14565.839844	0
14570.269531	0
14574.699219	0
14579.129883	0
14583.559570	0
14587.989258	0
14592.419922	0
14596.849609	0
14601.279297	0
14605.708984	0
14610.139648	0
14614.569336	0
14618.999023	0
14623.429688	0
14627.859375	0
14632.289063	0
14636.719727	0
14641.149414	0
14645.579102	0
14650.009766	0
14654.439453	0
14658.869141	0
14663.299805	0
14667.729492	0
14672.159180	0
14676.589844	0
14681.019531	0
14685.449219	0
14689.879883	0
14694.309570	0
14698.739258	0
14703.168945	0
14707.599609	0
14712.029297	0
14716.458984	0
14720.889648	0
14725.319336	0
14729.749023	0
14734.179688	0
14738.609375	0
14743.039063	0
14747.469727	0
14751.899414	0
14756.329102	0
14760.759766	0
14765.189453	0
14769.619141	0
14774.049805	0
14778.479492	0
14782.909180	0
14787.339844	0
14791.769531	0
14796.199219	0
14800.629883	0
14805.059570	0
14809.489258	0
14813.918945	0
14818.349609	0
14822.779297	0
14827.208984	0
14831.639648	0
14836.069336	0
14840.499023	0
14844.929688	0
14849.359375	0
14853.789063	0
14858.219727	0
14862.649414	0
14867.079102	0
14871.509766	0
14875.939453	0
14880.369141	0
14884.799805	0
14889.229492	0
14893.659180	0
14898.089844	0
14902.519531	0
14906.949219	0
14911.379883	0
14915.809570	0
14920.239258	0
14924.668945	0
14929.099609	0
14933.529297	0
14937.958984	0
14942.389648	0
14946.819336	0
14951.249023	0
14955.679688	0
14960.109375	0
14964.539063	0
14968.969727	0
14973.399414	0
14977.829102	0
14982.259766	0
14986.689453	0
14991.119141	0
14995.549805	0
14999.979492	0
15004.409180	0
15008.839844	0
15013.269531	0
15017.699219	0
15022.129883	0
15026.559570	0
15030.989258	0
15035.418945	0
15039.849609	0
15044.279297	0
15048.708984	0
15053.139648	0
15057.569336	0
15061.999023	0
15066.429688	0
15070.859375	0
15075.289063	0
15079.719727	0
15084.149414	0
15088.579102	0
15093.009766	0
15097.439453	0
15101.869141	0
15106.299805	0
15110.729492	0
15115.159180	0
15119.589844	0
15124.019531	0
15128.449219	0
15132.879883	0
15137.309570	0
15141.739258	0
15146.168945	0
15150.599609	0
15155.029297	0
15159.458984	0
15163.889648	0
15168.319336	0
15172.749023	0
15177.179688	0
15181.609375	0
15186.039063	0
15190.469727	0
15194.899414	0
15199.329102	0
15203.759766	0
15208.189453	0
15212.619141	0
15217.049805	0
15221.479492	0
15225.909180	0
15230.339844	0
15234.769531	0
15239.199219	0
15243.629883	0
15248.059570	0
15252.489258	0
15256.918945	0
15261.349609	0
15265.779297	0
15270.208984	0
15274.639648	0
15279.069336	0
15283.499023	0
15287.929688	0
15292.359375	0
15296.789063	0
15301.219727	0
15305.649414	0
15310.079102	0
15314.509766	0
15318.939453	0
15323.369141	0
15327.799805	0
15332.229492	0
15336.659180	0
15341.089844	0
15345.519531	0
15349.949219	0
15354.379883	0
15358.809570	0
15363.239258	0
15367.668945	0
15372.099609	0
15376.529297	0
15380.958984	0
15385.389648	0
15389.819336	0
15394.249023	0
15398.679688	0
15403.109375	0
15407.539063	0
15411.969727	0
15416.399414	0
15420.829102	0
15425.259766	0
15429.689453	0
15434.119141	0
15438.549805	0
15442.979492	0
15447.409180	0
15451.839844	0
15456.269531	0
15460.699219	0
15465.129883	0
15469.559570	0
15473.989258	0
15478.418945	0
15482.849609	0
15487.279297	0
15491.708984	0
15496.139648	0
15500.569336	0
15504.999023	0
15509.429688	0
15513.859375	0
15518.289063	0
15522.719727	0
15527.149414	0
15531.579102	0
15536.009766	0
15540.439453	0
15544.869141	0
15549.299805	0
15553.729492	0
15558.159180	0
15562.589844	0
15567.019531	0
15571.449219	0
15575.879883	0
15580.309570	0
15584.739258	0
15589.168945	0
15593.599609	0
15598.029297	0
15602.458984	0
15606.889648	0
15611.319336	0
15615.749023	0
15620.179688	0
15624.609375	0
15629.039063	0
15633.469727	0
15637.899414	0
15642.329102	0
15646.759766	0
15651.189453	0
15655.619141	0
15660.049805	0
