-3134.415283	0
-3129.988281	0
-3125.561035	0
-3121.133789	0
-3116.706787	0
-3112.279541	0
-3107.852539	0
-3103.425293	0
-3098.998291	0
-3094.571045	0
-3090.143799	0
-3085.716797	0
-3081.289551	0
-3076.862549	0
-3072.435303	0
-3068.008301	0
-3063.581055	0
-3059.153809	0
-3054.726807	0
-3050.299561	0
-3045.872559	0
-3041.445313	0
-3037.018311	0
-3032.591064	0
-3028.163818	0
-3023.736816	0
-3019.309570	0
-3014.882568	0
-3010.455322	0
-3006.028320	0
-3001.601074	0
-2997.174072	0
-2992.746826	0
-2988.319580	0
-2983.892578	0
-2979.465332	0
-2975.038330	0
-2970.611084	0
-2966.184082	0
-2961.756836	0
-2957.329590	0
-2952.902588	0
-2948.475342	0
-2944.048340	0
-2939.621094	0
-2935.194092	0
-2930.766846	0
-2926.339600	0
-2921.912598	0
-2917.485352	0
-2913.058350	0
-2908.631104	0
-2904.204102	0
-2899.776855	0
-2895.349609	0
-2890.922607	0
-2886.495361	0
-2882.068359	0
-2877.641113	0
-2873.214111	0
-2868.786865	0
-2864.359863	0
-2859.932617	0
-2855.505371	0
-2851.078369	0
-2846.651123	0
-2842.224121	0
-2837.796875	0
-2833.369873	0
-2828.942627	0
-2824.515381	0
-2820.088379	0
-2815.661133	0
-2811.234131	0
-2806.806885	0
-2802.379883	0
-2797.952637	0
-2793.525391	0
-2789.098389	0
-2784.671143	0
-2780.244141	0
-2775.816895	0
-2771.389893	0
-2766.962646	0
-2762.535400	0
-2758.108398	0
-2753.681152	0
-2749.254150	0
-2744.826904	0
-2740.399902	0
-2735.972656	0
-2731.545654	0
-2727.118408	0
-2722.691162	0
-2718.264160	0
-2713.836914	0
-2709.409912	0
-2704.982666	0
-2700.555664	0
-2696.128418	0
-2691.701172	0
-2687.274170	0
-2682.846924	0
-2678.419922	0
-2673.992676	0
-2669.565674	0
-2665.138428	0
-2660.711182	0
-2656.284180	0
-2651.856934	0
-2647.429932	0
-2643.002686	0
-2638.575684	0
-2634.148438	0
-2629.721191	0
-2625.294189	0
-2620.866943	0
-2616.439941	0
-2612.012695	0
-2607.585693	0
-2603.158447	0
-2598.731445	0
-2594.304199	0
-2589.876953	0
-2585.449951	0
-2581.022705	0
-2576.595703	0
-2572.168457	0
-2567.741455	0
-2563.314209	0
-2558.886963	0
-2554.459961	0
-2550.032715	0
-2545.605713	0
-2541.178467	0
-2536.751465	0
-2532.324219	0
-2527.896973	0
-2523.469971	0
-2519.042725	0
-2514.615723	0
-2510.188477	0
-2505.761475	0
-2501.334229	0
-2496.906982	0
-2492.479980	0
-2488.052734	0
-2483.625732	0
-2479.198486	0
-2474.771484	0
-2470.344238	0
-2465.917236	0
-2461.489990	0
-2457.062744	0
-2452.635742	0
-2448.208496	0
-2443.781494	0
-2439.354248	1
-2434.927246	2
-2430.500000	8
-2426.072754	15
-2421.645752	19
-2417.218506	20
-2412.791504	25
-2408.364258	24
-2403.937256	20
-2399.510010	26
-2395.082764	26
-2390.655762	22
-2386.228516	32
-2381.801514	38
-2377.374268	41
-2372.947266	42
-2368.520020	49
-2364.093018	43
-2359.665771	39
-2355.238525	47
-2350.811523	54
-2346.384277	51
-2341.957275	59
-2337.530029	77
-2333.103027	74
-2328.675781	68
-2324.248535	66
-2319.821533	68
-2315.394287	83
-2310.967285	70
-2306.540039	69
-2302.113037	92
-2297.685791	97
-2293.258545	92
-2288.831543	93
-2284.404297	86
-2279.977295	95
-2275.550049	99
-2271.123047	100
-2266.695801	104
-2262.268555	107
-2257.841553	100
-2253.414307	98
-2248.987305	116
-2244.560059	120
-2240.133057	118
-2235.705811	122
-2231.278809	121
-2226.851563	111
-2222.424316	134
-2217.997314	142
-2213.570068	129
-2209.143066	139
-2204.715820	153
-2200.288818	155
-2195.861572	161
-2191.434326	148
-2187.007324	138
-2182.580078	153
-2178.153076	168
-2173.725830	178
-2169.298828	189
-2164.871582	186
-2160.444336	170
-2156.017334	175
-2151.590088	176
-2147.163086	162
-2142.735840	179
-2138.308838	168
-2133.881592	162
-2129.454346	164
-2125.027344	184
-2120.600098	203
-2116.173096	215
-2111.745850	192
-2107.318848	193
-2102.891602	187
-2098.464600	194
-2094.037354	186
-2089.610107	211
-2085.183105	213
-2080.755859	204
-2076.328857	210
-2071.901611	241
-2067.474609	248
-2063.047363	231
-2058.620117	208
-2054.193115	217
-2049.765869	222
-2045.338745	258
-2040.911621	239
-2036.484497	225
-2032.057373	244
-2027.630249	267
-2023.203125	256
-2018.776001	243
-2014.348877	255
-2009.921631	281
-2005.494507	275
-2001.067383	274
-1996.640259	261
-1992.213135	268
-1987.786011	256
-1983.358887	253
-1978.931641	268
-1974.504517	273
-1970.077393	281
-1965.650269	294
-1961.223145	290
-1956.796021	299
-1952.368896	310
-1947.941772	302
-1943.514526	303
-1939.087402	301
-1934.660278	287
-1930.233154	312
-1925.806030	314
-1921.378906	325
-1916.951782	339
-1912.524536	315
-1908.097412	319
-1903.670288	291
-1899.243164	286
-1894.816040	306
-1890.388916	340
-1885.961792	357
-1881.534668	348
-1877.107422	326
-1872.680298	301
-1868.253174	331
-1863.826050	366
-1859.398926	369
-1854.971802	356
-1850.544678	350
-1846.117432	351
-1841.690308	357
-1837.263184	377
-1832.836060	373
-1828.408936	376
-1823.981812	370
-1819.554688	360
-1815.127563	352
-1810.700317	383
-1806.273193	383
-1801.846069	385
-1797.418945	378
-1792.991821	375
-1788.564697	406
-1784.137573	395
-1779.710327	411
-1775.283203	416
-1770.856079	380
-1766.428955	388
-1762.001831	426
-1757.574707	438
-1753.147583	424
-1748.720459	406
-1744.293213	404
-1739.866089	409
-1735.438965	421
-1731.011841	424
-1726.584717	436
-1722.157593	414
-1717.730469	395
-1713.303223	396
-1708.876099	414
-1704.448975	427
-1700.021851	429
-1695.594727	463
-1691.167603	492
-1686.740479	463
-1682.313354	441
-1677.886108	456
-1673.458984	429
-1669.031860	442
-1664.604736	459
-1660.177612	454
-1655.750488	473
-1651.323364	480
-1646.896118	444
-1642.468994	447
-1638.041870	482
-1633.614746	519
-1629.187622	529
-1624.760498	473
-1620.333374	450
-1615.906250	492
-1611.479004	529
-1607.051880	506
-1602.624756	477
-1598.197632	496
-1593.770508	500
-1589.343384	493
-1584.916260	511
-1580.489014	520
-1576.061890	516
-1571.634766	512
-1567.207642	499
-1562.780518	492
-1558.353394	518
-1553.926270	516
-1549.499146	519
-1545.071899	527
-1540.644775	520
-1536.217651	520
-1531.790527	519
-1527.363403	512
-1522.936279	509
-1518.509155	531
-1514.081909	556
-1509.654785	576
-1505.227661	567
-1500.800537	547
-1496.373413	558
-1491.946289	586
-1487.519165	606
-1483.092041	606
-1478.664795	591
-1474.237671	581
-1469.810547	554
-1465.383423	539
-1460.956299	540
-1456.529175	565
-1452.102051	557
-1447.674805	609
-1443.247681	631
-1438.820557	641
-1434.393433	628
-1429.966309	648
-1425.539185	633
-1421.112061	618
-1416.684937	608
-1412.257690	609
-1407.830566	597
-1403.403442	625
-1398.976318	634
-1394.549194	631
-1390.122070	582
-1385.694946	609
-1381.267700	636
-1376.840576	625
-1372.413452	633
-1367.986328	679
-1363.559204	683
-1359.132080	663
-1354.704956	662
-1350.277832	646
-1345.850586	661
-1341.423462	657
-1336.996338	655
-1332.569214	658
-1328.142090	659
-1323.714966	677
-1319.287842	705
-1314.860596	682
-1310.433472	680
-1306.006348	706
-1301.579224	698
-1297.152100	685
-1292.724976	687
-1288.297852	688
-1283.870728	664
-1279.443481	658
-1275.016357	678
-1270.589233	697
-1266.162109	730
-1261.734985	720
-1257.307861	706
-1252.880737	721
-1248.453491	726
-1244.026367	752
-1239.599243	745
-1235.172119	734
-1230.744995	759
-1226.317871	754
-1221.890747	759
-1217.463623	724
-1213.036377	748
-1208.609253	761
-1204.182129	701
-1199.755005	717
-1195.327881	759
-1190.900757	780
-1186.473633	769
-1182.046509	736
-1177.619263	739
-1173.192139	751
-1168.765015	712
-1164.337891	716
-1159.910767	782
-1155.483643	795
-1151.056519	761
-1146.629272	741
-1142.202148	745
-1137.775024	777
-1133.347900	779
-1128.920776	752
-1124.493652	752
-1120.066528	738
-1115.639404	722
-1111.212158	745
-1106.785034	762
-1102.357910	745
-1097.930786	733
-1093.503662	752
-1089.076538	733
-1084.649414	740
-1080.222168	726
-1075.795044	741
-1071.367920	808
-1066.940796	800
-1062.513672	760
-1058.086548	748
-1053.659424	756
-1049.232300	762
-1044.805054	797
-1040.377930	770
-1035.950806	793
-1031.523682	812
-1027.096558	782
-1022.669373	758
-1018.242249	745
-1013.815125	754
-1009.388000	769
-1004.960815	787
-1000.533691	783
-996.106567	774
-991.679443	829
-987.252258	798
-982.825134	761
-978.398010	724
-973.970886	750
-969.543701	796
-965.116577	794
-960.689453	783
-956.262268	810
-951.835144	828
-947.408020	785
-942.980896	762
-938.553711	774
-934.126587	746
-929.699463	736
-925.272339	777
-920.845154	782
-916.418030	766
-911.990906	793
-907.563782	804
-903.136597	766
-898.709473	766
-894.282349	747
-889.855164	772
-885.428040	780
-881.000916	782
-876.573792	743
-872.146606	739
-867.719482	727
-863.292358	719
-858.865234	725
-854.438049	762
-850.010925	759
-845.583801	741
-841.156677	782
-836.729492	802
-832.302368	750
-827.875244	718
-823.448059	759
-819.020935	768
-814.593811	766
-810.166687	795
-805.739502	741
-801.312378	745
-796.885254	752
-792.458130	745
-788.030945	773
-783.603821	775
-779.176697	745
-774.749573	776
-770.322388	790
-765.895264	800
-761.468140	801
-757.040955	785
-752.613831	787
-748.186707	795
-743.759583	789
-739.332397	780
-734.905273	766
-730.478149	797
-726.051025	777
-721.623840	740
-717.196716	739
-712.769592	745
-708.342468	729
-703.915283	728
-699.488159	750
-695.061035	739
-690.633850	771
-686.206726	800
-681.779602	792
-677.352478	739
-672.925293	730
-668.498169	765
-664.071045	774
-659.643921	764
-655.216736	762
-650.789612	783
-646.362488	787
-641.935364	783
-637.508179	768
-633.081055	733
-628.653931	752
-624.226746	792
-619.799622	816
-615.372498	833
-610.945374	764
-606.518188	753
-602.091064	739
-597.663940	754
-593.236816	756
-588.809631	753
-584.382507	780
-579.955383	811
-575.528259	789
-571.101074	797
-566.673950	808
-562.246826	772
-557.819702	795
-553.392517	784
-548.965393	751
-544.538269	732
-540.111084	718
-535.683960	732
-531.256836	725
-526.829712	773
-522.402527	780
-517.975403	726
-513.548279	739
-509.121124	767
-504.694000	743
-500.266846	741
-495.839722	749
-491.412567	775
-486.985443	813
-482.558289	787
-478.131134	758
-473.704010	759
-469.276855	732
-464.849731	757
-460.422577	803
-455.995453	806
-451.568298	750
-447.141174	757
-442.714020	816
-438.286896	794
-433.859741	786
-429.432617	795
-425.005463	798
-420.578339	799
-416.151184	831
-411.724030	799
-407.296906	791
-402.869751	828
-398.442627	838
-394.015472	815
-389.588348	815
-385.161194	824
-380.734070	795
-376.306915	785
-371.879791	782
-367.452637	786
-363.025513	747
-358.598358	750
-354.171234	763
-349.744080	784
-345.316925	791
-340.889801	788
-336.462646	802
-332.035522	811
-327.608368	848
-323.181244	854
-318.754089	793
-314.326965	799
-309.899811	793
-305.472687	763
-301.045532	742
-296.618408	753
-292.191254	784
-287.764130	791
-283.336975	771
-278.909851	772
-274.482697	789
-270.055542	838
-265.628418	810
-261.201263	780
-256.774139	752
-252.347000	775
-247.919861	810
-243.492722	829
-239.065567	803
-234.638428	763
-230.211288	756
-225.784149	801
-221.357010	821
-216.929871	785
-212.502731	794
-208.075592	828
-203.648453	798
-199.221313	798
-194.794174	843
-190.367035	855
-185.939896	809
-181.512756	797
-177.085617	828
-172.658463	865
-168.231323	859
-163.804184	859
-159.377045	911
-154.949905	888
-150.522766	829
-146.095627	826
-141.668488	841
-137.241348	885
-132.814209	867
-128.387070	857
-123.959930	863
-119.532784	865
-115.105644	903
-110.678505	895
-106.251366	967
-101.824226	1006
-97.397087	1069
-92.969948	1166
-88.542809	1248
-84.115662	1283
-79.688522	1362
-75.261383	1473
-70.834244	1616
-66.407104	1819
-61.979965	2068
-57.552822	2339
-53.125683	2737
-48.698544	3312
-44.271404	4029
-39.844261	4752
-35.417122	5464
-30.989983	6029
-26.562841	6416
-22.135702	6895
-17.708561	7292
-13.281421	7664
-8.854280	7892
-4.427140	7968
0.000000	7992
4.427140	7982
8.854280	7890
13.281421	7886
17.708561	7910
22.135702	7820
26.562841	7572
30.989983	7385
35.417122	7381
39.844261	7131
44.271404	6683
48.698544	6274
53.125683	5877
57.552822	5205
61.979965	4291
66.407104	3685
70.834244	3182
75.261383	2719
79.688522	2400
84.115662	2074
88.542809	1836
92.969948	1699
97.397087	1558
101.824226	1421
106.251366	1301
110.678505	1222
115.105644	1149
119.532784	1176
123.959930	1174
128.387070	1103
132.814209	1052
137.241348	1010
141.668488	983
146.095627	930
150.522766	879
154.949905	925
159.377045	954
163.804184	889
168.231323	878
172.658463	889
177.085617	900
181.512756	895
185.939896	856
190.367035	826
194.794174	821
199.221313	828
203.648453	812
208.075592	785
212.502731	794
216.929871	830
221.357010	864
225.784149	841
230.211288	775
234.638428	773
239.065567	809
243.492722	801
247.919861	812
252.347000	798
256.774139	780
261.201263	763
265.628418	757
270.055542	779
274.482697	805
278.909851	805
283.336975	807
287.764130	831
292.191254	866
296.618408	845
301.045532	830
305.472687	786
309.899811	799
314.326965	813
318.754089	800
323.181244	751
327.608368	749
332.035522	774
336.462646	810
340.889801	823
345.316925	810
349.744080	789
354.171234	802
358.598358	825
363.025513	839
367.452637	817
371.879791	807
376.306915	812
380.734070	823
385.161194	813
389.588348	771
394.015472	786
398.442627	789
402.869751	784
407.296906	794
411.724030	784
416.151184	776
420.578339	777
425.005463	731
429.432617	740
433.859741	764
438.286896	773
442.714020	781
447.141174	783
451.568298	773
455.995453	761
460.422577	770
464.849731	807
469.276855	787
473.704010	785
478.131134	785
482.558289	814
486.985443	806
491.412567	771
495.839722	790
500.266846	769
504.694000	788
509.121124	834
513.548279	828
517.975403	779
522.402527	761
526.829712	732
531.256836	755
535.683960	749
540.111084	756
544.538269	773
548.965393	768
553.392517	759
557.819702	793
562.246826	827
566.673950	824
571.101074	826
575.528259	798
579.955383	769
584.382507	795
588.809631	797
593.236816	765
597.663940	777
602.091064	780
606.518188	810
610.945374	797
615.372498	785
619.799622	779
624.226746	796
628.653931	755
633.081055	786
637.508179	806
641.935364	773
646.362488	750
650.789612	763
655.216736	724
659.643921	739
664.071045	778
668.498169	759
672.925293	745
677.352478	749
681.779602	759
686.206726	755
690.633850	761
695.061035	741
699.488159	761
703.915283	806
708.342468	782
712.769592	765
717.196716	792
721.623840	713
726.051025	735
730.478149	811
734.905273	796
739.332397	782
743.759583	709
748.186707	729
752.613831	767
757.040955	768
761.468140	716
765.895264	754
770.322388	772
774.749573	785
779.176697	763
783.603821	743
788.030945	738
792.458130	748
796.885254	772
801.312378	805
805.739502	803
810.166687	778
814.593811	833
819.020935	829
823.448059	785
827.875244	733
832.302368	730
836.729492	745
841.156677	753
845.583801	768
850.010925	759
854.438049	756
858.865234	799
863.292358	828
867.719482	807
872.146606	813
876.573792	802
881.000916	765
885.428040	806
889.855164	800
894.282349	784
898.709473	768
903.136597	754
907.563782	767
911.990906	752
916.418030	744
920.845154	745
925.272339	779
929.699463	800
934.126587	813
938.553711	835
942.980896	804
947.408020	781
951.835144	776
956.262268	755
960.689453	757
965.116577	793
969.543701	762
973.970886	749
978.398010	761
982.825134	757
987.252258	769
991.679443	802
996.106567	786
1000.533691	789
1004.960815	773
1009.388000	769
1013.815125	801
1018.242249	827
1022.669373	826
1027.096558	806
1031.523682	790
1035.950806	754
1040.377930	764
1044.805054	787
1049.232300	781
1053.659424	766
1058.086548	771
1062.513672	802
1066.940796	798
1071.367920	783
1075.795044	813
1080.222168	839
1084.649414	803
1089.076538	779
1093.503662	778
1097.930786	799
1102.357910	794
1106.785034	772
1111.212158	738
1115.639404	753
1120.066528	841
1124.493652	848
1128.920776	825
1133.347900	810
1137.775024	796
1142.202148	776
1146.629272	766
1151.056519	801
1155.483643	810
1159.910767	783
1164.337891	755
1168.765015	772
1173.192139	772
1177.619263	793
1182.046509	797
1186.473633	820
1190.900757	779
1195.327881	761
1199.755005	784
1204.182129	791
1208.609253	794
1213.036377	776
1217.463623	742
1221.890747	749
1226.317871	768
1230.744995	779
1235.172119	754
1239.599243	745
1244.026367	760
1248.453491	806
1252.880737	837
1257.307861	805
1261.734985	809
1266.162109	769
1270.589233	769
1275.016357	757
1279.443481	818
1283.870728	803
1288.297852	757
1292.724976	785
1297.152100	844
1301.579224	850
1306.006348	796
1310.433472	754
1314.860596	770
1319.287842	811
1323.714966	827
1328.142090	846
1332.569214	834
1336.996338	794
1341.423462	758
1345.850586	782
1350.277832	798
1354.704956	787
1359.132080	803
1363.559204	823
1367.986328	824
1372.413452	805
1376.840576	832
1381.267700	815
1385.694946	793
1390.122070	795
1394.549194	785
1398.976318	773
1403.403442	799
1407.830566	774
1412.257690	796
1416.684937	795
1421.112061	768
1425.539185	799
1429.966309	786
1434.393433	767
1438.820557	772
1443.247681	761
1447.674805	760
1452.102051	769
1456.529175	743
1460.956299	746
1465.383423	752
1469.810547	765
1474.237671	811
1478.664795	852
1483.092041	766
1487.519165	766
1491.946289	824
1496.373413	812
1500.800537	795
1505.227661	764
1509.654785	765
1514.081909	805
1518.509155	787
1522.936279	795
1527.363403	785
1531.790527	771
1536.217651	737
1540.644775	782
1545.071899	778
1549.499146	746
1553.926270	775
1558.353394	785
1562.780518	803
1567.207642	798
1571.634766	771
1576.061890	768
1580.489014	754
1584.916260	752
1589.343384	781
1593.770508	750
1598.197632	715
1602.624756	759
1607.051880	823
1611.479004	834
1615.906250	820
1620.333374	810
1624.760498	804
1629.187622	803
1633.614746	802
1638.041870	826
1642.468994	812
1646.896118	796
1651.323364	798
1655.750488	790
1660.177612	783
1664.604736	825
1669.031860	821
1673.458984	790
1677.886108	737
1682.313354	769
1686.740479	791
1691.167603	785
1695.594727	803
1700.021851	792
1704.448975	786
1708.876099	765
1713.303223	749
1717.730469	778
1722.157593	813
1726.584717	839
1731.011841	850
1735.438965	831
1739.866089	831
1744.293213	845
1748.720459	824
1753.147583	760
1757.574707	790
1762.001831	805
1766.428955	787
1770.856079	806
1775.283203	784
1779.710327	773
1784.137573	796
1788.564697	761
1792.991821	779
1797.418945	805
1801.846069	832
1806.273193	807
1810.700317	784
1815.127563	768
1819.554688	805
1823.981812	843
1828.408936	822
1832.836060	782
1837.263184	793
1841.690308	801
1846.117432	818
1850.544678	817
1854.971802	806
1859.398926	795
1863.826050	800
1868.253174	798
1872.680298	792
1877.107422	820
1881.534668	767
1885.961792	785
1890.388916	784
1894.816040	793
1899.243164	767
1903.670288	769
1908.097412	740
1912.524536	777
1916.951782	837
1921.378906	861
1925.806030	823
1930.233154	791
1934.660278	803
1939.087402	801
1943.514526	798
1947.941772	798
1952.368896	798
1956.796021	813
1961.223145	812
1965.650269	832
1970.077393	779
1974.504517	749
1978.931641	779
1983.358887	801
1987.786011	798
1992.213135	774
1996.640259	792
2001.067383	830
2005.494507	824
2009.921631	796
2014.348877	774
2018.776001	796
2023.203125	817
2027.630249	826
2032.057373	836
2036.484497	809
2040.911621	812
2045.338745	843
2049.765869	832
2054.193115	789
2058.620117	779
2063.047363	755
2067.474609	781
2071.901611	808
2076.328857	801
2080.755859	809
2085.183105	757
2089.610107	724
2094.037354	816
2098.464600	809
2102.891602	768
2107.318848	804
2111.745850	800
2116.173096	786
2120.600098	788
2125.027344	837
2129.454346	854
2133.881592	773
2138.308838	774
2142.735840	740
2147.163086	743
2151.590088	776
2156.017334	810
2160.444336	850
2164.871582	821
2169.298828	772
2173.725830	764
2178.153076	763
2182.580078	803
2187.007324	867
2191.434326	866
2195.861572	815
2200.288818	812
2204.715820	806
2209.143066	791
2213.570068	776
2217.997314	765
2222.424316	775
2226.851563	781
2231.278809	787
2235.705811	803
2240.133057	809
2244.560059	839
2248.987305	827
2253.414307	810
2257.841553	806
2262.268555	772
2266.695801	810
2271.123047	842
2275.550049	822
2279.977295	769
2284.404297	760
2288.831543	779
2293.258545	798
2297.685791	811
2302.113037	801
2306.540039	823
2310.967285	829
2315.394287	802
2319.821533	816
2324.248535	805
2328.675781	818
2333.103027	807
2337.530029	800
2341.957275	838
2346.384277	835
2350.811523	818
2355.238525	824
2359.665771	803
2364.093018	825
2368.520020	847
2372.947266	835
2377.374268	776
2381.801514	796
2386.228516	840
2390.655762	835
2395.082764	797
2399.510010	777
2403.937256	778
2408.364258	824
2412.791504	825
2417.218506	794
2421.645752	812
2426.072754	827
2430.500000	838
2434.927246	799
2439.354248	770
2443.781494	781
2448.208496	795
2452.635742	825
2457.062744	828
2461.489990	810
2465.917236	776
2470.344238	774
2474.771484	787
2479.198486	803
2483.625732	806
2488.052734	793
2492.479980	752
2496.906982	775
2501.334229	797
2505.761475	806
2510.188477	790
2514.615723	773
2519.042725	809
2523.469971	795
2527.896973	816
2532.324219	848
2536.751465	859
2541.178467	838
2545.605713	793
2550.032715	786
2554.459961	763
2558.886963	812
2563.314209	831
2567.741455	813
2572.168457	793
2576.595703	793
2581.022705	809
2585.449951	791
2589.876953	784
2594.304199	796
2598.731445	822
2603.158447	830
2607.585693	810
2612.012695	791
2616.439941	770
2620.866943	779
2625.294189	814
2629.721191	789
2634.148438	792
2638.575684	815
2643.002686	845
2647.429932	849
2651.856934	788
2656.284180	795
2660.711182	833
2665.138428	798
2669.565674	779
2673.992676	793
2678.419922	787
2682.846924	781
2687.274170	774
2691.701172	758
2696.128418	773
2700.555664	787
2704.982666	783
2709.409912	774
2713.836914	799
2718.264160	822
2722.691162	829
2727.118408	803
2731.545654	784
2735.972656	794
2740.399902	855
2744.826904	804
2749.254150	779
2753.681152	809
2758.108398	789
2762.535400	775
2766.962646	769
2771.389893	813
2775.816895	794
2780.244141	783
2784.671143	804
2789.098389	816
2793.525391	775
2797.952637	759
2802.379883	806
2806.806885	868
2811.234131	860
2815.661133	826
2820.088379	798
2824.515381	810
2828.942627	807
2833.369873	810
2837.796875	810
2842.224121	809
2846.651123	809
2851.078369	816
2855.505371	811
2859.932617	764
2864.359863	784
2868.786865	770
2873.214111	747
2877.641113	772
2882.068359	789
2886.495361	802
2890.922607	824
2895.349609	828
2899.776855	784
2904.204102	783
2908.631104	834
2913.058350	831
2917.485352	813
2921.912598	807
2926.339600	774
2930.766846	786
2935.194092	782
2939.621094	779
2944.048340	776
2948.475342	809
2952.902588	826
2957.329590	821
2961.756836	819
2966.184082	802
2970.611084	824
2975.038330	787
2979.465332	745
2983.892578	758
2988.319580	802
2992.746826	818
2997.174072	814
3001.601074	816
3006.028320	822
3010.455322	804
3014.882568	774
3019.309570	794
3023.736816	799
3028.163818	782
3032.591064	758
3037.018311	805
3041.445313	809
3045.872559	783
3050.299561	774
3054.726807	788
3059.153809	780
3063.581055	775
3068.008301	813
3072.435303	823
3076.862549	804
3081.289551	784
3085.716797	789
3090.143799	805
3094.571045	797
3098.998291	782
3103.425293	834
3107.852539	869
3112.279541	815
3116.706787	781
3121.133789	768
3125.561035	801
3129.988281	829
3134.415283	824
3138.842529	776
3143.269531	781
3147.696777	793
3152.123779	782
3156.551025	783
3160.978027	767
3165.405273	797
3169.832520	844
3174.259521	820
3178.686768	799
3183.113770	793
3187.541016	748
3191.968018	715
3196.395264	749
3200.822510	773
3205.249512	772
3209.676758	808
3214.103760	803
3218.531006	794
3222.958008	761
3227.385254	785
3231.812500	797
3236.239502	781
3240.666748	796
3245.093750	789
3249.520996	786
3253.947998	786
3258.375244	801
3262.802246	829
3267.229492	806
3271.656738	846
3276.083740	852
3280.510986	801
3284.937988	751
3289.365234	777
3293.792236	811
3298.219482	811
3302.646729	815
3307.073730	805
3311.500977	792
3315.927979	779
3320.355225	794
3324.782227	800
3329.209473	793
3333.636719	773
3338.063721	780
3342.490967	825
3346.917969	835
3351.345215	794
3355.772217	782
3360.199463	807
3364.626709	823
3369.053711	824
3373.480957	784
3377.907959	784
3382.335205	836
3386.762207	893
3391.189453	866
3395.616455	853
3400.043701	828
3404.470947	806
3408.897949	805
3413.325195	817
3417.752197	795
3422.179443	803
3426.606445	793
3431.033691	799
3435.460938	807
3439.887939	794
3444.315186	788
3448.742188	791
3453.169434	820
3457.596436	830
3462.023682	822
3466.450928	809
3470.877930	806
3475.305176	839
3479.732178	864
3484.159424	821
3488.586426	795
3493.013672	795
3497.440918	822
3501.867920	836
3506.295166	840
3510.722168	840
3515.149414	821
3519.576416	810
3524.003662	782
3528.430664	811
3532.857910	848
3537.285156	845
3541.712158	824
3546.139404	836
3550.566406	839
3554.993652	827
3559.420654	804
3563.847900	813
3568.275146	843
3572.702148	837
3577.129395	794
3581.556396	790
3585.983643	833
3590.410645	872
3594.837891	836
3599.265137	813
3603.692139	818
3608.119385	805
3612.546387	791
3616.973633	808
3621.400635	807
3625.827881	826
3630.255127	827
3634.682129	855
3639.109375	837
3643.536377	840
3647.963623	817
3652.390625	828
3656.817871	846
3661.244873	880
3665.672119	939
3670.099365	883
3674.526367	844
3678.953613	899
3683.380615	910
3687.807861	897
3692.234863	920
3696.662109	924
3701.089355	938
3705.516357	943
3709.943604	946
3714.370605	917
3718.797852	927
3723.224854	970
3727.652100	999
3732.079346	1047
3736.506348	1062
3740.933594	1080
3745.360596	1122
3749.787842	1116
3754.214844	1140
3758.642090	1129
3763.069336	1134
3767.496338	1211
3771.923584	1255
3776.350586	1296
3780.777832	1336
3785.204834	1329
3789.632080	1341
3794.059082	1383
3798.486328	1415
3802.913574	1458
3807.340576	1478
3811.767822	1475
3816.194824	1485
3820.622070	1562
3825.049072	1637
3829.476318	1671
3833.903564	1737
3838.330566	1814
3842.757813	1874
3847.184814	1836
3851.612061	1815
3856.039063	1870
3860.466309	1907
3864.893555	1967
3869.320557	2009
3873.747803	2036
3878.174805	2082
3882.602051	2055
3887.029053	2149
3891.456299	2219
3895.883545	2253
3900.310547	2297
3904.737793	2355
3909.164795	2405
3913.592041	2473
3918.019043	2499
3922.446289	2452
3926.873291	2364
3931.300537	2347
3935.727783	2425
3940.154785	2454
3944.582031	2470
3949.009033	2401
3953.436279	2369
3957.863281	2396
3962.290527	2530
3966.717773	2596
3971.144775	2642
3975.572021	2674
3979.999023	2753
3984.426270	2672
3988.853271	2658
3993.280518	2755
3997.707764	2828
4002.134766	2894
4006.562012	2912
4010.989014	2889
4015.416260	2815
4019.843262	2845
4024.270508	3022
4028.697754	2896
4033.124756	2791
4037.552002	2819
4041.979004	2820
4046.406250	2858
4050.833252	2803
4055.260498	2746
4059.687500	2849
4064.114746	2900
4068.541992	2812
4072.968994	2685
4077.396240	2588
4081.823242	2617
4086.250488	2476
4090.677490	2435
4095.104736	2556
4099.531738	2623
4103.958984	2534
4108.386230	2573
4112.813477	2601
4117.240234	2649
4121.667480	2738
4126.094727	2805
4130.521973	2770
4134.949219	2789
4139.375977	2763
4143.803223	2749
4148.230469	2789
4152.657715	2878
4157.084473	2928
4161.511719	2852
4165.938965	2825
4170.366211	2812
4174.793457	2782
4179.220215	2763
4183.647461	2733
4188.074707	2797
4192.501953	2881
4196.929199	2842
4201.355957	2800
4205.783203	2812
4210.210449	2821
4214.637695	2814
4219.064453	2773
4223.491699	2732
4227.918945	2761
4232.346191	2824
4236.773438	2805
4241.200195	2775
4245.627441	2684
4250.054688	2592
4254.481934	2611
4258.908691	2716
4263.335938	2729
4267.763184	2695
4272.190430	2645
4276.617676	2538
4281.044434	2550
4285.471680	2608
4289.898926	2613
4294.326172	2582
4298.753418	2555
4303.180176	2541
4307.607422	2509
4312.034668	2508
4316.461914	2529
4320.888672	2532
4325.315918	2408
4329.743164	2349
4334.170410	2385
4338.597656	2411
4343.024414	2444
4347.451660	2498
4351.878906	2525
4356.306152	2557
4360.732910	2614
4365.160156	2628
4369.587402	2615
4374.014648	2600
4378.441895	2620
4382.868652	2686
4387.295898	2682
4391.723145	2704
4396.150391	2723
4400.577637	2744
4405.004395	2764
4409.431641	2714
4413.858887	2655
4418.286133	2665
4422.712891	2715
4427.140137	2739
4431.567383	2776
4435.994629	2791
4440.421875	2783
4444.848633	2726
4449.275879	2734
4453.703125	2804
4458.130371	2770
4462.557617	2823
4466.984375	2833
4471.411621	2865
4475.838867	2848
4480.266113	2820
4484.692871	2767
4489.120117	2664
4493.547363	2635
4497.974609	2679
4502.401855	2758
4506.828613	2737
4511.255859	2696
4515.683105	2668
4520.110352	2712
4524.537109	2756
4528.964355	2724
4533.391602	2728
4537.818848	2651
4542.246094	2667
4546.672852	2663
4551.100098	2662
4555.527344	2654
4559.954590	2701
4564.381836	2724
4568.808594	2667
4573.235840	2658
4577.663086	2733
4582.090332	2790
4586.517090	2794
4590.944336	2765
4595.371582	2802
4599.798828	2813
4604.226074	2786
4608.652832	2766
4613.080078	2811
4617.507324	2851
4621.934570	2940
4626.361328	2983
4630.788574	2934
4635.215820	2948
4639.643066	3005
4644.070313	2957
4648.497070	3012
4652.924316	3093
4657.351563	3042
4661.778809	3038
4666.206055	3116
4670.632813	3119
4675.060059	3105
4679.487305	3205
4683.914551	3237
4688.341309	3326
4692.768555	3409
4697.195801	3306
4701.623047	3292
4706.050293	3405
4710.477051	3456
4714.904297	3532
4719.331543	3574
4723.758789	3580
4728.186035	3678
4732.612793	3794
4737.040039	3738
4741.467285	3745
4745.894531	3851
4750.321289	3865
4754.748535	3823
4759.175781	3905
4763.603027	3936
4768.030273	3939
4772.457031	3966
4776.884277	3910
4781.311523	3911
4785.738770	3965
4790.165527	3974
4794.592773	3973
4799.020020	3989
4803.447266	4093
4807.874512	4006
4812.301270	4003
4816.728516	4048
4821.155762	3983
4825.583008	3961
4830.010254	3930
4834.437012	3889
4838.864258	3851
4843.291504	3769
4847.718750	3687
4852.145508	3701
4856.572754	3674
4861.000000	3644
4865.427246	3675
4869.854492	3714
4874.281250	3777
4878.708496	3828
4883.135742	3847
4887.562988	3905
4891.989746	3889
4896.416992	3865
4900.844238	3959
4905.271484	4044
4909.698730	3983
4914.125488	3963
4918.552734	4023
4922.979980	4075
4927.407227	4081
4931.834473	4046
4936.261230	4050
4940.688477	4089
4945.115723	4144
4949.542969	4179
4953.969727	4126
4958.396973	3987
4962.824219	3973
4967.251465	4024
4971.678711	3961
4976.105469	3967
4980.532715	4019
4984.959961	4019
4989.387207	4027
4993.813965	4061
4998.241211	3967
5002.668457	3942
5007.095703	3906
5011.522949	3796
5015.949707	3886
5020.376953	3982
5024.804199	3923
5029.231445	3940
5033.658691	3851
5038.085449	3837
5042.512695	3997
5046.939941	3943
5051.367188	3870
5055.793945	3893
5060.221191	3828
5064.648438	3807
5069.075684	3812
5073.502930	3872
5077.929688	3932
5082.356934	3994
5086.784180	3967
5091.211426	3822
5095.638672	3687
5100.065430	3729
5104.492676	3732
5108.919922	3762
5113.347168	3731
5117.773926	3802
5122.201172	3891
5126.628418	3799
5131.055664	3748
5135.482910	3760
5139.909668	3698
5144.336914	3711
5148.764160	3747
5153.191406	3724
5157.618164	3693
5162.045410	3663
5166.472656	3649
5170.899902	3675
5175.327148	3674
5179.753906	3682
5184.181152	3682
5188.608398	3652
5193.035645	3603
5197.462891	3607
5201.889648	3585
5206.316895	3611
5210.744141	3591
5215.171387	3501
5219.598145	3482
5224.025391	3462
5228.452637	3472
5232.879883	3416
5237.307129	3385
5241.733887	3432
5246.161133	3510
5250.588379	3508
5255.015625	3402
5259.442383	3390
5263.869629	3407
5268.296875	3456
5272.724121	3506
5277.151367	3451
5281.578125	3431
5286.005371	3382
5290.432617	3371
5294.859863	3293
5299.287109	3246
5303.713867	3348
5308.141113	3320
5312.568359	3216
5316.995605	3224
5321.422363	3278
5325.849609	3258
5330.276855	3212
5334.704102	3225
5339.131348	3315
5343.558105	3274
5347.985352	3203
5352.412598	3141
5356.839844	3129
5361.267090	3138
5365.693848	3023
5370.121094	3077
5374.548340	3217
5378.975586	3203
5383.402344	3096
5387.829590	3065
5392.256836	3125
5396.684082	3202
5401.111328	3176
5405.538086	3232
5409.965332	3234
5414.392578	3146
5418.819824	3216
5423.246582	3213
5427.673828	3120
5432.101074	2973
5436.528320	2943
5440.955566	3046
5445.382324	3077
5449.809570	3050
5454.236816	3012
5458.664063	2988
5463.091309	2983
5467.518066	3017
5471.945313	2966
5476.372559	2922
5480.799805	3020
5485.226563	3031
5489.653809	2922
5494.081055	2903
5498.508301	2991
5502.935547	2969
5507.362305	2944
5511.789551	2881
5516.216797	2884
5520.644043	2960
5525.070801	2998
5529.498047	2959
5533.925293	2927
5538.352539	2915
5542.779785	2852
5547.206543	2907
5551.633789	2996
5556.061035	3006
5560.488281	2913
5564.915527	2879
5569.342285	2874
5573.769531	2820
5578.196777	2820
5582.624023	2848
5587.050781	2792
5591.478027	2736
5595.905273	2797
5600.332520	2815
5604.759766	2857
5609.186523	2768
5613.613770	2694
5618.041016	2723
5622.468262	2774
5626.895508	2813
5631.322266	2820
5635.749512	2789
5640.176758	2756
5644.604004	2754
5649.030762	2731
5653.458008	2724
5657.885254	2675
5662.312500	2691
5666.739746	2692
5671.166504	2702
5675.593750	2710
5680.020996	2619
5684.448242	2639
5688.875000	2638
5693.302246	2638
5697.729492	2643
5702.156738	2621
5706.583984	2613
5711.010742	2619
5715.437988	2589
5719.865234	2463
5724.292480	2547
5728.719727	2612
5733.146484	2595
5737.573730	2618
5742.000977	2606
5746.428223	2639
5750.854980	2662
5755.282227	2611
5759.709473	2553
5764.136719	2520
5768.563965	2565
5772.990723	2568
5777.417969	2591
5781.845215	2612
5786.272461	2635
5790.699219	2647
5795.126465	2587
5799.553711	2669
5803.980957	2783
5808.408203	2754
5812.834961	2693
5817.262207	2685
5821.689453	2715
5826.116699	2687
5830.543945	2615
5834.970703	2707
5839.397949	2793
5843.825195	2748
5848.252441	2746
5852.679199	2713
5857.106445	2682
5861.533691	2646
5865.960938	2629
5870.388184	2660
5874.814941	2682
5879.242188	2628
5883.669434	2618
5888.096680	2623
5892.523438	2676
5896.950684	2668
5901.377930	2622
5905.805176	2601
5910.232422	2589
5914.659180	2549
5919.086426	2570
5923.513672	2586
5927.940918	2629
5932.368164	2668
5936.794922	2549
5941.222168	2500
5945.649414	2538
5950.076660	2553
5954.503418	2639
5958.930664	2627
5963.357910	2452
5967.785156	2404
5972.212402	2445
5976.639160	2473
5981.066406	2552
5985.493652	2585
5989.920898	2575
5994.348145	2512
5998.774902	2444
6003.202148	2431
6007.629395	2475
6012.056641	2413
6016.483398	2332
6020.910645	2359
6025.337891	2342
6029.765137	2386
6034.192383	2386
6038.619141	2373
6043.046387	2342
6047.473633	2342
6051.900879	2305
6056.327637	2319
6060.754883	2375
6065.182129	2352
6069.609375	2355
6074.036621	2265
6078.463379	2242
6082.890625	2268
6087.317871	2325
6091.745117	2338
6096.172363	2284
6100.599121	2234
6105.026367	2213
6109.453613	2150
6113.880859	2123
6118.307617	2179
6122.734863	2195
6127.162109	2158
6131.589355	2104
6136.016602	2123
6140.443359	2108
6144.870605	2117
6149.297852	2158
6153.725098	2165
6158.151855	2087
6162.579102	2069
6167.006348	1979
6171.433594	1942
6175.860840	1955
6180.287598	1912
6184.714844	1955
6189.142090	2000
6193.569336	2051
6197.996582	2003
6202.423340	1955
6206.850586	1938
6211.277832	1942
6215.705078	1923
6220.131836	1933
6224.559082	1952
6228.986328	1890
6233.413574	1885
6237.840820	1942
6242.267578	1882
6246.694824	1882
6251.122070	1852
6255.549316	1840
6259.976563	1882
6264.403320	1851
6268.830566	1791
6273.257813	1813
6277.685059	1813
6282.111816	1887
6286.539063	1882
6290.966309	1817
6295.393555	1799
6299.820801	1838
6304.247559	1881
6308.674805	1824
6313.102051	1776
6317.529297	1796
6321.956055	1804
6326.383301	1860
6330.810547	1822
6335.237793	1790
6339.665039	1821
6344.091797	1837
6348.519043	1749
6352.946289	1690
6357.373535	1785
6361.800781	1804
6366.227539	1725
6370.654785	1741
6375.082031	1723
6379.509277	1750
6383.936035	1786
6388.363281	1717
6392.790527	1726
6397.217773	1710
6401.645020	1702
6406.071777	1735
6410.499023	1767
6414.926270	1759
6419.353516	1758
6423.780273	1792
6428.207520	1701
6432.634766	1611
6437.062012	1632
6441.489258	1677
6445.916016	1704
6450.343262	1701
6454.770508	1672
6459.197754	1680
6463.625000	1693
6468.051758	1688
6472.479004	1689
6476.906250	1626
6481.333496	1594
6485.760254	1642
6490.187500	1657
6494.614746	1664
6499.041992	1685
6503.469238	1731
6507.895996	1679
6512.323242	1616
6516.750488	1584
6521.177734	1617
6525.604492	1654
6530.031738	1669
6534.458984	1650
6538.886230	1615
6543.313477	1579
6547.740234	1514
6552.167480	1443
6556.594727	1446
6561.021973	1542
6565.449219	1571
6569.875977	1468
6574.303223	1432
6578.730469	1479
6583.157715	1524
6587.584473	1495
6592.011719	1518
6596.438965	1467
6600.866211	1442
6605.293457	1522
6609.720215	1553
6614.147461	1536
6618.574707	1488
6623.001953	1481
6627.429199	1566
6631.855957	1582
6636.283203	1563
6640.710449	1533
6645.137695	1627
6649.564453	1685
6653.991699	1655
6658.418945	1639
6662.846191	1568
6667.273438	1547
6671.700195	1602
6676.127441	1620
6680.554688	1586
6684.981934	1614
6689.408691	1593
6693.835938	1571
6698.263184	1636
6702.690430	1624
6707.117676	1549
6711.544434	1528
6715.971680	1538
6720.398926	1554
6724.826172	1555
6729.253418	1564
6733.680176	1553
6738.107422	1514
6742.534668	1542
6746.961914	1590
6751.388672	1525
6755.815918	1505
6760.243164	1565
6764.670410	1616
6769.097656	1622
6773.524414	1541
6777.951660	1494
6782.378906	1481
6786.806152	1479
6791.232910	1531
6795.660156	1507
6800.087402	1490
6804.514648	1502
6808.941895	1506
6813.368652	1445
6817.795898	1421
6822.223145	1436
6826.650391	1496
6831.077637	1502
6835.504395	1514
6839.931641	1442
6844.358887	1433
6848.786133	1448
6853.212891	1398
6857.640137	1390
6862.067383	1414
6866.494629	1413
6870.921875	1433
6875.348633	1421
6879.775879	1319
6884.203125	1316
6888.630371	1323
6893.057617	1369
6897.484375	1390
6901.911621	1335
6906.338867	1290
6910.766113	1307
6915.192871	1345
6919.620117	1348
6924.047363	1347
6928.474609	1290
6932.901855	1335
6937.328613	1345
6941.755859	1368
6946.183105	1358
6950.610352	1338
6955.037109	1374
6959.464355	1346
6963.891602	1321
6968.318848	1312
6972.746094	1326
6977.172852	1335
6981.600098	1308
6986.027344	1331
6990.454590	1372
6994.881836	1334
6999.308594	1284
7003.735840	1265
7008.163086	1296
7012.590332	1284
7017.017090	1239
7021.444336	1222
7025.871582	1279
7030.298828	1311
7034.726074	1263
7039.152832	1270
7043.580078	1305
7048.007324	1329
7052.434570	1288
7056.861328	1272
7061.288574	1271
7065.715820	1276
7070.143066	1277
7074.570313	1238
7078.997070	1191
7083.424316	1172
7087.851563	1205
7092.278809	1220
7096.706055	1211
7101.132813	1176
7105.560059	1099
7109.987305	1161
7114.414551	1217
7118.841309	1238
7123.268555	1246
7127.695801	1219
7132.123047	1187
7136.550293	1176
7140.977051	1144
7145.404297	1173
7149.831543	1188
7154.258789	1130
7158.686035	1144
7163.112793	1186
7167.540039	1138
7171.967285	1100
7176.394531	1113
7180.821289	1126
7185.248535	1079
7189.675781	1084
7194.103027	1056
7198.530273	1038
7202.957031	1091
7207.384277	1088
7211.811523	1065
7216.238770	1077
7220.665527	1057
7225.092773	1064
7229.520020	1072
7233.947266	1037
7238.374512	1021
7242.801270	1015
7247.228516	1055
7251.655762	1072
7256.083008	1098
7260.510254	1026
7264.937012	1008
7269.364258	1004
7273.791504	957
7278.218750	973
7282.645508	1049
7287.072754	1035
7291.500000	979
7295.927246	957
7300.354492	994
7304.781250	971
7309.208496	948
7313.635742	976
7318.062988	935
7322.489746	902
7326.916992	895
7331.344238	913
7335.771484	902
7340.198730	879
7344.625488	875
7349.052734	895
7353.479980	901
7357.907227	885
7362.334473	844
7366.761230	895
7371.188477	916
7375.615723	903
7380.042969	852
7384.469727	892
7388.896973	945
7393.324219	919
7397.751465	886
7402.178711	903
7406.605469	898
7411.032715	879
7415.459961	862
7419.887207	880
7424.313965	839
7428.741211	895
7433.168457	912
7437.595703	902
7442.022949	933
7446.449707	921
7450.876953	926
7455.304199	929
7459.731445	969
7464.158691	968
7468.585449	982
7473.012695	981
7477.439941	946
7481.867188	977
7486.293945	983
7490.721191	973
7495.148438	946
7499.575684	975
7504.002930	948
7508.429688	889
7512.856934	915
7517.284180	932
7521.711426	980
7526.138672	990
7530.565430	921
7534.992676	930
7539.419922	962
7543.847168	977
7548.273926	944
7552.701172	935
7557.128418	957
7561.555664	922
7565.982910	953
7570.409668	977
7574.836914	965
7579.264160	981
7583.691406	938
7588.118164	916
7592.545410	901
7596.972656	895
7601.399902	894
7605.827148	908
7610.253906	889
7614.681152	899
7619.108398	904
7623.535645	905
7627.962891	882
7632.389648	879
7636.816895	888
7641.244141	856
7645.671387	878
7650.098145	895
7654.525391	836
7658.952637	871
7663.379883	888
7667.807129	881
7672.233887	867
7676.661133	860
7681.088379	882
7685.515625	870
7689.942383	841
7694.369629	864
7698.796875	851
7703.224121	830
7707.651367	857
7712.078125	895
7716.505371	915
7720.932617	888
7725.359863	853
7729.787109	898
7734.213867	902
7738.641113	877
7743.068359	866
7747.495605	810
7751.922363	799
7756.349609	813
7760.776855	838
7765.204102	859
7769.631348	814
7774.058105	803
7778.485352	851
7782.912598	871
7787.339844	873
7791.767090	867
7796.193848	816
7800.621094	804
7805.048340	828
7809.475586	824
7813.902344	838
7818.329590	828
7822.756836	847
7827.184082	824
7831.611328	805
7836.038086	800
7840.465332	797
7844.892578	818
7849.319824	821
7853.746582	810
7858.173828	816
7862.601074	843
7867.028320	898
7871.455566	933
7875.882324	903
7880.309570	854
7884.736816	807
7889.164063	810
7893.591309	843
7898.018066	850
7902.445313	859
7906.872559	866
7911.299805	852
7915.726563	846
7920.153809	849
7924.581055	895
7929.008301	924
7933.435547	912
7937.862305	889
7942.289551	875
7946.716797	885
7951.144043	877
7955.570801	904
7959.998047	908
7964.425293	895
7968.852539	884
7973.279785	868
7977.706543	865
7982.133789	897
7986.561035	920
7990.988281	943
7995.415527	903
7999.842285	890
8004.269531	894
8008.696777	914
8013.124023	900
8017.550781	866
8021.978027	910
8026.405273	950
8030.832520	878
8035.259766	847
8039.686523	890
8044.113770	939
8048.541016	880
8052.968262	826
8057.395508	869
8061.822266	947
8066.249512	936
8070.676758	881
8075.104004	908
8079.530762	917
8083.958008	898
8088.385254	893
8092.812500	893
8097.239746	891
8101.666504	930
8106.093750	933
8110.520996	881
8114.948242	886
8119.375000	900
8123.802246	882
8128.229492	870
8132.656738	871
8137.083984	874
8141.510742	875
8145.937988	826
8150.365234	815
8154.792480	860
8159.219727	865
8163.646484	855
8168.073730	830
8172.500977	836
8176.928223	847
8181.354980	825
8185.782227	823
8190.209473	840
8194.636719	879
8199.063477	911
8203.491211	901
8207.917969	863
8212.344727	834
8216.772461	852
8221.199219	832
8225.626953	835
8230.053711	830
8234.480469	836
8238.908203	770
8243.334961	750
8247.762695	775
8252.189453	842
8256.616211	857
8261.043945	858
8265.470703	822
8269.898438	793
8274.325195	811
8278.751953	821
8283.179688	796
8287.606445	845
8292.034180	860
8296.460938	835
8300.887695	792
8305.315430	789
8309.742188	804
8314.168945	826
8318.596680	861
8323.023438	813
8327.451172	811
8331.877930	814
8336.304688	816
8340.732422	853
8345.159180	822
8349.586914	833
8354.013672	877
8358.440430	872
8362.868164	814
8367.294922	779
8371.722656	784
8376.149414	803
8380.576172	808
8385.003906	790
8389.430664	810
8393.858398	786
8398.285156	782
8402.711914	802
8407.139648	838
8411.566406	843
8415.993164	812
8420.420898	802
8424.847656	790
8429.275391	818
8433.702148	819
8438.128906	823
8442.556641	792
8446.983398	799
8451.411133	852
8455.837891	822
8460.264648	800
8464.692383	789
8469.119141	756
8473.546875	827
8477.973633	843
8482.400391	796
8486.828125	814
8491.254883	830
8495.682617	805
8500.109375	834
8504.536133	820
8508.963867	788
8513.390625	831
8517.817383	868
8522.245117	867
8526.671875	853
8531.099609	833
8535.526367	834
8539.953125	859
8544.380859	867
8548.807617	833
8553.235352	808
8557.662109	812
8562.088867	825
8566.516602	859
8570.943359	839
8575.371094	824
8579.797852	793
8584.224609	829
8588.652344	863
8593.079102	857
8597.506836	822
8601.933594	812
8606.360352	884
8610.788086	901
8615.214844	869
8619.641602	868
8624.069336	854
8628.496094	859
8632.923828	858
8637.350586	823
8641.777344	823
8646.205078	860
8650.631836	873
8655.059570	863
8659.486328	823
8663.913086	839
8668.340820	842
8672.767578	826
8677.195313	818
8681.622070	814
8686.048828	831
8690.476563	796
8694.903320	795
8699.331055	836
8703.757813	856
8708.184570	818
8712.612305	825
8717.039063	856
8721.465820	867
8725.893555	883
8730.320313	867
8734.748047	845
8739.174805	850
8743.601563	809
8748.029297	783
8752.456055	763
8756.883789	784
8761.310547	845
8765.737305	833
8770.165039	784
8774.591797	810
8779.019531	872
8783.446289	836
8787.873047	833
8792.300781	842
8796.727539	879
8801.155273	894
8805.582031	866
8810.008789	844
8814.436523	821
8818.863281	844
8823.291016	859
8827.717773	818
8832.144531	804
8836.572266	795
8840.999023	801
8845.425781	818
8849.853516	830
8854.280273	829
8858.708008	800
8863.134766	810
8867.561523	825
8871.989258	828
8876.416016	798
8880.843750	817
8885.270508	900
8889.697266	870
8894.125000	826
8898.551758	814
8902.979492	806
8907.406250	822
8911.833008	801
8916.260742	821
8920.687500	832
8925.115234	811
8929.541992	811
8933.968750	778
8938.396484	775
8942.823242	820
8947.250000	845
8951.677734	828
8956.104492	828
8960.532227	816
8964.958984	795
8969.385742	762
8973.813477	787
8978.240234	845
8982.667969	839
8987.094727	808
8991.521484	800
8995.949219	785
9000.375977	783
9004.803711	786
9009.230469	755
9013.657227	738
9018.084961	751
9022.511719	761
9026.939453	768
9031.366211	784
9035.792969	806
9040.220703	818
9044.647461	846
9049.074219	854
9053.501953	810
9057.928711	825
9062.356445	834
9066.783203	809
9071.209961	789
9075.637695	782
9080.064453	776
9084.492188	797
9088.918945	806
9093.345703	811
9097.773438	800
9102.200195	818
9106.627930	812
9111.054688	830
9115.481445	838
9119.909180	823
9124.335938	798
9128.763672	811
9133.190430	867
9137.617188	854
9142.044922	812
9146.471680	800
9150.898438	823
9155.326172	826
9159.752930	809
9164.180664	817
9168.607422	845
9173.034180	844
9177.461914	840
9181.888672	822
9186.316406	820
9190.743164	790
9195.169922	778
9199.597656	804
9204.024414	826
9208.452148	787
9212.878906	762
9217.305664	785
9221.733398	806
9226.160156	804
9230.587891	819
9235.014648	801
9239.441406	792
9243.869141	820
9248.295898	817
9252.722656	817
9257.150391	834
9261.577148	831
9266.004883	791
9270.431641	823
9274.858398	849
9279.286133	834
9283.712891	843
9288.140625	809
9292.567383	810
9296.994141	778
9301.421875	791
9305.848633	825
9310.276367	823
9314.703125	785
9319.129883	792
9323.557617	797
9327.984375	805
9332.412109	799
9336.838867	797
9341.265625	816
9345.693359	792
9350.120117	808
9354.546875	818
9358.974609	820
9363.401367	821
9367.829102	810
9372.255859	779
9376.682617	831
9381.110352	818
9385.537109	806
9389.964844	828
9394.391602	835
9398.818359	835
9403.246094	839
9407.672852	813
9412.100586	775
9416.527344	771
9420.954102	773
9425.381836	824
9429.808594	879
9434.236328	832
9438.663086	791
9443.089844	773
9447.517578	800
9451.944336	815
9456.372070	803
9460.798828	827
9465.225586	823
9469.653320	803
9474.080078	801
9478.506836	799
9482.934570	805
9487.361328	848
9491.789063	843
9496.215820	834
9500.642578	821
9505.070313	799
9509.497070	791
9513.924805	821
9518.351563	838
9522.778320	830
9527.206055	803
9531.632813	794
9536.060547	813
9540.487305	782
9544.914063	786
9549.341797	839
9553.768555	871
9558.196289	889
9562.623047	855
9567.049805	761
9571.477539	761
9575.904297	795
9580.331055	813
9584.758789	838
9589.185547	847
9593.613281	833
9598.040039	836
9602.466797	817
9606.894531	826
9611.321289	809
9615.749023	828
9620.175781	838
9624.602539	825
9629.030273	841
9633.457031	852
9637.884766	858
9642.311523	867
9646.738281	801
9651.166016	752
9655.592773	790
9660.020508	828
9664.447266	846
9668.874023	830
9673.301758	778
9677.728516	786
9682.155273	798
9686.583008	829
9691.009766	789
9695.437500	794
9699.864258	836
9704.291016	825
9708.718750	840
9713.145508	835
9717.573242	799
9722.000000	769
9726.426758	748
9730.854492	787
9735.281250	804
9739.708984	792
9744.135742	808
9748.562500	827
9752.990234	851
9757.416992	855
9761.844727	831
9766.271484	810
9770.698242	760
9775.125977	774
9779.552734	818
9783.979492	860
9788.407227	864
9792.833984	825
9797.261719	787
9801.688477	786
9806.115234	808
9810.542969	825
9814.969727	811
9819.397461	792
9823.824219	816
9828.250977	847
9832.678711	840
9837.105469	852
9841.533203	840
9845.959961	818
9850.386719	836
9854.814453	842
9859.241211	825
9863.668945	848
9868.095703	852
9872.522461	840
9876.950195	844
9881.376953	823
9885.803711	849
9890.231445	875
9894.658203	839
9899.085938	795
9903.512695	816
9907.939453	835
9912.367188	805
9916.793945	796
9921.221680	782
9925.648438	863
9930.075195	862
9934.502930	834
9938.929688	838
9943.357422	854
9947.784180	844
9952.210938	846
9956.638672	821
9961.065430	829
9965.493164	829
9969.919922	846
9974.346680	807
9978.774414	798
9983.201172	819
9987.627930	843
9992.055664	865
9996.482422	873
10000.910156	868
10005.336914	834
10009.763672	844
10014.191406	838
10018.618164	801
10023.045898	840
10027.472656	838
10031.899414	830
10036.327148	826
10040.753906	801
10045.181641	779
10049.608398	792
10054.035156	856
10058.462891	862
10062.889648	844
10067.317383	843
10071.744141	866
10076.170898	834
10080.598633	849
10085.025391	876
10089.453125	850
10093.879883	833
10098.306641	845
10102.734375	833
10107.161133	814
10111.587891	789
10116.015625	771
10120.442383	764
10124.870117	791
10129.296875	816
10133.723633	827
10138.151367	827
10142.578125	813
10147.005859	848
10151.432617	808
10155.859375	783
10160.287109	829
10164.713867	876
10169.141602	853
10173.568359	835
10177.995117	796
10182.422852	837
10186.849609	877
10191.277344	841
10195.704102	848
10200.130859	858
10204.558594	859
10208.985352	859
10213.412109	810
10217.839844	794
10222.266602	820
10226.694336	832
10231.121094	839
10235.547852	824
10239.975586	822
10244.402344	823
10248.830078	808
10253.256836	818
10257.683594	817
10262.111328	835
10266.538086	855
10270.965820	859
10275.392578	841
10279.819336	849
10284.247070	861
10288.673828	829
10293.101563	829
10297.528320	840
10301.955078	832
10306.382813	822
10310.809570	840
10315.236328	853
10319.664063	839
10324.090820	838
10328.518555	861
10332.945313	833
10337.372070	820
10341.799805	833
10346.226563	819
10350.654297	823
10355.081055	823
10359.507813	811
10363.935547	874
10368.362305	861
10372.790039	827
10377.216797	852
10381.643555	823
10386.071289	826
10390.498047	859
10394.925781	864
10399.352539	855
10403.779297	838
10408.207031	825
10412.633789	846
10417.060547	872
10421.488281	867
10425.915039	839
10430.342773	823
10434.769531	818
10439.196289	772
10443.624023	803
10448.050781	857
10452.478516	892
10456.905273	882
10461.332031	860
10465.759766	840
10470.186523	841
10474.614258	789
10479.041016	789
10483.467773	808
10487.895508	812
10492.322266	788
10496.750000	781
10501.176758	793
10505.603516	819
10510.031250	848
10514.458008	830
10518.884766	847
10523.312500	859
10527.739258	819
10532.166992	793
10536.593750	846
10541.020508	825
10545.448242	803
10549.875000	771
10554.302734	741
10558.729492	784
10563.156250	846
10567.583984	845
10572.010742	834
10576.438477	840
10580.865234	874
10585.291992	818
10589.719727	787
10594.146484	775
10598.574219	808
10603.000977	831
10607.427734	827
10611.855469	832
10616.282227	823
10620.708984	835
10625.136719	862
10629.563477	875
10633.991211	831
10638.417969	793
10642.844727	789
10647.272461	823
10651.699219	851
10656.126953	856
10660.553711	835
10664.980469	823
10669.408203	826
10673.834961	862
10678.262695	836
10682.689453	814
10687.116211	801
10691.543945	798
10695.970703	789
10700.398438	849
10704.825195	795
10709.251953	711
10713.679688	753
10718.106445	815
10722.534180	821
10726.960938	781
10731.387695	801
10735.815430	799
10740.242188	821
10744.668945	831
10749.096680	796
10753.523438	778
10757.951172	765
10762.377930	793
10766.804688	800
10771.232422	766
10775.659180	757
10780.086914	809
10784.513672	810
10788.940430	768
10793.368164	809
10797.794922	839
10802.222656	830
10806.649414	833
10811.076172	811
10815.503906	782
10819.930664	793
10824.358398	811
10828.785156	819
10833.211914	852
10837.639648	855
10842.066406	873
10846.493164	847
10850.920898	821
10855.347656	811
10859.775391	809
10864.202148	799
10868.628906	812
10873.056641	828
10877.483398	807
10881.911133	785
10886.337891	800
10890.764648	801
10895.192383	817
10899.619141	808
10904.046875	790
10908.473633	821
10912.900391	864
10917.328125	861
10921.754883	834
10926.182617	795
10930.609375	751
10935.036133	769
10939.463867	813
10943.890625	844
10948.317383	845
10952.745117	830
10957.171875	808
10961.599609	813
10966.026367	826
10970.453125	831
10974.880859	824
10979.307617	823
10983.735352	830
10988.162109	826
10992.588867	867
10997.016602	869
11001.443359	823
11005.871094	795
11010.297852	808
11014.724609	846
11019.152344	853
11023.579102	869
11028.006836	832
11032.433594	796
11036.860352	815
11041.288086	867
11045.714844	852
11050.141602	825
11054.569336	855
11058.996094	839
11063.423828	808
11067.850586	820
11072.277344	866
11076.705078	861
11081.131836	832
11085.559570	796
11089.986328	832
11094.413086	853
11098.840820	776
11103.267578	754
11107.695313	770
11112.122070	809
11116.548828	834
11120.976563	812
11125.403320	818
11129.831055	832
11134.257813	844
11138.684570	833
11143.112305	817
11147.539063	773
11151.965820	774
11156.393555	820
11160.820313	844
11165.248047	806
11169.674805	789
11174.101563	775
11178.529297	800
11182.956055	839
11187.383789	849
11191.810547	810
11196.237305	780
11200.665039	779
11205.091797	827
11209.519531	846
11213.946289	822
11218.373047	801
11222.800781	829
11227.227539	798
11231.655273	786
11236.082031	800
11240.508789	787
11244.936523	816
11249.363281	808
11253.791016	826
11258.217773	824
11262.644531	792
11267.072266	799
11271.499023	848
11275.925781	869
11280.353516	873
11284.780273	844
11289.208008	798
11293.634766	809
11298.061523	816
11302.489258	851
11306.916016	844
11311.343750	806
11315.770508	816
11320.197266	831
11324.625000	823
11329.051758	792
11333.479492	798
11337.906250	824
11342.333008	823
11346.760742	812
11351.187500	821
11355.615234	809
11360.041992	828
11364.468750	820
11368.896484	822
11373.323242	801
11377.750000	812
11382.177734	823
11386.604492	823
11391.032227	812
11395.458984	793
11399.885742	810
11404.313477	774
11408.740234	769
11413.167969	761
11417.594727	774
11422.021484	782
11426.449219	754
11430.875977	755
11435.303711	775
11439.730469	771
11444.157227	783
11448.584961	827
11453.011719	800
11457.439453	795
11461.866211	797
11466.292969	820
11470.720703	816
11475.147461	781
11479.574219	776
11484.001953	797
11488.428711	798
11492.856445	791
11497.283203	793
11501.709961	781
11506.137695	788
11510.564453	822
11514.992188	781
11519.418945	775
11523.845703	806
11528.273438	804
11532.700195	839
11537.127930	845
11541.554688	866
11545.981445	862
11550.409180	797
11554.835938	780
11559.263672	802
11563.690430	795
11568.117188	800
11572.544922	837
11576.971680	823
11581.398438	781
11585.826172	774
11590.252930	771
11594.680664	783
11599.107422	802
11603.534180	814
11607.961914	813
11612.388672	807
11616.816406	811
11621.243164	822
11625.669922	837
11630.097656	823
11634.524414	777
11638.952148	777
11643.378906	816
11647.805664	831
11652.233398	825
11656.660156	805
11661.087891	811
11665.514648	821
11669.941406	798
11674.369141	769
11678.795898	781
11683.222656	799
11687.650391	799
11692.077148	839
11696.504883	849
11700.931641	825
11705.358398	855
11709.786133	823
11714.212891	791
11718.640625	756
11723.067383	765
11727.494141	804
11731.921875	824
11736.348633	815
11740.776367	788
11745.203125	749
11749.629883	775
11754.057617	851
11758.484375	789
11762.912109	742
11767.338867	755
11771.765625	777
11776.193359	763
11780.620117	729
11785.046875	771
11789.474609	783
11793.901367	759
11798.329102	769
11802.755859	770
11807.182617	742
11811.610352	723
11816.037109	756
11820.464844	747
11824.891602	728
11829.318359	753
11833.746094	763
11838.172852	722
11842.600586	730
11847.027344	692
11851.454102	666
11855.881836	674
11860.308594	695
11864.736328	734
11869.163086	730
11873.589844	689
11878.017578	665
11882.444336	690
11886.872070	718
11891.298828	684
11895.725586	682
11900.153320	704
11904.580078	685
11909.006836	673
11913.434570	692
11917.861328	714
11922.289063	711
11926.715820	695
11931.142578	648
11935.570313	661
11939.997070	678
11944.424805	655
11948.851563	624
11953.278320	631
11957.706055	678
11962.132813	700
11966.560547	638
11970.987305	620
11975.414063	628
11979.841797	625
11984.268555	615
11988.696289	628
11993.123047	631
11997.549805	636
12001.977539	627
12006.404297	615
12010.831055	622
12015.258789	628
12019.685547	616
12024.113281	609
12028.540039	641
12032.966797	657
12037.394531	653
12041.821289	627
12046.249023	624
12050.675781	588
12055.102539	585
12059.530273	586
12063.957031	636
12068.384766	643
12072.811523	600
12077.238281	586
12081.666016	593
12086.092773	570
12090.520508	528
12094.947266	546
12099.374023	599
12103.801758	564
12108.228516	527
12112.655273	562
12117.083008	562
12121.509766	595
12125.937500	592
12130.364258	535
12134.791016	539
12139.218750	584
12143.645508	548
12148.073242	539
12152.500000	545
12156.926758	527
12161.354492	536
12165.781250	530
12170.208984	526
12174.635742	521
12179.062500	508
12183.490234	503
12187.916992	496
12192.344727	523
12196.771484	533
12201.198242	535
12205.625977	515
12210.052734	499
12214.479492	530
12218.907227	534
12223.333984	526
12227.761719	493
12232.188477	471
12236.615234	480
12241.042969	479
12245.469727	474
12249.897461	478
12254.324219	484
12258.750977	492
12263.178711	467
12267.605469	455
12272.033203	445
12276.459961	466
12280.886719	486
12285.314453	493
12289.741211	505
12294.168945	480
12298.595703	440
12303.022461	431
12307.450195	446
12311.876953	445
12316.303711	426
12320.731445	398
12325.158203	407
12329.585938	398
12334.012695	423
12338.439453	413
12342.867188	412
12347.293945	417
12351.721680	405
12356.148438	429
12360.575195	411
12365.002930	417
12369.429688	414
12373.857422	400
12378.284180	389
12382.710938	398
12387.138672	389
12391.565430	364
12395.993164	377
12400.419922	411
12404.846680	396
12409.274414	391
12413.701172	370
12418.127930	370
12422.555664	382
12426.982422	393
12431.410156	374
12435.836914	367
12440.263672	355
12444.691406	356
12449.118164	357
12453.545898	341
12457.972656	321
12462.399414	329
12466.827148	347
12471.253906	364
12475.681641	349
12480.108398	359
12484.535156	360
12488.962891	350
12493.389648	323
12497.817383	315
12502.244141	329
12506.670898	313
12511.098633	309
12515.525391	308
12519.953125	298
12524.379883	306
12528.806641	273
12533.234375	266
12537.661133	296
12542.087891	273
12546.515625	244
12550.942383	263
12555.370117	260
12559.796875	247
12564.223633	262
12568.651367	270
12573.078125	268
12577.505859	252
12581.932617	242
12586.359375	230
12590.787109	227
12595.213867	235
12599.641602	220
12604.068359	239
12608.495117	245
12612.922852	237
12617.349609	244
12621.777344	235
12626.204102	232
12630.630859	230
12635.058594	213
12639.485352	213
12643.912109	200
12648.339844	181
12652.766602	176
12657.194336	185
12661.621094	181
12666.047852	180
12670.475586	174
12674.902344	180
12679.330078	165
12683.756836	165
12688.183594	165
12692.611328	186
12697.038086	187
12701.465820	184
12705.892578	181
12710.319336	171
12714.747070	172
12719.173828	179
12723.601563	160
12728.028320	165
12732.455078	153
12736.882813	151
12741.309570	149
12745.736328	149
12750.164063	140
12754.590820	127
12759.018555	127
12763.445313	132
12767.872070	142
12772.299805	146
12776.726563	140
12781.154297	128
12785.581055	121
12790.007813	107
12794.435547	108
12798.862305	104
12803.290039	108
12807.716797	100
12812.143555	106
12816.571289	109
12820.998047	107
12825.425781	108
12829.852539	105
12834.279297	92
12838.707031	84
12843.133789	92
12847.560547	100
12851.988281	84
12856.415039	68
12860.842773	67
12865.269531	71
12869.696289	76
12874.124023	76
12878.550781	81
12882.978516	89
12887.405273	71
12891.832031	57
12896.259766	53
12900.686523	47
12905.114258	38
12909.541016	40
12913.967773	41
12918.395508	32
12922.822266	36
12927.250000	42
12931.676758	35
12936.103516	27
12940.531250	26
12944.958008	25
12949.384766	21
12953.812500	17
12958.239258	15
12962.666992	13
12967.093750	16
12971.520508	22
12975.948242	19
12980.375000	6
12984.802734	3
12989.229492	1
12993.656250	0
12998.083984	0
13002.510742	0
13006.938477	0
13011.365234	0
13015.791992	0
13020.219727	0
13024.646484	0
13029.074219	0
13033.500977	0
13037.927734	0
13042.355469	0
13046.782227	0
13051.208984	0
13055.636719	0
13060.063477	0
13064.491211	0
13068.917969	0
13073.344727	0
13077.772461	0
13082.199219	0
13086.626953	0
13091.053711	0
13095.480469	0
13099.908203	0
13104.334961	0
13108.762695	0
13113.189453	0
13117.616211	0
13122.043945	0
13126.470703	0
13130.898438	0
13135.325195	0
13139.751953	0
13144.179688	0
13148.606445	0
13153.034180	0
13157.460938	0
13161.887695	0
13166.315430	0
13170.742188	0
13175.168945	0
13179.596680	0
13184.023438	0
13188.451172	0
13192.877930	0
13197.304688	0
13201.732422	0
13206.159180	0
13210.586914	0
13215.013672	0
13219.440430	0
13223.868164	0
13228.294922	0
13232.722656	0
13237.149414	0
13241.576172	0
13246.003906	0
13250.430664	0
13254.858398	0
13259.285156	0
13263.711914	0
13268.139648	0
13272.566406	0
13276.993164	0
13281.420898	0
13285.847656	0
13290.275391	0
13294.702148	0
13299.128906	0
13303.556641	0
13307.983398	0
13312.411133	0
13316.837891	0
13321.264648	0
13325.692383	0
13330.119141	0
13334.546875	0
13338.973633	0
13343.400391	0
13347.828125	0
13352.254883	0
13356.682617	0
13361.109375	0
13365.536133	0
13369.963867	0
13374.390625	0
13378.817383	0
13383.245117	0
13387.671875	0
13392.099609	0
13396.526367	0
13400.953125	0
13405.380859	0
13409.807617	0
13414.235352	0
13418.662109	0
13423.088867	0
13427.516602	0
13431.943359	0
13436.371094	0
13440.797852	0
13445.224609	0
13449.652344	0
13454.079102	0
13458.506836	0
13462.933594	0
13467.360352	0
13471.788086	0
13476.214844	0
13480.641602	0
13485.069336	0
13489.496094	0
13493.923828	0
13498.350586	0
13502.777344	0
13507.205078	0
13511.631836	0
13516.059570	0
13520.486328	0
13524.913086	0
13529.340820	0
13533.767578	0
13538.195313	0
13542.622070	0
13547.048828	0
13551.476563	0
13555.903320	0
13560.331055	0
13564.757813	0
13569.184570	0
13573.612305	0
13578.039063	0
13582.465820	0
13586.893555	0
13591.320313	0
13595.748047	0
13600.174805	0
13604.601563	0
13609.029297	0
13613.456055	0
13617.883789	0
13622.310547	0
13626.737305	0
13631.165039	0
13635.591797	0
13640.019531	0
13644.446289	0
13648.873047	0
13653.300781	0
13657.727539	0
13662.155273	0
13666.582031	0
13671.008789	0
13675.436523	0
13679.863281	0
13684.291016	0
13688.717773	0
13693.144531	0
13697.572266	0
13701.999023	0
13706.425781	0
13710.853516	0
13715.280273	0
13719.708008	0
13724.134766	0
13728.561523	0
13732.989258	0
13737.416016	0
13741.843750	0
13746.270508	0
13750.697266	0
13755.125000	0
13759.551758	0
13763.979492	0
13768.406250	0
13772.833008	0
13777.260742	0
13781.687500	0
13786.115234	0
13790.541992	0
13794.968750	0
13799.396484	0
13803.823242	0
13808.250000	0
13812.677734	0
13817.104492	0
13821.532227	0
13825.958984	0
13830.385742	0
13834.813477	0
13839.240234	0
13843.667969	0
13848.094727	0
13852.521484	0
13856.949219	0
13861.375977	0
