-3430.514893	0
-3426.099854	0
-3421.684814	0
-3417.269775	0
-3412.854736	0
-3408.439697	0
-3404.024414	0
-3399.609375	0
-3395.194336	0
-3390.779297	0
-3386.364258	0
-3381.949219	0
-3377.534180	0
-3373.118896	0
-3368.703857	0
-3364.288818	0
-3359.873779	0
-3355.458740	0
-3351.043701	0
-3346.628418	0
-3342.213379	0
-3337.798340	0
-3333.383301	0
-3328.968262	0
-3324.553223	0
-3320.137939	0
-3315.722900	0
-3311.307861	0
-3306.892822	0
-3302.477783	0
-3298.062744	0
-3293.647705	0
-3289.232422	0
-3284.817383	0
-3280.402344	0
-3275.987305	0
-3271.572266	0
-3267.157227	0
-3262.741943	0
-3258.326904	0
-3253.911865	0
-3249.496826	0
-3245.081787	0
-3240.666748	0
-3236.251709	0
-3231.836426	0
-3227.421387	0
-3223.006348	0
-3218.591309	0
-3214.176270	0
-3209.761230	0
-3205.345947	0
-3200.930908	0
-3196.515869	0
-3192.100830	0
-3187.685791	0
-3183.270752	0
-3178.855469	0
-3174.440430	0
-3170.025391	0
-3165.610352	0
-3161.195313	0
-3156.780273	0
-3152.365234	0
-3147.949951	0
-3143.534912	0
-3139.119873	0
-3134.704834	0
-3130.289795	0
-3125.874756	0
-3121.459473	0
-3117.044434	0
-3112.629395	0
-3108.214355	0
-3103.799316	0
-3099.384277	0
-3094.969238	0
-3090.553955	0
-3086.138916	0
-3081.723877	0
-3077.308838	0
-3072.893799	0
-3068.478760	0
-3064.063477	0
-3059.648438	0
-3055.233398	0
-3050.818359	0
-3046.403320	0
-3041.988281	0
-3037.572998	0
-3033.157959	0
-3028.742920	0
-3024.327881	0
-3019.912842	0
-3015.497803	0
-3011.082764	0
-3006.667480	0
-3002.252441	0
-2997.837402	0
-2993.422363	0
-2989.007324	0
-2984.592285	0
-2980.177002	0
-2975.761963	0
-2971.346924	0
-2966.931885	0
-2962.516846	0
-2958.101807	0
-2953.686768	0
-2949.271484	0
-2944.856445	0
-2940.441406	0
-2936.026367	0
-2931.611328	0
-2927.196289	0
-2922.781006	0
-2918.365967	0
-2913.950928	0
-2909.535889	0
-2905.120850	0
-2900.705811	0
-2896.290527	0
-2891.875488	0
-2887.460449	0
-2883.045410	0
-2878.630371	0
-2874.215332	0
-2869.800293	0
-2865.385010	0
-2860.969971	0
-2856.554932	0
-2852.139893	0
-2847.724854	0
-2843.309814	0
-2838.894531	0
-2834.479492	0
-2830.064453	0
-2825.649414	0
-2821.234375	0
-2816.819336	0
-2812.404297	0
-2807.989014	0
-2803.573975	0
-2799.158936	0
-2794.743896	0
-2790.328857	0
-2785.913818	0
-2781.498535	0
-2777.083496	0
-2772.668457	0
-2768.253418	0
-2763.838379	0
-2759.423340	0
-2755.008057	0
-2750.593018	0
-2746.177979	0
-2741.762939	0
-2737.347900	0
-2732.932861	0
-2728.517822	0
-2724.102539	0
-2719.687500	0
-2715.272461	0
-2710.857422	0
-2706.442383	0
-2702.027344	0
-2697.612061	0
-2693.197021	0
-2688.781982	0
-2684.366943	0
-2679.951904	0
-2675.536865	0
-2671.121826	0
-2666.706543	0
-2662.291504	0
-2657.876465	0
-2653.461426	0
-2649.046387	0
-2644.631348	0
-2640.216064	0
-2635.801025	0
-2631.385986	0
-2626.970947	0
-2622.555908	0
-2618.140869	0
-2613.725586	0
-2609.310547	0
-2604.895508	0
-2600.480469	0
-2596.065430	0
-2591.650391	0
-2587.235352	0
-2582.820068	0
-2578.405029	0
-2573.989990	0
-2569.574951	0
-2565.159912	0
-2560.744873	0
-2556.329590	0
-2551.914551	0
-2547.499512	0
-2543.084473	0
-2538.669434	0
-2534.254395	0
-2529.839355	0
-2525.424072	0
-2521.009033	0
-2516.593994	0
-2512.178955	0
-2507.763916	0
-2503.348877	0
-2498.933594	0
-2494.518555	0
-2490.103516	0
-2485.688477	0
-2481.273438	0
-2476.858398	0
-2472.443115	0
-2468.028076	0
-2463.613037	0
-2459.197998	0
-2454.782959	0
-2450.367920	0
-2445.952881	0
-2441.537598	0
-2437.122559	0
-2432.707520	0
-2428.292480	0
-2423.877441	0
-2419.462402	0
-2415.047119	0
-2410.632080	0
-2406.217041	0
-2401.802002	0
-2397.386963	0
-2392.971924	0
-2388.556885	0
-2384.141602	0
-2379.726563	0
-2375.311523	0
-2370.896484	0
-2366.481445	0
-2362.066406	0
-2357.651123	0
-2353.236084	0
-2348.821045	0
-2344.406006	0
-2339.990967	0
-2335.575928	0
-2331.160645	0
-2326.745605	0
-2322.330566	0
-2317.915527	0
-2313.500488	0
-2309.085449	0
-2304.670410	0
-2300.255127	0
-2295.840088	0
-2291.425049	0
-2287.010010	0
-2282.594971	0
-2278.179932	0
-2273.764648	0
-2269.349609	0
-2264.934570	0
-2260.519531	0
-2256.104492	0
-2251.689453	0
-2247.274414	0
-2242.859131	0
-2238.444092	0
-2234.029053	0
-2229.614014	0
-2225.198975	0
-2220.783936	0
-2216.368652	0
-2211.953613	0
-2207.538574	0
-2203.123535	0
-2198.708496	0
-2194.293457	0
-2189.878174	0
-2185.463135	0
-2181.048096	0
-2176.633057	0
-2172.218018	0
-2167.802979	0
-2163.387939	0
-2158.972656	0
-2154.557617	0
-2150.142578	0
-2145.727539	0
-2141.312500	0
-2136.897461	0
-2132.482178	0
-2128.067139	0
-2123.652100	0
-2119.237061	0
-2114.822021	0
-2110.406982	0
-2105.991943	0
-2101.576660	0
-2097.161621	0
-2092.746582	0
-2088.331543	0
-2083.916504	0
-2079.501465	0
-2075.086182	0
-2070.671143	0
-2066.256104	0
-2061.841064	0
-2057.426025	0
-2053.010986	0
-2048.595703	0
-2044.180786	0
-2039.765625	0
-2035.350586	0
-2030.935547	0
-2026.520386	0
-2022.105347	0
-2017.690308	0
-2013.275146	0
-2008.860107	0
-2004.445068	0
-2000.030029	0
-1995.614868	0
-1991.199829	0
-1986.784790	0
-1982.369629	0
-1977.954590	0
-1973.539551	0
-1969.124390	0
-1964.709351	0
-1960.294312	0
-1955.879150	0
-1951.464111	0
-1947.049072	0
-1942.633911	0
-1938.218872	0
-1933.803833	0
-1929.388794	0
-1924.973633	0
-1920.558594	0
-1916.143555	0
-1911.728394	0
-1907.313354	0
-1902.898315	0
-1898.483154	0
-1894.068115	0
-1889.653076	0
-1885.237915	0
-1880.822876	0
-1876.407837	0
-1871.992676	0
-1867.577637	0
-1863.162598	0
-1858.747559	0
-1854.332397	0
-1849.917358	0
-1845.502319	0
-1841.087158	0
-1836.672119	0
-1832.257080	0
-1827.841919	0
-1823.426880	0
-1819.011841	0
-1814.596680	0
-1810.181641	0
-1805.766602	0
-1801.351440	0
-1796.936401	0
-1792.521362	0
-1788.106323	0
-1783.691162	0
-1779.276123	0
-1774.861084	0
-1770.445923	0
-1766.030884	0
-1761.615845	0
-1757.200684	0
-1752.785645	0
-1748.370605	0
-1743.955444	0
-1739.540405	1
-1735.125366	2
-1730.710205	5
-1726.295166	6
-1721.880127	6
-1717.465088	8
-1713.049927	10
-1708.634888	11
-1704.219849	14
-1699.804688	13
-1695.389648	15
-1690.974609	19
-1686.559448	19
-1682.144409	20
-1677.729370	16
-1673.314209	18
-1668.899170	22
-1664.484131	25
-1660.068970	27
-1655.653931	31
-1651.238892	30
-1646.823853	30
-1642.408691	29
-1637.993652	29
-1633.578613	28
-1629.163452	36
-1624.748413	40
-1620.333374	41
-1615.918213	39
-1611.503174	40
-1607.088135	47
-1602.672974	43
-1598.257935	43
-1593.842896	45
-1589.427734	47
-1585.012695	56
-1580.597656	48
-1576.182617	53
-1571.767456	53
-1567.352417	57
-1562.937378	55
-1558.522217	57
-1554.107178	59
-1549.692139	58
-1545.276978	62
-1540.861938	69
-1536.446899	73
-1532.031738	79
-1527.616699	74
-1523.201660	74
-1518.786499	66
-1514.371460	66
-1509.956421	73
-1505.541382	76
-1501.126221	82
-1496.711182	86
-1492.296143	79
-1487.880981	77
-1483.465942	79
-1479.050903	89
-1474.635742	90
-1470.220703	85
-1465.805664	85
-1461.390503	92
-1456.975464	97
-1452.560425	84
-1448.145264	85
-1443.730225	89
-1439.315186	87
-1434.900146	90
-1430.484985	113
-1426.069946	115
-1421.654907	104
-1417.239746	95
-1412.824707	95
-1408.409668	95
-1403.994507	101
-1399.579468	105
-1395.164429	107
-1390.749268	111
-1386.334229	120
-1381.919189	120
-1377.504028	130
-1373.088989	121
-1368.673950	111
-1364.258911	120
-1359.843750	126
-1355.428711	126
-1351.013672	121
-1346.598511	127
-1342.183472	127
-1337.768433	126
-1333.353271	129
-1328.938232	129
-1324.523193	132
-1320.108032	139
-1315.692993	145
-1311.277954	137
-1306.862793	137
-1302.447754	142
-1298.032715	139
-1293.617676	132
-1289.202515	143
-1284.787476	146
-1280.372437	152
-1275.957275	144
-1271.542236	153
-1267.127197	147
-1262.712036	159
-1258.296997	162
-1253.881958	162
-1249.466797	151
-1245.051758	147
-1240.636719	160
-1236.221558	159
-1231.806519	150
-1227.391479	156
-1222.976440	163
-1218.561279	151
-1214.146240	150
-1209.731201	152
-1205.316040	152
-1200.901001	153
-1196.485962	161
-1192.070801	157
-1187.655762	160
-1183.240723	161
-1178.825562	143
-1174.410522	148
-1169.995483	158
-1165.580322	160
-1161.165283	157
-1156.750244	162
-1152.335205	160
-1147.920044	164
-1143.505005	161
-1139.089966	148
-1134.674805	152
-1130.259766	144
-1125.844727	144
-1121.429565	140
-1117.014526	150
-1112.599487	164
-1108.184326	159
-1103.769287	160
-1099.354248	148
-1094.939087	145
-1090.524048	147
-1086.109009	143
-1081.693970	151
-1077.278809	157
-1072.863770	152
-1068.448730	152
-1064.033569	149
-1059.618530	161
-1055.203491	159
-1050.788330	147
-1046.373291	148
-1041.958252	158
-1037.543091	160
-1033.128052	156
-1028.713013	156
-1024.297852	153
-1019.882813	153
-1015.467773	154
-1011.052673	154
-1006.637573	148
-1002.222534	152
-997.807434	161
-993.392395	158
-988.977295	156
-984.562195	154
-980.147156	154
-975.732056	159
-971.316956	151
-966.901917	154
-962.486816	160
-958.071777	153
-953.656677	163
-949.241577	156
-944.826538	160
-940.411438	145
-935.996338	152
-931.581299	153
-927.166199	157
-922.751160	156
-918.336060	154
-913.920959	144
-909.505920	155
-905.090820	153
-900.675720	161
-896.260681	150
-891.845581	141
-887.430542	158
-883.015442	157
-878.600342	161
-874.185303	162
-869.770203	150
-865.355103	145
-860.940063	158
-856.524963	157
-852.109924	163
-847.694824	169
-843.279724	166
-838.864685	164
-834.449585	165
-830.034485	168
-825.619446	174
-821.204346	169
-816.789307	156
-812.374207	154
-807.959106	165
-803.544067	160
-799.128967	147
-794.713867	150
-790.298828	155
-785.883728	165
-781.468689	168
-777.053589	167
-772.638489	153
-768.223450	153
-763.808350	153
-759.393250	161
-754.978210	159
-750.563110	145
-746.148071	155
-741.732971	157
-737.317871	163
-732.902832	160
-728.487732	161
-724.072632	161
-719.657593	164
-715.242493	167
-710.827454	151
-706.412354	152
-701.997253	162
-697.582214	163
-693.167114	169
-688.752014	169
-684.336975	171
-679.921875	164
-675.506836	166
-671.091736	157
-666.676636	148
-662.261597	164
-657.846497	172
-653.431396	162
-649.016357	149
-644.601257	159
-640.186218	158
-635.771118	164
-631.356018	163
-626.940979	159
-622.525879	159
-618.110779	163
-613.695740	170
-609.280640	165
-604.865601	171
-600.450500	172
-596.035400	170
-591.620361	159
-587.205261	165
-582.790161	162
-578.375122	173
-573.960022	186
-569.544983	184
-565.129883	172
-560.714783	173
-556.299744	173
-551.884644	175
-547.469543	169
-543.054504	167
-538.639404	174
-534.224365	178
-529.809265	178
-525.394165	179
-520.979126	177
-516.564026	171
-512.148926	177
-507.733887	176
-503.318787	173
-498.903717	183
-494.488647	191
-490.073578	192
-485.658478	194
-481.243408	189
-476.828339	189
-472.413269	179
-467.998169	185
-463.583099	191
-459.168030	187
-454.752960	189
-450.337860	189
-445.922791	187
-441.507721	193
-437.092651	186
-432.677551	182
-428.262482	186
-423.847412	185
-419.432343	196
-415.017242	194
-410.602173	194
-406.187103	199
-401.772034	203
-397.356934	210
-392.941864	208
-388.526794	192
-384.111725	195
-379.696625	205
-375.281555	221
-370.866486	213
-366.451416	212
-362.036316	211
-357.621246	210
-353.206177	200
-348.791107	211
-344.376007	215
-339.960938	213
-335.545868	228
-331.130798	228
-326.715698	239
-322.300629	232
-317.885559	231
-313.470490	245
-309.055389	246
-304.640320	239
-300.225250	234
-295.810181	240
-291.395081	251
-286.980011	257
-282.564941	256
-278.149872	264
-273.734772	268
-269.319702	280
-264.904633	294
-260.489563	287
-256.074463	275
-251.659393	293
-247.244324	291
-242.829239	297
-238.414169	306
-233.999084	313
-229.584015	325
-225.168930	339
-220.753860	352
-216.338776	373
-211.923706	381
-207.508621	372
-203.093552	384
-198.678467	395
-194.263397	400
-189.848312	423
-185.433243	429
-181.018158	441
-176.603088	462
-172.188004	480
-167.772934	501
-163.357849	533
-158.942780	551
-154.527695	573
-150.112625	605
-145.697540	633
-141.282471	673
-136.867386	707
-132.452316	750
-128.037231	783
-123.622162	841
-119.207085	907
-114.792007	983
-110.376930	1047
-105.961853	1129
-101.546776	1226
-97.131699	1346
-92.716621	1494
-88.301544	1677
-83.886467	1875
-79.471390	2139
-75.056313	2421
-70.641235	2761
-66.226158	3169
-61.811081	3680
-57.396004	4259
-52.980927	4954
-48.565849	5782
-44.150772	6580
-39.735695	7203
-35.320618	7610
-30.905540	7941
-26.490463	8250
-22.075386	8532
-17.660309	8846
-13.245232	9095
-8.830154	9243
-4.415077	9340
0.000000	9386
4.415077	9312
8.830154	9224
13.245232	9172
17.660309	9111
22.075386	9059
26.490463	8965
30.905540	8850
35.320618	8663
39.735695	8441
44.150772	8201
48.565849	7889
52.980927	7470
57.396004	6979
61.811081	6445
66.226158	5819
70.641235	5020
75.056313	4269
79.471390	3677
83.886467	3153
88.301544	2724
92.716621	2387
97.131699	2086
101.546776	1854
105.961853	1668
110.376930	1503
114.792007	1354
119.207085	1216
123.622162	1093
128.037231	1009
132.452316	924
136.867386	860
141.282471	817
145.697540	768
150.112625	723
154.527695	682
158.942780	633
163.357849	600
167.772934	586
172.188004	573
176.603088	539
181.018158	528
185.433243	506
189.848312	476
194.263397	454
198.678467	435
203.093552	425
207.508621	409
211.923706	397
216.338776	389
220.753860	371
225.168930	365
229.584015	355
233.999084	348
238.414169	337
242.829239	334
247.244324	320
251.659393	302
256.074463	299
260.489563	308
264.904633	300
269.319702	294
273.734772	273
278.149872	281
282.564941	281
286.980011	273
291.395081	264
295.810181	266
300.225250	259
304.640320	258
309.055389	250
313.470490	256
317.885559	245
322.300629	235
326.715698	236
331.130798	224
335.545868	228
339.960938	241
344.376007	236
348.791107	231
353.206177	223
357.621246	224
362.036316	222
366.451416	227
370.866486	228
375.281555	212
379.696625	212
384.111725	211
388.526794	226
392.941864	218
397.356934	210
401.772034	210
406.187103	215
410.602173	218
415.017242	214
419.432343	193
423.847412	194
428.262482	195
432.677551	186
437.092651	199
441.507721	207
445.922791	192
450.337860	178
454.752960	183
459.168030	195
463.583099	189
467.998169	187
472.413269	197
476.828339	196
481.243408	202
485.658478	208
490.073578	209
494.488647	191
498.903717	194
503.318787	197
507.733887	209
512.148926	200
516.564026	175
520.979126	179
525.394165	181
529.809265	180
534.224365	186
538.639404	172
543.054504	185
547.469543	195
551.884644	197
556.299744	195
560.714783	189
565.129883	201
569.544983	195
573.960022	193
578.375122	183
582.790161	178
587.205261	179
591.620361	168
596.035400	173
600.450500	182
604.865601	177
609.280640	184
613.695740	179
618.110779	184
622.525879	185
626.940979	184
631.356018	199
635.771118	206
640.186218	199
644.601257	188
649.016357	185
653.431396	177
657.846497	180
662.261597	181
666.676636	174
671.091736	171
675.506836	178
679.921875	170
684.336975	175
688.752014	168
693.167114	171
697.582214	178
701.997253	178
706.412354	183
710.827454	190
715.242493	195
719.657593	188
724.072632	177
728.487732	181
732.902832	189
737.317871	193
741.732971	182
746.148071	178
750.563110	180
754.978210	184
759.393250	189
763.808350	184
768.223450	180
772.638489	181
777.053589	187
781.468689	183
785.883728	185
790.298828	195
794.713867	187
799.128967	177
803.544067	182
807.959106	184
812.374207	182
816.789307	176
821.204346	172
825.619446	182
830.034485	181
834.449585	191
838.864685	176
843.279724	166
847.694824	172
852.109924	183
856.524963	185
860.940063	190
865.355103	185
869.770203	178
874.185303	185
878.600342	172
883.015442	177
887.430542	179
891.845581	170
896.260681	183
900.675720	193
905.090820	189
909.505920	177
913.920959	170
918.336060	177
922.751160	188
927.166199	196
931.581299	186
935.996338	180
940.411438	179
944.826538	169
949.241577	170
953.656677	181
958.071777	179
962.486816	177
966.901917	180
971.316956	181
975.732056	188
980.147156	182
984.562195	186
988.977295	188
993.392395	195
997.807434	189
1002.222534	173
1006.637573	180
1011.052673	179
1015.467773	184
1019.882813	180
1024.297852	178
1028.713013	176
1033.128052	186
1037.543091	174
1041.958252	173
1046.373291	187
1050.788330	191
1055.203491	186
1059.618530	169
1064.033569	174
1068.448730	166
1072.863770	173
1077.278809	184
1081.693970	187
1086.109009	174
1090.524048	179
1094.939087	181
1099.354248	176
1103.769287	179
1108.184326	172
1112.599487	178
1117.014526	177
1121.429565	183
1125.844727	185
1130.259766	178
1134.674805	171
1139.089966	177
1143.505005	182
1147.920044	181
1152.335205	181
1156.750244	185
1161.165283	182
1165.580322	182
1169.995483	181
1174.410522	178
1178.825562	186
1183.240723	192
1187.655762	178
1192.070801	174
1196.485962	174
1200.901001	192
1205.316040	188
1209.731201	186
1214.146240	185
1218.561279	186
1222.976440	182
1227.391479	181
1231.806519	188
1236.221558	185
1240.636719	186
1245.051758	187
1249.466797	194
1253.881958	183
1258.296997	177
1262.712036	176
1267.127197	172
1271.542236	174
1275.957275	171
1280.372437	182
1284.787476	183
1289.202515	182
1293.617676	175
1298.032715	182
1302.447754	182
1306.862793	172
1311.277954	181
1315.692993	194
1320.108032	192
1324.523193	188
1328.938232	190
1333.353271	192
1337.768433	189
1342.183472	187
1346.598511	197
1351.013672	195
1355.428711	194
1359.843750	189
1364.258911	176
1368.673950	182
1373.088989	189
1377.504028	183
1381.919189	185
1386.334229	189
1390.749268	192
1395.164429	192
1399.579468	191
1403.994507	187
1408.409668	184
1412.824707	191
1417.239746	181
1421.654907	185
1426.069946	184
1430.484985	194
1434.900146	180
1439.315186	188
1443.730225	180
1448.145264	181
1452.560425	186
1456.975464	188
1461.390503	183
1465.805664	181
1470.220703	181
1474.635742	178
1479.050903	184
1483.465942	199
1487.880981	186
1492.296143	178
1496.711182	186
1501.126221	187
1505.541382	183
1509.956421	187
1514.371460	189
1518.786499	184
1523.201660	182
1527.616699	181
1532.031738	183
1536.446899	192
1540.861938	192
1545.276978	185
1549.692139	181
1554.107178	179
1558.522217	181
1562.937378	178
1567.352417	186
1571.767456	191
1576.182617	193
1580.597656	185
1585.012695	185
1589.427734	182
1593.842896	189
1598.257935	193
1602.672974	188
1607.088135	185
1611.503174	187
1615.918213	201
1620.333374	196
1624.748413	193
1629.163452	185
1633.578613	194
1637.993652	190
1642.408691	188
1646.823853	191
1651.238892	187
1655.653931	186
1660.068970	191
1664.484131	187
1668.899170	187
1673.314209	201
1677.729370	188
1682.144409	191
1686.559448	183
1690.974609	193
1695.389648	204
1699.804688	196
1704.219849	187
1708.634888	179
1713.049927	182
1717.465088	181
1721.880127	186
1726.295166	187
1730.710205	194
1735.125366	195
1739.540405	199
1743.955444	201
1748.370605	183
1752.785645	185
1757.200684	187
1761.615845	202
1766.030884	196
1770.445923	195
1774.861084	193
1779.276123	191
1783.691162	188
1788.106323	184
1792.521362	193
1796.936401	195
1801.351440	197
1805.766602	198
1810.181641	196
1814.596680	198
1819.011841	214
1823.426880	198
1827.841919	196
1832.257080	192
1836.672119	190
1841.087158	199
1845.502319	205
1849.917358	198
1854.332397	191
1858.747559	190
1863.162598	201
1867.577637	199
1871.992676	198
1876.407837	200
1880.822876	192
1885.237915	185
1889.653076	189
1894.068115	186
1898.483154	195
1902.898315	190
1907.313354	184
1911.728394	188
1916.143555	198
1920.558594	198
1924.973633	195
1929.388794	192
1933.803833	193
1938.218872	202
1942.633911	205
1947.049072	196
1951.464111	188
1955.879150	193
1960.294312	195
1964.709351	191
1969.124390	190
1973.539551	197
1977.954590	206
1982.369629	201
1986.784790	197
1991.199829	187
1995.614868	196
2000.030029	197
2004.445068	197
2008.860107	193
2013.275146	190
2017.690308	200
2022.105347	201
2026.520386	195
2030.935547	198
2035.350586	192
2039.765625	192
2044.180786	189
2048.595703	190
2053.010986	190
2057.426025	193
2061.841064	195
2066.256104	192
2070.671143	192
2075.086182	201
2079.501465	203
2083.916504	205
2088.331543	192
2092.746582	194
2097.161621	204
2101.576660	198
2105.991943	191
2110.406982	189
2114.822021	194
2119.237061	196
2123.652100	200
2128.067139	194
2132.482178	208
2136.897461	205
2141.312500	196
2145.727539	192
2150.142578	191
2154.557617	196
2158.972656	199
2163.387939	188
2167.802979	186
2172.218018	190
2176.633057	201
2181.048096	215
2185.463135	205
2189.878174	202
2194.293457	197
2198.708496	192
2203.123535	193
2207.538574	193
2211.953613	186
2216.368652	195
2220.783936	198
2225.198975	198
2229.614014	196
2234.029053	190
2238.444092	198
2242.859131	194
2247.274414	200
2251.689453	203
2256.104492	201
2260.519531	206
2264.934570	209
2269.349609	208
2273.764648	207
2278.179932	203
2282.594971	194
2287.010010	192
2291.425049	195
2295.840088	208
2300.255127	211
2304.670410	202
2309.085449	199
2313.500488	210
2317.915527	210
2322.330566	214
2326.745605	205
2331.160645	202
2335.575928	194
2339.990967	193
2344.406006	194
2348.821045	200
2353.236084	190
2357.651123	196
2362.066406	197
2366.481445	193
2370.896484	198
2375.311523	200
2379.726563	201
2384.141602	197
2388.556885	194
2392.971924	198
2397.386963	197
2401.802002	208
2406.217041	200
2410.632080	206
2415.047119	201
2419.462402	219
2423.877441	214
2428.292480	198
2432.707520	204
2437.122559	203
2441.537598	205
2445.952881	201
2450.367920	211
2454.782959	217
2459.197998	209
2463.613037	208
2468.028076	210
2472.443115	208
2476.858398	204
2481.273438	205
2485.688477	212
2490.103516	206
2494.518555	213
2498.933594	209
2503.348877	207
2507.763916	205
2512.178955	212
2516.593994	198
2521.009033	204
2525.424072	209
2529.839355	203
2534.254395	201
2538.669434	194
2543.084473	190
2547.499512	194
2551.914551	201
2556.329590	199
2560.744873	203
2565.159912	209
2569.574951	207
2573.989990	200
2578.405029	203
2582.820068	211
2587.235352	215
2591.650391	205
2596.065430	204
2600.480469	215
2604.895508	211
2609.310547	212
2613.725586	201
2618.140869	202
2622.555908	210
2626.970947	213
2631.385986	208
2635.801025	199
2640.216064	203
2644.631348	204
2649.046387	209
2653.461426	209
2657.876465	203
2662.291504	210
2666.706543	219
2671.121826	212
2675.536865	201
2679.951904	199
2684.366943	210
2688.781982	213
2693.197021	212
2697.612061	213
2702.027344	206
2706.442383	199
2710.857422	199
2715.272461	197
2719.687500	194
2724.102539	215
2728.517822	220
2732.932861	217
2737.347900	211
2741.762939	209
2746.177979	201
2750.593018	211
2755.008057	214
2759.423340	212
2763.838379	204
2768.253418	198
2772.668457	204
2777.083496	206
2781.498535	215
2785.913818	215
2790.328857	210
2794.743896	211
2799.158936	206
2803.573975	208
2807.989014	196
2812.404297	197
2816.819336	196
2821.234375	209
2825.649414	227
2830.064453	220
2834.479492	210
2838.894531	206
2843.309814	205
2847.724854	193
2852.139893	197
2856.554932	206
2860.969971	213
2865.385010	213
2869.800293	212
2874.215332	212
2878.630371	208
2883.045410	206
2887.460449	204
2891.875488	209
2896.290527	206
2900.705811	210
2905.120850	208
2909.535889	216
2913.950928	213
2918.365967	208
2922.781006	212
2927.196289	214
2931.611328	215
2936.026367	216
2940.441406	197
2944.856445	202
2949.271484	207
2953.686768	209
2958.101807	210
2962.516846	207
2966.931885	211
2971.346924	213
2975.761963	221
2980.177002	211
2984.592285	210
2989.007324	203
2993.422363	201
2997.837402	213
3002.252441	209
3006.667480	200
3011.082764	205
3015.497803	211
3019.912842	220
3024.327881	215
3028.742920	210
3033.157959	206
3037.572998	212
3041.988281	213
3046.403320	211
3050.818359	207
3055.233398	215
3059.648438	217
3064.063477	209
3068.478760	204
3072.893799	208
3077.308838	218
3081.723877	211
3086.138916	207
3090.553955	211
3094.969238	210
3099.384277	206
3103.799316	207
3108.214355	228
3112.629395	227
3117.044434	224
3121.459473	231
3125.874756	216
3130.289795	211
3134.704834	218
3139.119873	222
3143.534912	219
3147.949951	223
3152.365234	223
3156.780273	210
3161.195313	206
3165.610352	215
3170.025391	213
3174.440430	211
3178.855469	204
3183.270752	211
3187.685791	200
3192.100830	205
3196.515869	213
3200.930908	218
3205.345947	215
3209.761230	214
3214.176270	216
3218.591309	212
3223.006348	211
3227.421387	196
3231.836426	197
3236.251709	205
3240.666748	214
3245.081787	218
3249.496826	210
3253.911865	207
3258.326904	216
3262.741943	206
3267.157227	211
3271.572266	220
3275.987305	218
3280.402344	213
3284.817383	212
3289.232422	211
3293.647705	210
3298.062744	213
3302.477783	207
3306.892822	210
3311.307861	203
3315.722900	213
3320.137939	226
3324.553223	226
3328.968262	211
3333.383301	212
3337.798340	216
3342.213379	218
3346.628418	224
3351.043701	212
3355.458740	213
3359.873779	218
3364.288818	226
3368.703857	228
3373.118896	231
3377.534180	224
3381.949219	227
3386.364258	218
3390.779297	219
3395.194336	224
3399.609375	219
3404.024414	227
3408.439697	226
3412.854736	213
3417.269775	220
3421.684814	225
3426.099854	219
3430.514893	218
3434.930176	224
3439.345215	214
3443.760254	214
3448.175293	218
3452.590332	219
3457.005371	217
3461.420410	225
3465.835693	217
3470.250732	209
3474.665771	211
3479.080811	224
3483.495850	230
3487.910889	226
3492.326172	222
3496.741211	227
3501.156250	233
3505.571289	232
3509.986328	236
3514.401367	232
3518.816650	239
3523.231689	241
3527.646729	240
3532.061768	248
3536.476807	244
3540.891846	237
3545.306885	239
3549.722168	225
3554.137207	232
3558.552246	231
3562.967285	236
3567.382324	233
3571.797363	245
3576.212646	243
3580.627686	238
3585.042725	234
3589.457764	239
3593.872803	256
3598.287842	252
3602.702881	252
3607.118164	253
3611.533203	254
3615.948242	254
3620.363281	257
3624.778320	266
3629.193359	266
3633.608643	279
3638.023682	276
3642.438721	273
3646.853760	276
3651.268799	279
3655.683838	286
3660.099121	305
3664.514160	301
3668.929199	295
3673.344238	299
3677.759277	321
3682.174316	336
3686.589355	345
3691.004639	358
3695.419678	361
3699.834717	379
3704.249756	379
3708.664795	394
3713.079834	406
3717.495117	428
3721.910156	428
3726.325195	447
3730.740234	471
3735.155273	489
3739.570313	509
3743.985352	529
3748.400635	541
3752.815674	559
3757.230713	575
3761.645752	603
3766.060791	619
3770.475830	651
3774.891113	676
3779.306152	724
3783.721191	754
3788.136230	764
3792.551270	795
3796.966309	856
3801.381592	911
3805.796631	976
3810.211670	1023
3814.626709	1051
3819.041748	1084
3823.456787	1127
3827.871826	1138
3832.287109	1175
3836.702148	1233
3841.117188	1288
3845.532227	1338
3849.947266	1403
3854.362305	1463
3858.777588	1505
3863.192627	1557
3867.607666	1607
3872.022705	1629
3876.437744	1642
3880.852783	1675
3885.267822	1692
3889.683105	1678
3894.098145	1736
3898.513184	1837
3902.928223	1875
3907.343262	1874
3911.758301	1894
3916.173584	1911
3920.588623	1894
3925.003662	1855
3929.418701	1810
3933.833740	1836
3938.248779	1904
3942.664063	1972
3947.079102	2000
3951.494141	2062
3955.909180	2107
3960.324219	2124
3964.739258	2137
3969.154297	2195
3973.569580	2265
3977.984619	2359
3982.399658	2465
3986.814697	2519
3991.229736	2589
3995.644775	2648
4000.060059	2676
4004.475098	2721
4008.890137	2749
4013.305176	2793
4017.720215	2831
4022.135254	2865
4026.550293	2886
4030.965576	2890
4035.380615	2891
4039.795654	2909
4044.210693	2942
4048.625732	2937
4053.040771	2943
4057.456055	2957
4061.871094	2953
4066.286133	2947
4070.701172	2951
4075.116211	2924
4079.531250	2912
4083.946533	2917
4088.361572	2885
4092.776611	2827
4097.191406	2836
4101.606934	2858
4106.021973	2856
4110.437012	2871
4114.852051	2892
4119.267090	2896
4123.682129	2899
4128.097168	2904
4132.512207	2918
4136.927246	2932
4141.342285	2933
4145.757324	2920
4150.172363	2920
4154.587891	2900
4159.002930	2883
4163.417969	2885
4167.833008	2902
4172.248047	2880
4176.663086	2851
4181.078125	2846
4185.493164	2835
4189.908203	2805
4194.323242	2785
4198.738281	2779
4203.153320	2783
4207.568359	2752
4211.983887	2750
4216.398926	2761
4220.813965	2735
4225.229004	2709
4229.644043	2700
4234.059082	2690
4238.474121	2695
4242.889160	2680
4247.304199	2657
4251.719238	2656
4256.134277	2655
4260.549316	2660
4264.964355	2623
4269.379883	2605
4273.794922	2596
4278.209961	2591
4282.625000	2578
4287.040039	2562
4291.455078	2545
4295.870117	2549
4300.285156	2542
4304.700195	2514
4309.115234	2519
4313.530273	2517
4317.945313	2496
4322.360352	2482
4326.775879	2475
4331.190918	2456
4335.605957	2449
4340.020996	2451
4344.436035	2463
4348.851074	2480
4353.266113	2518
4357.681152	2557
4362.096191	2578
4366.511230	2600
4370.926270	2611
4375.341309	2605
4379.756348	2588
4384.171875	2611
4388.586914	2650
4393.001953	2677
4397.416992	2676
4401.832031	2668
4406.247070	2656
4410.662109	2651
4415.077148	2658
4419.492188	2668
4423.907227	2690
4428.322266	2688
4432.737305	2686
4437.152832	2704
4441.567871	2684
4445.982910	2671
4450.397949	2669
4454.812988	2666
4459.228027	2642
4463.643066	2654
4468.058105	2664
4472.473145	2647
4476.888184	2675
4481.303223	2698
4485.718262	2676
4490.133301	2669
4494.548828	2682
4498.963867	2684
4503.378906	2679
4507.793945	2642
4512.208984	2645
4516.624023	2656
4521.039063	2617
4525.454102	2591
4529.869141	2581
4534.284180	2539
4538.699219	2540
4543.114258	2563
4547.529297	2554
4551.944824	2548
4556.359863	2570
4560.774902	2557
4565.189941	2563
4569.604980	2583
4574.020020	2590
4578.435059	2604
4582.850098	2617
4587.265137	2646
4591.680176	2666
4596.095215	2700
4600.510254	2730
4604.925293	2776
4609.340820	2799
4613.755859	2807
4618.170898	2830
4622.585938	2869
4627.000977	2893
4631.416016	2905
4635.831055	2964
4640.246094	3000
4644.661133	3025
4649.076172	3054
4653.491211	3055
4657.906250	3060
4662.321289	3082
4666.736816	3092
4671.151855	3136
4675.566895	3179
4679.981934	3198
4684.396973	3232
4688.812012	3257
4693.227051	3296
4697.642090	3313
4702.057129	3338
4706.472168	3370
4710.887207	3388
4715.302246	3404
4719.717773	3451
4724.132813	3480
4728.547852	3480
4732.962891	3515
4737.377930	3546
4741.792969	3580
4746.208008	3599
4750.623047	3608
4755.038086	3623
4759.453125	3618
4763.868164	3649
4768.283203	3686
4772.698242	3695
4777.113770	3703
4781.528809	3725
4785.943848	3739
4790.358887	3743
4794.773926	3769
4799.188965	3788
4803.604004	3796
4808.019043	3780
4812.434082	3796
4816.849121	3804
4821.264160	3798
4825.679199	3789
4830.094238	3775
4834.509766	3757
4838.924805	3723
4843.339844	3690
4847.754883	3670
4852.169922	3650
4856.584961	3630
4861.000000	3600
4865.415039	3605
4869.830078	3642
4874.245117	3654
4878.660156	3661
4883.075195	3689
4887.490234	3731
4891.905762	3754
4896.320801	3720
4900.735840	3724
4905.150879	3734
4909.565918	3740
4913.980957	3752
4918.395996	3757
4922.811035	3738
4927.226074	3748
4931.641113	3774
4936.056152	3759
4940.471191	3749
4944.886230	3746
4949.301758	3732
4953.716797	3750
4958.131836	3726
4962.546875	3711
4966.961914	3711
4971.376953	3683
4975.791992	3695
4980.207031	3664
4984.622070	3635
4989.037109	3640
4993.452148	3620
4997.867188	3585
5002.282227	3600
5006.697754	3600
5011.112793	3599
5015.527832	3616
5019.942871	3591
5024.357910	3574
5028.772949	3574
5033.187988	3579
5037.603027	3598
5042.018066	3610
5046.433105	3598
5050.848145	3580
5055.263184	3591
5059.678711	3570
5064.093750	3559
5068.508789	3567
5072.923828	3543
5077.338867	3523
5081.753906	3556
5086.168945	3529
5090.583984	3489
5094.999023	3482
5099.414063	3492
5103.829102	3478
5108.244141	3472
5112.659180	3477
5117.074707	3459
5121.489746	3441
5125.904785	3429
5130.319824	3391
5134.734863	3383
5139.149902	3396
5143.564941	3399
5147.979980	3408
5152.395020	3418
5156.810059	3376
5161.225098	3344
5165.640137	3328
5170.055176	3319
5174.470703	3321
5178.885742	3329
5183.300781	3338
5187.715820	3320
5192.130859	3294
5196.545898	3294
5200.960938	3301
5205.375977	3288
5209.791016	3264
5214.206055	3274
5218.621094	3291
5223.036133	3268
5227.451172	3235
5231.866699	3257
5236.281738	3249
5240.696777	3224
5245.111816	3237
5249.526855	3227
5253.941895	3210
5258.356934	3194
5262.771973	3195
5267.187012	3198
5271.602051	3200
5276.017090	3203
5280.432129	3213
5284.847168	3216
5289.262695	3192
5293.677734	3184
5298.092773	3195
5302.507813	3176
5306.922852	3161
5311.337891	3179
5315.752930	3170
5320.167969	3155
5324.583008	3166
5328.998047	3156
5333.413086	3130
5337.828125	3117
5342.243652	3107
5346.658691	3110
5351.073730	3130
5355.488770	3129
5359.903809	3104
5364.318848	3067
5368.733887	3079
5373.148926	3061
5377.563965	3055
5381.979004	3075
5386.394043	3079
5390.809082	3064
5395.224121	3058
5399.639648	3038
5404.054688	3019
5408.469727	3008
5412.884766	3018
5417.299805	3044
5421.714844	3024
5426.129883	3013
5430.544922	3037
5434.959961	3032
5439.375000	3019
5443.790039	3003
5448.205078	3015
5452.620117	3024
5457.035645	3030
5461.450684	3013
5465.865723	2992
5470.280762	2987
5474.695801	2979
5479.110840	2971
5483.525879	2953
5487.940918	2969
5492.355957	2969
5496.770996	2952
5501.186035	2948
5505.601074	2936
5510.016113	2920
5514.431641	2943
5518.846680	2914
5523.261719	2903
5527.676758	2919
5532.091797	2912
5536.506836	2887
5540.921875	2899
5545.336914	2899
5549.751953	2882
5554.166992	2868
5558.582031	2878
5562.997070	2869
5567.412109	2864
5571.827637	2870
5576.242676	2848
5580.657715	2846
5585.072754	2849
5589.487793	2838
5593.902832	2841
5598.317871	2842
5602.732910	2838
5607.147949	2869
5611.562988	2877
5615.978027	2838
5620.393066	2839
5624.808594	2838
5629.223633	2813
5633.638672	2808
5638.053711	2783
5642.468750	2784
5646.883789	2774
5651.298828	2752
5655.713867	2751
5660.128906	2741
5664.543945	2769
5668.958984	2763
5673.374023	2749
5677.789063	2742
5682.204590	2730
5686.619629	2729
5691.034668	2723
5695.449707	2717
5699.864746	2733
5704.279785	2739
5708.694824	2721
5713.109863	2748
5717.524902	2766
5721.939941	2764
5726.354980	2778
5730.770020	2777
5735.185059	2748
5739.600586	2794
5744.015625	2794
5748.430664	2774
5752.845703	2795
5757.260742	2797
5761.675781	2792
5766.090820	2799
5770.505859	2789
5774.920898	2817
5779.335938	2813
5783.750977	2794
5788.166016	2817
5792.581055	2820
5796.996582	2813
5801.411621	2829
5805.826660	2848
5810.241699	2864
5814.656738	2861
5819.071777	2878
5823.486816	2876
5827.901855	2882
5832.316895	2900
5836.731934	2904
5841.146973	2893
5845.562012	2918
5849.977051	2888
5854.392578	2860
5858.807617	2893
5863.222656	2874
5867.637695	2846
5872.052734	2844
5876.467773	2819
5880.882813	2812
5885.297852	2819
5889.712891	2805
5894.127930	2817
5898.542969	2806
5902.958008	2800
5907.373535	2813
5911.788574	2796
5916.203613	2804
5920.618652	2801
5925.033691	2788
5929.448730	2775
5933.863770	2781
5938.278809	2775
5942.693848	2776
5947.108887	2771
5951.523926	2766
5955.938965	2751
5960.354004	2729
5964.769531	2741
5969.184570	2731
5973.599609	2710
5978.014648	2689
5982.429688	2673
5986.844727	2646
5991.259766	2643
5995.674805	2633
6000.089844	2630
6004.504883	2616
6008.919922	2612
6013.334961	2616
6017.750000	2605
6022.165527	2591
6026.580566	2599
6030.995605	2596
6035.410645	2570
6039.825684	2552
6044.240723	2550
6048.655762	2547
6053.070801	2522
6057.485840	2492
6061.900879	2460
6066.315918	2450
6070.730957	2457
6075.145996	2478
6079.561523	2447
6083.976563	2433
6088.391602	2415
6092.806641	2415
6097.221680	2410
6101.636719	2413
6106.051758	2391
6110.466797	2383
6114.881836	2364
6119.296875	2337
6123.711914	2337
6128.126953	2320
6132.541992	2310
6136.957520	2300
6141.372559	2282
6145.787598	2262
6150.202637	2250
6154.617676	2232
6159.032715	2217
6163.447754	2219
6167.862793	2229
6172.277832	2234
6176.692871	2222
6181.107910	2219
6185.522949	2208
6189.938477	2197
6194.353516	2205
6198.768555	2193
6203.183594	2181
6207.598633	2172
6212.013672	2150
6216.428711	2120
6220.843750	2114
6225.258789	2128
6229.673828	2135
6234.088867	2131
6238.503906	2135
6242.918945	2122
6247.334473	2119
6251.749512	2122
6256.164551	2098
6260.579590	2098
6264.994629	2100
6269.409668	2109
6273.824707	2086
6278.239746	2091
6282.654785	2086
6287.069824	2072
6291.484863	2069
6295.899902	2084
6300.314941	2076
6304.730469	2103
6309.145508	2097
6313.560547	2082
6317.975586	2083
6322.390625	2086
6326.805664	2069
6331.220703	2058
6335.635742	2065
6340.050781	2052
6344.465820	2045
6348.880859	2066
6353.295898	2047
6357.710938	2036
6362.126465	2044
6366.541504	2021
6370.956543	2010
6375.371582	2023
6379.786621	2005
6384.201660	2017
6388.616699	2029
6393.031738	2004
6397.446777	1998
6401.861816	1991
6406.276855	1996
6410.691895	2009
6415.106934	2011
6419.522461	2017
6423.937500	1993
6428.352539	1981
6432.767578	1982
6437.182617	1991
6441.597656	1984
6446.012695	2001
6450.427734	1992
6454.842773	1974
6459.257813	1967
6463.672852	1945
6468.087891	1930
6472.503418	1949
6476.918457	1956
6481.333496	1949
6485.748535	1942
6490.163574	1934
6494.578613	1950
6498.993652	1959
6503.408691	1967
6507.823730	1942
6512.238770	1918
6516.653809	1899
6521.068848	1883
6525.483887	1900
6529.899414	1892
6534.314453	1884
6538.729492	1886
6543.144531	1851
6547.559570	1849
6551.974609	1868
6556.389648	1871
6560.804688	1883
6565.219727	1901
6569.634766	1923
6574.049805	1909
6578.464844	1940
6582.879883	1965
6587.295410	1983
6591.710449	1957
6596.125488	1951
6600.540527	1982
6604.955566	1987
6609.370605	1983
6613.785645	1978
6618.200684	1985
6622.615723	2004
6627.030762	2015
6631.445801	2023
6635.860840	2005
6640.275879	1985
6644.691406	2010
6649.106445	2028
6653.521484	2032
6657.936523	2035
6662.351563	2026
6666.766602	2047
6671.181641	2059
6675.596680	2050
6680.011719	2045
6684.426758	2056
6688.841797	2056
6693.256836	2048
6697.671875	2043
6702.087402	2061
6706.502441	2077
6710.917480	2078
6715.332520	2067
6719.747559	2068
6724.162598	2044
6728.577637	2037
6732.992676	2048
6737.407715	2071
6741.822754	2068
6746.237793	2083
6750.652832	2109
6755.068359	2113
6759.483398	2089
6763.898438	2091
6768.313477	2087
6772.728516	2082
6777.143555	2099
6781.558594	2122
6785.973633	2113
6790.388672	2092
6794.803711	2077
6799.218750	2100
6803.633789	2123
6808.048828	2103
6812.464355	2090
6816.879395	2108
6821.294434	2123
6825.709473	2110
6830.124512	2097
6834.539551	2076
6838.954590	2055
6843.369629	2051
6847.784668	2032
6852.199707	2047
6856.614746	2038
6861.029785	2012
6865.444824	2002
6869.860352	2001
6874.275391	1998
6878.690430	2004
6883.105469	2026
6887.520508	2024
6891.935547	2039
6896.350586	2057
6900.765625	2070
6905.180664	2091
6909.595703	2082
6914.010742	2080
6918.425781	2103
6922.840820	2117
6927.256348	2106
6931.671387	2123
6936.086426	2133
6940.501465	2162
6944.916504	2173
6949.331543	2168
6953.746582	2168
6958.161621	2152
6962.576660	2147
6966.991699	2159
6971.406738	2158
6975.821777	2138
6980.236816	2166
6984.652344	2171
6989.067383	2169
6993.482422	2175
6997.897461	2190
7002.312500	2181
7006.727539	2175
7011.142578	2183
7015.557617	2202
7019.972656	2192
7024.387695	2186
7028.802734	2200
7033.217773	2214
7037.633301	2206
7042.048340	2211
7046.463379	2203
7050.878418	2188
7055.293457	2186
7059.708496	2188
7064.123535	2187
7068.538574	2197
7072.953613	2177
7077.368652	2174
7081.783691	2168
7086.198730	2160
7090.613770	2169
7095.029297	2178
7099.444336	2179
7103.859375	2170
7108.274414	2166
7112.689453	2160
7117.104492	2149
7121.519531	2139
7125.934570	2133
7130.349609	2107
7134.764648	2079
7139.179688	2067
7143.594727	2053
7148.009766	2026
7152.425293	1988
7156.840332	1970
7161.255371	1970
7165.670410	1957
7170.085449	1942
7174.500488	1951
7178.915527	1924
7183.330566	1925
7187.745605	1913
7192.160645	1905
7196.575684	1895
7200.990723	1860
7205.405762	1865
7209.821289	1843
7214.236328	1826
7218.651367	1810
7223.066406	1790
7227.481445	1777
7231.896484	1796
7236.311523	1801
7240.726563	1793
7245.141602	1810
7249.556641	1798
7253.971680	1764
7258.386719	1730
7262.801758	1717
7267.217285	1748
7271.632324	1745
7276.047363	1727
7280.462402	1730
7284.877441	1740
7289.292480	1739
7293.707520	1740
7298.122559	1732
7302.537598	1711
7306.952637	1711
7311.367676	1726
7315.782715	1713
7320.198242	1709
7324.613281	1724
7329.028320	1722
7333.443359	1721
7337.858398	1725
7342.273438	1730
7346.688477	1727
7351.103516	1710
7355.518555	1698
7359.933594	1685
7364.348633	1685
7368.763672	1680
7373.178711	1677
7377.594238	1660
7382.009277	1651
7386.424316	1644
7390.839355	1619
7395.254395	1608
7399.669434	1620
7404.084473	1618
7408.499512	1616
7412.914551	1591
7417.329590	1570
7421.744629	1556
7426.159668	1566
7430.574707	1590
7434.990234	1588
7439.405273	1585
7443.820313	1572
7448.235352	1568
7452.650391	1553
7457.065430	1549
7461.480469	1523
7465.895508	1515
7470.310547	1524
7474.725586	1531
7479.140625	1504
7483.555664	1479
7487.970703	1455
7492.386230	1446
7496.801270	1442
7501.216309	1439
7505.631348	1409
7510.046387	1402
7514.461426	1393
7518.876465	1366
7523.291504	1343
7527.706543	1332
7532.121582	1326
7536.536621	1324
7540.951660	1304
7545.366699	1276
7549.782227	1260
7554.197266	1210
7558.612305	1159
7563.027344	1107
7567.442383	1059
7571.857422	1023
7576.272461	979
7580.687500	965
7585.102539	957
7589.517578	941
7593.932617	917
7598.347656	900
7602.763184	903
7607.178223	886
7611.593262	890
7616.008301	888
7620.423340	891
7624.838379	895
7629.253418	879
7633.668457	879
7638.083496	912
7642.498535	924
7646.913574	908
7651.328613	900
7655.743652	899
7660.159180	890
7664.574219	911
7668.989258	914
7673.404297	922
7677.819336	922
7682.234375	929
7686.649414	931
7691.064453	924
7695.479492	919
7699.894531	914
7704.309570	923
7708.724609	935
7713.139648	919
7717.555176	919
7721.970215	920
7726.385254	901
7730.800293	896
7735.215332	888
7739.630371	880
7744.045410	884
7748.460449	878
7752.875488	865
7757.290527	856
7761.705566	840
7766.120605	821
7770.535645	812
7774.951172	811
7779.366211	781
7783.781250	771
7788.196289	768
7792.611328	753
7797.026367	730
7801.441406	725
7805.856445	731
7810.271484	724
7814.686523	713
7819.101563	687
7823.516602	689
7827.931641	697
7832.347168	683
7836.762207	672
7841.177246	668
7845.592285	659
7850.007324	664
7854.422363	651
7858.837402	654
7863.252441	655
7867.667480	643
7872.082520	645
7876.497559	637
7880.912598	642
7885.328125	636
7889.743164	640
7894.158203	638
7898.573242	619
7902.988281	615
7907.403320	618
7911.818359	603
7916.233398	595
7920.648438	602
7925.063477	621
7929.478516	621
7933.893555	633
7938.308594	624
7942.724121	626
7947.139160	641
7951.554199	632
7955.969238	625
7960.384277	633
7964.799316	630
7969.214355	638
7973.629395	627
7978.044434	641
7982.459473	645
7986.874512	654
7991.289551	640
7995.704590	638
8000.120117	641
8004.535156	634
8008.950195	632
8013.365234	629
8017.780273	635
8022.195313	632
8026.610352	649
8031.025391	639
8035.440430	639
8039.855469	642
8044.270508	644
8048.685547	644
8053.100586	631
8057.516113	615
8061.931152	617
8066.346191	629
8070.761230	617
8075.176270	599
8079.591309	593
8084.006348	582
8088.421387	569
8092.836426	565
8097.251465	568
8101.666504	564
8106.081543	554
8110.496582	553
8114.912109	532
8119.327148	512
8123.742188	506
8128.157227	497
8132.572266	501
8136.987305	500
8141.402344	496
8145.817383	491
8150.232422	474
8154.647461	448
8159.062500	454
8163.477539	466
8167.893066	466
8172.308105	448
8176.723145	444
8181.138184	433
8185.553223	425
8189.968262	414
8194.382813	422
8198.798828	417
8203.213867	424
8207.628906	407
8212.043945	394
8216.458984	406
8220.874023	404
8225.289063	404
8229.704102	406
8234.119141	402
8238.534180	397
8242.949219	411
8247.364258	412
8251.779297	402
8256.194336	394
8260.609375	401
8265.024414	412
8269.439453	407
8273.854492	397
8278.269531	413
8282.684570	410
8287.099609	416
8291.514648	420
8295.929688	429
8300.344727	427
8304.759766	424
8309.175781	430
8313.590820	422
8318.005859	436
8322.420898	447
8326.835938	435
8331.250977	439
8335.666016	445
8340.081055	447
8344.496094	472
8348.911133	480
8353.326172	475
8357.741211	459
8362.156250	446
8366.571289	463
8370.986328	476
8375.401367	481
8379.816406	481
8384.231445	478
8388.646484	477
8393.061523	487
8397.476563	478
8401.891602	480
8406.306641	491
8410.721680	492
8415.136719	496
8419.551758	501
8423.967773	484
8428.382813	484
8432.797852	500
8437.212891	506
8441.627930	481
8446.042969	475
8450.458008	483
8454.873047	493
8459.288086	513
8463.703125	511
8468.118164	494
8472.533203	494
8476.948242	495
8481.363281	485
8485.778320	479
8490.193359	493
8494.608398	497
8499.023438	493
8503.438477	493
8507.853516	495
8512.268555	494
8516.683594	492
8521.098633	505
8525.513672	506
8529.928711	493
8534.343750	478
8538.759766	488
8543.174805	487
8547.589844	486
8552.004883	486
8556.419922	479
8560.834961	466
8565.250000	453
8569.665039	464
8574.080078	459
8578.495117	455
8582.910156	450
8587.325195	447
8591.740234	457
8596.155273	447
8600.570313	440
8604.985352	423
8609.400391	417
8613.815430	418
8618.230469	422
8622.645508	428
8627.060547	424
8631.475586	411
8635.890625	400
8640.305664	397
8644.720703	393
8649.136719	387
8653.551758	385
8657.966797	387
8662.381836	381
8666.796875	382
8671.211914	374
8675.626953	360
8680.041992	359
8684.457031	359
8688.872070	349
8693.287109	347
8697.702148	339
8702.117188	326
8706.532227	326
8710.947266	324
8715.362305	325
8719.777344	323
8724.192383	329
8728.607422	312
8733.022461	315
8737.437500	322
8741.852539	324
8746.267578	306
8750.682617	295
8755.097656	301
8759.512695	306
8763.928711	303
8768.343750	299
8772.758789	295
8777.173828	283
8781.588867	285
8786.003906	287
8790.418945	269
8794.833984	276
8799.249023	288
8803.664063	290
8808.079102	278
8812.494141	276
8816.909180	275
8821.324219	280
8825.739258	279
8830.154297	271
8834.569336	274
8838.984375	263
8843.399414	266
8847.814453	272
8852.229492	268
8856.644531	257
8861.059570	256
8865.474609	263
8869.889648	269
8874.305664	266
8878.720703	256
8883.135742	263
8887.550781	273
8891.965820	265
8896.380859	270
8900.795898	266
8905.210938	260
8909.625977	260
8914.041016	258
8918.456055	242
8922.871094	254
8927.286133	264
8931.701172	263
8936.116211	267
8940.531250	263
8944.946289	260
8949.361328	264
8953.776367	260
8958.191406	254
8962.606445	269
8967.021484	267
8971.436523	261
8975.851563	254
8980.266602	259
8984.681641	252
8989.097656	248
8993.512695	257
8997.927734	262
9002.342773	264
9006.757813	265
9011.172852	269
9015.587891	261
9020.002930	259
9024.417969	257
9028.833008	268
9033.248047	267
9037.663086	247
9042.078125	248
9046.493164	243
9050.908203	253
9055.323242	265
9059.738281	265
9064.153320	268
9068.568359	269
9072.983398	273
9077.398438	259
9081.813477	253
9086.228516	256
9090.643555	252
9095.058594	255
9099.473633	265
9103.889648	265
9108.304688	260
9112.719727	252
9117.134766	244
9121.549805	252
9125.964844	259
9130.379883	262
9134.794922	258
9139.209961	262
9143.625000	256
9148.040039	249
9152.455078	258
9156.870117	268
9161.285156	270
9165.700195	272
9170.115234	268
9174.530273	260
9178.945313	260
9183.360352	267
9187.775391	273
9192.190430	267
9196.605469	259
9201.020508	249
9205.435547	264
9209.850586	272
9214.266602	259
9218.681641	252
9223.096680	256
9227.511719	259
9231.926758	257
9236.341797	263
9240.756836	266
9245.171875	265
9249.586914	270
9254.001953	256
9258.416992	251
9262.832031	256
9267.247070	262
9271.662109	245
9276.077148	240
9280.492188	265
9284.907227	261
9289.322266	259
9293.737305	249
9298.152344	255
9302.567383	254
9306.982422	261
9311.397461	259
9315.812500	251
9320.227539	253
9324.642578	261
9329.058594	261
9333.473633	247
9337.888672	246
9342.303711	254
9346.718750	251
9351.133789	246
9355.548828	258
9359.963867	256
9364.378906	262
9368.793945	250
9373.208984	246
9377.624023	245
9382.039063	251
9386.454102	264
9390.869141	264
9395.284180	265
9399.699219	252
9404.114258	259
9408.529297	266
9412.944336	258
9417.359375	250
9421.774414	255
9426.189453	248
9430.604492	253
9435.019531	262
9439.435547	257
9443.850586	253
9448.265625	262
9452.680664	257
9457.095703	266
9461.510742	266
9465.925781	261
9470.340820	262
9474.755859	261
9479.170898	256
9483.585938	257
9488.000977	258
9492.416016	257
9496.831055	258
9501.246094	257
9505.661133	271
9510.076172	277
9514.491211	262
9518.906250	267
9523.321289	265
9527.736328	258
9532.151367	262
9536.566406	270
9540.981445	281
9545.396484	283
9549.811523	273
9554.227539	285
9558.642578	274
9563.057617	268
9567.472656	267
9571.887695	274
9576.302734	272
9580.717773	268
9585.132813	283
9589.547852	288
9593.962891	282
9598.377930	282
9602.792969	286
9607.208008	292
9611.623047	287
9616.038086	279
9620.453125	280
9624.868164	283
9629.283203	290
9633.698242	288
9638.113281	298
9642.528320	292
9646.943359	297
9651.358398	294
9655.773438	300
9660.188477	299
9664.603516	294
9669.019531	299
9673.434570	294
9677.849609	280
9682.264648	288
9686.679688	288
9691.094727	289
9695.509766	295
9699.924805	302
9704.339844	291
9708.754883	279
9713.169922	292
9717.584961	290
9722.000000	283
9726.415039	278
9730.830078	292
9735.245117	287
9739.660156	281
9744.075195	290
9748.490234	304
9752.905273	302
9757.320313	302
9761.735352	294
9766.150391	298
9770.565430	300
9774.980469	297
9779.396484	302
9783.811523	294
9788.226563	298
9792.641602	296
9797.056641	300
9801.471680	301
9805.886719	296
9810.301758	292
9814.716797	294
9819.131836	308
9823.546875	308
9827.961914	300
9832.376953	298
9836.791992	304
9841.207031	300
9845.622070	314
9850.037109	313
9854.452148	309
9858.867188	306
9863.282227	306
9867.697266	312
9872.112305	307
9876.527344	299
9880.942383	299
9885.357422	305
9889.772461	310
9894.188477	315
9898.603516	310
9903.018555	300
9907.433594	300
9911.848633	300
9916.263672	292
9920.678711	303
9925.093750	294
9929.508789	293
9933.923828	299
9938.338867	302
9942.753906	316
9947.168945	312
9951.583984	301
9955.999023	303
9960.414063	301
9964.829102	295
9969.244141	295
9973.659180	291
9978.074219	290
9982.489258	282
9986.904297	293
9991.319336	299
9995.734375	290
10000.149414	295
10004.564453	291
10008.980469	302
10013.395508	306
10017.810547	314
10022.225586	298
10026.640625	296
10031.055664	295
10035.470703	299
10039.885742	290
10044.300781	281
10048.715820	281
10053.130859	299
10057.545898	303
10061.960938	283
10066.375977	282
10070.791016	287
10075.206055	285
10079.621094	289
10084.036133	290
10088.451172	284
10092.866211	284
10097.281250	285
10101.696289	304
10106.111328	308
10110.526367	297
10114.941406	291
10119.357422	291
10123.772461	285
10128.187500	283
10132.602539	287
10137.017578	284
10141.432617	289
10145.847656	283
10150.262695	276
10154.677734	273
10159.092773	273
10163.507813	290
10167.922852	291
10172.337891	289
10176.752930	287
10181.167969	283
10185.583008	285
10189.998047	291
10194.413086	298
10198.828125	282
10203.243164	282
10207.658203	287
10212.073242	291
10216.488281	283
10220.903320	282
10225.318359	284
10229.733398	298
10234.149414	290
10238.564453	275
10242.979492	275
10247.394531	281
10251.809570	303
10256.224609	296
10260.639648	285
10265.054688	282
10269.469727	293
10273.884766	290
10278.299805	296
10282.714844	285
10287.129883	278
10291.544922	296
10295.959961	286
10300.375000	275
10304.790039	261
10309.205078	264
10313.620117	277
10318.035156	280
10322.450195	281
10326.865234	258
10331.280273	268
10335.695313	278
10340.110352	276
10344.526367	270
10348.941406	272
10353.356445	288
10357.771484	280
10362.186523	272
10366.601563	278
10371.016602	273
10375.431641	259
10379.846680	268
10384.261719	273
10388.676758	264
10393.091797	260
10397.506836	267
10401.921875	265
10406.336914	272
10410.751953	266
10415.166992	272
10419.582031	266
10423.997070	280
10428.412109	281
10432.827148	273
10437.242188	256
10441.657227	258
10446.072266	264
10450.487305	276
10454.902344	279
10459.318359	283
10463.733398	279
10468.148438	281
10472.563477	281
10476.978516	273
10481.393555	262
10485.808594	258
10490.223633	259
10494.638672	269
10499.053711	259
10503.468750	255
10507.883789	269
10512.298828	261
10516.713867	257
10521.128906	263
10525.543945	258
10529.958984	251
10534.374023	257
10538.789063	274
10543.204102	286
10547.619141	282
10552.034180	276
10556.449219	277
10560.864258	278
10565.279297	268
10569.694336	273
10574.110352	264
10578.525391	261
10582.940430	268
10587.355469	261
10591.770508	262
10596.185547	275
10600.600586	273
10605.015625	262
10609.430664	262
10613.845703	257
10618.260742	266
10622.675781	264
10627.090820	254
10631.505859	271
10635.920898	275
10640.335938	270
10644.750977	258
10649.166016	261
10653.581055	260
10657.996094	261
10662.411133	266
10666.826172	266
10671.241211	268
10675.656250	270
10680.071289	264
10684.487305	256
10688.902344	267
10693.317383	270
10697.732422	272
10702.147461	276
10706.562500	277
10710.977539	263
10715.392578	256
10719.807617	260
10724.222656	264
10728.637695	267
10733.052734	267
10737.467773	262
10741.882813	267
10746.297852	275
10750.712891	276
10755.127930	273
10759.542969	272
10763.958008	264
10768.373047	249
10772.788086	257
10777.203125	265
10781.618164	266
10786.033203	269
10790.448242	263
10794.863281	255
10799.279297	265
10803.694336	272
10808.109375	262
10812.524414	258
10816.939453	258
10821.354492	260
10825.769531	265
10830.184570	266
10834.599609	261
10839.014648	262
10843.429688	261
10847.844727	261
10852.259766	257
10856.674805	253
10861.089844	254
10865.504883	253
10869.919922	262
10874.334961	268
10878.750000	266
10883.165039	256
10887.580078	273
10891.995117	270
10896.410156	277
10900.825195	271
10905.240234	263
10909.656250	250
10914.071289	258
10918.486328	257
10922.901367	256
10927.316406	264
10931.731445	265
10936.146484	281
10940.561523	277
10944.976563	263
10949.391602	255
10953.806641	254
10958.221680	256
10962.636719	257
10967.051758	262
10971.466797	274
10975.881836	260
10980.296875	258
10984.711914	263
10989.126953	265
10993.541992	272
10997.957031	273
11002.372070	261
11006.787109	273
11011.202148	266
11015.617188	270
11020.032227	263
11024.448242	263
11028.863281	264
11033.278320	267
11037.693359	255
11042.108398	253
11046.523438	256
11050.938477	269
11055.353516	272
11059.768555	267
11064.183594	262
11068.598633	264
11073.013672	259
11077.428711	260
11081.843750	268
11086.258789	257
11090.673828	270
11095.088867	269
11099.503906	252
11103.918945	248
11108.333984	249
11112.749023	264
11117.164063	264
11121.579102	260
11125.994141	255
11130.409180	254
11134.824219	248
11139.240234	246
11143.655273	251
11148.070313	249
11152.485352	241
11156.900391	232
11161.315430	232
11165.730469	239
11170.145508	241
11174.560547	235
11178.975586	235
11183.390625	235
11187.805664	230
11192.220703	232
11196.635742	225
11201.050781	218
11205.465820	217
11209.880859	227
11214.295898	230
11218.710938	228
11223.125977	227
11227.541016	213
11231.956055	212
11236.371094	206
11240.786133	203
11245.201172	212
11249.617188	213
11254.032227	209
11258.447266	203
11262.862305	201
11267.277344	201
11271.692383	203
11276.107422	195
11280.522461	191
11284.937500	190
11289.352539	189
11293.767578	181
11298.182617	175
11302.597656	167
11307.012695	158
11311.427734	146
11315.842773	135
11320.257813	124
11324.672852	112
11329.087891	105
11333.502930	100
11337.917969	89
11342.333008	79
11346.748047	77
11351.163086	76
11355.578125	80
11359.993164	69
11364.409180	66
11368.824219	65
11373.239258	66
11377.654297	63
11382.069336	60
11386.484375	61
11390.899414	53
11395.314453	50
11399.729492	53
11404.144531	54
11408.559570	47
11412.974609	46
11417.389648	41
11421.804688	41
11426.219727	47
11430.634766	45
11435.049805	46
11439.464844	44
11443.879883	39
11448.294922	39
11452.709961	36
11457.125000	34
11461.540039	33
11465.955078	31
11470.370117	30
11474.786133	32
11479.201172	29
11483.616211	26
11488.031250	28
11492.446289	27
11496.861328	23
11501.276367	23
11505.691406	23
11510.106445	18
11514.521484	17
11518.936523	16
11523.351563	13
11527.766602	12
11532.181641	11
11536.596680	9
11541.011719	8
11545.426758	7
11549.841797	6
11554.256836	5
11558.671875	4
11563.086914	4
11567.501953	2
11571.916992	0
11576.332031	0
11580.747070	0
11585.162109	0
11589.578125	0
11593.993164	0
11598.408203	0
11602.823242	0
11607.238281	0
11611.653320	0
11616.068359	0
11620.483398	0
11624.898438	0
11629.313477	0
11633.728516	0
11638.143555	0
11642.558594	0
11646.973633	0
11651.388672	0
11655.803711	0
11660.218750	0
11664.633789	0
11669.048828	0
11673.463867	0
11677.878906	0
11682.293945	0
11686.708984	0
11691.124023	0
11695.539063	0
11699.954102	0
11704.370117	0
11708.785156	0
11713.200195	0
11717.615234	0
11722.030273	0
11726.445313	0
11730.860352	0
11735.275391	0
11739.690430	0
11744.105469	0
11748.520508	0
11752.935547	0
11757.350586	0
11761.765625	0
11766.180664	0
11770.595703	0
11775.010742	0
11779.425781	0
11783.840820	0
11788.255859	0
11792.670898	0
11797.085938	0
11801.500977	0
11805.916016	0
11810.331055	0
11814.747070	0
11819.162109	0
11823.577148	0
11827.992188	0
11832.407227	0
11836.822266	0
11841.237305	0
11845.652344	0
11850.067383	0
11854.482422	0
11858.897461	0
11863.312500	0
11867.727539	0
11872.142578	0
11876.557617	0
11880.972656	0
11885.387695	0
11889.802734	0
11894.217773	0
11898.632813	0
11903.047852	0
11907.462891	0
11911.877930	0
11916.292969	0
11920.708008	0
11925.123047	0
11929.539063	0
11933.954102	0
11938.369141	0
11942.784180	0
11947.199219	0
11951.614258	0
11956.029297	0
11960.444336	0
11964.859375	0
11969.274414	0
11973.689453	0
11978.104492	0
11982.519531	0
11986.934570	0
11991.349609	0
11995.764648	0
12000.179688	0
12004.594727	0
12009.009766	0
12013.424805	0
12017.839844	0
12022.254883	0
12026.669922	0
12031.084961	0
12035.500000	0
12039.916016	0
12044.331055	0
12048.746094	0
12053.161133	0
12057.576172	0
12061.991211	0
12066.406250	0
12070.821289	0
12075.236328	0
12079.651367	0
12084.066406	0
12088.481445	0
12092.896484	0
12097.311523	0
12101.726563	0
12106.141602	0
12110.556641	0
12114.971680	0
12119.386719	0
12123.801758	0
12128.216797	0
12132.631836	0
12137.046875	0
12141.461914	0
12145.876953	0
12150.291992	0
12154.708008	0
12159.123047	0
12163.538086	0
12167.953125	0
12172.368164	0
12176.783203	0
12181.198242	0
12185.613281	0
12190.028320	0
12194.443359	0
12198.858398	0
12203.273438	0
12207.688477	0
12212.103516	0
12216.518555	0
12220.933594	0
12225.348633	0
12229.763672	0
12234.178711	0
12238.593750	0
12243.008789	0
12247.423828	0
12251.838867	0
12256.253906	0
12260.668945	0
12265.083984	0
12269.500000	0
12273.915039	0
12278.330078	0
12282.745117	0
12287.160156	0
12291.575195	0
12295.990234	0
12300.405273	0
12304.820313	0
12309.235352	0
12313.650391	0
12318.065430	0
12322.480469	0
12326.895508	0
12331.310547	0
12335.725586	0
12340.140625	0
12344.555664	0
12348.970703	0
12353.385742	0
12357.800781	0
12362.215820	0
12366.630859	0
12371.045898	0
12375.460938	0
12379.876953	0
12384.291992	0
12388.707031	0
12393.122070	0
12397.537109	0
12401.952148	0
12406.367188	0
12410.782227	0
12415.197266	0
12419.612305	0
12424.027344	0
12428.442383	0
12432.857422	0
12437.272461	0
12441.687500	0
12446.102539	0
12450.517578	0
12454.932617	0
12459.347656	0
12463.762695	0
12468.177734	0
12472.592773	0
12477.007813	0
12481.422852	0
12485.837891	0
12490.252930	0
12494.668945	0
12499.083984	0
12503.499023	0
12507.914063	0
12512.329102	0
12516.744141	0
12521.159180	0
12525.574219	0
12529.989258	0
12534.404297	0
12538.819336	0
12543.234375	0
12547.649414	0
12552.064453	0
12556.479492	0
12560.894531	0
12565.309570	0
12569.724609	0
12574.139648	0
12578.554688	0
12582.969727	0
12587.384766	0
12591.799805	0
12596.214844	0
12600.629883	0
12605.045898	0
12609.460938	0
12613.875977	0
12618.291016	0
12622.706055	0
12627.121094	0
12631.536133	0
12635.951172	0
12640.366211	0
12644.781250	0
12649.196289	0
12653.611328	0
12658.026367	0
12662.441406	0
12666.856445	0
12671.271484	0
12675.686523	0
12680.101563	0
12684.516602	0
12688.931641	0
12693.346680	0
12697.761719	0
12702.176758	0
12706.591797	0
12711.006836	0
12715.421875	0
12719.837891	0
12724.252930	0
12728.667969	0
12733.083008	0
12737.498047	0
12741.913086	0
12746.328125	0
12750.743164	0
12755.158203	0
12759.573242	0
12763.988281	0
12768.403320	0
12772.818359	0
12777.233398	0
12781.648438	0
12786.063477	0
12790.478516	0
12794.893555	0
12799.308594	0
12803.723633	0
12808.138672	0
12812.553711	0
12816.968750	0
12821.383789	0
12825.798828	0
12830.213867	0
12834.629883	0
12839.044922	0
12843.459961	0
12847.875000	0
12852.290039	0
12856.705078	0
12861.120117	0
12865.535156	0
12869.950195	0
12874.365234	0
12878.780273	0
12883.195313	0
12887.610352	0
12892.025391	0
12896.440430	0
12900.855469	0
12905.270508	0
12909.685547	0
12914.100586	0
12918.515625	0
12922.930664	0
12927.345703	0
12931.760742	0
12936.175781	0
12940.590820	0
12945.006836	0
12949.421875	0
12953.836914	0
12958.251953	0
12962.666992	0
12967.082031	0
12971.497070	0
12975.912109	0
12980.327148	0
12984.742188	0
12989.157227	0
12993.572266	0
12997.987305	0
13002.402344	0
13006.817383	0
13011.232422	0
13015.647461	0
13020.062500	0
13024.477539	0
13028.892578	0
13033.307617	0
13037.722656	0
13042.137695	0
13046.552734	0
13050.967773	0
13055.382813	0
13059.798828	0
13064.213867	0
13068.628906	0
13073.043945	0
13077.458984	0
13081.874023	0
13086.289063	0
13090.704102	0
13095.119141	0
13099.534180	0
13103.949219	0
13108.364258	0
13112.779297	0
13117.194336	0
13121.609375	0
13126.024414	0
13130.439453	0
13134.854492	0
13139.269531	0
13143.684570	0
13148.099609	0
13152.514648	0
13156.929688	0
13161.344727	0
13165.759766	0
13170.175781	0
13174.590820	0
13179.005859	0
13183.420898	0
13187.835938	0
13192.250977	0
13196.666016	0
13201.081055	0
13205.496094	0
13209.911133	0
13214.326172	0
13218.741211	0
13223.156250	0
13227.571289	0
13231.986328	0
13236.401367	0
13240.816406	0
13245.231445	0
13249.646484	0
13254.061523	0
13258.476563	0
13262.891602	0
13267.306641	0
13271.721680	0
13276.136719	0
13280.551758	0
13284.967773	0
13289.382813	0
13293.797852	0
13298.212891	0
13302.627930	0
13307.042969	0
13311.458008	0
13315.873047	0
13320.288086	0
13324.703125	0
13329.118164	0
13333.533203	0
13337.948242	0
13342.363281	0
13346.778320	0
13351.193359	0
13355.608398	0
13360.023438	0
13364.438477	0
13368.853516	0
13373.268555	0
13377.683594	0
13382.098633	0
13386.513672	0
13390.928711	0
13395.343750	0
13399.759766	0
13404.174805	0
13408.589844	0
13413.004883	0
13417.419922	0
13421.834961	0
13426.250000	0
13430.665039	0
13435.080078	0
13439.495117	0
13443.910156	0
13448.325195	0
13452.740234	0
13457.155273	0
13461.570313	0
13465.985352	0
13470.400391	0
13474.815430	0
13479.230469	0
13483.645508	0
13488.060547	0
13492.475586	0
13496.890625	0
13501.305664	0
13505.720703	0
13510.136719	0
13514.551758	0
13518.966797	0
