-3702.144775	0
-3697.721680	0
-3693.298340	0
-3688.875244	0
-3684.452148	0
-3680.029053	0
-3675.605957	0
-3671.182861	0
-3666.759766	0
-3662.336670	0
-3657.913574	0
-3653.490479	0
-3649.067383	0
-3644.644287	0
-3640.221191	0
-3635.798096	0
-3631.375000	0
-3626.951660	0
-3622.528564	0
-3618.105469	0
-3613.682373	0
-3609.259277	0
-3604.836182	0
-3600.413086	0
-3595.989990	0
-3591.566895	0
-3587.143799	0
-3582.720703	0
-3578.297607	0
-3573.874512	0
-3569.451416	0
-3565.028320	0
-3560.604980	0
-3556.181885	0
-3551.758789	0
-3547.335693	0
-3542.912598	0
-3538.489502	0
-3534.066406	0
-3529.643311	0
-3525.220215	0
-3520.797119	0
-3516.374023	0
-3511.950928	0
-3507.527832	0
-3503.104736	0
-3498.681641	0
-3494.258301	0
-3489.835205	0
-3485.412109	0
-3480.989014	0
-3476.565918	0
-3472.142822	0
-3467.719727	0
-3463.296631	0
-3458.873535	0
-3454.450439	0
-3450.027344	0
-3445.604248	0
-3441.181152	0
-3436.758057	0
-3432.334961	0
-3427.911621	0
-3423.488525	0
-3419.065430	0
-3414.642334	0
-3410.219238	0
-3405.796143	0
-3401.373047	0
-3396.949951	0
-3392.526855	0
-3388.103760	0
-3383.680664	0
-3379.257568	0
-3374.834473	0
-3370.411377	0
-3365.988281	0
-3361.564941	0
-3357.141846	0
-3352.718750	0
-3348.295654	0
-3343.872559	0
-3339.449463	0
-3335.026367	0
-3330.603271	0
-3326.180176	0
-3321.757080	0
-3317.333984	0
-3312.910889	0
-3308.487793	0
-3304.064697	0
-3299.641602	0
-3295.218262	0
-3290.795166	0
-3286.372070	0
-3281.948975	0
-3277.525879	0
-3273.102783	0
-3268.679688	0
-3264.256592	0
-3259.833496	0
-3255.410400	0
-3250.987305	0
-3246.564209	0
-3242.141113	0
-3237.718018	0
-3233.294922	0
-3228.871582	0
-3224.448486	0
-3220.025391	0
-3215.602295	0
-3211.179199	2
-3206.756104	2
-3202.333008	9
-3197.909912	10
-3193.486816	8
-3189.063721	11
-3184.640625	17
-3180.217529	19
-3175.794434	11
-3171.371338	15
-3166.948242	16
-3162.524902	20
-3158.101807	26
-3153.678711	28
-3149.255615	30
-3144.832520	34
-3140.409424	35
-3135.986328	40
-3131.563232	38
-3127.140137	35
-3122.717041	39
-3118.293945	44
-3113.870850	39
-3109.447754	39
-3105.024658	38
-3100.601563	38
-3096.178223	44
-3091.755127	51
-3087.332031	50
-3082.908936	57
-3078.485840	62
-3074.062744	68
-3069.639648	68
-3065.216553	66
-3060.793457	61
-3056.370361	63
-3051.947266	71
-3047.524170	63
-3043.101074	69
-3038.677979	68
-3034.254883	75
-3029.831787	72
-3025.408447	62
-3020.985352	68
-3016.562256	81
-3012.139160	93
-3007.716064	102
-3003.292969	94
-2998.869873	91
-2994.446777	93
-2990.023682	87
-2985.600586	90
-2981.177490	95
-2976.754395	83
-2972.331299	94
-2967.908203	106
-2963.485107	110
-2959.061768	101
-2954.638672	90
-2950.215576	78
-2945.792480	90
-2941.369385	94
-2936.946289	102
-2932.523193	113
-2928.100098	117
-2923.677002	127
-2919.253906	120
-2914.830811	125
-2910.407715	111
-2905.984619	110
-2901.561523	125
-2897.138428	125
-2892.715088	118
-2888.291992	128
-2883.868896	133
-2879.445801	131
-2875.022705	138
-2870.599609	135
-2866.176514	145
-2861.753418	145
-2857.330322	146
-2852.907227	144
-2848.484131	150
-2844.061035	144
-2839.637939	125
-2835.214844	143
-2830.791748	148
-2826.368408	150
-2821.945313	160
-2817.522217	154
-2813.099121	150
-2808.676025	151
-2804.252930	156
-2799.829834	171
-2795.406738	171
-2790.983643	171
-2786.560547	155
-2782.137451	166
-2777.714355	169
-2773.291260	170
-2768.868164	177
-2764.445068	178
-2760.021729	184
-2755.598633	183
-2751.175537	175
-2746.752441	179
-2742.329346	181
-2737.906250	188
-2733.483154	204
-2729.060059	198
-2724.636963	205
-2720.213867	211
-2715.790771	202
-2711.367676	215
-2706.944580	207
-2702.521484	188
-2698.098389	202
-2693.675049	198
-2689.251953	180
-2684.828857	205
-2680.405762	218
-2675.982666	216
-2671.559570	209
-2667.136475	215
-2662.713379	220
-2658.290283	214
-2653.867188	218
-2649.444092	231
-2645.020996	235
-2640.597900	215
-2636.174805	219
-2631.751709	231
-2627.328369	241
-2622.905273	226
-2618.482178	216
-2614.059082	234
-2609.635986	257
-2605.212891	231
-2600.789795	233
-2596.366699	229
-2591.943604	237
-2587.520508	246
-2583.097412	256
-2578.674316	243
-2574.251221	253
-2569.828125	261
-2565.405029	258
-2560.981689	256
-2556.558594	272
-2552.135498	275
-2547.712402	255
-2543.289307	248
-2538.866211	267
-2534.443115	280
-2530.020020	262
-2525.596924	264
-2521.173828	270
-2516.750732	289
-2512.327637	288
-2507.904541	284
-2503.481445	293
-2499.058350	281
-2494.635010	293
-2490.211914	309
-2485.788818	316
-2481.365723	312
-2476.942627	298
-2472.519531	318
-2468.096436	285
-2463.673340	280
-2459.250244	298
-2454.827148	278
-2450.404053	281
-2445.980957	303
-2441.557861	304
-2437.134766	291
-2432.711670	299
-2428.288330	302
-2423.865234	315
-2419.442139	325
-2415.019043	305
-2410.595947	307
-2406.172852	325
-2401.749756	341
-2397.326660	338
-2392.903564	338
-2388.480469	331
-2384.057373	320
-2379.634277	329
-2375.211182	325
-2370.788086	338
-2366.364990	331
-2361.941650	341
-2357.518555	339
-2353.095459	332
-2348.672363	332
-2344.249268	340
-2339.826172	327
-2335.403076	309
-2330.979980	314
-2326.556885	318
-2322.133789	334
-2317.710693	334
-2313.287598	331
-2308.864502	350
-2304.441406	351
-2300.018311	348
-2295.594971	349
-2291.171875	383
-2286.748779	400
-2282.325684	356
-2277.902588	341
-2273.479492	361
-2269.056396	360
-2264.633301	357
-2260.210205	383
-2255.787109	394
-2251.364014	405
-2246.940918	400
-2242.517822	381
-2238.094727	383
-2233.671631	388
-2229.248291	400
-2224.825195	382
-2220.402100	377
-2215.979004	370
-2211.555908	374
-2207.132813	357
-2202.709717	380
-2198.286621	413
-2193.863525	421
-2189.440430	417
-2185.017334	410
-2180.594238	400
-2176.171143	410
-2171.748047	427
-2167.324951	428
-2162.901611	410
-2158.478516	391
-2154.055420	428
-2149.632324	456
-2145.209229	428
-2140.786133	421
-2136.363037	445
-2131.939941	460
-2127.516846	444
-2123.093750	445
-2118.670654	426
-2114.247559	450
-2109.824463	460
-2105.401367	467
-2100.978271	461
-2096.554932	436
-2092.131836	438
-2087.708740	464
-2083.285645	454
-2078.862549	454
-2074.439453	456
-2070.016357	420
-2065.593262	430
-2061.170166	467
-2056.747070	449
-2052.323975	449
-2047.900879	460
-2043.477661	456
-2039.054565	450
-2034.631470	454
-2030.208374	483
-2025.785278	480
-2021.362183	445
-2016.939087	456
-2012.515869	458
-2008.092773	438
-2003.669678	464
-1999.246582	482
-1994.823486	518
-1990.400391	506
-1985.977295	501
-1981.554199	511
-1977.130981	502
-1972.707886	499
-1968.284790	495
-1963.861694	488
-1959.438599	473
-1955.015503	481
-1950.592407	480
-1946.169189	490
-1941.746094	468
-1937.322998	474
-1932.899902	465
-1928.476807	476
-1924.053711	474
-1919.630615	466
-1915.207520	458
-1910.784302	465
-1906.361206	478
-1901.938110	453
-1897.515015	439
-1893.091919	476
-1888.668823	505
-1884.245728	470
-1879.822510	467
-1875.399414	496
-1870.976318	493
-1866.553223	489
-1862.130127	468
-1857.707031	489
-1853.283936	497
-1848.860840	497
-1844.437622	490
-1840.014526	458
-1835.591431	460
-1831.168335	481
-1826.745239	490
-1822.322144	484
-1817.899048	492
-1813.475830	474
-1809.052734	467
-1804.629639	475
-1800.206543	468
-1795.783447	461
-1791.360352	482
-1786.937256	467
-1782.514160	452
-1778.090942	446
-1773.667847	448
-1769.244751	455
-1764.821655	473
-1760.398560	477
-1755.975464	490
-1751.552368	474
-1747.129150	497
-1742.706055	473
-1738.282959	478
-1733.859863	471
-1729.436768	462
-1725.013672	468
-1720.590576	490
-1716.167480	485
-1711.744263	462
-1707.321167	440
-1702.898071	454
-1698.474976	479
-1694.051880	480
-1689.628784	470
-1685.205688	468
-1680.782471	455
-1676.359375	486
-1671.936279	479
-1667.513184	474
-1663.090088	461
-1658.666992	468
-1654.243896	459
-1649.820801	488
-1645.397583	484
-1640.974487	473
-1636.551392	474
-1632.128296	469
-1627.705200	458
-1623.282104	474
-1618.859009	510
-1614.435791	502
-1610.012695	493
-1605.589600	485
-1601.166504	485
-1596.743408	498
-1592.320313	504
-1587.897217	482
-1583.474121	485
-1579.050903	498
-1574.627808	483
-1570.204712	485
-1565.781616	485
-1561.358521	480
-1556.935425	487
-1552.512329	507
-1548.089111	503
-1543.666016	482
-1539.242920	481
-1534.819824	487
-1530.396729	467
-1525.973633	482
-1521.550537	506
-1517.127441	496
-1512.704224	485
-1508.281128	477
-1503.858032	491
-1499.434937	504
-1495.011841	482
-1490.588745	464
-1486.165649	478
-1481.742554	500
-1477.319336	464
-1472.896240	465
-1468.473145	463
-1464.050049	484
-1459.626953	498
-1455.203857	498
-1450.780762	477
-1446.357544	480
-1441.934448	481
-1437.511353	483
-1433.088257	472
-1428.665161	493
-1424.242065	471
-1419.818970	444
-1415.395874	453
-1410.972656	474
-1406.549561	503
-1402.126465	498
-1397.703369	479
-1393.280273	462
-1388.857178	493
-1384.434082	498
-1380.010864	509
-1375.587769	497
-1371.164673	506
-1366.741577	502
-1362.318481	500
-1357.895386	520
-1353.472290	519
-1349.049194	490
-1344.625977	489
-1340.202881	493
-1335.779785	466
-1331.356689	481
-1326.933594	478
-1322.510498	463
-1318.087402	500
-1313.664185	493
-1309.241089	475
-1304.817993	486
-1300.394897	501
-1295.971802	515
-1291.548706	499
-1287.125610	463
-1282.702515	459
-1278.279297	483
-1273.856201	483
-1269.433105	506
-1265.010010	492
-1260.586914	486
-1256.163818	480
-1251.740723	497
-1247.317505	504
-1242.894409	484
-1238.471313	465
-1234.048218	442
-1229.625122	441
-1225.202026	457
-1220.778931	470
-1216.355835	480
-1211.932617	481
-1207.509521	477
-1203.086426	482
-1198.663330	514
-1194.240234	527
-1189.817139	510
-1185.394043	483
-1180.970825	483
-1176.547729	483
-1172.124634	501
-1167.701538	464
-1163.278442	451
-1158.855347	454
-1154.432251	477
-1150.009155	492
-1145.585938	493
-1141.162842	483
-1136.739746	473
-1132.316650	487
-1127.893555	488
-1123.470459	491
-1119.047363	493
-1114.624146	482
-1110.201050	476
-1105.777954	470
-1101.354858	466
-1096.931763	488
-1092.508667	484
-1088.085571	473
-1083.662476	506
-1079.239258	493
-1074.816162	478
-1070.393066	482
-1065.969971	480
-1061.546875	502
-1057.123779	491
-1052.700684	473
-1048.277466	479
-1043.854370	503
-1039.431274	483
-1035.008179	474
-1030.585083	491
-1026.161987	493
-1021.738831	481
-1017.315735	471
-1012.892639	476
-1008.469543	497
-1004.046387	488
-999.623291	500
-995.200195	494
-990.777100	503
-986.353943	501
-981.930847	470
-977.507751	454
-973.084595	473
-968.661499	481
-964.238403	511
-959.815308	477
-955.392151	468
-950.969055	475
-946.545959	472
-942.122864	484
-937.699707	483
-933.276611	489
-928.853516	492
-924.430420	464
-920.007263	453
-915.584167	460
-911.161072	470
-906.737915	481
-902.314819	517
-897.891724	519
-893.468628	498
-889.045471	494
-884.622375	480
-880.199280	447
-875.776184	474
-871.353027	484
-866.929932	499
-862.506836	505
-858.083740	482
-853.660583	457
-849.237488	475
-844.814392	491
-840.391235	478
-835.968140	465
-831.545044	495
-827.121948	504
-822.698792	512
-818.275696	488
-813.852600	469
-809.429504	464
-805.006348	456
-800.583252	484
-796.160156	486
-791.737061	489
-787.313904	478
-782.890808	496
-778.467712	484
-774.044556	507
-769.621460	484
-765.198364	484
-760.775269	484
-756.352112	482
-751.929016	482
-747.505920	477
-743.082825	459
-738.659668	469
-734.236572	488
-729.813477	480
-725.390381	505
-720.967224	521
-716.544128	499
-712.121033	481
-707.697937	517
-703.274780	517
-698.851685	508
-694.428589	488
-690.005432	475
-685.582336	478
-681.159241	475
-676.736145	495
-672.312988	495
-667.889893	483
-663.466797	483
-659.043701	500
-654.620544	488
-650.197449	465
-645.774353	492
-641.351257	506
-636.928101	468
-632.505005	458
-628.081909	447
-623.658752	464
-619.235657	474
-614.812561	490
-610.389465	508
-605.966309	477
-601.543213	479
-597.120117	511
-592.697021	510
-588.273865	508
-583.850769	502
-579.427673	489
-575.004578	495
-570.581421	506
-566.158325	486
-561.735229	483
-557.312073	458
-552.888977	479
-548.465881	501
-544.042786	518
-539.619629	511
-535.196533	511
-530.773438	504
-526.350342	477
-521.927185	481
-517.504089	515
-513.080994	514
-508.657867	495
-504.234772	467
-499.811646	474
-495.388550	473
-490.965424	467
-486.542297	468
-482.119202	470
-477.696075	467
-473.272980	477
-468.849854	497
-464.426758	515
-460.003632	509
-455.580536	509
-451.157410	501
-446.734314	511
-442.311188	509
-437.888092	508
-433.464966	488
-429.041870	489
-424.618744	502
-420.195618	485
-415.772522	480
-411.349396	492
-406.926300	509
-402.503174	478
-398.080078	485
-393.656952	512
-389.233856	503
-384.810730	501
-380.387634	508
-375.964508	492
-371.541412	480
-367.118286	484
-362.695190	487
-358.272064	475
-353.848969	462
-349.425842	499
-345.002716	501
-340.579620	487
-336.156494	523
-331.733398	504
-327.310272	504
-322.887177	503
-318.464050	479
-314.040955	475
-309.617828	500
-305.194733	511
-300.771606	509
-296.348511	482
-291.925385	502
-287.502289	529
-283.079163	529
-278.656036	508
-274.232941	514
-269.809814	486
-265.386719	491
-260.963593	502
-256.540497	505
-252.117386	494
-247.694275	513
-243.271149	517
-238.848038	502
-234.424927	479
-230.001816	496
-225.578705	500
-221.155594	508
-216.732483	536
-212.309372	518
-207.886261	517
-203.463150	512
-199.040039	528
-194.616928	527
-190.193817	550
-185.770706	520
-181.347595	499
-176.924484	511
-172.501358	507
-168.078247	497
-163.655136	515
-159.232025	531
-154.808914	549
-150.385803	557
-145.962692	561
-141.539581	597
-137.116470	603
-132.693359	588
-128.270248	594
-123.847137	635
-119.424019	636
-115.000908	627
-110.577797	673
-106.154686	728
-101.731575	737
-97.308464	741
-92.885353	764
-88.462242	850
-84.039124	938
-79.616013	1003
-75.192902	1092
-70.769791	1198
-66.346680	1365
-61.923569	1526
-57.500454	1895
-53.077343	2277
-48.654232	2779
-44.231121	3547
-39.808006	4392
-35.384895	5203
-30.961784	5897
-26.538671	6330
-22.115561	6734
-17.692448	6966
-13.269336	7083
-8.846224	7056
-4.423112	7062
0.000000	7102
4.423112	6965
8.846224	6824
13.269336	6711
17.692448	6551
22.115561	6385
26.538671	6238
30.961784	6008
35.384895	5655
39.808006	5214
44.231121	4666
48.654232	3882
53.077343	3134
57.500454	2556
61.923569	2092
66.346680	1796
70.769791	1555
75.192902	1335
79.616013	1234
84.039124	1065
88.462242	999
92.885353	957
97.308464	847
101.731575	784
106.154686	762
110.577797	699
115.000908	689
119.424019	662
123.847137	661
128.270248	678
132.693359	619
137.116470	592
141.539581	573
145.962692	562
150.385803	592
154.808914	547
159.232025	511
163.655136	511
168.078247	535
172.501358	541
176.924484	566
181.347595	576
185.770706	562
190.193817	531
194.616928	547
199.040039	522
203.463150	506
207.886261	487
212.309372	485
216.732483	517
221.155594	534
225.578705	519
230.001816	516
234.424927	502
238.848038	513
243.271149	545
247.694275	527
252.117386	517
256.540497	519
260.963593	533
265.386719	550
269.809814	507
274.232941	479
278.656036	488
283.079163	482
287.502289	493
291.925385	507
296.348511	490
300.771606	503
305.194733	473
309.617828	473
314.040955	522
318.464050	516
322.887177	507
327.310272	487
331.733398	476
336.156494	504
340.579620	486
345.002716	467
349.425842	481
353.848969	474
358.272064	508
362.695190	536
367.118286	514
371.541412	503
375.964508	508
380.387634	507
384.810730	519
389.233856	506
393.656952	476
398.080078	464
402.503174	476
406.926300	505
411.349396	539
415.772522	514
420.195618	479
424.618744	475
429.041870	493
433.464966	483
437.888092	485
442.311188	483
446.734314	491
451.157410	505
455.580536	481
460.003632	480
464.426758	495
468.849854	500
473.272980	493
477.696075	498
482.119202	475
486.542297	504
490.965424	498
495.388550	494
499.811646	488
504.234772	463
508.657867	473
513.080994	496
517.504089	514
521.927185	503
526.350342	485
530.773438	480
535.196533	465
539.619629	493
544.042786	514
548.465881	521
552.888977	510
557.312073	474
561.735229	497
566.158325	527
570.581421	519
575.004578	517
579.427673	503
583.850769	469
588.273865	483
592.697021	507
597.120117	516
601.543213	504
605.966309	512
610.389465	484
614.812561	484
619.235657	503
623.658752	486
628.081909	500
632.505005	492
636.928101	513
641.351257	520
645.774353	499
650.197449	487
654.620544	485
659.043701	467
663.466797	463
667.889893	481
672.312988	495
676.736145	494
681.159241	504
685.582336	496
690.005432	490
694.428589	505
698.851685	477
703.274780	491
707.697937	499
712.121033	487
716.544128	495
720.967224	487
725.390381	479
729.813477	497
734.236572	510
738.659668	497
743.082825	497
747.505920	507
751.929016	509
756.352112	499
760.775269	479
765.198364	465
769.621460	479
774.044556	490
778.467712	489
782.890808	479
787.313904	499
791.737061	528
796.160156	539
800.583252	499
805.006348	464
809.429504	481
813.852600	476
818.275696	480
822.698792	493
827.121948	477
831.545044	459
835.968140	456
840.391235	494
844.814392	515
849.237488	517
853.660583	505
858.083740	460
862.506836	474
866.929932	482
871.353027	525
875.776184	511
880.199280	483
884.622375	492
889.045471	514
893.468628	519
897.891724	491
902.314819	499
906.737915	511
911.161072	522
915.584167	495
920.007263	507
924.430420	486
928.853516	500
933.276611	487
937.699707	461
942.122864	503
946.545959	516
950.969055	494
955.392151	519
959.815308	522
964.238403	511
968.661499	499
973.084595	490
977.507751	477
981.930847	488
986.353943	470
990.777100	483
995.200195	478
999.623291	462
1004.046387	486
1008.469543	502
1012.892639	502
1017.315735	519
1021.738831	518
1026.161987	534
1030.585083	525
1035.008179	497
1039.431274	509
1043.854370	541
1048.277466	538
1052.700684	506
1057.123779	489
1061.546875	501
1065.969971	490
1070.393066	469
1074.816162	490
1079.239258	488
1083.662476	488
1088.085571	484
1092.508667	505
1096.931763	500
1101.354858	502
1105.777954	493
1110.201050	487
1114.624146	473
1119.047363	511
1123.470459	505
1127.893555	500
1132.316650	520
1136.739746	502
1141.162842	457
1145.585938	484
1150.009155	524
1154.432251	528
1158.855347	518
1163.278442	490
1167.701538	487
1172.124634	476
1176.547729	474
1180.970825	471
1185.394043	479
1189.817139	523
1194.240234	532
1198.663330	502
1203.086426	476
1207.509521	480
1211.932617	473
1216.355835	490
1220.778931	493
1225.202026	502
1229.625122	480
1234.048218	471
1238.471313	478
1242.894409	495
1247.317505	508
1251.740723	532
1256.163818	515
1260.586914	502
1265.010010	496
1269.433105	491
1273.856201	469
1278.279297	504
1282.702515	490
1287.125610	481
1291.548706	490
1295.971802	498
1300.394897	509
1304.817993	498
1309.241089	490
1313.664185	479
1318.087402	502
1322.510498	486
1326.933594	494
1331.356689	477
1335.779785	489
1340.202881	494
1344.625977	479
1349.049194	492
1353.472290	498
1357.895386	493
1362.318481	509
1366.741577	516
1371.164673	484
1375.587769	496
1380.010864	509
1384.434082	515
1388.857178	515
1393.280273	488
1397.703369	495
1402.126465	497
1406.549561	492
1410.972656	488
1415.395874	490
1419.818970	496
1424.242065	474
1428.665161	480
1433.088257	484
1437.511353	487
1441.934448	516
1446.357544	495
1450.780762	469
1455.203857	469
1459.626953	479
1464.050049	483
1468.473145	496
1472.896240	509
1477.319336	513
1481.742554	509
1486.165649	512
1490.588745	510
1495.011841	490
1499.434937	481
1503.858032	504
1508.281128	494
1512.704224	498
1517.127441	492
1521.550537	464
1525.973633	470
1530.396729	508
1534.819824	522
1539.242920	520
1543.666016	522
1548.089111	494
1552.512329	482
1556.935425	474
1561.358521	468
1565.781616	500
1570.204712	508
1574.627808	503
1579.050903	516
1583.474121	494
1587.897217	487
1592.320313	497
1596.743408	495
1601.166504	522
1605.589600	534
1610.012695	515
1614.435791	500
1618.859009	501
1623.282104	502
1627.705200	514
1632.128296	510
1636.551392	513
1640.974487	503
1645.397583	509
1649.820801	521
1654.243896	510
1658.666992	504
1663.090088	510
1667.513184	523
1671.936279	530
1676.359375	529
1680.782471	525
1685.205688	501
1689.628784	488
1694.051880	494
1698.474976	500
1702.898071	481
1707.321167	467
1711.744263	474
1716.167480	492
1720.590576	492
1725.013672	488
1729.436768	510
1733.859863	508
1738.282959	508
1742.706055	504
1747.129150	494
1751.552368	492
1755.975464	493
1760.398560	497
1764.821655	488
1769.244751	512
1773.667847	523
1778.090942	499
1782.514160	497
1786.937256	477
1791.360352	490
1795.783447	497
1800.206543	489
1804.629639	510
1809.052734	495
1813.475830	471
1817.899048	463
1822.322144	480
1826.745239	482
1831.168335	499
1835.591431	508
1840.014526	514
1844.437622	511
1848.860840	510
1853.283936	494
1857.707031	496
1862.130127	515
1866.553223	518
1870.976318	521
1875.399414	522
1879.822510	527
1884.245728	539
1888.668823	536
1893.091919	516
1897.515015	517
1901.938110	487
1906.361206	479
1910.784302	481
1915.207520	518
1919.630615	506
1924.053711	497
1928.476807	483
1932.899902	488
1937.322998	492
1941.746094	473
1946.169189	470
1950.592407	475
1955.015503	477
1959.438599	470
1963.861694	500
1968.284790	521
1972.707886	520
1977.130981	523
1981.554199	535
1985.977295	508
1990.400391	501
1994.823486	505
1999.246582	527
2003.669678	512
2008.092773	487
2012.515869	483
2016.939087	500
2021.362183	511
2025.785278	521
2030.208374	515
2034.631470	480
2039.054565	477
2043.477661	497
2047.900879	513
2052.323975	502
2056.747070	491
2061.170166	490
2065.593262	509
2070.016357	513
2074.439453	508
2078.862549	487
2083.285645	470
2087.708740	504
2092.131836	534
2096.554932	527
2100.978271	503
2105.401367	504
2109.824463	519
2114.247559	492
2118.670654	492
2123.093750	471
2127.516846	487
2131.939941	493
2136.363037	473
2140.786133	503
2145.209229	527
2149.632324	517
2154.055420	522
2158.478516	506
2162.901611	512
2167.324951	511
2171.748047	512
2176.171143	531
2180.594238	530
2185.017334	510
2189.440430	499
2193.863525	503
2198.286621	513
2202.709717	508
2207.132813	495
2211.555908	476
2215.979004	462
2220.402100	458
2224.825195	468
2229.248291	475
2233.671631	469
2238.094727	481
2242.517822	500
2246.940918	503
2251.364014	504
2255.787109	496
2260.210205	516
2264.633301	510
2269.056396	521
2273.479492	548
2277.902588	542
2282.325684	531
2286.748779	485
2291.171875	472
2295.594971	517
2300.018311	541
2304.441406	511
2308.864502	500
2313.287598	512
2317.710693	535
2322.133789	500
2326.556885	479
2330.979980	472
2335.403076	481
2339.826172	504
2344.249268	517
2348.672363	499
2353.095459	497
2357.518555	512
2361.941650	516
2366.364990	529
2370.788086	510
2375.211182	507
2379.634277	486
2384.057373	496
2388.480469	492
2392.903564	488
2397.326660	478
2401.749756	468
2406.172852	496
2410.595947	502
2415.019043	509
2419.442139	518
2423.865234	535
2428.288330	506
2432.711670	513
2437.134766	500
2441.557861	493
2445.980957	500
2450.404053	486
2454.827148	506
2459.250244	521
2463.673340	500
2468.096436	502
2472.519531	535
2476.942627	520
2481.365723	509
2485.788818	559
2490.211914	540
2494.635010	495
2499.058350	503
2503.481445	521
2507.904541	512
2512.327637	502
2516.750732	511
2521.173828	507
2525.596924	536
2530.020020	537
2534.443115	526
2538.866211	523
2543.289307	531
2547.712402	525
2552.135498	495
2556.558594	512
2560.981689	532
2565.405029	542
2569.828125	530
2574.251221	519
2578.674316	474
2583.097412	484
2587.520508	500
2591.943604	498
2596.366699	506
2600.789795	505
2605.212891	513
2609.635986	521
2614.059082	508
2618.482178	474
2622.905273	505
2627.328369	518
2631.751709	498
2636.174805	506
2640.597900	497
2645.020996	509
2649.444092	502
2653.867188	508
2658.290283	513
2662.713379	512
2667.136475	533
2671.559570	538
2675.982666	530
2680.405762	515
2684.828857	519
2689.251953	503
2693.675049	467
2698.098389	472
2702.521484	466
2706.944580	495
2711.367676	492
2715.790771	499
2720.213867	523
2724.636963	489
2729.060059	485
2733.483154	513
2737.906250	533
2742.329346	515
2746.752441	500
2751.175537	519
2755.598633	496
2760.021729	477
2764.445068	486
2768.868164	511
2773.291260	514
2777.714355	534
2782.137451	536
2786.560547	530
2790.983643	508
2795.406738	488
2799.829834	488
2804.252930	532
2808.676025	533
2813.099121	547
2817.522217	523
2821.945313	485
2826.368408	499
2830.791748	535
2835.214844	523
2839.637939	503
2844.061035	516
2848.484131	495
2852.907227	497
2857.330322	506
2861.753418	525
2866.176514	513
2870.599609	512
2875.022705	531
2879.445801	510
2883.868896	502
2888.291992	536
2892.715088	564
2897.138428	542
2901.561523	517
2905.984619	510
2910.407715	498
2914.830811	469
2919.253906	478
2923.677002	491
2928.100098	491
2932.523193	499
2936.946289	487
2941.369385	486
2945.792480	492
2950.215576	511
2954.638672	531
2959.061768	533
2963.485107	503
2967.908203	520
2972.331299	501
2976.754395	490
2981.177490	500
2985.600586	509
2990.023682	489
2994.446777	511
2998.869873	520
3003.292969	511
3007.716064	539
3012.139160	525
3016.562256	509
3020.985352	504
3025.408447	490
3029.831787	487
3034.254883	484
3038.677979	474
3043.101074	494
3047.524170	524
3051.947266	524
3056.370361	507
3060.793457	501
3065.216553	505
3069.639648	496
3074.062744	505
3078.485840	498
3082.908936	505
3087.332031	513
3091.755127	507
3096.178223	501
3100.601563	512
3105.024658	510
3109.447754	520
3113.870850	528
3118.293945	506
3122.717041	510
3127.140137	513
3131.563232	537
3135.986328	537
3140.409424	495
3144.832520	484
3149.255615	520
3153.678711	563
3158.101807	532
3162.524902	514
3166.948242	520
3171.371338	507
3175.794434	496
3180.217529	492
3184.640625	535
3189.063721	549
3193.486816	532
3197.909912	552
3202.333008	550
3206.756104	548
3211.179199	529
3215.602295	517
3220.025391	511
3224.448486	529
3228.871582	541
3233.294922	527
3237.718018	502
3242.141113	508
3246.564209	510
3250.987305	519
3255.410400	512
3259.833496	512
3264.256592	541
3268.679688	540
3273.102783	527
3277.525879	530
3281.948975	531
3286.372070	499
3290.795166	500
3295.218262	497
3299.641602	509
3304.064697	520
3308.487793	527
3312.910889	528
3317.333984	508
3321.757080	499
3326.180176	523
3330.603271	534
3335.026367	517
3339.449463	509
3343.872559	542
3348.295654	545
3352.718750	502
3357.141846	504
3361.564941	518
3365.988281	525
3370.411377	514
3374.834473	502
3379.257568	513
3383.680664	508
3388.103760	523
3392.526855	529
3396.949951	521
3401.373047	530
3405.796143	531
3410.219238	516
3414.642334	484
3419.065430	475
3423.488525	491
3427.911621	501
3432.334961	549
3436.758057	548
3441.181152	536
3445.604248	530
3450.027344	526
3454.450439	499
3458.873535	531
3463.296631	550
3467.719727	535
3472.142822	521
3476.565918	502
3480.989014	496
3485.412109	510
3489.835205	526
3494.258301	559
3498.681641	540
3503.104736	538
3507.527832	535
3511.950928	558
3516.374023	584
3520.797119	574
3525.220215	572
3529.643311	542
3534.066406	556
3538.489502	560
3542.912598	564
3547.335693	564
3551.758789	574
3556.181885	573
3560.604980	564
3565.028320	547
3569.451416	572
3573.874512	606
3578.297607	590
3582.720703	595
3587.143799	619
3591.566895	589
3595.989990	564
3600.413086	585
3604.836182	593
3609.259277	574
3613.682373	596
3618.105469	597
3622.528564	573
3626.951660	617
3631.375000	618
3635.798096	645
3640.221191	653
3644.644287	651
3649.067383	705
3653.490479	735
3657.913574	689
3662.336670	684
3666.759766	733
3671.182861	766
3675.605957	721
3680.029053	718
3684.452148	754
3688.875244	705
3693.298340	680
3697.721680	744
3702.144775	819
3706.567871	809
3710.990967	813
3715.414063	884
3719.837158	941
3724.260254	937
3728.683350	901
3733.106445	959
3737.529541	1033
3741.952637	1027
3746.375732	1009
3750.798828	1071
3755.221924	1084
3759.645020	1086
3764.068359	1141
3768.491455	1159
3772.914551	1213
3777.337646	1219
3781.760742	1276
3786.183838	1315
3790.606934	1303
3795.030029	1389
3799.453125	1512
3803.876221	1551
3808.299316	1557
3812.722412	1611
3817.145508	1645
3821.568604	1657
3825.991699	1729
3830.415039	1806
3834.838135	1821
3839.261230	1878
3843.684326	1996
3848.107422	2028
3852.530518	2101
3856.953613	2181
3861.376709	2142
3865.799805	2170
3870.222900	2263
3874.645996	2263
3879.069092	2300
3883.492188	2356
3887.915283	2446
3892.338379	2476
3896.761719	2549
3901.184814	2600
3905.607910	2630
3910.031006	2599
3914.454102	2640
3918.877197	2693
3923.300293	2758
3927.723389	2800
3932.146484	2686
3936.569580	2615
3940.992676	2594
3945.415771	2646
3949.838867	2677
3954.261963	2707
3958.685059	2792
3963.108398	2797
3967.531494	2766
3971.954590	2846
3976.377686	2847
3980.800781	2812
3985.223877	2857
3989.646973	2935
3994.070068	2974
3998.493164	2970
4002.916260	2890
4007.339355	2881
4011.762451	2930
4016.185547	3001
4020.608643	2965
4025.031738	2918
4029.455078	2904
4033.878174	2927
4038.301270	2994
4042.724365	2970
4047.147461	2933
4051.570557	2897
4055.993652	2810
4060.416748	2793
4064.839844	2837
4069.262939	2789
4073.686035	2788
4078.109131	2742
4082.532227	2727
4086.955322	2695
4091.378418	2677
4095.801758	2660
4100.224609	2682
4104.647949	2759
4109.070801	2778
4113.494141	2765
4117.916992	2753
4122.340332	2760
4126.763184	2690
4131.186523	2754
4135.609863	2865
4140.032715	2798
4144.456055	2826
4148.878906	2846
4153.302246	2815
4157.725098	2757
4162.148438	2689
4166.571289	2639
4170.994629	2683
4175.417480	2737
4179.840820	2780
4184.263672	2743
4188.687012	2646
4193.109863	2635
4197.533203	2672
4201.956543	2658
4206.379395	2625
4210.802734	2598
4215.225586	2621
4219.648926	2614
4224.071777	2631
4228.495117	2610
4232.917969	2608
4237.341309	2646
4241.764160	2685
4246.187500	2664
4250.610352	2590
4255.033691	2488
4259.456543	2476
4263.879883	2516
4268.303223	2531
4272.726074	2504
4277.149414	2440
4281.572266	2451
4285.995605	2497
4290.418457	2507
4294.841797	2535
4299.264648	2538
4303.687988	2460
4308.110840	2437
4312.534180	2391
4316.957031	2390
4321.380371	2365
4325.803223	2353
4330.226563	2349
4334.649902	2344
4339.072754	2350
4343.496094	2394
4347.918945	2411
4352.342285	2363
4356.765137	2394
4361.188477	2419
4365.611328	2412
4370.034668	2436
4374.457520	2482
4378.880859	2482
4383.303711	2491
4387.727051	2516
4392.149902	2534
4396.573242	2549
4400.996582	2528
4405.419434	2520
4409.842773	2526
4414.265625	2526
4418.688965	2532
4423.111816	2554
4427.535156	2504
4431.958008	2544
4436.381348	2586
4440.804199	2559
4445.227539	2496
4449.650391	2477
4454.073730	2496
4458.496582	2480
4462.919922	2495
4467.343262	2520
4471.766113	2460
4476.189453	2397
4480.612305	2335
4485.035645	2417
4489.458496	2475
4493.881836	2431
4498.304688	2397
4502.728027	2405
4507.150879	2458
4511.574219	2469
4515.997070	2431
4520.420410	2395
4524.843262	2363
4529.266602	2435
4533.689941	2419
4538.112793	2395
4542.536133	2473
4546.958984	2451
4551.382324	2408
4555.805176	2455
4560.228516	2419
4564.651367	2416
4569.074707	2451
4573.497559	2480
4577.920898	2430
4582.343750	2425
4586.767090	2414
4591.189941	2397
4595.613281	2409
4600.036621	2412
4604.459473	2470
4608.882813	2514
4613.305664	2504
4617.729004	2465
4622.151855	2532
4626.575195	2567
4630.998047	2576
4635.421387	2633
4639.844238	2679
4644.267578	2685
4648.690430	2649
4653.113770	2720
4657.536621	2730
4661.959961	2756
4666.383301	2803
4670.806152	2863
4675.229492	2873
4679.652344	2868
4684.075684	2857
4688.498535	2926
4692.921875	3021
4697.344727	3058
4701.768066	3059
4706.190918	3080
4710.614258	3113
4715.037109	3209
4719.460449	3197
4723.883301	3175
4728.306641	3268
4732.729980	3379
4737.152832	3344
4741.576172	3305
4745.999023	3322
4750.422363	3281
4754.845215	3406
4759.268555	3444
4763.691406	3436
4768.114746	3472
4772.537598	3484
4776.960938	3515
4781.383789	3602
4785.807129	3613
4790.229980	3609
4794.653320	3586
4799.076660	3558
4803.499512	3530
4807.922852	3532
4812.345703	3573
4816.769043	3514
4821.191895	3475
4825.615234	3482
4830.038086	3462
4834.461426	3497
4838.884277	3452
4843.307617	3418
4847.730469	3465
4852.153809	3467
4856.576660	3438
4861.000000	3402
4865.423340	3425
4869.846191	3440
4874.269531	3432
4878.692383	3424
4883.115723	3471
4887.538574	3445
4891.961914	3467
4896.384766	3522
4900.808105	3579
4905.230957	3591
4909.654297	3617
4914.077148	3562
4918.500488	3522
4922.923340	3532
4927.346680	3492
4931.770020	3488
4936.192871	3429
4940.616211	3423
4945.039063	3475
4949.462402	3538
4953.885254	3511
4958.308594	3487
4962.731445	3409
4967.154785	3433
4971.577637	3487
4976.000977	3468
4980.423828	3441
4984.847168	3442
4989.270020	3393
4993.693359	3430
4998.116699	3415
5002.539551	3394
5006.962891	3460
5011.385742	3368
5015.809082	3371
5020.231934	3393
5024.655273	3422
5029.078125	3434
5033.501465	3341
5037.924316	3315
5042.347656	3341
5046.770508	3343
5051.193848	3352
5055.616699	3366
5060.040039	3294
5064.463379	3279
5068.886230	3285
5073.309570	3279
5077.732422	3314
5082.155762	3320
5086.578613	3245
5091.001953	3186
5095.424805	3152
5099.848145	3109
5104.270996	3120
5108.694336	3221
5113.117188	3198
5117.540527	3116
5121.963379	3062
5126.386719	3075
5130.810059	3103
5135.232910	3129
5139.656250	3186
5144.079102	3152
5148.502441	3093
5152.925293	3069
5157.348633	3093
5161.771484	3051
5166.194824	3047
5170.617676	3018
5175.041016	2991
5179.463867	2934
5183.887207	2955
5188.310059	2965
5192.733398	2959
5197.156738	2933
5201.579590	2897
5206.002930	2847
5210.425781	2874
5214.849121	2948
5219.271973	2924
5223.695313	2910
5228.118164	2859
5232.541504	2822
5236.964355	2839
5241.387695	2820
5245.810547	2797
5250.233887	2841
5254.656738	2764
5259.080078	2747
5263.503418	2806
5267.926270	2827
5272.349609	2752
5276.772461	2691
5281.195801	2655
5285.618652	2679
5290.041992	2660
5294.464844	2731
5298.888184	2676
5303.311035	2650
5307.734375	2685
5312.157227	2747
5316.580566	2778
5321.003418	2743
5325.426758	2626
5329.850098	2613
5334.272949	2680
5338.696289	2635
5343.119141	2534
5347.542480	2558
5351.965332	2628
5356.388672	2580
5360.811523	2515
5365.234863	2502
5369.657715	2501
5374.081055	2498
5378.503906	2524
5382.927246	2539
5387.350098	2539
5391.773438	2455
5396.196777	2456
5400.619629	2469
5405.042969	2507
5409.465820	2519
5413.889160	2478
5418.312012	2385
5422.735352	2355
5427.158203	2382
5431.581543	2328
5436.004395	2351
5440.427734	2363
5444.850586	2354
5449.273926	2327
5453.696777	2289
5458.120117	2336
5462.543457	2277
5466.966309	2358
5471.389648	2417
5475.812500	2362
5480.235840	2335
5484.658691	2285
5489.082031	2263
5493.504883	2320
5497.928223	2332
5502.351074	2306
5506.774414	2328
5511.197266	2294
5515.620605	2254
5520.043457	2302
5524.466797	2352
5528.890137	2249
5533.312988	2170
5537.736328	2297
5542.159180	2355
5546.582520	2288
5551.005371	2290
5555.428711	2242
5559.851563	2226
5564.274902	2198
5568.697754	2165
5573.121094	2171
5577.543945	2183
5581.967285	2193
5586.390137	2210
5590.813477	2200
5595.236816	2151
5599.659668	2121
5604.083008	2149
5608.505859	2168
5612.929199	2172
5617.352051	2148
5621.775391	2134
5626.198242	2073
5630.621582	2044
5635.044434	2012
5639.467773	2088
5643.890625	2135
5648.313965	2074
5652.736816	2025
5657.160156	1988
5661.583496	2005
5666.006348	2045
5670.429688	2066
5674.852539	2039
5679.275879	1978
5683.698730	1965
5688.122070	1996
5692.544922	1968
5696.968262	1930
5701.391113	1992
5705.814453	2015
5710.237305	2027
5714.660645	2010
5719.083496	1938
5723.506836	1921
5727.930176	1905
5732.353027	1925
5736.776367	1948
5741.199219	1976
5745.622559	1987
5750.045410	1960
5754.468750	1906
5758.891602	1914
5763.314941	1959
5767.737793	1951
5772.161133	1949
5776.583984	2004
5781.007324	1966
5785.430176	1957
5789.853516	1955
5794.276855	1962
5798.699707	1981
5803.123047	2021
5807.545898	2049
5811.969238	2040
5816.392090	1999
5820.815430	2003
5825.238281	2015
5829.661621	2010
5834.084473	2026
5838.507813	2036
5842.930664	2050
5847.354004	2055
5851.776855	2015
5856.200195	1959
5860.623535	1930
5865.046387	1935
5869.469727	1931
5873.892578	1985
5878.315918	1955
5882.738770	1985
5887.162109	1983
5891.584961	1928
5896.008301	1879
5900.431152	1859
5904.854492	1878
5909.277344	1890
5913.700684	1928
5918.123535	1856
5922.546875	1797
5926.970215	1890
5931.393066	1948
5935.816406	1909
5940.239258	1879
5944.662598	1830
5949.085449	1821
5953.508789	1841
5957.931641	1782
5962.354980	1772
5966.777832	1796
5971.201172	1795
5975.624023	1760
5980.047363	1782
5984.470215	1783
5988.893555	1784
5993.316895	1787
5997.739746	1741
6002.163086	1744
6006.585938	1706
6011.009277	1739
6015.432129	1831
6019.855469	1808
6024.278320	1762
6028.701660	1715
6033.124512	1693
6037.547852	1669
6041.970703	1666
6046.394043	1679
6050.816895	1637
6055.240234	1596
6059.663574	1613
6064.086426	1602
6068.509766	1606
6072.932617	1629
6077.355957	1620
6081.778809	1531
6086.202148	1567
6090.625000	1593
6095.048340	1550
6099.471191	1559
6103.894531	1537
6108.317383	1481
6112.740723	1454
6117.163574	1433
6121.586914	1438
6126.009766	1460
6130.433105	1499
6134.856445	1473
6139.279297	1392
6143.702637	1401
6148.125488	1433
6152.548828	1464
6156.971680	1450
6161.395020	1424
6165.817871	1375
6170.241211	1388
6174.664063	1423
6179.087402	1434
6183.510254	1381
6187.933594	1372
6192.356445	1377
6196.779785	1397
6201.203125	1337
6205.625977	1322
6210.049316	1343
6214.472168	1387
6218.895508	1394
6223.318359	1367
6227.741699	1326
6232.164551	1304
6236.587891	1276
6241.010742	1263
6245.434082	1272
6249.856934	1238
6254.280273	1282
6258.703125	1313
6263.126465	1294
6267.549805	1269
6271.972656	1269
6276.395996	1275
6280.818848	1276
6285.242188	1291
6289.665039	1201
6294.088379	1186
6298.511230	1200
6302.934570	1195
6307.357422	1242
6311.780762	1249
6316.203613	1190
6320.626953	1160
6325.049805	1154
6329.473145	1181
6333.896484	1202
6338.319336	1199
6342.742676	1168
6347.165527	1181
6351.588867	1193
6356.011719	1154
6360.435059	1144
6364.857910	1167
6369.281250	1189
6373.704102	1154
6378.127441	1122
6382.550293	1137
6386.973633	1188
6391.396484	1169
6395.819824	1094
6400.243164	1163
6404.666016	1198
6409.089355	1127
6413.512207	1166
6417.935547	1198
6422.358398	1148
6426.781738	1208
6431.204590	1218
6435.627930	1155
6440.050781	1128
6444.474121	1125
6448.896973	1128
6453.320313	1102
6457.743164	1105
6462.166504	1106
6466.589844	1134
6471.012695	1133
6475.436035	1104
6479.858887	1102
6484.282227	1072
6488.705078	1105
6493.128418	1105
6497.551270	1046
6501.974609	1028
6506.397461	1037
6510.820801	1040
6515.243652	1042
6519.666992	1133
6524.089844	1147
6528.513184	1036
6532.936523	1024
6537.359375	1066
6541.782715	1024
6546.205566	977
6550.628906	1011
6555.051758	1037
6559.475098	1010
6563.897949	1008
6568.321289	1032
6572.744141	1034
6577.167480	1015
6581.590332	1017
6586.013672	1001
6590.436523	1041
6594.859863	1074
6599.283203	1091
6603.706055	1073
6608.129395	1052
6612.552246	1035
6616.975586	1036
6621.398438	1046
6625.821777	1073
6630.244629	1106
6634.667969	1069
6639.090820	1037
6643.514160	1026
6647.937012	1038
6652.360352	1080
6656.783203	1052
6661.206543	1007
6665.629883	1026
6670.052734	1053
6674.476074	1034
6678.898926	1017
6683.322266	998
6687.745117	1062
6692.168457	1077
6696.591309	1003
6701.014648	990
6705.437500	1004
6709.860840	1018
6714.283691	990
6718.707031	994
6723.129883	989
6727.553223	987
6731.976563	993
6736.399414	950
6740.822754	980
6745.245605	1020
6749.668945	1041
6754.091797	1011
6758.515137	957
6762.937988	969
6767.361328	995
6771.784180	992
6776.207520	967
6780.630371	974
6785.053711	958
6789.476563	983
6793.899902	985
6798.323242	954
6802.746094	938
6807.169434	971
6811.592285	971
6816.015625	977
6820.438477	956
6824.861816	976
6829.284668	963
6833.708008	923
6838.130859	924
6842.554199	944
6846.977051	916
6851.400391	924
6855.823242	917
6860.246582	931
6864.669922	917
6869.092773	873
6873.516113	801
6877.938965	820
6882.362305	856
6886.785156	894
6891.208496	907
6895.631348	889
6900.054688	869
6904.477539	875
6908.900879	859
6913.323730	863
6917.747070	871
6922.169922	838
6926.593262	812
6931.016602	850
6935.439453	873
6939.862793	902
6944.285645	841
6948.708984	807
6953.131836	884
6957.555176	897
6961.978027	909
6966.401367	848
6970.824219	813
6975.247559	813
6979.670410	786
6984.093750	783
6988.516602	812
6992.939941	813
6997.363281	824
7001.786133	804
7006.209473	798
7010.632324	826
7015.055664	825
7019.478516	808
7023.901855	825
7028.324707	824
7032.748047	788
7037.170898	782
7041.594238	793
7046.017090	783
7050.440430	791
7054.863281	799
7059.286621	769
7063.709961	739
7068.132813	744
7072.556152	812
7076.979004	804
7081.402344	746
7085.825195	763
7090.248535	783
7094.671387	768
7099.094727	730
7103.517578	737
7107.940918	762
7112.363770	763
7116.787109	760
7121.209961	760
7125.633301	778
7130.056641	772
7134.479492	727
7138.902832	707
7143.325684	702
7147.749023	707
7152.171875	697
7156.595215	680
7161.018066	678
7165.441406	686
7169.864258	679
7174.287598	670
7178.710449	655
7183.133789	657
7187.556641	679
7191.979980	686
7196.403320	697
7200.826172	658
7205.249512	679
7209.672363	671
7214.095703	678
7218.518555	683
7222.941895	662
7227.364746	648
7231.788086	660
7236.210938	685
7240.634277	653
7245.057129	645
7249.480469	681
7253.903320	681
7258.326660	674
7262.750000	633
7267.172852	598
7271.596191	602
7276.019043	645
7280.442383	650
7284.865234	666
7289.288574	677
7293.711426	649
7298.134766	615
7302.557617	618
7306.980957	635
7311.403809	647
7315.827148	608
7320.250000	599
7324.673340	606
7329.096680	593
7333.519531	554
7337.942871	547
7342.365723	563
7346.789063	561
7351.211914	578
7355.635254	596
7360.058105	580
7364.481445	546
7368.904297	539
7373.327637	559
7377.750488	534
7382.173828	538
7386.596680	542
7391.020020	550
7395.443359	541
7399.866211	537
7404.289551	543
7408.712402	564
7413.135742	567
7417.558594	548
7421.981934	578
7426.404785	584
7430.828125	577
7435.250977	591
7439.674316	591
7444.097168	558
7448.520508	571
7452.943359	612
7457.366699	620
7461.790039	625
7466.212891	614
7470.636230	588
7475.059082	574
7479.482422	581
7483.905273	592
7488.328613	598
7492.751465	596
7497.174805	625
7501.597656	625
7506.020996	627
7510.443848	630
7514.867188	629
7519.290039	565
7523.713379	577
7528.136719	589
7532.559570	595
7536.982910	595
7541.405762	609
7545.829102	581
7550.251953	568
7554.675293	577
7559.098145	584
7563.521484	587
7567.944336	584
7572.367676	574
7576.790527	577
7581.213867	555
7585.636719	537
7590.060059	524
7594.483398	541
7598.906250	552
7603.329590	538
7607.752441	560
7612.175781	567
7616.598633	570
7621.021973	539
7625.444824	538
7629.868164	562
7634.291016	566
7638.714355	569
7643.137207	550
7647.560547	528
7651.983398	543
7656.406738	536
7660.830078	525
7665.252930	538
7669.676270	561
7674.099121	545
7678.522461	533
7682.945313	542
7687.368652	575
7691.791504	553
7696.214844	522
7700.637695	532
7705.061035	538
7709.483887	534
7713.907227	540
7718.330078	542
7722.753418	556
7727.176758	525
7731.599609	531
7736.022949	509
7740.445801	505
7744.869141	500
7749.291992	535
7753.715332	529
7758.138184	501
7762.561523	504
7766.984375	509
7771.407715	522
7775.830566	523
7780.253906	518
7784.676758	502
7789.100098	502
7793.523438	529
7797.946289	529
7802.369629	534
7806.792480	514
7811.215820	495
7815.638672	515
7820.062012	538
7824.484863	552
7828.908203	549
7833.331055	536
7837.754395	509
7842.177246	493
7846.600586	527
7851.023438	533
7855.446777	560
7859.870117	565
7864.292969	516
7868.716309	512
7873.139160	540
7877.562500	552
7881.985352	532
7886.408691	537
7890.831543	500
7895.254883	495
7899.677734	532
7904.101074	543
7908.523926	526
7912.947266	519
7917.370117	521
7921.793457	543
7926.216797	535
7930.639648	564
7935.062988	588
7939.485840	620
7943.909180	591
7948.332031	547
7952.755371	545
7957.178223	591
7961.601563	583
7966.024414	586
7970.447754	559
7974.870605	566
7979.293945	581
7983.716797	594
7988.140137	574
7992.563477	568
7996.986328	569
8001.409668	566
8005.832520	572
8010.255859	575
8014.678711	583
8019.102051	584
8023.524902	581
8027.948242	563
8032.371094	551
8036.794434	573
8041.217285	579
8045.640625	582
8050.063477	631
8054.486816	622
8058.910156	603
8063.333008	599
8067.756348	590
8072.179199	581
8076.602539	558
8081.025391	574
8085.448730	570
8089.871582	542
8094.294922	576
8098.717773	584
8103.141113	584
8107.563965	578
8111.987305	601
8116.410156	580
8120.833496	542
8125.256836	524
8129.679688	521
8134.103027	532
8138.525879	563
8142.949219	554
8147.372070	545
8151.795410	557
8156.218262	552
8160.641602	519
8165.064453	515
8169.487793	543
8173.910645	539
8178.333984	535
8182.756836	525
8187.180176	549
8191.603516	558
8196.026367	536
8200.449219	525
8204.873047	549
8209.295898	541
8213.718750	543
8218.141602	534
8222.565430	519
8226.988281	510
8231.411133	518
8235.833984	507
8240.257813	537
8244.680664	511
8249.103516	517
8253.526367	547
8257.950195	529
8262.373047	520
8266.795898	528
8271.219727	525
8275.642578	536
8280.065430	540
8284.488281	536
8288.912109	534
8293.334961	525
8297.757813	507
8302.180664	487
8306.604492	548
8311.027344	532
8315.450195	529
8319.873047	528
8324.296875	492
8328.719727	472
8333.142578	503
8337.566406	529
8341.989258	523
8346.412109	514
8350.834961	542
8355.258789	548
8359.681641	518
8364.104492	523
8368.527344	542
8372.951172	536
8377.374023	523
8381.796875	533
8386.219727	525
8390.643555	516
8395.066406	530
8399.489258	517
8403.913086	508
8408.335938	527
8412.758789	535
8417.181641	518
8421.605469	518
8426.028320	539
8430.451172	529
8434.874023	525
8439.297852	514
8443.720703	512
8448.143555	501
8452.566406	518
8456.990234	539
8461.413086	538
8465.835938	539
8470.259766	537
8474.682617	540
8479.105469	543
8483.528320	565
8487.952148	543
8492.375000	505
8496.797852	501
8501.220703	517
8505.644531	554
8510.067383	581
8514.490234	556
8518.913086	539
8523.336914	544
8527.759766	570
8532.182617	583
8536.606445	547
8541.029297	528
8545.452148	517
8549.875000	523
8554.298828	536
8558.721680	535
8563.144531	544
8567.567383	577
8571.991211	547
8576.414063	526
8580.836914	530
8585.259766	526
8589.683594	518
8594.106445	517
8598.529297	547
8602.953125	538
8607.375977	549
8611.798828	549
8616.221680	545
8620.645508	536
8625.068359	531
8629.491211	560
8633.914063	558
8638.337891	542
8642.760742	534
8647.183594	511
8651.606445	507
8656.030273	525
8660.453125	542
8664.875977	537
8669.299805	540
8673.722656	544
8678.145508	541
8682.568359	524
8686.992188	526
8691.415039	557
8695.837891	570
8700.260742	563
8704.684570	553
8709.107422	543
8713.530273	531
8717.953125	540
8722.376953	523
8726.799805	535
8731.222656	525
8735.646484	523
8740.069336	497
8744.492188	519
8748.915039	561
8753.338867	576
8757.761719	555
8762.184570	523
8766.607422	519
8771.031250	517
8775.454102	511
8779.876953	521
8784.299805	518
8788.723633	525
8793.146484	529
8797.569336	546
8801.993164	522
8806.416016	522
8810.838867	548
8815.261719	518
8819.685547	520
8824.108398	522
8828.531250	507
8832.954102	502
8837.377930	524
8841.800781	524
8846.223633	518
8850.646484	516
8855.070313	528
8859.493164	515
8863.916016	528
8868.339844	538
8872.762695	534
8877.185547	529
8881.608398	532
8886.032227	528
8890.455078	504
8894.877930	510
8899.300781	508
8903.724609	524
8908.147461	538
8912.570313	543
8916.993164	519
8921.416992	498
8925.839844	521
8930.262695	530
8934.686523	527
8939.109375	526
8943.532227	533
8947.955078	542
8952.378906	530
8956.801758	538
8961.224609	506
8965.647461	474
8970.071289	477
8974.494141	484
8978.916992	479
8983.339844	500
8987.763672	512
8992.186523	539
8996.609375	537
9001.033203	522
9005.456055	523
9009.878906	514
9014.301758	498
9018.725586	497
9023.148438	493
9027.571289	468
9031.994141	482
9036.417969	520
9040.840820	542
9045.263672	516
9049.686523	508
9054.110352	499
9058.533203	495
9062.956055	509
9067.379883	523
9071.802734	499
9076.225586	507
9080.648438	504
9085.072266	533
9089.495117	554
9093.917969	501
9098.340820	473
9102.764648	520
9107.187500	520
9111.610352	514
9116.033203	511
9120.457031	514
9124.879883	512
9129.302734	517
9133.726563	545
9138.149414	536
9142.572266	540
9146.995117	519
9151.418945	504
9155.841797	507
9160.264648	532
9164.687500	528
9169.111328	506
9173.534180	495
9177.957031	522
9182.379883	572
9186.803711	522
9191.226563	506
9195.649414	547
9200.073242	540
9204.496094	509
9208.918945	535
9213.341797	580
9217.765625	557
9222.188477	522
9226.611328	496
9231.034180	505
9235.458008	499
9239.880859	520
9244.303711	482
9248.726563	534
9253.150391	556
9257.573242	535
9261.996094	519
9266.419922	505
9270.842773	534
9275.265625	545
9279.688477	562
9284.112305	538
9288.535156	532
9292.958008	539
9297.380859	506
9301.804688	537
9306.227539	562
9310.650391	535
9315.073242	489
9319.497070	492
9323.919922	497
9328.342773	516
9332.766602	542
9337.189453	538
9341.612305	511
9346.035156	549
9350.458984	557
9354.881836	536
9359.304688	494
9363.727539	513
9368.151367	537
9372.574219	511
9376.997070	499
9381.419922	500
9385.843750	508
9390.266602	556
9394.689453	543
9399.113281	525
9403.536133	528
9407.958984	545
9412.381836	559
9416.805664	532
9421.228516	502
9425.651367	504
9430.074219	494
9434.498047	504
9438.920898	525
9443.343750	521
9447.766602	524
9452.190430	534
9456.613281	547
9461.036133	564
9465.459961	566
9469.882813	546
9474.305664	508
9478.728516	527
9483.152344	528
9487.575195	502
9491.998047	494
9496.420898	551
9500.844727	564
9505.267578	531
9509.690430	534
9514.113281	526
9518.537109	516
9522.959961	509
9527.382813	502
9531.806641	507
9536.229492	519
9540.652344	514
9545.075195	524
9549.499023	534
9553.921875	553
9558.344727	545
9562.767578	567
9567.191406	578
9571.614258	559
9576.037109	553
9580.459961	536
9584.883789	508
9589.306641	528
9593.729492	542
9598.153320	548
9602.576172	559
9606.999023	545
9611.421875	547
9615.845703	541
9620.268555	551
9624.691406	506
9629.114258	497
9633.538086	531
9637.960938	538
9642.383789	529
9646.806641	556
9651.230469	542
9655.653320	527
9660.076172	543
9664.500000	527
9668.922852	503
9673.345703	518
9677.768555	549
9682.192383	531
9686.615234	542
9691.038086	519
9695.460938	528
9699.884766	543
9704.307617	537
9708.730469	544
9713.153320	533
9717.577148	528
9722.000000	547
9726.422852	510
9730.846680	521
9735.269531	519
9739.692383	535
9744.115234	524
9748.539063	520
9752.961914	510
9757.384766	525
9761.807617	533
9766.231445	546
9770.654297	530
9775.077148	529
9779.500000	514
9783.923828	553
9788.346680	565
9792.769531	534
9797.193359	535
9801.616211	548
9806.039063	550
9810.461914	523
9814.885742	503
9819.308594	501
9823.731445	514
9828.154297	530
9832.578125	548
9837.000977	568
9841.423828	541
9845.846680	525
9850.270508	513
9854.693359	553
9859.116211	572
9863.540039	581
9867.962891	561
9872.385742	552
9876.808594	540
9881.232422	514
9885.655273	533
9890.078125	552
9894.500977	545
9898.924805	544
9903.347656	540
9907.770508	546
9912.193359	547
9916.617188	555
9921.040039	562
9925.462891	548
9929.886719	510
9934.309570	519
9938.732422	529
9943.155273	540
9947.579102	544
9952.001953	578
9956.424805	582
9960.847656	557
9965.271484	551
9969.694336	536
9974.117188	544
9978.540039	539
9982.963867	515
9987.386719	497
9991.809570	519
9996.233398	529
10000.656250	516
10005.079102	512
10009.501953	548
10013.925781	544
10018.348633	536
10022.771484	526
10027.194336	500
10031.618164	506
10036.041016	546
10040.463867	557
10044.886719	520
10049.310547	513
10053.733398	514
10058.156250	529
10062.580078	514
10067.002930	515
10071.425781	519
10075.848633	548
10080.272461	547
10084.695313	553
10089.118164	527
10093.541016	508
10097.964844	519
10102.387695	548
10106.810547	550
10111.233398	542
10115.657227	524
10120.080078	535
10124.502930	559
10128.926758	545
10133.349609	508
10137.772461	532
10142.195313	536
10146.619141	552
10151.041992	524
10155.464844	511
10159.887695	515
10164.311523	513
10168.734375	530
10173.157227	545
10177.580078	533
10182.003906	519
10186.426758	528
10190.849609	529
10195.273438	537
10199.696289	528
10204.119141	511
10208.541992	530
10212.965820	542
10217.388672	550
10221.811523	526
10226.234375	515
10230.658203	535
10235.081055	583
10239.503906	573
10243.926758	527
10248.350586	533
10252.773438	522
10257.196289	531
10261.620117	522
10266.042969	526
10270.465820	539
10274.888672	559
10279.312500	564
10283.735352	553
10288.158203	530
10292.581055	493
10297.004883	515
10301.427734	546
10305.850586	516
10310.273438	511
10314.697266	530
10319.120117	515
10323.542969	539
10327.966797	547
10332.389648	554
10336.812500	521
10341.235352	524
10345.659180	527
10350.082031	513
10354.504883	527
10358.927734	532
10363.351563	533
10367.774414	547
10372.197266	512
10376.620117	520
10381.043945	531
10385.466797	539
10389.889648	531
10394.313477	522
10398.736328	533
10403.159180	532
10407.582031	549
10412.005859	560
10416.428711	521
10420.851563	529
10425.274414	523
10429.698242	530
10434.121094	532
10438.543945	544
10442.966797	533
10447.390625	528
10451.813477	554
10456.236328	554
10460.660156	553
10465.083008	562
10469.505859	547
10473.928711	521
10478.352539	501
10482.775391	517
10487.198242	539
10491.621094	546
10496.044922	527
10500.467773	527
10504.890625	523
10509.313477	542
10513.737305	544
10518.160156	528
10522.583008	533
10527.006836	531
10531.429688	540
10535.852539	512
10540.275391	516
10544.699219	504
10549.122070	518
10553.544922	544
10557.967773	534
10562.391602	531
10566.814453	536
10571.237305	529
10575.660156	535
10580.083984	544
10584.506836	546
10588.929688	538
10593.353516	556
10597.776367	545
10602.199219	529
10606.622070	524
10611.045898	549
10615.468750	529
10619.891602	538
10624.314453	535
10628.738281	508
10633.161133	515
10637.583984	542
10642.006836	529
10646.430664	528
10650.853516	521
10655.276367	543
10659.700195	511
10664.123047	511
10668.545898	547
10672.968750	525
10677.392578	517
10681.815430	528
10686.238281	489
10690.661133	511
10695.084961	561
10699.507813	563
10703.930664	545
10708.353516	515
10712.777344	531
10717.200195	545
10721.623047	541
10726.046875	523
10730.469727	500
10734.892578	514
10739.315430	546
10743.739258	533
10748.162109	500
10752.584961	522
10757.007813	553
10761.431641	558
10765.854492	524
10770.277344	518
10774.700195	545
10779.124023	547
10783.546875	523
10787.969727	545
10792.393555	520
10796.816406	492
10801.239258	516
10805.662109	558
10810.085938	556
10814.508789	545
10818.931641	523
10823.354492	490
10827.778320	496
10832.201172	512
10836.624023	502
10841.046875	497
10845.470703	514
10849.893555	540
10854.316406	528
10858.740234	536
10863.163086	538
10867.585938	524
10872.008789	516
10876.432617	483
10880.855469	482
10885.278320	519
10889.701172	518
10894.125000	524
10898.547852	530
10902.970703	528
10907.393555	520
10911.817383	520
10916.240234	538
10920.663086	525
10925.086914	512
10929.509766	520
10933.932617	521
10938.355469	502
10942.779297	499
10947.202148	525
10951.625000	544
10956.047852	525
10960.471680	514
10964.894531	513
10969.317383	526
10973.740234	511
10978.164063	488
10982.586914	516
10987.009766	525
10991.433594	527
10995.856445	515
11000.279297	498
11004.702148	495
11009.125977	490
11013.548828	499
11017.971680	482
11022.394531	494
11026.818359	511
11031.241211	541
11035.664063	551
11040.086914	541
11044.510742	522
11048.933594	507
11053.356445	536
11057.780273	530
11062.203125	523
11066.625977	524
11071.048828	525
11075.472656	513
11079.895508	518
11084.318359	522
11088.741211	545
11093.165039	559
11097.587891	540
11102.010742	555
11106.433594	565
11110.857422	533
11115.280273	515
11119.703125	502
11124.126953	513
11128.549805	504
11132.972656	488
11137.395508	468
11141.819336	469
11146.242188	468
11150.665039	497
11155.087891	536
11159.511719	531
11163.934570	535
11168.357422	528
11172.780273	480
11177.204102	488
11181.626953	504
11186.049805	526
11190.473633	540
11194.896484	550
11199.319336	532
11203.742188	517
11208.166016	489
11212.588867	488
11217.011719	488
11221.434570	500
11225.858398	492
11230.281250	494
11234.704102	510
11239.126953	528
11243.550781	515
11247.973633	522
11252.396484	503
11256.820313	477
11261.243164	459
11265.666016	483
11270.088867	524
11274.512695	506
11278.935547	492
11283.358398	487
11287.781250	489
11292.205078	502
11296.627930	500
11301.050781	489
11305.473633	468
11309.897461	483
11314.320313	492
11318.743164	479
11323.166992	474
11327.589844	467
11332.012695	452
11336.435547	489
11340.859375	480
11345.282227	455
11349.705078	437
11354.127930	437
11358.551758	450
11362.974609	431
11367.397461	447
11371.820313	445
11376.244141	439
11380.666992	454
11385.089844	476
11389.513672	447
11393.936523	441
11398.359375	449
11402.782227	446
11407.206055	456
11411.628906	433
11416.051758	432
11420.474609	440
11424.898438	423
11429.321289	399
11433.744141	386
11438.166992	399
11442.590820	404
11447.013672	394
11451.436523	427
11455.860352	416
11460.283203	416
11464.706055	432
11469.128906	410
11473.552734	380
11477.975586	375
11482.398438	383
11486.821289	391
11491.245117	405
11495.667969	397
11500.090820	376
11504.513672	393
11508.937500	386
11513.360352	379
11517.783203	373
11522.207031	390
11526.629883	385
11531.052734	384
11535.475586	377
11539.899414	381
11544.322266	373
11548.745117	383
11553.167969	370
11557.591797	383
11562.014648	379
11566.437500	365
11570.860352	349
11575.284180	352
11579.707031	359
11584.129883	361
11588.553711	354
11592.976563	364
11597.399414	370
11601.822266	362
11606.246094	380
11610.668945	385
11615.091797	377
11619.514648	373
11623.938477	344
11628.361328	344
11632.784180	347
11637.207031	352
11641.630859	344
11646.053711	332
11650.476563	329
11654.900391	331
11659.323242	315
11663.746094	286
11668.168945	342
11672.592773	340
11677.015625	310
11681.438477	309
11685.861328	346
11690.285156	355
11694.708008	327
11699.130859	322
11703.553711	314
11707.977539	327
11712.400391	311
11716.823242	311
11721.247070	342
11725.669922	331
11730.092773	305
11734.515625	284
11738.939453	274
11743.362305	288
11747.785156	291
11752.208008	283
11756.631836	290
11761.054688	318
11765.477539	315
11769.900391	306
11774.324219	289
11778.747070	283
11783.169922	291
11787.593750	278
11792.016602	252
11796.439453	271
11800.862305	279
11805.286133	267
11809.708984	270
11814.131836	271
11818.554688	276
11822.978516	285
11827.401367	290
11831.824219	290
11836.247070	262
11840.670898	245
11845.093750	230
11849.516602	233
11853.940430	244
11858.363281	242
11862.786133	232
11867.208984	210
11871.632813	214
11876.055664	228
11880.478516	208
11884.901367	201
11889.325195	214
11893.748047	221
11898.170898	218
11902.593750	204
11907.017578	204
11911.440430	200
11915.863281	183
11920.287109	184
11924.709961	192
11929.132813	194
11933.555664	212
11937.979492	215
11942.402344	215
11946.825195	192
11951.248047	190
11955.671875	198
11960.094727	198
11964.517578	191
11968.940430	188
11973.364258	183
11977.787109	182
11982.209961	178
11986.633789	164
11991.056641	181
11995.479492	179
11999.902344	169
12004.326172	156
12008.749023	156
12013.171875	156
12017.594727	163
12022.018555	151
12026.441406	162
12030.864258	169
12035.287109	151
12039.710938	139
12044.133789	142
12048.556641	148
12052.980469	143
12057.403320	139
12061.826172	144
12066.249023	138
12070.672852	142
12075.095703	133
12079.518555	122
12083.941406	129
12088.365234	129
12092.788086	120
12097.210938	125
12101.633789	139
12106.057617	125
12110.480469	108
12114.903320	109
12119.327148	110
12123.750000	105
12128.172852	119
12132.595703	123
12137.019531	128
12141.442383	112
12145.865234	105
12150.288086	105
12154.711914	106
12159.134766	117
12163.557617	104
12167.980469	104
12172.404297	98
12176.827148	85
12181.250000	89
12185.672852	86
12190.096680	91
12194.519531	96
12198.942383	96
12203.366211	97
12207.789063	83
12212.211914	78
12216.634766	82
12221.058594	83
12225.481445	84
12229.904297	72
12234.327148	62
12238.750977	64
12243.173828	66
12247.596680	65
12252.019531	60
12256.443359	62
12260.866211	62
12265.289063	60
12269.712891	59
12274.135742	54
12278.558594	67
12282.981445	58
12287.405273	48
12291.828125	41
12296.250977	43
12300.673828	46
12305.097656	46
12309.520508	43
12313.943359	50
12318.366211	41
12322.790039	32
12327.212891	30
12331.635742	34
12336.059570	35
12340.482422	26
12344.905273	26
12349.328125	20
12353.751953	24
12358.174805	26
12362.597656	26
12367.020508	29
12371.444336	25
12375.867188	25
12380.290039	18
12384.712891	20
12389.136719	12
12393.559570	8
12397.982422	11
12402.406250	13
12406.829102	8
12411.251953	6
12415.674805	5
12420.098633	2
12424.521484	0
12428.944336	0
12433.367188	0
12437.791016	0
12442.213867	0
12446.636719	0
12451.059570	0
12455.483398	0
12459.906250	0
12464.329102	0
12468.752930	0
12473.175781	0
12477.598633	0
12482.021484	0
12486.445313	0
12490.868164	0
12495.291016	0
12499.713867	0
12504.137695	0
12508.560547	0
12512.983398	0
12517.406250	0
12521.830078	0
12526.252930	0
12530.675781	0
12535.099609	0
12539.522461	0
12543.945313	0
12548.368164	0
12552.791992	0
12557.214844	0
12561.637695	0
12566.060547	0
12570.484375	0
12574.907227	0
12579.330078	0
12583.752930	0
12588.176758	0
12592.599609	0
12597.022461	0
12601.446289	0
12605.869141	0
12610.291992	0
12614.714844	0
12619.138672	0
12623.561523	0
12627.984375	0
12632.407227	0
12636.831055	0
12641.253906	0
12645.676758	0
12650.099609	0
12654.523438	0
12658.946289	0
12663.369141	0
12667.792969	0
12672.215820	0
12676.638672	0
12681.061523	0
12685.485352	0
12689.908203	0
12694.331055	0
12698.753906	0
12703.177734	0
12707.600586	0
12712.023438	0
12716.446289	0
12720.870117	0
12725.292969	0
12729.715820	0
12734.139648	0
12738.562500	0
12742.985352	0
12747.408203	0
12751.832031	0
12756.254883	0
12760.677734	0
12765.100586	0
12769.524414	0
12773.947266	0
12778.370117	0
12782.792969	0
12787.216797	0
12791.639648	0
12796.062500	0
12800.486328	0
12804.909180	0
12809.332031	0
12813.754883	0
12818.178711	0
12822.601563	0
12827.024414	0
12831.447266	0
12835.871094	0
12840.293945	0
12844.716797	0
12849.139648	0
12853.563477	0
12857.986328	0
12862.409180	0
12866.833008	0
12871.255859	0
12875.678711	0
12880.101563	0
12884.525391	0
12888.948242	0
12893.371094	0
12897.793945	0
12902.217773	0
12906.640625	0
12911.063477	0
12915.486328	0
12919.910156	0
12924.333008	0
12928.755859	0
12933.179688	0
12937.602539	0
12942.025391	0
12946.448242	0
12950.872070	0
12955.294922	0
12959.717773	0
12964.140625	0
12968.564453	0
12972.987305	0
12977.410156	0
12981.833008	0
12986.256836	0
12990.679688	0
12995.102539	0
12999.526367	0
13003.949219	0
13008.372070	0
13012.794922	0
13017.218750	0
13021.641602	0
13026.064453	0
13030.487305	0
13034.911133	0
13039.333984	0
13043.756836	0
13048.179688	0
13052.603516	0
13057.026367	0
13061.449219	0
13065.873047	0
13070.295898	0
13074.718750	0
13079.141602	0
13083.565430	0
13087.988281	0
13092.411133	0
13096.833984	0
13101.257813	0
13105.680664	0
13110.103516	0
13114.526367	0
13118.950195	0
13123.373047	0
13127.795898	0
13132.219727	0
13136.642578	0
13141.065430	0
13145.488281	0
13149.912109	0
13154.334961	0
13158.757813	0
13163.180664	0
13167.604492	0
13172.027344	0
13176.450195	0
13180.873047	0
13185.296875	0
13189.719727	0
13194.142578	0
13198.566406	0
13202.989258	0
13207.412109	0
13211.834961	0
13216.258789	0
13220.681641	0
13225.104492	0
13229.527344	0
13233.951172	0
13238.374023	0
13242.796875	0
13247.219727	0
13251.643555	0
13256.066406	0
13260.489258	0
13264.913086	0
13269.335938	0
13273.758789	0
13278.181641	0
