-4328.411133	0
-4323.897949	0
-4319.384277	0
-4314.871094	0
-4310.357422	0
-4305.844238	0
-4301.330566	0
-4296.816895	0
-4292.303711	0
-4287.790039	0
-4283.276855	0
-4278.763184	0
-4274.250000	0
-4269.736328	0
-4265.222656	0
-4260.709473	0
-4256.195801	0
-4251.682617	0
-4247.168945	0
-4242.655762	0
-4238.142090	0
-4233.628418	0
-4229.115234	0
-4224.601563	0
-4220.088379	0
-4215.574707	0
-4211.061523	0
-4206.547852	0
-4202.034180	0
-4197.520996	0
-4193.007324	0
-4188.494141	0
-4183.980469	0
-4179.466797	0
-4174.953613	0
-4170.439941	0
-4165.926758	0
-4161.413086	0
-4156.899902	0
-4152.386230	0
-4147.872559	0
-4143.359375	0
-4138.845703	0
-4134.332520	0
-4129.818848	0
-4125.305664	0
-4120.791992	0
-4116.278320	0
-4111.765137	0
-4107.251465	0
-4102.738281	0
-4098.224609	0
-4093.711182	0
-4089.197754	0
-4084.684326	0
-4080.170898	0
-4075.657471	0
-4071.143799	0
-4066.630371	0
-4062.116943	0
-4057.603516	0
-4053.090088	0
-4048.576660	0
-4044.063232	0
-4039.549561	0
-4035.036133	0
-4030.522705	0
-4026.009277	0
-4021.495850	0
-4016.982422	0
-4012.468994	0
-4007.955322	0
-4003.441895	0
-3998.928467	0
-3994.415039	0
-3989.901611	0
-3985.388184	0
-3980.874756	0
-3976.361084	0
-3971.847656	0
-3967.334229	0
-3962.820801	0
-3958.307373	0
-3953.793945	0
-3949.280518	0
-3944.766846	0
-3940.253418	0
-3935.739990	0
-3931.226563	0
-3926.713135	0
-3922.199707	0
-3917.686279	0
-3913.172607	0
-3908.659180	0
-3904.145752	0
-3899.632324	0
-3895.118896	0
-3890.605469	0
-3886.092041	0
-3881.578369	0
-3877.064941	0
-3872.551514	0
-3868.038086	0
-3863.524658	0
-3859.011230	0
-3854.497559	0
-3849.984131	0
-3845.470703	0
-3840.957275	0
-3836.443848	0
-3831.930420	0
-3827.416992	0
-3822.903320	0
-3818.389893	0
-3813.876465	0
-3809.363037	0
-3804.849609	0
-3800.336182	0
-3795.822754	0
-3791.309082	0
-3786.795654	0
-3782.282227	0
-3777.768799	0
-3773.255371	0
-3768.741943	0
-3764.228516	0
-3759.714844	0
-3755.201416	0
-3750.687988	0
-3746.174561	0
-3741.661133	0
-3737.147705	0
-3732.634277	0
-3728.120605	0
-3723.607178	0
-3719.093750	0
-3714.580322	0
-3710.066895	0
-3705.553467	0
-3701.040039	0
-3696.526367	0
-3692.012939	0
-3687.499512	0
-3682.986084	0
-3678.472656	0
-3673.959229	0
-3669.445801	0
-3664.932129	0
-3660.418701	0
-3655.905273	0
-3651.391846	0
-3646.878418	0
-3642.364990	0
-3637.851318	0
-3633.337891	0
-3628.824463	0
-3624.311035	0
-3619.797607	0
-3615.284180	0
-3610.770752	0
-3606.257080	0
-3601.743652	0
-3597.230225	0
-3592.716797	0
-3588.203369	0
-3583.689941	0
-3579.176514	0
-3574.662842	0
-3570.149414	0
-3565.635986	0
-3561.122559	0
-3556.609131	0
-3552.095703	0
-3547.582275	0
-3543.068604	0
-3538.555176	0
-3534.041748	0
-3529.528320	0
-3525.014893	0
-3520.501465	0
-3515.988037	0
-3511.474365	0
-3506.960938	0
-3502.447510	0
-3497.934082	0
-3493.420654	0
-3488.907227	0
-3484.393799	0
-3479.880127	0
-3475.366699	0
-3470.853271	0
-3466.339844	0
-3461.826416	0
-3457.312988	0
-3452.799561	0
-3448.285889	0
-3443.772461	0
-3439.259033	0
-3434.745605	0
-3430.232178	0
-3425.718750	0
-3421.205078	0
-3416.691650	0
-3412.178223	0
-3407.664795	0
-3403.151367	0
-3398.637939	0
-3394.124512	0
-3389.610840	0
-3385.097412	0
-3380.583984	0
-3376.070557	0
-3371.557129	0
-3367.043701	0
-3362.530273	0
-3358.016602	0
-3353.503174	0
-3348.989746	0
-3344.476318	0
-3339.962891	0
-3335.449463	0
-3330.936035	0
-3326.422363	0
-3321.908936	0
-3317.395508	0
-3312.882080	0
-3308.368652	0
-3303.855225	0
-3299.341797	0
-3294.828125	0
-3290.314697	0
-3285.801270	0
-3281.287842	0
-3276.774414	0
-3272.260986	0
-3267.747559	0
-3263.233887	0
-3258.720459	0
-3254.207031	0
-3249.693604	0
-3245.180176	0
-3240.666748	0
-3236.153320	0
-3231.639648	0
-3227.126221	0
-3222.612793	0
-3218.099365	0
-3213.585938	0
-3209.072510	0
-3204.559082	0
-3200.045410	0
-3195.531982	3
-3191.018555	10
-3186.505127	13
-3181.991699	18
-3177.478271	16
-3172.964600	18
-3168.451172	29
-3163.937744	41
-3159.424316	43
-3154.910889	38
-3150.397461	32
-3145.884033	39
-3141.370361	41
-3136.856934	41
-3132.343506	51
-3127.830078	61
-3123.316650	72
-3118.803223	88
-3114.289795	84
-3109.776123	78
-3105.262695	85
-3100.749268	85
-3096.235840	87
-3091.722412	101
-3087.208984	112
-3082.695557	112
-3078.181885	105
-3073.668457	95
-3069.155029	111
-3064.641602	111
-3060.128174	120
-3055.614746	123
-3051.101318	130
-3046.587646	139
-3042.074219	132
-3037.560791	135
-3033.047363	133
-3028.533936	137
-3024.020508	152
-3019.507080	160
-3014.993408	166
-3010.479980	171
-3005.966553	174
-3001.453125	177
-2996.939697	162
-2992.426270	166
-2987.912842	183
-2983.399170	181
-2978.885742	187
-2974.372314	187
-2969.858887	188
-2965.345459	178
-2960.832031	188
-2956.318359	212
-2951.804932	185
-2947.291504	193
-2942.778076	215
-2938.264648	222
-2933.751221	214
-2929.237793	215
-2924.724121	215
-2920.210693	223
-2915.697266	215
-2911.183838	204
-2906.670410	222
-2902.156982	210
-2897.643555	215
-2893.129883	223
-2888.616455	224
-2884.103027	264
-2879.589600	291
-2875.076172	289
-2870.562744	283
-2866.049316	288
-2861.535645	275
-2857.022217	271
-2852.508789	254
-2847.995361	265
-2843.481934	303
-2838.968506	295
-2834.455078	286
-2829.941406	291
-2825.427979	279
-2820.914551	299
-2816.401123	326
-2811.887695	333
-2807.374268	325
-2802.860840	350
-2798.347168	326
-2793.833740	336
-2789.320313	359
-2784.806885	371
-2780.293457	348
-2775.780029	317
-2771.266602	317
-2766.752930	325
-2762.239502	359
-2757.726074	370
-2753.212646	372
-2748.699219	345
-2744.185791	352
-2739.672119	363
-2735.158691	352
-2730.645264	355
-2726.131836	381
-2721.618408	383
-2717.104980	432
-2712.591553	426
-2708.077881	429
-2703.564453	453
-2699.051025	421
-2694.537598	402
-2690.024170	410
-2685.510742	404
-2680.997314	399
-2676.483643	417
-2671.970215	463
-2667.456787	436
-2662.943359	409
-2658.429932	419
-2653.916504	440
-2649.403076	459
-2644.889404	473
-2640.375977	438
-2635.862549	421
-2631.349121	478
-2626.835693	568
-2622.322266	527
-2617.808838	480
-2613.295166	457
-2608.781738	438
-2604.268311	451
-2599.754883	479
-2595.241455	480
-2590.728027	476
-2586.214600	488
-2581.700928	499
-2577.187500	508
-2572.674072	526
-2568.160645	517
-2563.647217	505
-2559.133789	563
-2554.620361	564
-2550.106689	538
-2545.593262	532
-2541.079834	500
-2536.566406	503
-2532.052979	523
-2527.539551	547
-2523.025879	555
-2518.512451	555
-2513.999023	542
-2509.485596	567
-2504.972168	578
-2500.458740	603
-2495.945313	627
-2491.431641	600
-2486.918213	599
-2482.404785	606
-2477.891357	614
-2473.377930	594
-2468.864502	557
-2464.351074	590
-2459.837402	622
-2455.323975	655
-2450.810547	645
-2446.297119	618
-2441.783691	679
-2437.270264	688
-2432.756836	630
-2428.243164	595
-2423.729736	630
-2419.216309	653
-2414.702881	626
-2410.189453	638
-2405.676025	662
-2401.162598	674
-2396.648926	688
-2392.135498	654
-2387.622070	653
-2383.108643	671
-2378.595215	685
-2374.081787	685
-2369.568359	691
-2365.054688	663
-2360.541260	638
-2356.027832	658
-2351.514404	752
-2347.000977	751
-2342.487549	732
-2337.974121	713
-2333.460449	670
-2328.947021	646
-2324.433594	668
-2319.920166	702
-2315.406738	701
-2310.893311	693
-2306.379639	692
-2301.866211	683
-2297.352783	706
-2292.839355	725
-2288.325928	724
-2283.812500	718
-2279.299072	740
-2274.785400	780
-2270.271973	763
-2265.758545	785
-2261.245117	794
-2256.731689	782
-2252.218262	727
-2247.704834	745
-2243.191162	766
-2238.677734	759
-2234.164307	779
-2229.650879	827
-2225.137451	797
-2220.624023	738
-2216.110596	769
-2211.596924	813
-2207.083496	797
-2202.570068	801
-2198.056641	833
-2193.543213	859
-2189.029785	868
-2184.516357	816
-2180.002686	810
-2175.489258	813
-2170.975830	796
-2166.462402	812
-2161.948975	845
-2157.435547	875
-2152.922119	863
-2148.408447	808
-2143.895020	832
-2139.381592	849
-2134.868164	830
-2130.354736	824
-2125.841309	802
-2121.327881	818
-2116.814209	880
-2112.300781	916
-2107.787354	879
-2103.273926	850
-2098.760498	822
-2094.247070	870
-2089.733398	901
-2085.219971	925
-2080.706543	933
-2076.193115	930
-2071.679688	894
-2067.166260	895
-2062.652832	963
-2058.139160	938
-2053.625732	906
-2049.112305	941
-2044.598877	938
-2040.085449	915
-2035.571899	934
-2031.058472	1001
-2026.545044	1029
-2022.031616	1007
-2017.518066	998
-2013.004639	972
-2008.491211	934
-2003.977661	960
-1999.464233	1038
-1994.950806	1085
-1990.437378	1032
-1985.923828	987
-1981.410400	1022
-1976.896973	983
-1972.383423	1012
-1967.869995	1007
-1963.356567	956
-1958.843140	938
-1954.329590	960
-1949.816162	1035
-1945.302734	1032
-1940.789185	986
-1936.275757	1039
-1931.762329	1067
-1927.248779	994
-1922.735352	1003
-1918.221924	1005
-1913.708496	972
-1909.194946	1035
-1904.681519	1040
-1900.168091	997
-1895.654541	1032
-1891.141113	1117
-1886.627686	1130
-1882.114258	1074
-1877.600708	1060
-1873.087280	1011
-1868.573853	1034
-1864.060303	1060
-1859.546875	1084
-1855.033447	1066
-1850.520020	1078
-1846.006470	1081
-1841.493042	1139
-1836.979614	1177
-1832.466064	1112
-1827.952637	1098
-1823.439209	1121
-1818.925659	1134
-1814.412231	1187
-1809.898804	1198
-1805.385376	1154
-1800.871826	1130
-1796.358398	1185
-1791.844971	1154
-1787.331421	1152
-1782.817993	1118
-1778.304565	1105
-1773.791138	1156
-1769.277588	1166
-1764.764160	1118
-1760.250732	1124
-1755.737183	1122
-1751.223755	1119
-1746.710327	1133
-1742.196899	1132
-1737.683350	1184
-1733.169922	1195
-1728.656494	1141
-1724.142944	1146
-1719.629517	1145
-1715.116089	1130
-1710.602539	1102
-1706.089111	1098
-1701.575684	1117
-1697.062256	1142
-1692.548706	1136
-1688.035278	1141
-1683.521851	1162
-1679.008301	1151
-1674.494873	1125
-1669.981445	1133
-1665.468018	1119
-1660.954468	1118
-1656.441040	1084
-1651.927612	1127
-1647.414063	1164
-1642.900635	1190
-1638.387207	1173
-1633.873779	1202
-1629.360229	1206
-1624.846802	1168
-1620.333374	1182
-1615.819824	1188
-1611.306396	1208
-1606.792969	1190
-1602.279541	1180
-1597.765991	1108
-1593.252563	1116
-1588.739136	1169
-1584.225586	1183
-1579.712158	1152
-1575.198730	1137
-1570.685181	1141
-1566.171753	1171
-1561.658325	1186
-1557.144897	1207
-1552.631348	1195
-1548.117920	1135
-1543.604492	1180
-1539.090942	1193
-1534.577515	1155
-1530.064087	1184
-1525.550659	1175
-1521.037109	1161
-1516.523682	1124
-1512.010254	1138
-1507.496704	1132
-1502.983276	1111
-1498.469849	1122
-1493.956421	1176
-1489.442871	1218
-1484.929443	1154
-1480.416016	1094
-1475.902466	1153
-1471.389038	1193
-1466.875610	1213
-1462.362061	1184
-1457.848633	1164
-1453.335205	1175
-1448.821777	1184
-1444.308228	1162
-1439.794800	1180
-1435.281372	1234
-1430.767822	1221
-1426.254395	1165
-1421.740967	1081
-1417.227539	1156
-1412.713989	1240
-1408.200562	1203
-1403.687134	1147
-1399.173584	1084
-1394.660156	1097
-1390.146729	1129
-1385.633301	1114
-1381.119751	1082
-1376.606323	1103
-1372.092896	1128
-1367.579346	1175
-1363.065918	1174
-1358.552490	1149
-1354.038940	1225
-1349.525513	1269
-1345.012085	1184
-1340.498657	1102
-1335.985107	1090
-1331.471680	1151
-1326.958252	1166
-1322.444702	1154
-1317.931274	1150
-1313.417847	1173
-1308.904419	1160
-1304.390869	1181
-1299.877441	1181
-1295.364014	1154
-1290.850464	1160
-1286.337036	1188
-1281.823608	1226
-1277.310181	1196
-1272.796631	1137
-1268.283203	1111
-1263.769775	1166
-1259.256226	1136
-1254.742798	1139
-1250.229370	1158
-1245.715820	1179
-1241.202393	1207
-1236.688965	1225
-1232.175537	1161
-1227.661987	1172
-1223.148560	1159
-1218.635132	1127
-1214.121582	1151
-1209.608154	1218
-1205.094727	1213
-1200.581299	1152
-1196.067749	1130
-1191.554321	1131
-1187.040894	1086
-1182.527344	1078
-1178.013916	1107
-1173.500488	1143
-1168.987061	1131
-1164.473511	1094
-1159.960083	1104
-1155.446655	1120
-1150.933105	1164
-1146.419678	1175
-1141.906250	1165
-1137.392700	1106
-1132.879272	1085
-1128.365845	1122
-1123.852417	1151
-1119.338867	1163
-1114.825439	1148
-1110.312012	1161
-1105.798462	1183
-1101.285034	1172
-1096.771606	1109
-1092.258179	1127
-1087.744629	1150
-1083.231201	1163
-1078.717773	1153
-1074.204224	1181
-1069.690796	1159
-1065.177368	1168
-1060.663940	1180
-1056.150391	1183
-1051.636963	1225
-1047.123535	1211
-1042.609985	1184
-1038.096558	1203
-1033.583130	1182
-1029.069580	1169
-1024.556152	1226
-1020.042725	1232
-1015.529236	1177
-1011.015808	1147
-1006.502319	1139
-1001.988831	1125
-997.475403	1157
-992.961914	1153
-988.448486	1136
-983.934998	1147
-979.421570	1135
-974.908081	1131
-970.394592	1165
-965.881165	1148
-961.367676	1186
-956.854248	1174
-952.340759	1188
-947.827271	1198
-943.313843	1209
-938.800354	1204
-934.286926	1176
-929.773438	1143
-925.260010	1133
-920.746521	1120
-916.233032	1157
-911.719604	1170
-907.206116	1206
-902.692688	1160
-898.179199	1128
-893.665710	1168
-889.152283	1164
-884.638794	1140
-880.125366	1127
-875.611877	1153
-871.098450	1171
-866.584961	1173
-862.071472	1165
-857.558044	1178
-853.044556	1222
-848.531128	1175
-844.017639	1160
-839.504150	1196
-834.990723	1280
-830.477234	1194
-825.963806	1141
-821.450317	1114
-816.936890	1184
-812.423401	1208
-807.909912	1152
-803.396484	1126
-798.882996	1081
-794.369568	1094
-789.856079	1125
-785.342590	1106
-780.829163	1144
-776.315674	1168
-771.802246	1198
-767.288757	1214
-762.775330	1192
-758.261841	1173
-753.748352	1156
-749.234924	1187
-744.721436	1173
-740.208008	1121
-735.694519	1130
-731.181030	1145
-726.667603	1168
-722.154114	1147
-717.640686	1160
-713.127197	1215
-708.613770	1218
-704.100281	1158
-699.586792	1137
-695.073364	1146
-690.559875	1220
-686.046448	1210
-681.532959	1189
-677.019470	1163
-672.506042	1154
-667.992554	1137
-663.479126	1104
-658.965637	1132
-654.452209	1158
-649.938721	1155
-645.425232	1158
-640.911804	1132
-636.398315	1162
-631.884888	1166
-627.371399	1166
-622.857910	1144
-618.344482	1180
-613.830994	1203
-609.317566	1184
-604.804077	1172
-600.290649	1162
-595.777161	1175
-591.263672	1181
-586.750244	1129
-582.236755	1110
-577.723328	1149
-573.209839	1175
-568.696350	1171
-564.182922	1164
-559.669434	1130
-555.156006	1141
-550.642517	1185
-546.129089	1196
-541.615601	1181
-537.102112	1211
-532.588684	1170
-528.075195	1172
-523.561768	1196
-519.048279	1150
-514.534790	1193
-510.021362	1231
-505.507904	1222
-500.994415	1202
-496.480957	1216
-491.967499	1211
-487.454041	1194
-482.940582	1171
-478.427124	1197
-473.913635	1207
-469.400177	1195
-464.886719	1182
-460.373260	1180
-455.859802	1163
-451.346344	1223
-446.832855	1260
-442.319397	1131
-437.805939	1109
-433.292480	1127
-428.779022	1132
-424.265564	1146
-419.752075	1201
-415.238617	1197
-410.725159	1140
-406.211700	1130
-401.698242	1147
-397.184784	1170
-392.671295	1210
-388.157837	1202
-383.644379	1227
-379.130920	1239
-374.617462	1167
-370.104004	1158
-365.590515	1176
-361.077057	1220
-356.563599	1251
-352.050140	1263
-347.536682	1209
-343.023224	1184
-338.509735	1212
-333.996277	1241
-329.482819	1226
-324.969360	1253
-320.455902	1230
-315.942444	1218
-311.428955	1229
-306.915497	1279
-302.402039	1282
-297.888580	1224
-293.375122	1214
-288.861664	1279
-284.348175	1360
-279.834717	1334
-275.321259	1239
-270.807800	1270
-266.294342	1314
-261.780884	1315
-257.267395	1329
-252.753952	1305
-248.240479	1350
-243.727020	1406
-239.213562	1379
-234.700089	1416
-230.186630	1437
-225.673172	1427
-221.159698	1387
-216.646240	1451
-212.132782	1550
-207.619308	1587
-203.105850	1579
-198.592392	1659
-194.078918	1729
-189.565460	1763
-185.052002	1815
-180.538528	1918
-176.025070	2064
-171.511612	2220
-166.998138	2271
-162.484680	2341
-157.971222	2509
-153.457748	2716
-148.944290	2926
-144.430832	3264
-139.917358	3578
-135.403900	3995
-130.890442	4315
-126.376976	4780
-121.863510	5283
-117.350044	6001
-112.836586	6866
-108.323120	7638
-103.809654	8507
-99.296196	9131
-94.782730	9919
-90.269264	10589
-85.755806	11201
-81.242340	11860
-76.728874	12182
-72.215416	12325
-67.701950	12690
-63.188488	13059
-58.675022	13416
-54.161560	13680
-49.648098	13899
-45.134632	14118
-40.621170	14076
-36.107708	14000
-31.594244	14066
-27.080780	14188
-22.567316	14300
-18.053854	14235
-13.540390	14276
-9.026927	14365
-4.513463	14514
0.000000	14677
4.513463	14478
9.026927	14393
13.540390	14393
18.053854	14423
22.567316	14417
27.080780	14204
31.594244	13900
36.107708	13761
40.621170	13701
45.134632	13409
49.648098	13022
54.161560	12664
58.675022	12300
63.188488	11978
67.701950	11627
72.215416	11345
76.728874	10963
81.242340	10295
85.755806	9587
90.269264	8878
94.782730	8273
99.296196	7292
103.809654	6441
108.323120	5823
112.836586	5164
117.350044	4604
121.863510	4120
126.376976	3717
130.890442	3335
135.403900	3082
139.917358	2800
144.430832	2530
148.944290	2345
153.457748	2196
157.971222	2110
162.484680	2031
166.998138	1877
171.511612	1767
176.025070	1711
180.538528	1673
185.052002	1632
189.565460	1577
194.078918	1483
198.592392	1414
203.105850	1402
207.619308	1457
212.132782	1458
216.646240	1342
221.159698	1334
225.673172	1323
230.186630	1329
234.700089	1341
239.213562	1293
243.727020	1241
248.240479	1235
252.753952	1271
257.267395	1323
261.780884	1362
266.294342	1333
270.807800	1262
275.321259	1230
279.834717	1232
284.348175	1248
288.861664	1232
293.375122	1171
297.888580	1168
302.402039	1213
306.915497	1219
311.428955	1218
315.942444	1201
320.455902	1184
324.969360	1217
329.482819	1242
333.996277	1264
338.509735	1251
343.023224	1227
347.536682	1235
352.050140	1249
356.563599	1216
361.077057	1171
365.590515	1170
370.104004	1194
374.617462	1206
379.130920	1208
383.644379	1202
388.157837	1183
392.671295	1191
397.184784	1221
401.698242	1193
406.211700	1216
410.725159	1218
415.238617	1271
419.752075	1261
424.265564	1234
428.779022	1247
433.292480	1234
437.805939	1182
442.319397	1170
446.832855	1206
451.346344	1187
455.859802	1175
460.373260	1200
464.886719	1187
469.400177	1205
473.913635	1201
478.427124	1200
482.940582	1198
487.454041	1153
491.967499	1134
496.480957	1167
500.994415	1232
505.507904	1255
510.021362	1198
514.534790	1153
519.048279	1167
523.561768	1193
528.075195	1202
532.588684	1217
537.102112	1174
541.615601	1182
546.129089	1252
550.642517	1232
555.156006	1177
559.669434	1149
564.182922	1193
568.696350	1190
573.209839	1144
577.723328	1127
582.236755	1190
586.750244	1208
591.263672	1214
595.777161	1219
600.290649	1177
604.804077	1196
609.317566	1292
613.830994	1233
618.344482	1174
622.857910	1149
627.371399	1146
631.884888	1236
636.398315	1299
640.911804	1214
645.425232	1199
649.938721	1148
654.452209	1162
658.965637	1181
663.479126	1217
667.992554	1256
672.506042	1201
677.019470	1130
681.532959	1187
686.046448	1230
690.559875	1195
695.073364	1193
699.586792	1217
704.100281	1184
708.613770	1201
713.127197	1177
717.640686	1180
722.154114	1197
726.667603	1204
731.181030	1177
735.694519	1178
740.208008	1176
744.721436	1157
749.234924	1209
753.748352	1241
758.261841	1208
762.775330	1226
767.288757	1196
771.802246	1226
776.315674	1242
780.829163	1136
785.342590	1091
789.856079	1147
794.369568	1205
798.882996	1200
803.396484	1154
807.909912	1166
812.423401	1149
816.936890	1178
821.450317	1209
825.963806	1204
830.477234	1154
834.990723	1187
839.504150	1185
844.017639	1181
848.531128	1171
853.044556	1159
857.558044	1176
862.071472	1200
866.584961	1189
871.098450	1164
875.611877	1157
880.125366	1159
884.638794	1198
889.152283	1214
893.665710	1232
898.179199	1187
902.692688	1162
907.206116	1158
911.719604	1142
916.233032	1144
920.746521	1180
925.260010	1177
929.773438	1186
934.286926	1189
938.800354	1177
943.313843	1191
947.827271	1217
952.340759	1196
956.854248	1185
961.367676	1181
965.881165	1162
970.394592	1173
974.908081	1186
979.421570	1200
983.934998	1204
988.448486	1138
992.961914	1172
997.475403	1176
1001.988831	1131
1006.502319	1170
1011.015808	1218
1015.529236	1181
1020.042725	1187
1024.556152	1203
1029.069580	1176
1033.583130	1102
1038.096558	1133
1042.609985	1144
1047.123535	1173
1051.636963	1184
1056.150391	1143
1060.663940	1140
1065.177368	1190
1069.690796	1203
1074.204224	1216
1078.717773	1252
1083.231201	1223
1087.744629	1139
1092.258179	1156
1096.771606	1127
1101.285034	1103
1105.798462	1120
1110.312012	1115
1114.825439	1145
1119.338867	1205
1123.852417	1221
1128.365845	1191
1132.879272	1192
1137.392700	1179
1141.906250	1162
1146.419678	1191
1150.933105	1191
1155.446655	1177
1159.960083	1217
1164.473511	1207
1168.987061	1172
1173.500488	1146
1178.013916	1181
1182.527344	1169
1187.040894	1200
1191.554321	1194
1196.067749	1204
1200.581299	1205
1205.094727	1166
1209.608154	1243
1214.121582	1282
1218.635132	1172
1223.148560	1192
1227.661987	1256
1232.175537	1231
1236.688965	1181
1241.202393	1186
1245.715820	1186
1250.229370	1205
1254.742798	1198
1259.256226	1154
1263.769775	1192
1268.283203	1195
1272.796631	1170
1277.310181	1201
1281.823608	1167
1286.337036	1182
1290.850464	1206
1295.364014	1174
1299.877441	1194
1304.390869	1203
1308.904419	1151
1313.417847	1163
1317.931274	1185
1322.444702	1208
1326.958252	1206
1331.471680	1229
1335.985107	1159
1340.498657	1129
1345.012085	1161
1349.525513	1203
1354.038940	1214
1358.552490	1168
1363.065918	1174
1367.579346	1172
1372.092896	1135
1376.606323	1094
1381.119751	1129
1385.633301	1216
1390.146729	1277
1394.660156	1206
1399.173584	1178
1403.687134	1227
1408.200562	1215
1412.713989	1208
1417.227539	1160
1421.740967	1164
1426.254395	1202
1430.767822	1200
1435.281372	1184
1439.794800	1205
1444.308228	1219
1448.821777	1203
1453.335205	1186
1457.848633	1215
1462.362061	1221
1466.875610	1190
1471.389038	1207
1475.902466	1217
1480.416016	1230
1484.929443	1193
1489.442871	1166
1493.956421	1172
1498.469849	1212
1502.983276	1222
1507.496704	1178
1512.010254	1241
1516.523682	1282
1521.037109	1247
1525.550659	1227
1530.064087	1196
1534.577515	1205
1539.090942	1236
1543.604492	1197
1548.117920	1203
1552.631348	1201
1557.144897	1165
1561.658325	1203
1566.171753	1213
1570.685181	1160
1575.198730	1174
1579.712158	1173
1584.225586	1180
1588.739136	1205
1593.252563	1272
1597.765991	1251
1602.279541	1207
1606.792969	1155
1611.306396	1245
1615.819824	1323
1620.333374	1280
1624.846802	1260
1629.360229	1239
1633.873779	1275
1638.387207	1258
1642.900635	1205
1647.414063	1190
1651.927612	1193
1656.441040	1203
1660.954468	1213
1665.468018	1226
1669.981445	1226
1674.494873	1209
1679.008301	1242
1683.521851	1212
1688.035278	1209
1692.548706	1242
1697.062256	1154
1701.575684	1113
1706.089111	1122
1710.602539	1159
1715.116089	1188
1719.629517	1192
1724.142944	1225
1728.656494	1236
1733.169922	1243
1737.683350	1222
1742.196899	1227
1746.710327	1187
1751.223755	1158
1755.737183	1167
1760.250732	1182
1764.764160	1198
1769.277588	1225
1773.791138	1240
1778.304565	1239
1782.817993	1212
1787.331421	1199
1791.844971	1211
1796.358398	1150
1800.871826	1104
1805.385376	1173
1809.898804	1281
1814.412231	1295
1818.925659	1265
1823.439209	1203
1827.952637	1157
1832.466064	1116
1836.979614	1098
1841.493042	1157
1846.006470	1244
1850.520020	1232
1855.033447	1222
1859.546875	1255
1864.060303	1240
1868.573853	1179
1873.087280	1203
1877.600708	1234
1882.114258	1225
1886.627686	1197
1891.141113	1202
1895.654541	1226
1900.168091	1177
1904.681519	1164
1909.194946	1184
1913.708496	1187
1918.221924	1189
1922.735352	1230
1927.248779	1191
1931.762329	1147
1936.275757	1194
1940.789185	1252
1945.302734	1271
1949.816162	1194
1954.329590	1137
1958.843140	1207
1963.356567	1201
1967.869995	1133
1972.383423	1121
1976.896973	1156
1981.410400	1182
1985.923828	1270
1990.437378	1280
1994.950806	1250
1999.464233	1197
2003.977661	1169
2008.491211	1221
2013.004639	1238
2017.518066	1192
2022.031616	1247
2026.545044	1308
2031.058472	1274
2035.571899	1181
2040.085449	1178
2044.598877	1240
2049.112305	1253
2053.625732	1223
2058.139160	1215
2062.652832	1164
2067.166260	1182
2071.679688	1208
2076.193115	1232
2080.706543	1279
2085.219971	1278
2089.733398	1240
2094.247070	1203
2098.760498	1199
2103.273926	1252
2107.787354	1232
2112.300781	1220
2116.814209	1181
2121.327881	1199
2125.841309	1222
2130.354736	1197
2134.868164	1213
2139.381592	1240
2143.895020	1214
2148.408447	1240
2152.922119	1247
2157.435547	1232
2161.948975	1253
2166.462402	1242
2170.975830	1248
2175.489258	1187
2180.002686	1142
2184.516357	1222
2189.029785	1273
2193.543213	1236
2198.056641	1226
2202.570068	1190
2207.083496	1223
2211.596924	1299
2216.110596	1225
2220.624023	1205
2225.137451	1190
2229.650879	1205
2234.164307	1229
2238.677734	1171
2243.191162	1161
2247.704834	1162
2252.218262	1197
2256.731689	1268
2261.245117	1216
2265.758545	1211
2270.271973	1212
2274.785400	1174
2279.299072	1224
2283.812500	1252
2288.325928	1192
2292.839355	1169
2297.352783	1181
2301.866211	1158
2306.379639	1188
2310.893311	1264
2315.406738	1267
2319.920166	1234
2324.433594	1166
2328.947021	1153
2333.460449	1162
2337.974121	1230
2342.487549	1324
2347.000977	1245
2351.514404	1157
2356.027832	1199
2360.541260	1249
2365.054688	1253
2369.568359	1246
2374.081787	1209
2378.595215	1186
2383.108643	1189
2387.622070	1164
2392.135498	1199
2396.648926	1228
2401.162598	1205
2405.676025	1180
2410.189453	1217
2414.702881	1238
2419.216309	1228
2423.729736	1247
2428.243164	1218
2432.756836	1218
2437.270264	1202
2441.783691	1193
2446.297119	1176
2450.810547	1141
2455.323975	1155
2459.837402	1183
2464.351074	1135
2468.864502	1148
2473.377930	1169
2477.891357	1162
2482.404785	1206
2486.918213	1203
2491.431641	1189
2495.945313	1210
2500.458740	1216
2504.972168	1218
2509.485596	1211
2513.999023	1202
2518.512451	1220
2523.025879	1250
2527.539551	1257
2532.052979	1194
2536.566406	1232
2541.079834	1220
2545.593262	1199
2550.106689	1197
2554.620361	1166
2559.133789	1203
2563.647217	1240
2568.160645	1218
2572.674072	1226
2577.187500	1224
2581.700928	1199
2586.214600	1207
2590.728027	1233
2595.241455	1242
2599.754883	1230
2604.268311	1227
2608.781738	1241
2613.295166	1236
2617.808838	1188
2622.322266	1130
2626.835693	1166
2631.349121	1139
2635.862549	1192
2640.375977	1219
2644.889404	1201
2649.403076	1201
2653.916504	1191
2658.429932	1165
2662.943359	1212
2667.456787	1279
2671.970215	1249
2676.483643	1199
2680.997314	1186
2685.510742	1196
2690.024170	1208
2694.537598	1246
2699.051025	1265
2703.564453	1233
2708.077881	1237
2712.591553	1287
2717.104980	1286
2721.618408	1193
2726.131836	1168
2730.645264	1191
2735.158691	1169
2739.672119	1184
2744.185791	1169
2748.699219	1170
2753.212646	1192
2757.726074	1233
2762.239502	1249
2766.752930	1285
2771.266602	1216
2775.780029	1187
2780.293457	1225
2784.806885	1219
2789.320313	1211
2793.833740	1214
2798.347168	1244
2802.860840	1245
2807.374268	1280
2811.887695	1253
2816.401123	1217
2820.914551	1231
2825.427979	1226
2829.941406	1200
2834.455078	1144
2838.968506	1166
2843.481934	1211
2847.995361	1211
2852.508789	1210
2857.022217	1237
2861.535645	1265
2866.049316	1230
2870.562744	1165
2875.076172	1225
2879.589600	1250
2884.103027	1220
2888.616455	1234
2893.129883	1278
2897.643555	1264
2902.156982	1231
2906.670410	1209
2911.183838	1214
2915.697266	1178
2920.210693	1198
2924.724121	1198
2929.237793	1241
2933.751221	1229
2938.264648	1198
2942.778076	1183
2947.291504	1207
2951.804932	1218
2956.318359	1243
2960.832031	1253
2965.345459	1240
2969.858887	1261
2974.372314	1240
2978.885742	1183
2983.399170	1202
2987.912842	1208
2992.426270	1235
2996.939697	1338
3001.453125	1326
3005.966553	1286
3010.479980	1212
3014.993408	1130
3019.507080	1100
3024.020508	1151
3028.533936	1216
3033.047363	1277
3037.560791	1292
3042.074219	1260
3046.587646	1265
3051.101318	1255
3055.614746	1272
3060.128174	1337
3064.641602	1343
3069.155029	1321
3073.668457	1308
3078.181885	1285
3082.695557	1294
3087.208984	1287
3091.722412	1204
3096.235840	1207
3100.749268	1276
3105.262695	1212
3109.776123	1192
3114.289795	1181
3118.803223	1201
3123.316650	1240
3127.830078	1212
3132.343506	1195
3136.856934	1239
3141.370361	1223
3145.884033	1232
3150.397461	1260
3154.910889	1219
3159.424316	1193
3163.937744	1186
3168.451172	1169
3172.964600	1220
3177.478271	1249
3181.991699	1194
3186.505127	1154
3191.018555	1159
3195.531982	1176
3200.045410	1188
3204.559082	1190
3209.072510	1237
3213.585938	1236
3218.099365	1216
3222.612793	1239
3227.126221	1269
3231.639648	1287
3236.153320	1223
3240.666748	1192
3245.180176	1250
3249.693604	1305
3254.207031	1234
3258.720459	1204
3263.233887	1246
3267.747559	1246
3272.260986	1232
3276.774414	1235
3281.287842	1237
3285.801270	1238
3290.314697	1197
3294.828125	1187
3299.341797	1192
3303.855225	1221
3308.368652	1215
3312.882080	1225
3317.395508	1171
3321.908936	1152
3326.422363	1190
3330.936035	1219
3335.449463	1250
3339.962891	1247
3344.476318	1176
3348.989746	1138
3353.503174	1202
3358.016602	1231
3362.530273	1256
3367.043701	1256
3371.557129	1281
3376.070557	1292
3380.583984	1283
3385.097412	1307
3389.610840	1252
3394.124512	1180
3398.637939	1140
3403.151367	1173
3407.664795	1245
3412.178223	1257
3416.691650	1257
3421.205078	1243
3425.718750	1235
3430.232178	1207
3434.745605	1206
3439.259033	1190
3443.772461	1193
3448.285889	1236
3452.799561	1223
3457.312988	1246
3461.826416	1272
3466.339844	1218
3470.853271	1238
3475.366699	1254
3479.880127	1250
3484.393799	1238
3488.907227	1226
3493.420654	1249
3497.934082	1267
3502.447510	1262
3506.960938	1285
3511.474365	1260
3515.988037	1239
3520.501465	1225
3525.014893	1231
3529.528320	1282
3534.041748	1290
3538.555176	1284
3543.068604	1259
3547.582275	1210
3552.095703	1179
3556.609131	1282
3561.122559	1311
3565.635986	1238
3570.149414	1256
3574.662842	1314
3579.176514	1354
3583.689941	1311
3588.203369	1258
3592.716797	1308
3597.230225	1344
3601.743652	1348
3606.257080	1355
3610.770752	1357
3615.284180	1333
3619.797607	1311
3624.311035	1366
3628.824463	1344
3633.337891	1348
3637.851318	1406
3642.364990	1430
3646.878418	1413
3651.391846	1415
3655.905273	1389
3660.418701	1394
3664.932129	1389
3669.445801	1417
3673.959229	1409
3678.472656	1392
3682.986084	1411
3687.499512	1485
3692.012939	1498
3696.526367	1456
3701.040039	1468
3705.553467	1541
3710.066895	1549
3714.580322	1520
3719.093750	1517
3723.607178	1562
3728.120605	1636
3732.634277	1648
3737.147705	1671
3741.661133	1690
3746.174561	1653
3750.687988	1607
3755.201416	1729
3759.714844	1761
3764.228516	1830
3768.741943	1939
3773.255371	1911
3777.768799	1908
3782.282227	1894
3786.795654	1972
3791.309082	2027
3795.822754	2049
3800.336182	2087
3804.849609	2105
3809.363037	2196
3813.876465	2284
3818.389893	2297
3822.903320	2309
3827.416992	2418
3831.930420	2482
3836.443848	2539
3840.957275	2565
3845.470703	2563
3849.984131	2711
3854.497559	2857
3859.011230	2850
3863.524658	2939
3868.038086	3051
3872.551514	3051
3877.064941	3061
3881.578369	3301
3886.092041	3445
3890.605469	3367
3895.118896	3281
3899.632324	3321
3904.145752	3449
3908.659180	3606
3913.172607	3689
3917.686279	3734
3922.199707	3826
3926.713135	3852
3931.226563	3953
3935.739990	4034
3940.253418	4049
3944.766846	4110
3949.280518	4223
3953.793945	4253
3958.307373	4284
3962.820801	4410
3967.334229	4416
3971.847656	4428
3976.361084	4567
3980.874756	4657
3985.388184	4619
3989.901611	4519
3994.415039	4650
3998.928467	4691
4003.441895	4684
4007.955322	4875
4012.468994	4964
4016.982422	4953
4021.495850	4935
4026.009277	4902
4030.522705	4962
4035.036133	5007
4039.549561	5035
4044.063232	5080
4048.576660	5051
4053.090088	5029
4057.603516	4961
4062.116943	5020
4066.630371	5154
4071.143799	5154
4075.657471	5067
4080.170898	4976
4084.684326	4957
4089.197754	5004
4093.711182	5056
4098.224609	5117
4102.738281	5020
4107.251465	4950
4111.765137	5156
4116.278320	5142
4120.791992	4971
4125.305664	5102
4129.818848	5184
4134.332520	5234
4138.845703	5295
4143.359375	5173
4147.872559	5147
4152.386230	5216
4156.899902	5201
4161.413086	5104
4165.926758	5104
4170.439941	5073
4174.953613	5184
4179.466797	5257
4183.980469	5248
4188.494141	5176
4193.007324	5112
4197.520996	5137
4202.034180	5077
4206.547852	5057
4211.061523	5188
4215.574707	5170
4220.088379	5042
4224.601563	5064
4229.115234	5134
4233.628418	5096
4238.142090	5220
4242.655762	5385
4247.168945	5271
4251.682617	5165
4256.195801	5129
4260.709473	5083
4265.222656	5017
4269.736328	5089
4274.250000	5146
4278.763184	5165
4283.276855	5175
4287.790039	5059
4292.303711	4972
4296.816895	5083
4301.330566	5121
4305.844238	5094
4310.357422	5098
4314.871094	5129
4319.384277	5126
4323.897949	5124
4328.411133	5124
4332.924805	5099
4337.438477	5053
4341.951660	5024
4346.465332	5088
4350.978516	5071
4355.492188	4973
4360.005371	4917
4364.519043	4929
4369.032715	4996
4373.545898	5117
4378.059570	5171
4382.572754	5126
4387.086426	5068
4391.599609	5036
4396.113281	4988
4400.626953	5052
4405.140137	5188
4409.653809	5225
4414.166992	5133
4418.680664	5034
4423.193848	5040
4427.707520	5150
4432.221191	5252
4436.734375	5193
4441.248047	5158
4445.761230	5185
4450.274902	5159
4454.788086	5162
4459.301758	5220
4463.815430	5297
4468.328613	5351
4472.842285	5295
4477.355469	5161
4481.869141	5228
4486.382324	5255
4490.895996	5167
4495.409668	5124
4499.922852	5373
4504.436523	5534
4508.949707	5415
4513.463379	5217
4517.976563	5121
4522.490234	5194
4527.003906	5333
4531.517090	5408
4536.030762	5524
4540.543945	5463
4545.057617	5385
4549.570801	5291
4554.084473	5242
4558.598145	5288
4563.111328	5235
4567.625000	5344
4572.138184	5419
4576.651855	5371
4581.165039	5342
4585.678711	5333
4590.192383	5299
4594.705566	5377
4599.219238	5359
4603.732422	5398
4608.246094	5470
4612.759277	5492
4617.272949	5472
4621.786621	5430
4626.299805	5408
4630.813477	5441
4635.326660	5434
4639.840332	5543
4644.354004	5570
4648.867188	5530
4653.380859	5513
4657.894043	5569
4662.407715	5647
4666.920898	5696
4671.434570	5730
4675.948242	5829
4680.461426	5867
4684.975098	5826
4689.488281	5808
4694.001953	5905
4698.515137	5960
4703.028809	5939
4707.542480	5989
4712.055664	5974
4716.569336	6083
4721.082520	6285
4725.596191	6353
4730.109375	6319
4734.623047	6355
4739.136719	6394
4743.649902	6515
4748.163574	6723
4752.676758	6740
4757.190430	6666
4761.703613	6779
4766.217285	6790
4770.730957	6870
4775.244141	7160
4779.757813	7289
4784.270996	7221
4788.784668	7351
4793.297852	7510
4797.811523	7613
4802.325195	7597
4806.838379	7731
4811.352051	7922
4815.865234	7836
4820.378906	7734
4824.892090	7891
4829.405762	8014
4833.919434	8076
4838.432617	8103
4842.946289	8250
4847.459473	8275
4851.973145	8207
4856.486328	8123
4861.000000	8143
4865.513672	8186
4870.026855	8234
4874.540527	8276
4879.053711	8373
4883.567383	8428
4888.080566	8419
4892.594238	8571
4897.107910	8612
4901.621094	8575
4906.134766	8625
4910.647949	8629
4915.161621	8659
4919.674805	8595
4924.188477	8544
4928.702148	8483
4933.215332	8530
4937.729004	8699
4942.242188	8839
4946.755859	8820
4951.269043	8807
4955.782715	8772
4960.296387	8819
4964.809570	8798
4969.323242	8800
4973.836426	8825
4978.350098	8721
4982.863281	8630
4987.376953	8760
4991.890625	8772
4996.403809	8644
5000.917480	8651
5005.430664	8735
5009.944336	8604
5014.457520	8633
5018.971191	8864
5023.484863	8923
5027.998047	8703
5032.511719	8642
5037.024902	8752
5041.538574	8817
5046.051758	8844
5050.565430	8802
5055.079102	8718
5059.592285	8888
5064.105957	8904
5068.619141	8704
5073.132813	8757
5077.645996	8780
5082.159668	8821
5086.673340	8731
5091.186523	8718
5095.700195	8675
5100.213379	8644
5104.727051	8649
5109.240723	8548
5113.753906	8509
5118.267578	8520
5122.780762	8562
5127.294434	8497
5131.807617	8506
5136.321289	8597
5140.834961	8638
5145.348145	8548
5149.861816	8458
5154.375000	8503
5158.888672	8402
5163.401855	8381
5167.915527	8339
5172.429199	8254
5176.942383	8292
5181.456055	8315
5185.969238	8369
5190.482910	8441
5194.996094	8381
5199.509766	8303
5204.023438	8362
5208.536621	8265
5213.050293	8184
5217.563477	8228
5222.077148	8239
5226.590332	8161
5231.104004	8129
5235.617676	8178
5240.130859	8270
5244.644531	8233
5249.157715	8009
5253.671387	7946
5258.184570	7953
5262.698242	8017
5267.211914	8230
5271.725098	8033
5276.238770	7843
5280.751953	7932
5285.265625	7938
5289.778809	7874
5294.292480	7762
5298.806152	7699
5303.319336	7810
5307.833008	7849
5312.346191	7779
5316.859863	7757
5321.373047	7688
5325.886719	7660
5330.400391	7759
5334.913574	7650
5339.427246	7535
5343.940430	7419
5348.454102	7364
5352.967285	7306
5357.480957	7395
5361.994629	7523
5366.507813	7469
5371.021484	7355
5375.534668	7350
5380.048340	7459
5384.561523	7534
5389.075195	7424
5393.588867	7344
5398.102051	7353
5402.615723	7338
5407.128906	7243
5411.642578	7101
5416.155762	7125
5420.669434	7239
5425.183105	7298
5429.696289	7111
5434.209961	7067
5438.723145	7080
5443.236816	6999
5447.750000	6996
5452.263672	7037
5456.777344	7089
5461.290527	7094
5465.804199	7165
5470.317383	7180
5474.831055	7102
5479.344238	6984
5483.857910	6825
5488.371582	6779
5492.884766	6890
5497.398438	6999
5501.911621	6878
5506.425293	6715
5510.938477	6716
5515.452148	6758
5519.965820	6650
5524.479004	6717
5528.992676	6687
5533.505859	6667
5538.019531	6824
5542.533203	6671
5547.046387	6450
5551.560059	6551
5556.073242	6596
5560.586914	6613
5565.100098	6499
5569.613770	6520
5574.127441	6370
5578.640625	6373
5583.154297	6537
5587.667480	6721
5592.181152	6723
5596.694336	6547
5601.208008	6523
5605.721680	6474
5610.234863	6564
5614.748535	6588
5619.261719	6488
5623.775391	6330
5628.288574	6289
5632.802246	6414
5637.315918	6423
5641.829102	6314
5646.342773	6406
5650.855957	6432
5655.369629	6418
5659.882813	6432
5664.396484	6335
5668.910156	6366
5673.423340	6393
5677.937012	6318
5682.450195	6274
5686.963867	6228
5691.477051	6249
5695.990723	6273
5700.504395	6180
5705.017578	6186
5709.531250	6187
5714.044434	6041
5718.558105	6138
5723.071289	6207
5727.584961	6091
5732.098633	6042
5736.611816	6120
5741.125488	6110
5745.638672	6093
5750.152344	6027
5754.665527	5959
5759.179199	5863
5763.692871	5909
5768.206055	5888
5772.719727	5951
5777.232910	5945
5781.746582	5816
5786.259766	5817
5790.773438	5784
5795.287109	5588
5799.800293	5659
5804.313965	5760
5808.827148	5761
5813.340820	5833
5817.854004	5753
5822.367676	5809
5826.881348	5847
5831.394531	5855
5835.908203	5782
5840.421387	5699
5844.935059	5757
5849.448242	5820
5853.961914	5720
5858.475586	5626
5862.988770	5685
5867.502441	5689
5872.015625	5770
5876.529297	5765
5881.042480	5644
5885.556152	5589
5890.069824	5677
5894.583008	5855
5899.096680	5722
5903.609863	5679
5908.123535	5720
5912.636719	5848
5917.150391	6004
5921.664063	5896
5926.177246	5694
5930.690918	5852
5935.204102	6042
5939.717773	6072
5944.230957	5985
5948.744629	5877
5953.258301	5941
5957.771484	5988
5962.285156	5897
5966.798340	5791
5971.312012	5724
5975.825684	5801
5980.338867	5803
5984.852539	5799
5989.365723	5732
5993.879395	5711
5998.392578	5665
6002.906250	5618
6007.419922	5653
6011.933105	5776
6016.446777	5949
6020.959961	5891
6025.473633	5743
6029.986816	5742
6034.500488	5741
6039.014160	5592
6043.527344	5572
6048.041016	5545
6052.554199	5483
6057.067871	5606
6061.581055	5464
6066.094727	5456
6070.608398	5513
6075.121582	5477
6079.635254	5325
6084.148438	5197
6088.662109	5242
6093.175293	5378
6097.688965	5304
6102.202637	5118
6106.715820	5134
6111.229492	5316
6115.742676	5306
6120.256348	5305
6124.769531	5212
6129.283203	5265
6133.796875	5254
6138.310059	5229
6142.823730	5116
6147.336914	5050
6151.850586	4967
6156.363770	4809
6160.877441	4952
6165.391113	5101
6169.904297	5010
6174.417969	4724
6178.931152	4642
6183.444824	4771
6187.958008	4744
6192.471680	4770
6196.985352	4887
6201.498535	4679
6206.012207	4663
6210.525391	4664
6215.039063	4578
6219.552246	4616
6224.065918	4634
6228.579590	4550
6233.092773	4625
6237.606445	4667
6242.119629	4564
6246.633301	4366
6251.146484	4340
6255.660156	4396
6260.173828	4450
6264.687012	4379
6269.200684	4304
6273.713867	4351
6278.227539	4398
6282.740723	4313
6287.254395	4218
6291.768066	4243
6296.281250	4259
6300.794922	4257
6305.308105	4166
6309.821777	4041
6314.334961	4047
6318.848633	4120
6323.362305	4075
6327.875488	4028
6332.389160	3904
6336.902344	3972
6341.416016	4026
6345.929199	4050
6350.442871	3959
6354.956543	3916
6359.469727	3892
6363.983398	3898
6368.496582	3975
6373.010254	3993
6377.523438	3914
6382.037109	3834
6386.550781	3811
6391.063965	3816
6395.577637	3919
6400.090820	3838
6404.604492	3696
6409.118164	3714
6413.631348	3745
6418.145020	3676
6422.658203	3722
6427.171875	3714
6431.685059	3784
6436.198730	3883
6440.712402	3821
6445.225586	3644
6449.739258	3652
6454.252441	3659
6458.766113	3595
6463.279297	3708
6467.792969	3690
6472.306641	3622
6476.819824	3657
6481.333496	3529
6485.846680	3529
6490.360352	3677
6494.873535	3703
6499.387207	3626
6503.900879	3582
6508.414063	3605
6512.927734	3629
6517.440918	3575
6521.954590	3432
6526.467773	3440
6530.981445	3511
6535.495117	3531
6540.008301	3505
6544.521973	3455
6549.035156	3456
6553.548828	3483
6558.062012	3545
6562.575684	3508
6567.089355	3464
6571.602539	3540
6576.116211	3526
6580.629395	3551
6585.143066	3484
6589.656250	3460
6594.169922	3528
6598.683594	3537
6603.196777	3490
6607.710449	3538
6612.223633	3658
6616.737305	3691
6621.250488	3620
6625.764160	3585
6630.277832	3538
6634.791016	3529
6639.304688	3567
6643.817871	3630
6648.331543	3631
6652.844727	3687
6657.358398	3591
6661.872070	3601
6666.385254	3598
6670.898926	3640
6675.412109	3656
6679.925781	3580
6684.438965	3577
6688.952637	3711
6693.466309	3703
6697.979492	3684
6702.493164	3771
6707.006348	3641
6711.520020	3555
6716.033203	3546
6720.546875	3457
6725.060547	3457
6729.573730	3408
6734.087402	3402
6738.600586	3506
6743.114258	3558
6747.627441	3478
6752.141113	3470
6756.654785	3458
6761.167969	3380
6765.681641	3326
6770.194824	3347
6774.708496	3278
6779.221680	3273
6783.735352	3335
6788.249023	3270
6792.762207	3269
6797.275879	3197
6801.789063	3143
6806.302734	3160
6810.815918	3143
6815.329590	3174
6819.843262	3147
6824.356445	3125
6828.870117	3138
6833.383301	3071
6837.896973	3101
6842.410156	3114
6846.923828	3110
6851.437500	3165
6855.950684	3238
6860.464355	3177
6864.977539	3061
6869.491211	3072
6874.004883	3126
6878.518066	3065
6883.031738	2956
6887.544922	3005
6892.058594	3123
6896.571777	3062
6901.085449	2906
6905.599121	2951
6910.112305	3059
6914.625977	3075
6919.139160	3059
6923.652832	2994
6928.166016	2930
6932.679688	2948
6937.193359	2940
6941.706543	2935
6946.220215	2913
6950.733398	2923
6955.247070	2932
6959.760254	2961
6964.273926	2922
6968.787598	2782
6973.300781	2749
6977.814453	2835
6982.327637	2882
6986.841309	2858
6991.354492	2784
6995.868164	2680
7000.381836	2669
7004.895020	2616
7009.408691	2587
7013.921875	2628
7018.435547	2689
7022.948730	2715
7027.462402	2681
7031.976074	2632
7036.489258	2598
7041.002930	2532
7045.516113	2573
7050.029785	2542
7054.542969	2550
7059.056641	2652
7063.570313	2664
7068.083496	2554
7072.597168	2432
7077.110352	2473
7081.624023	2518
7086.137207	2585
7090.650879	2553
7095.164551	2419
7099.677734	2493
7104.191406	2567
7108.704590	2518
7113.218262	2524
7117.731445	2445
7122.245117	2386
7126.758789	2353
7131.271973	2374
7135.785645	2428
7140.298828	2406
7144.812500	2348
7149.325684	2344
7153.839355	2347
7158.353027	2302
7162.866211	2316
7167.379883	2262
7171.893066	2241
7176.406738	2293
7180.919922	2371
7185.433594	2381
7189.947266	2367
7194.460449	2340
7198.974121	2288
7203.487305	2290
7208.000977	2278
7212.514160	2220
7217.027832	2259
7221.541504	2256
7226.054688	2221
7230.568359	2153
7235.081543	2154
7239.595215	2159
7244.108398	2177
7248.622070	2161
7253.135742	2090
7257.648926	2033
7262.162598	1933
7266.675781	1888
7271.189453	1914
7275.702637	1985
7280.216309	1955
7284.729980	1919
7289.243164	1948
7293.756836	2030
7298.270020	2097
7302.783691	2027
7307.297363	1925
7311.810547	1833
7316.324219	1863
7320.837402	1964
7325.351074	1966
7329.864258	1941
7334.377930	1969
7338.891602	1876
7343.404785	1827
7347.918457	1878
7352.431641	1878
7356.945313	1883
7361.458496	1907
7365.972168	1788
7370.485840	1787
7374.999023	1831
7379.512695	1830
7384.025879	1813
7388.539551	1857
7393.052734	1822
7397.566406	1683
7402.080078	1634
7406.593262	1701
7411.106934	1691
7415.620117	1628
7420.133789	1692
7424.646973	1674
7429.160645	1628
7433.674316	1642
7438.187500	1614
7442.701172	1676
7447.214355	1781
7451.728027	1671
7456.241211	1606
7460.754883	1581
7465.268555	1520
7469.781738	1507
7474.295410	1524
7478.808594	1542
7483.322266	1495
7487.835449	1511
7492.349121	1519
7496.862793	1422
7501.375977	1454
7505.889648	1563
7510.402832	1545
7514.916504	1511
7519.429688	1554
7523.943359	1508
7528.457031	1482
7532.970215	1498
7537.483887	1587
7541.997070	1629
7546.510742	1564
7551.023926	1500
7555.537598	1538
7560.051270	1570
7564.564453	1523
7569.078125	1523
7573.591309	1511
7578.104980	1549
7582.618164	1524
7587.131836	1545
7591.645508	1588
7596.158691	1598
7600.672363	1634
7605.185547	1628
7609.699219	1603
7614.212402	1610
7618.726074	1668
7623.239746	1601
7627.752930	1630
7632.266602	1648
7636.779785	1627
7641.293457	1639
7645.806641	1632
7650.320313	1654
7654.833984	1732
7659.347168	1682
7663.860840	1608
7668.374023	1616
7672.887695	1619
7677.400879	1651
7681.914551	1626
7686.428223	1665
7690.941406	1661
7695.455078	1606
7699.968262	1565
7704.481934	1568
7708.995117	1549
7713.508789	1593
7718.022461	1543
7722.535645	1447
7727.049316	1469
7731.562500	1513
7736.076172	1517
7740.589844	1507
7745.103027	1488
7749.616699	1506
7754.129883	1518
7758.643555	1491
7763.156738	1565
7767.670410	1552
7772.184082	1458
7776.697266	1420
7781.210938	1410
7785.724121	1369
7790.237793	1352
7794.750977	1380
7799.264648	1356
7803.778320	1350
7808.291504	1390
7812.805176	1420
7817.318359	1396
7821.832031	1399
7826.345215	1423
7830.858887	1395
7835.372559	1322
7839.885742	1307
7844.399414	1337
7848.912598	1451
7853.426270	1457
7857.939453	1396
7862.453125	1400
7866.966797	1364
7871.479980	1390
7875.993652	1451
7880.506836	1424
7885.020508	1387
7889.533691	1347
7894.047363	1345
7898.561035	1327
7903.074219	1343
7907.587891	1346
7912.101074	1359
7916.614746	1332
7921.127930	1279
7925.641602	1277
7930.155273	1309
7934.668457	1328
7939.182129	1317
7943.695313	1319
7948.208984	1389
7952.722168	1415
7957.235840	1355
7961.749512	1372
7966.262695	1369
7970.776367	1366
7975.289551	1398
7979.803223	1436
7984.316406	1469
7988.830078	1425
7993.343750	1374
7997.856934	1400
8002.370605	1331
8006.883789	1334
8011.397461	1346
8015.910645	1347
8020.424316	1372
8024.937988	1420
8029.451172	1464
8033.964844	1509
8038.478027	1431
8042.991699	1359
8047.504883	1373
8052.018555	1371
8056.532227	1360
8061.045410	1405
8065.559082	1448
8070.072266	1487
8074.585938	1519
8079.099121	1531
8083.612793	1433
8088.126465	1478
8092.639648	1468
8097.153320	1417
8101.666504	1403
8106.180176	1481
8110.693359	1508
8115.207031	1475
8119.720703	1495
8124.233887	1501
8128.747559	1514
8133.260742	1595
8137.774414	1575
8142.287598	1503
8146.801270	1525
8151.314941	1486
8155.828125	1492
8160.341797	1557
8164.854980	1530
8169.368652	1500
8173.881836	1496
8178.395508	1524
8182.909180	1535
8187.422363	1563
8191.936035	1538
8196.449219	1534
8200.962891	1542
8205.476563	1445
8209.990234	1449
8214.502930	1465
8219.016602	1485
8223.530273	1479
8228.043945	1524
8232.556641	1504
8237.070313	1408
8241.583984	1381
8246.097656	1474
8250.611328	1473
8255.124023	1428
8259.637695	1383
8264.151367	1467
8268.665039	1457
8273.178711	1394
8277.691406	1410
8282.205078	1414
8286.718750	1423
8291.232422	1451
8295.745117	1432
8300.258789	1360
8304.772461	1408
8309.286133	1400
8313.799805	1325
8318.312500	1317
8322.826172	1366
8327.339844	1398
8331.853516	1420
8336.367188	1419
8340.879883	1350
8345.393555	1288
8349.907227	1261
8354.420898	1289
8358.933594	1286
8363.447266	1307
8367.960938	1304
8372.474609	1320
8376.988281	1316
8381.500977	1313
8386.014648	1340
8390.528320	1349
8395.041992	1312
8399.555664	1313
8404.068359	1293
8408.582031	1303
8413.095703	1301
8417.609375	1275
8422.123047	1265
8426.635742	1254
8431.149414	1206
8435.663086	1219
8440.176758	1284
8444.689453	1340
8449.203125	1326
8453.716797	1274
8458.230469	1269
8462.744141	1281
8467.256836	1288
8471.770508	1305
8476.284180	1290
8480.797852	1316
8485.311523	1292
8489.824219	1232
8494.337891	1220
8498.851563	1280
8503.365234	1302
8507.877930	1341
8512.391602	1308
8516.905273	1277
8521.418945	1253
8525.932617	1245
8530.445313	1247
8534.958984	1270
8539.472656	1269
8543.986328	1300
8548.500000	1279
8553.012695	1272
8557.526367	1290
8562.040039	1315
8566.553711	1332
8571.066406	1341
8575.580078	1324
8580.093750	1357
8584.607422	1399
8589.121094	1397
8593.633789	1360
8598.147461	1316
8602.661133	1283
8607.174805	1249
8611.688477	1233
8616.201172	1169
8620.714844	1209
8625.228516	1303
8629.742188	1317
8634.254883	1342
8638.768555	1360
8643.282227	1384
8647.795898	1435
8652.309570	1453
8656.822266	1405
8661.335938	1354
8665.849609	1325
8670.363281	1324
8674.876953	1352
8679.389648	1365
8683.903320	1386
8688.416992	1435
8692.930664	1445
8697.443359	1424
8701.957031	1383
8706.470703	1370
8710.984375	1348
8715.498047	1371
8720.010742	1346
8724.524414	1336
8729.038086	1330
8733.551758	1315
8738.065430	1305
8742.578125	1287
8747.091797	1327
8751.605469	1351
8756.119141	1377
8760.631836	1346
8765.145508	1387
8769.659180	1405
8774.172852	1380
8778.686523	1280
8783.199219	1318
8787.712891	1396
8792.226563	1354
8796.740234	1355
8801.253906	1385
8805.766602	1366
8810.280273	1389
8814.793945	1405
8819.307617	1415
8823.820313	1317
8828.333984	1272
8832.847656	1342
8837.361328	1359
8841.875000	1321
8846.387695	1303
8850.901367	1403
8855.415039	1464
8859.928711	1446
8864.442383	1390
8868.955078	1311
8873.468750	1315
8877.982422	1355
8882.496094	1349
8887.009766	1307
8891.522461	1286
8896.036133	1264
8900.549805	1254
8905.063477	1287
8909.576172	1352
8914.089844	1295
8918.603516	1244
8923.117188	1273
8927.630859	1277
8932.143555	1255
8936.657227	1269
8941.170898	1267
8945.684570	1282
8950.198242	1320
8954.710938	1302
8959.224609	1327
8963.738281	1380
8968.251953	1372
8972.764648	1349
8977.278320	1245
8981.791992	1233
8986.305664	1268
8990.819336	1267
8995.332031	1245
8999.845703	1272
9004.359375	1307
9008.873047	1279
9013.386719	1251
9017.899414	1259
9022.413086	1270
9026.926758	1297
9031.440430	1239
9035.953125	1180
9040.466797	1198
9044.980469	1218
9049.494141	1242
9054.007813	1285
9058.520508	1239
9063.034180	1241
9067.547852	1240
9072.061523	1269
9076.575195	1297
9081.087891	1299
9085.601563	1294
9090.115234	1262
9094.628906	1259
9099.141602	1299
9103.655273	1319
9108.168945	1289
9112.682617	1243
9117.196289	1217
9121.708984	1219
9126.222656	1226
9130.736328	1259
9135.250000	1240
9139.763672	1201
9144.276367	1190
9148.790039	1192
9153.303711	1218
9157.817383	1219
9162.330078	1217
9166.843750	1241
9171.357422	1228
9175.871094	1214
9180.384766	1200
9184.897461	1184
9189.411133	1224
9193.924805	1257
9198.438477	1229
9202.952148	1207
9207.464844	1205
9211.978516	1203
9216.492188	1197
9221.005859	1226
9225.518555	1255
9230.032227	1221
9234.545898	1209
9239.059570	1270
9243.573242	1266
9248.085938	1250
9252.599609	1260
9257.113281	1237
9261.626953	1242
9266.140625	1244
9270.653320	1187
9275.166992	1205
9279.680664	1238
9284.194336	1242
9288.708008	1243
9293.220703	1250
9297.734375	1193
9302.248047	1263
9306.761719	1266
9311.274414	1229
9315.788086	1204
9320.301758	1234
9324.815430	1277
9329.329102	1261
9333.841797	1260
9338.355469	1225
9342.869141	1178
9347.382813	1229
9351.896484	1282
9356.409180	1258
9360.922852	1256
9365.436523	1288
9369.950195	1281
9374.462891	1296
9378.976563	1230
9383.490234	1198
9388.003906	1253
9392.517578	1256
9397.030273	1279
9401.543945	1256
9406.057617	1223
9410.571289	1242
9415.084961	1280
9419.597656	1277
9424.111328	1229
9428.625000	1230
9433.138672	1248
9437.651367	1259
9442.165039	1238
9446.678711	1191
9451.192383	1191
9455.706055	1190
9460.218750	1219
9464.732422	1235
9469.246094	1261
9473.759766	1288
9478.273438	1285
9482.786133	1274
9487.299805	1227
9491.813477	1160
9496.327148	1191
9500.839844	1277
9505.353516	1273
9509.867188	1182
9514.380859	1173
9518.894531	1213
9523.407227	1215
9527.920898	1228
9532.434570	1222
9536.948242	1239
9541.461914	1177
9545.974609	1263
9550.488281	1307
9555.001953	1296
9559.515625	1286
9564.028320	1277
9568.541992	1231
9573.055664	1269
9577.569336	1282
9582.083008	1284
9586.595703	1316
9591.109375	1276
9595.623047	1234
9600.136719	1226
9604.650391	1219
9609.163086	1192
9613.676758	1195
9618.190430	1221
9622.704102	1216
9627.216797	1270
9631.730469	1279
9636.244141	1246
9640.757813	1231
9645.271484	1235
9649.784180	1285
9654.297852	1335
9658.811523	1251
9663.325195	1176
9667.838867	1239
9672.351563	1278
9676.865234	1238
9681.378906	1238
9685.892578	1258
9690.405273	1273
9694.918945	1274
9699.432617	1270
9703.946289	1251
9708.459961	1292
9712.972656	1290
9717.486328	1303
9722.000000	1281
9726.513672	1258
9731.027344	1257
9735.540039	1331
9740.053711	1364
9744.567383	1338
9749.081055	1315
9753.594727	1321
9758.107422	1318
9762.621094	1302
9767.134766	1266
9771.648438	1268
9776.161133	1401
9780.674805	1429
9785.188477	1350
9789.702148	1219
9794.215820	1226
9798.728516	1236
9803.242188	1265
9807.755859	1277
9812.269531	1290
9816.783203	1263
9821.295898	1301
9825.809570	1330
9830.323242	1283
9834.836914	1278
9839.349609	1307
9843.863281	1268
9848.376953	1280
9852.890625	1310
9857.404297	1308
9861.916992	1320
9866.430664	1297
9870.944336	1226
9875.458008	1264
9879.971680	1283
9884.484375	1280
9888.998047	1267
9893.511719	1307
9898.025391	1330
9902.538086	1265
9907.051758	1304
9911.565430	1354
9916.079102	1338
9920.592773	1286
9925.105469	1262
9929.619141	1354
9934.132813	1328
9938.646484	1258
9943.160156	1263
9947.672852	1245
9952.186523	1268
9956.700195	1326
9961.213867	1317
9965.726563	1306
9970.240234	1333
9974.753906	1345
9979.267578	1396
9983.781250	1341
9988.293945	1306
9992.807617	1289
9997.321289	1339
10001.834961	1360
10006.348633	1290
10010.861328	1307
10015.375000	1250
10019.888672	1217
10024.402344	1267
10028.915039	1297
10033.428711	1336
10037.942383	1308
10042.456055	1269
10046.969727	1326
10051.482422	1305
10055.996094	1294
10060.509766	1336
10065.023438	1284
10069.537109	1191
10074.049805	1244
10078.563477	1324
10083.077148	1339
10087.590820	1343
10092.103516	1326
10096.617188	1337
10101.130859	1298
10105.644531	1287
10110.158203	1259
10114.670898	1249
10119.184570	1279
10123.698242	1295
10128.211914	1302
10132.725586	1334
10137.238281	1351
10141.751953	1295
10146.265625	1266
10150.779297	1275
10155.291992	1258
10159.805664	1251
10164.319336	1236
10168.833008	1246
10173.346680	1202
10177.859375	1181
10182.373047	1258
10186.886719	1290
10191.400391	1285
10195.914063	1259
10200.426758	1270
10204.940430	1307
10209.454102	1330
10213.967773	1322
10218.481445	1319
10222.994141	1337
10227.507813	1347
10232.021484	1380
10236.535156	1377
10241.047852	1327
10245.561523	1317
10250.075195	1304
10254.588867	1284
10259.102539	1392
10263.615234	1368
10268.128906	1293
10272.642578	1258
10277.156250	1253
10281.669922	1289
10286.182617	1372
10290.696289	1346
10295.209961	1309
10299.723633	1306
10304.236328	1306
10308.750000	1252
10313.263672	1256
10317.777344	1327
10322.291016	1315
10326.803711	1272
10331.317383	1202
10335.831055	1297
10340.344727	1402
10344.858398	1336
10349.371094	1303
10353.884766	1284
10358.398438	1248
10362.912109	1280
10367.424805	1304
10371.938477	1334
10376.452148	1328
10380.965820	1252
10385.479492	1264
10389.992188	1298
10394.505859	1268
10399.019531	1275
10403.533203	1257
10408.046875	1256
10412.559570	1330
10417.073242	1325
10421.586914	1286
10426.100586	1311
10430.613281	1382
10435.126953	1326
10439.640625	1301
10444.154297	1369
10448.667969	1322
10453.180664	1252
10457.694336	1264
10462.208008	1294
10466.721680	1342
10471.235352	1318
10475.748047	1229
10480.261719	1167
10484.775391	1164
10489.289063	1189
10493.801758	1235
10498.315430	1258
10502.829102	1237
10507.342773	1224
10511.856445	1260
10516.369141	1266
10520.882813	1280
10525.396484	1272
10529.910156	1292
10534.423828	1303
10538.936523	1325
10543.450195	1325
10547.963867	1286
10552.477539	1283
10556.990234	1282
10561.503906	1215
10566.017578	1258
10570.531250	1279
10575.044922	1269
10579.557617	1274
10584.071289	1258
10588.584961	1220
10593.098633	1207
10597.612305	1197
10602.125000	1252
10606.638672	1297
10611.152344	1302
10615.666016	1310
10620.179688	1255
10624.692383	1275
10629.206055	1299
10633.719727	1279
10638.233398	1275
10642.746094	1214
10647.259766	1200
10651.773438	1211
10656.287109	1260
10660.800781	1267
10665.313477	1272
10669.827148	1266
10674.340820	1234
10678.854492	1268
10683.368164	1308
10687.880859	1290
10692.394531	1268
10696.908203	1198
10701.421875	1234
10705.934570	1271
10710.448242	1305
10714.961914	1331
10719.475586	1329
10723.989258	1298
10728.501953	1270
10733.015625	1315
10737.529297	1321
10742.042969	1337
10746.556641	1355
10751.069336	1307
10755.583008	1275
10760.096680	1269
10764.610352	1262
10769.123047	1278
10773.636719	1271
10778.150391	1266
10782.664063	1267
10787.177734	1269
10791.690430	1294
10796.204102	1280
10800.717773	1189
10805.231445	1209
10809.745117	1209
10814.257813	1199
10818.771484	1207
10823.285156	1236
10827.798828	1282
10832.311523	1332
10836.825195	1322
10841.338867	1307
10845.852539	1296
10850.366211	1252
10854.878906	1289
10859.392578	1350
10863.906250	1319
10868.419922	1256
10872.933594	1285
10877.446289	1308
10881.959961	1265
10886.473633	1266
10890.987305	1255
10895.500000	1250
10900.013672	1281
10904.527344	1311
10909.041016	1286
10913.554688	1220
10918.067383	1239
10922.581055	1271
10927.094727	1296
10931.608398	1259
10936.122070	1214
10940.634766	1168
10945.148438	1222
10949.662109	1247
10954.175781	1269
10958.688477	1312
10963.202148	1316
10967.715820	1288
10972.229492	1262
10976.743164	1230
10981.255859	1304
10985.769531	1282
10990.283203	1302
10994.796875	1320
10999.310547	1288
11003.823242	1373
11008.336914	1289
11012.850586	1216
11017.364258	1282
11021.876953	1330
11026.390625	1293
11030.904297	1283
11035.417969	1311
11039.931641	1297
11044.444336	1265
11048.958008	1261
11053.471680	1216
11057.985352	1251
11062.499023	1301
11067.011719	1231
11071.525391	1217
11076.039063	1291
11080.552734	1293
11085.066406	1256
11089.579102	1248
11094.092773	1206
11098.606445	1218
11103.120117	1269
11107.632813	1267
11112.146484	1301
11116.660156	1258
11121.173828	1205
11125.687500	1267
11130.200195	1277
11134.713867	1229
11139.227539	1271
11143.741211	1264
11148.254883	1236
11152.767578	1199
11157.281250	1144
11161.794922	1094
11166.308594	1179
11170.821289	1204
11175.334961	1190
11179.848633	1204
11184.362305	1177
11188.875977	1163
11193.388672	1173
11197.902344	1159
11202.416016	1142
11206.929688	1139
11211.443359	1158
11215.956055	1184
11220.469727	1180
11224.983398	1122
11229.497070	1066
11234.009766	1053
11238.523438	1102
11243.037109	1132
11247.550781	1114
11252.064453	1113
11256.577148	1087
11261.090820	1123
11265.604492	1174
11270.118164	1162
11274.631836	1158
11279.144531	1149
11283.658203	1111
11288.171875	1132
11292.685547	1166
11297.198242	1130
11301.711914	1104
11306.225586	1125
11310.739258	1100
11315.252930	1134
11319.765625	1151
11324.279297	1103
11328.792969	1077
11333.306641	1056
11337.820313	1030
11342.333008	1034
11346.846680	1035
11351.360352	1051
11355.874023	1052
11360.386719	1074
11364.900391	1074
11369.414063	1037
11373.927734	1025
11378.441406	1045
11382.954102	1031
11387.467773	975
11391.981445	923
11396.495117	988
11401.008789	1037
11405.521484	1012
11410.035156	998
11414.548828	1020
11419.062500	1010
11423.575195	1003
11428.088867	1004
11432.602539	959
11437.116211	949
11441.629883	967
11446.142578	999
11450.656250	994
11455.169922	995
11459.683594	969
11464.197266	998
11468.709961	993
11473.223633	979
11477.737305	960
11482.250977	940
11486.763672	924
11491.277344	925
11495.791016	925
11500.304688	961
11504.818359	943
11509.331055	964
11513.844727	1016
11518.358398	972
11522.872070	948
11527.385742	927
11531.898438	949
11536.412109	963
11540.925781	930
11545.439453	899
11549.953125	860
11554.465820	800
11558.979492	869
11563.493164	900
11568.006836	863
11572.519531	859
11577.033203	869
11581.546875	837
11586.060547	816
11590.574219	800
11595.086914	810
11599.600586	805
11604.114258	852
11608.627930	853
11613.141602	826
11617.654297	813
11622.167969	832
11626.681641	794
11631.195313	767
11635.708008	823
11640.221680	793
11644.735352	804
11649.249023	803
11653.762695	773
11658.275391	788
11662.789063	783
11667.302734	798
11671.816406	766
11676.330078	765
11680.842773	772
11685.356445	788
11689.870117	752
11694.383789	758
11698.896484	742
11703.410156	694
11707.923828	693
11712.437500	697
11716.951172	714
11721.463867	715
11725.977539	686
11730.491211	719
11735.004883	712
11739.518555	689
11744.031250	611
11748.544922	638
11753.058594	690
11757.572266	662
11762.084961	666
11766.598633	639
11771.112305	606
11775.625977	643
11780.139648	655
11784.652344	619
11789.166016	564
11793.679688	582
11798.193359	612
11802.707031	598
11807.219727	592
11811.733398	561
11816.247070	563
11820.760742	566
11825.273438	557
11829.787109	561
11834.300781	553
11838.814453	544
11843.328125	529
11847.840820	487
11852.354492	481
11856.868164	520
11861.381836	536
11865.895508	542
11870.408203	521
11874.921875	471
11879.435547	490
11883.949219	501
11888.461914	482
11892.975586	453
11897.489258	441
11902.002930	484
11906.516602	509
11911.029297	518
11915.542969	503
11920.056641	458
11924.570313	446
11929.083984	425
11933.596680	453
11938.110352	469
11942.624023	467
11947.137695	476
11951.651367	441
11956.164063	410
11960.677734	417
11965.191406	436
11969.705078	435
11974.217773	434
11978.731445	440
11983.245117	447
11987.758789	437
11992.272461	444
11996.785156	453
12001.298828	410
12005.812500	404
12010.326172	419
12014.839844	383
12019.352539	372
12023.866211	371
12028.379883	402
12032.893555	373
12037.406250	344
12041.919922	343
12046.433594	370
12050.947266	396
12055.460938	377
12059.973633	359
12064.487305	345
12069.000977	332
12073.514648	326
12078.028320	285
12082.541016	292
12087.054688	318
12091.568359	348
12096.082031	329
12100.594727	335
12105.108398	332
12109.622070	327
12114.135742	301
12118.649414	285
12123.162109	296
12127.675781	296
12132.189453	296
12136.703125	302
12141.216797	311
12145.729492	280
12150.243164	276
12154.756836	275
12159.270508	260
12163.783203	240
12168.296875	245
12172.810547	243
12177.324219	264
12181.837891	293
12186.350586	273
12190.864258	251
12195.377930	252
12199.891602	236
12204.405273	202
12208.917969	211
12213.431641	212
12217.945313	223
12222.458984	223
12226.971680	221
12231.485352	213
12235.999023	201
12240.512695	190
12245.026367	188
12249.539063	218
12254.052734	190
12258.566406	185
12263.080078	189
12267.593750	191
12272.106445	208
12276.620117	183
12281.133789	158
12285.647461	159
12290.160156	159
12294.673828	159
12299.187500	169
12303.701172	162
12308.214844	158
12312.727539	163
12317.241211	162
12321.754883	138
12326.268555	136
12330.782227	133
12335.294922	137
12339.808594	160
12344.322266	120
12348.835938	112
12353.348633	113
12357.862305	108
12362.375977	122
12366.889648	114
12371.403320	95
12375.916016	95
12380.429688	101
12384.943359	100
12389.457031	86
12393.970703	80
12398.483398	87
12402.997070	71
12407.510742	68
12412.024414	74
12416.538086	72
12421.050781	67
12425.564453	61
12430.078125	50
12434.591797	49
12439.104492	54
12443.618164	49
12448.131836	38
12452.645508	34
12457.159180	34
12461.671875	30
12466.185547	27
12470.699219	25
12475.212891	21
12479.726563	14
12484.239258	15
12488.752930	9
12493.266602	8
12497.780273	4
12502.292969	0
12506.806641	0
12511.320313	0
12515.833984	0
12520.347656	0
12524.860352	0
12529.374023	0
12533.887695	0
12538.401367	0
12542.915039	0
12547.427734	0
12551.941406	0
12556.455078	0
12560.968750	0
12565.481445	0
12569.995117	0
12574.508789	0
12579.022461	0
12583.536133	0
12588.048828	0
12592.562500	0
12597.076172	0
12601.589844	0
12606.103516	0
12610.616211	0
12615.129883	0
12619.643555	0
12624.157227	0
12628.669922	0
12633.183594	0
12637.697266	0
12642.210938	0
12646.724609	0
12651.237305	0
12655.750977	0
12660.264648	0
12664.778320	0
12669.291992	0
12673.804688	0
12678.318359	0
12682.832031	0
12687.345703	0
12691.858398	0
12696.372070	0
12700.885742	0
12705.399414	0
12709.913086	0
12714.425781	0
12718.939453	0
12723.453125	0
12727.966797	0
12732.480469	0
12736.993164	0
12741.506836	0
12746.020508	0
12750.534180	0
12755.046875	0
12759.560547	0
12764.074219	0
12768.587891	0
12773.101563	0
12777.614258	0
12782.127930	0
12786.641602	0
12791.155273	0
12795.668945	0
12800.181641	0
12804.695313	0
12809.208984	0
12813.722656	0
12818.236328	0
12822.749023	0
12827.262695	0
12831.776367	0
12836.290039	0
12840.802734	0
12845.316406	0
12849.830078	0
12854.343750	0
12858.857422	0
12863.370117	0
12867.883789	0
12872.397461	0
12876.911133	0
12881.424805	0
12885.937500	0
12890.451172	0
12894.964844	0
12899.478516	0
12903.991211	0
12908.504883	0
12913.018555	0
12917.532227	0
12922.045898	0
12926.558594	0
12931.072266	0
12935.585938	0
12940.099609	0
12944.613281	0
12949.125977	0
12953.639648	0
12958.153320	0
12962.666992	0
12967.179688	0
12971.693359	0
12976.207031	0
12980.720703	0
12985.234375	0
12989.747070	0
12994.260742	0
12998.774414	0
