-4188.687012	0
-4184.263672	0
-4179.840820	0
-4175.417480	0
-4170.994629	0
-4166.571289	0
-4162.148438	0
-4157.725098	0
-4153.302246	0
-4148.878906	0
-4144.456055	0
-4140.032715	0
-4135.609863	0
-4131.186523	0
-4126.763184	0
-4122.340332	0
-4117.916992	0
-4113.494141	0
-4109.070801	0
-4104.647949	0
-4100.224609	0
-4095.801758	0
-4091.378418	0
-4086.955322	0
-4082.532227	0
-4078.109131	0
-4073.686035	0
-4069.262939	0
-4064.839844	0
-4060.416748	0
-4055.993652	0
-4051.570557	0
-4047.147461	0
-4042.724365	0
-4038.301270	0
-4033.878174	0
-4029.455078	0
-4025.031738	0
-4020.608643	0
-4016.185547	0
-4011.762451	0
-4007.339355	0
-4002.916260	0
-3998.493164	0
-3994.070068	0
-3989.646973	0
-3985.223877	0
-3980.800781	0
-3976.377686	0
-3971.954590	0
-3967.531494	0
-3963.108398	0
-3958.685059	0
-3954.261963	0
-3949.838867	0
-3945.415771	0
-3940.992676	0
-3936.569580	0
-3932.146484	0
-3927.723389	0
-3923.300293	0
-3918.877197	0
-3914.454102	0
-3910.031006	0
-3905.607910	0
-3901.184814	0
-3896.761719	0
-3892.338379	0
-3887.915283	0
-3883.492188	0
-3879.069092	0
-3874.645996	0
-3870.222900	0
-3865.799805	0
-3861.376709	0
-3856.953613	0
-3852.530518	0
-3848.107422	0
-3843.684326	0
-3839.261230	0
-3834.838135	0
-3830.415039	0
-3825.991699	0
-3821.568604	0
-3817.145508	0
-3812.722412	0
-3808.299316	0
-3803.876221	0
-3799.453125	0
-3795.030029	0
-3790.606934	0
-3786.183838	0
-3781.760742	0
-3777.337646	0
-3772.914551	0
-3768.491455	0
-3764.068359	0
-3759.645020	0
-3755.221924	0
-3750.798828	0
-3746.375732	0
-3741.952637	0
-3737.529541	0
-3733.106445	0
-3728.683350	0
-3724.260254	0
-3719.837158	0
-3715.414063	0
-3710.990967	0
-3706.567871	0
-3702.144775	0
-3697.721680	0
-3693.298340	0
-3688.875244	0
-3684.452148	0
-3680.029053	0
-3675.605957	0
-3671.182861	0
-3666.759766	0
-3662.336670	0
-3657.913574	0
-3653.490479	0
-3649.067383	0
-3644.644287	0
-3640.221191	0
-3635.798096	0
-3631.375000	0
-3626.951660	0
-3622.528564	0
-3618.105469	0
-3613.682373	0
-3609.259277	0
-3604.836182	0
-3600.413086	0
-3595.989990	0
-3591.566895	0
-3587.143799	0
-3582.720703	0
-3578.297607	0
-3573.874512	0
-3569.451416	0
-3565.028320	0
-3560.604980	0
-3556.181885	0
-3551.758789	0
-3547.335693	0
-3542.912598	0
-3538.489502	0
-3534.066406	0
-3529.643311	0
-3525.220215	0
-3520.797119	0
-3516.374023	0
-3511.950928	0
-3507.527832	0
-3503.104736	0
-3498.681641	0
-3494.258301	0
-3489.835205	0
-3485.412109	0
-3480.989014	0
-3476.565918	0
-3472.142822	0
-3467.719727	0
-3463.296631	0
-3458.873535	0
-3454.450439	0
-3450.027344	0
-3445.604248	0
-3441.181152	0
-3436.758057	0
-3432.334961	0
-3427.911621	0
-3423.488525	0
-3419.065430	0
-3414.642334	0
-3410.219238	0
-3405.796143	0
-3401.373047	0
-3396.949951	0
-3392.526855	0
-3388.103760	0
-3383.680664	0
-3379.257568	0
-3374.834473	0
-3370.411377	0
-3365.988281	0
-3361.564941	0
-3357.141846	0
-3352.718750	0
-3348.295654	0
-3343.872559	0
-3339.449463	0
-3335.026367	0
-3330.603271	0
-3326.180176	0
-3321.757080	0
-3317.333984	0
-3312.910889	0
-3308.487793	0
-3304.064697	0
-3299.641602	0
-3295.218262	0
-3290.795166	0
-3286.372070	0
-3281.948975	0
-3277.525879	0
-3273.102783	0
-3268.679688	0
-3264.256592	0
-3259.833496	0
-3255.410400	0
-3250.987305	0
-3246.564209	0
-3242.141113	0
-3237.718018	0
-3233.294922	0
-3228.871582	0
-3224.448486	0
-3220.025391	0
-3215.602295	0
-3211.179199	0
-3206.756104	0
-3202.333008	0
-3197.909912	0
-3193.486816	0
-3189.063721	0
-3184.640625	0
-3180.217529	0
-3175.794434	0
-3171.371338	0
-3166.948242	0
-3162.524902	0
-3158.101807	0
-3153.678711	0
-3149.255615	0
-3144.832520	0
-3140.409424	0
-3135.986328	0
-3131.563232	0
-3127.140137	0
-3122.717041	0
-3118.293945	0
-3113.870850	0
-3109.447754	0
-3105.024658	0
-3100.601563	0
-3096.178223	0
-3091.755127	0
-3087.332031	0
-3082.908936	0
-3078.485840	0
-3074.062744	0
-3069.639648	0
-3065.216553	0
-3060.793457	0
-3056.370361	0
-3051.947266	0
-3047.524170	0
-3043.101074	0
-3038.677979	0
-3034.254883	0
-3029.831787	0
-3025.408447	0
-3020.985352	0
-3016.562256	0
-3012.139160	0
-3007.716064	0
-3003.292969	0
-2998.869873	0
-2994.446777	0
-2990.023682	0
-2985.600586	0
-2981.177490	0
-2976.754395	0
-2972.331299	0
-2967.908203	0
-2963.485107	0
-2959.061768	0
-2954.638672	0
-2950.215576	0
-2945.792480	0
-2941.369385	0
-2936.946289	0
-2932.523193	0
-2928.100098	0
-2923.677002	0
-2919.253906	0
-2914.830811	0
-2910.407715	0
-2905.984619	0
-2901.561523	0
-2897.138428	0
-2892.715088	0
-2888.291992	0
-2883.868896	0
-2879.445801	0
-2875.022705	0
-2870.599609	0
-2866.176514	0
-2861.753418	0
-2857.330322	0
-2852.907227	0
-2848.484131	0
-2844.061035	0
-2839.637939	0
-2835.214844	0
-2830.791748	0
-2826.368408	0
-2821.945313	0
-2817.522217	0
-2813.099121	0
-2808.676025	0
-2804.252930	0
-2799.829834	0
-2795.406738	0
-2790.983643	0
-2786.560547	0
-2782.137451	0
-2777.714355	0
-2773.291260	0
-2768.868164	0
-2764.445068	0
-2760.021729	0
-2755.598633	0
-2751.175537	0
-2746.752441	0
-2742.329346	0
-2737.906250	0
-2733.483154	0
-2729.060059	0
-2724.636963	0
-2720.213867	0
-2715.790771	0
-2711.367676	0
-2706.944580	0
-2702.521484	0
-2698.098389	0
-2693.675049	0
-2689.251953	0
-2684.828857	0
-2680.405762	0
-2675.982666	0
-2671.559570	0
-2667.136475	0
-2662.713379	0
-2658.290283	0
-2653.867188	0
-2649.444092	0
-2645.020996	0
-2640.597900	0
-2636.174805	0
-2631.751709	0
-2627.328369	0
-2622.905273	0
-2618.482178	0
-2614.059082	0
-2609.635986	0
-2605.212891	0
-2600.789795	0
-2596.366699	0
-2591.943604	0
-2587.520508	0
-2583.097412	0
-2578.674316	0
-2574.251221	0
-2569.828125	0
-2565.405029	0
-2560.981689	0
-2556.558594	0
-2552.135498	0
-2547.712402	0
-2543.289307	0
-2538.866211	0
-2534.443115	0
-2530.020020	0
-2525.596924	0
-2521.173828	0
-2516.750732	0
-2512.327637	0
-2507.904541	0
-2503.481445	0
-2499.058350	0
-2494.635010	0
-2490.211914	0
-2485.788818	0
-2481.365723	0
-2476.942627	0
-2472.519531	0
-2468.096436	0
-2463.673340	0
-2459.250244	0
-2454.827148	0
-2450.404053	0
-2445.980957	0
-2441.557861	0
-2437.134766	0
-2432.711670	0
-2428.288330	0
-2423.865234	0
-2419.442139	0
-2415.019043	0
-2410.595947	0
-2406.172852	0
-2401.749756	0
-2397.326660	0
-2392.903564	0
-2388.480469	0
-2384.057373	0
-2379.634277	0
-2375.211182	0
-2370.788086	0
-2366.364990	0
-2361.941650	0
-2357.518555	0
-2353.095459	0
-2348.672363	0
-2344.249268	0
-2339.826172	0
-2335.403076	0
-2330.979980	0
-2326.556885	0
-2322.133789	0
-2317.710693	0
-2313.287598	0
-2308.864502	0
-2304.441406	0
-2300.018311	0
-2295.594971	0
-2291.171875	0
-2286.748779	0
-2282.325684	0
-2277.902588	0
-2273.479492	0
-2269.056396	0
-2264.633301	0
-2260.210205	0
-2255.787109	0
-2251.364014	0
-2246.940918	0
-2242.517822	0
-2238.094727	0
-2233.671631	0
-2229.248291	0
-2224.825195	0
-2220.402100	0
-2215.979004	0
-2211.555908	0
-2207.132813	0
-2202.709717	0
-2198.286621	0
-2193.863525	0
-2189.440430	0
-2185.017334	0
-2180.594238	0
-2176.171143	0
-2171.748047	0
-2167.324951	0
-2162.901611	0
-2158.478516	0
-2154.055420	2
-2149.632324	1
-2145.209229	2
-2140.786133	0
-2136.363037	0
-2131.939941	3
-2127.516846	1
-2123.093750	0
-2118.670654	1
-2114.247559	6
-2109.824463	2
-2105.401367	5
-2100.978271	6
-2096.554932	10
-2092.131836	7
-2087.708740	3
-2083.285645	6
-2078.862549	7
-2074.439453	7
-2070.016357	5
-2065.593262	7
-2061.170166	5
-2056.747070	7
-2052.323975	7
-2047.900879	6
-2043.477661	6
-2039.054565	8
-2034.631470	7
-2030.208374	4
-2025.785278	12
-2021.362183	10
-2016.939087	17
-2012.515869	16
-2008.092773	13
-2003.669678	11
-1999.246582	11
-1994.823486	16
-1990.400391	15
-1985.977295	12
-1981.554199	13
-1977.130981	11
-1972.707886	13
-1968.284790	17
-1963.861694	14
-1959.438599	16
-1955.015503	11
-1950.592407	8
-1946.169189	19
-1941.746094	14
-1937.322998	14
-1932.899902	15
-1928.476807	16
-1924.053711	17
-1919.630615	14
-1915.207520	13
-1910.784302	15
-1906.361206	11
-1901.938110	21
-1897.515015	14
-1893.091919	13
-1888.668823	12
-1884.245728	17
-1879.822510	18
-1875.399414	17
-1870.976318	17
-1866.553223	20
-1862.130127	21
-1857.707031	22
-1853.283936	28
-1848.860840	26
-1844.437622	19
-1840.014526	24
-1835.591431	19
-1831.168335	18
-1826.745239	26
-1822.322144	24
-1817.899048	19
-1813.475830	26
-1809.052734	15
-1804.629639	18
-1800.206543	25
-1795.783447	21
-1791.360352	25
-1786.937256	25
-1782.514160	26
-1778.090942	24
-1773.667847	29
-1769.244751	28
-1764.821655	20
-1760.398560	24
-1755.975464	23
-1751.552368	17
-1747.129150	31
-1742.706055	25
-1738.282959	20
-1733.859863	30
-1729.436768	24
-1725.013672	14
-1720.590576	20
-1716.167480	20
-1711.744263	25
-1707.321167	21
-1702.898071	27
-1698.474976	21
-1694.051880	22
-1689.628784	18
-1685.205688	23
-1680.782471	21
-1676.359375	18
-1671.936279	19
-1667.513184	24
-1663.090088	22
-1658.666992	24
-1654.243896	31
-1649.820801	19
-1645.397583	24
-1640.974487	24
-1636.551392	26
-1632.128296	37
-1627.705200	27
-1623.282104	22
-1618.859009	25
-1614.435791	26
-1610.012695	24
-1605.589600	25
-1601.166504	29
-1596.743408	20
-1592.320313	20
-1587.897217	26
-1583.474121	12
-1579.050903	19
-1574.627808	34
-1570.204712	27
-1565.781616	25
-1561.358521	27
-1556.935425	25
-1552.512329	16
-1548.089111	14
-1543.666016	38
-1539.242920	43
-1534.819824	31
-1530.396729	28
-1525.973633	20
-1521.550537	18
-1517.127441	29
-1512.704224	27
-1508.281128	28
-1503.858032	24
-1499.434937	19
-1495.011841	35
-1490.588745	25
-1486.165649	27
-1481.742554	30
-1477.319336	31
-1472.896240	30
-1468.473145	25
-1464.050049	20
-1459.626953	22
-1455.203857	34
-1450.780762	21
-1446.357544	19
-1441.934448	22
-1437.511353	24
-1433.088257	27
-1428.665161	19
-1424.242065	25
-1419.818970	18
-1415.395874	19
-1410.972656	17
-1406.549561	32
-1402.126465	29
-1397.703369	30
-1393.280273	29
-1388.857178	22
-1384.434082	23
-1380.010864	29
-1375.587769	25
-1371.164673	35
-1366.741577	22
-1362.318481	27
-1357.895386	26
-1353.472290	27
-1349.049194	23
-1344.625977	31
-1340.202881	28
-1335.779785	24
-1331.356689	25
-1326.933594	31
-1322.510498	22
-1318.087402	28
-1313.664185	35
-1309.241089	34
-1304.817993	29
-1300.394897	27
-1295.971802	23
-1291.548706	25
-1287.125610	25
-1282.702515	28
-1278.279297	26
-1273.856201	25
-1269.433105	27
-1265.010010	25
-1260.586914	33
-1256.163818	20
-1251.740723	19
-1247.317505	24
-1242.894409	36
-1238.471313	35
-1234.048218	25
-1229.625122	34
-1225.202026	30
-1220.778931	28
-1216.355835	31
-1211.932617	35
-1207.509521	35
-1203.086426	21
-1198.663330	19
-1194.240234	29
-1189.817139	38
-1185.394043	25
-1180.970825	23
-1176.547729	26
-1172.124634	25
-1167.701538	23
-1163.278442	27
-1158.855347	34
-1154.432251	37
-1150.009155	32
-1145.585938	29
-1141.162842	26
-1136.739746	20
-1132.316650	30
-1127.893555	27
-1123.470459	31
-1119.047363	31
-1114.624146	26
-1110.201050	32
-1105.777954	32
-1101.354858	30
-1096.931763	28
-1092.508667	26
-1088.085571	30
-1083.662476	30
-1079.239258	41
-1074.816162	35
-1070.393066	40
-1065.969971	20
-1061.546875	24
-1057.123779	23
-1052.700684	29
-1048.277466	36
-1043.854370	35
-1039.431274	30
-1035.008179	30
-1030.585083	39
-1026.161987	28
-1021.738831	33
-1017.315735	36
-1012.892639	30
-1008.469543	27
-1004.046387	32
-999.623291	40
-995.200195	37
-990.777100	42
-986.353943	33
-981.930847	43
-977.507751	32
-973.084595	26
-968.661499	41
-964.238403	37
-959.815308	31
-955.392151	27
-950.969055	29
-946.545959	42
-942.122864	32
-937.699707	47
-933.276611	24
-928.853516	29
-924.430420	47
-920.007263	37
-915.584167	37
-911.161072	29
-906.737915	29
-902.314819	38
-897.891724	33
-893.468628	27
-889.045471	38
-884.622375	36
-880.199280	33
-875.776184	39
-871.353027	29
-866.929932	26
-862.506836	35
-858.083740	43
-853.660583	45
-849.237488	46
-844.814392	49
-840.391235	48
-835.968140	42
-831.545044	37
-827.121948	37
-822.698792	34
-818.275696	32
-813.852600	42
-809.429504	37
-805.006348	42
-800.583252	38
-796.160156	33
-791.737061	32
-787.313904	39
-782.890808	44
-778.467712	38
-774.044556	41
-769.621460	50
-765.198364	43
-760.775269	47
-756.352112	47
-751.929016	39
-747.505920	40
-743.082825	38
-738.659668	34
-734.236572	47
-729.813477	45
-725.390381	48
-720.967224	49
-716.544128	47
-712.121033	47
-707.697937	35
-703.274780	39
-698.851685	36
-694.428589	41
-690.005432	41
-685.582336	47
-681.159241	38
-676.736145	29
-672.312988	44
-667.889893	50
-663.466797	49
-659.043701	40
-654.620544	59
-650.197449	53
-645.774353	51
-641.351257	50
-636.928101	45
-632.505005	43
-628.081909	47
-623.658752	47
-619.235657	40
-614.812561	42
-610.389465	38
-605.966309	55
-601.543213	47
-597.120117	54
-592.697021	55
-588.273865	43
-583.850769	53
-579.427673	55
-575.004578	44
-570.581421	44
-566.158325	54
-561.735229	58
-557.312073	52
-552.888977	61
-548.465881	63
-544.042786	63
-539.619629	51
-535.196533	66
-530.773438	58
-526.350342	56
-521.927185	61
-517.504089	67
-513.080994	64
-508.657867	61
-504.234772	69
-499.811646	66
-495.388550	66
-490.965424	65
-486.542297	59
-482.119202	69
-477.696075	76
-473.272980	73
-468.849854	66
-464.426758	71
-460.003632	67
-455.580536	74
-451.157410	86
-446.734314	81
-442.311188	86
-437.888092	79
-433.464966	81
-429.041870	85
-424.618744	82
-420.195618	83
-415.772522	83
-411.349396	90
-406.926300	86
-402.503174	86
-398.080078	86
-393.656952	88
-389.233856	91
-384.810730	95
-380.387634	91
-375.964508	93
-371.541412	94
-367.118286	94
-362.695190	94
-358.272064	97
-353.848969	101
-349.425842	107
-345.002716	109
-340.579620	110
-336.156494	112
-331.733398	114
-327.310272	107
-322.887177	123
-318.464050	124
-314.040955	132
-309.617828	136
-305.194733	138
-300.771606	133
-296.348511	154
-291.925385	154
-287.502289	156
-283.079163	165
-278.656036	173
-274.232941	172
-269.809814	183
-265.386719	196
-260.963593	195
-256.540497	200
-252.117386	199
-247.694275	211
-243.271149	232
-238.848038	239
-234.424927	248
-230.001816	257
-225.578705	261
-221.155594	278
-216.732483	292
-212.309372	298
-207.886261	308
-203.463150	328
-199.040039	358
-194.616928	368
-190.193817	385
-185.770706	410
-181.347595	431
-176.924484	455
-172.501358	503
-168.078247	544
-163.655136	567
-159.232025	593
-154.808914	645
-150.385803	705
-145.962692	756
-141.539581	823
-137.116470	895
-132.693359	969
-128.270248	1040
-123.847137	1116
-119.424019	1225
-115.000908	1363
-110.577797	1512
-106.154686	1670
-101.731575	1854
-97.308464	2092
-92.885353	2356
-88.462242	2681
-84.039124	3098
-79.616013	3568
-75.192902	4095
-70.769791	4777
-66.346680	5625
-61.923569	6545
-57.500454	7331
-53.077343	7938
-48.654232	8436
-44.231121	8844
-39.808006	9148
-35.384895	9362
-30.961784	9545
-26.538671	9693
-22.115561	9771
-17.692448	9812
-13.269336	9800
-8.846224	9796
-4.423112	9858
0.000000	9897
4.423112	9891
8.846224	9878
13.269336	9833
17.692448	9729
22.115561	9558
26.538671	9340
30.961784	9117
35.384895	8847
39.808006	8492
44.231121	8154
48.654232	7812
53.077343	7360
57.500454	6888
61.923569	6451
66.346680	5829
70.769791	5109
75.192902	4372
79.616013	3733
84.039124	3189
88.462242	2746
92.885353	2413
97.308464	2137
101.731575	1901
106.154686	1709
110.577797	1531
115.000908	1371
119.424019	1259
123.847137	1153
128.270248	1046
132.693359	955
137.116470	903
141.539581	845
145.962692	777
150.385803	719
154.808914	658
159.232025	618
163.655136	578
168.078247	541
172.501358	498
176.924484	472
181.347595	466
185.770706	441
190.193817	420
194.616928	392
199.040039	361
203.463150	338
207.886261	325
212.309372	315
216.732483	300
221.155594	288
225.578705	271
230.001816	264
234.424927	266
238.848038	253
243.271149	232
247.694275	224
252.117386	220
256.540497	209
260.963593	204
265.386719	190
269.809814	185
274.232941	180
278.656036	171
283.079163	158
287.502289	150
291.925385	162
296.348511	164
300.771606	148
305.194733	147
309.617828	138
314.040955	140
318.464050	145
322.887177	135
327.310272	134
331.733398	120
336.156494	117
340.579620	130
345.002716	119
349.425842	118
353.848969	119
358.272064	112
362.695190	109
367.118286	110
371.541412	117
375.964508	110
380.387634	106
384.810730	104
389.233856	104
393.656952	106
398.080078	100
402.503174	95
406.926300	96
411.349396	96
415.772522	99
420.195618	91
424.618744	89
429.041870	102
433.464966	102
437.888092	104
442.311188	97
446.734314	87
451.157410	76
455.580536	86
460.003632	84
464.426758	85
468.849854	84
473.272980	84
477.696075	71
482.119202	70
486.542297	79
490.965424	83
495.388550	76
499.811646	69
504.234772	76
508.657867	72
513.080994	73
517.504089	76
521.927185	81
526.350342	80
530.773438	75
535.196533	83
539.619629	71
544.042786	57
548.465881	61
552.888977	67
557.312073	74
561.735229	77
566.158325	80
570.581421	65
575.004578	73
579.427673	68
583.850769	66
588.273865	64
592.697021	54
597.120117	70
601.543213	70
605.966309	72
610.389465	74
614.812561	54
619.235657	65
623.658752	72
628.081909	65
632.505005	57
636.928101	63
641.351257	57
645.774353	58
650.197449	57
654.620544	61
659.043701	72
663.466797	72
667.889893	61
672.312988	62
676.736145	71
681.159241	62
685.582336	56
690.005432	62
694.428589	64
698.851685	67
703.274780	69
707.697937	59
712.121033	65
716.544128	66
720.967224	63
725.390381	55
729.813477	54
734.236572	57
738.659668	62
743.082825	65
747.505920	70
751.929016	71
756.352112	64
760.775269	59
765.198364	58
769.621460	58
774.044556	62
778.467712	62
782.890808	59
787.313904	61
791.737061	64
796.160156	59
800.583252	59
805.006348	59
809.429504	57
813.852600	50
818.275696	58
822.698792	55
827.121948	52
831.545044	52
835.968140	66
840.391235	59
844.814392	67
849.237488	64
853.660583	72
858.083740	61
862.506836	53
866.929932	54
871.353027	62
875.776184	67
880.199280	63
884.622375	58
889.045471	62
893.468628	61
897.891724	63
902.314819	65
906.737915	56
911.161072	51
915.584167	50
920.007263	56
924.430420	61
928.853516	64
933.276611	67
937.699707	60
942.122864	59
946.545959	54
950.969055	63
955.392151	59
959.815308	60
964.238403	68
968.661499	60
973.084595	65
977.507751	66
981.930847	61
986.353943	65
990.777100	75
995.200195	59
999.623291	65
1004.046387	66
1008.469543	61
1012.892639	61
1017.315735	57
1021.738831	59
1026.161987	57
1030.585083	61
1035.008179	55
1039.431274	52
1043.854370	61
1048.277466	59
1052.700684	59
1057.123779	60
1061.546875	61
1065.969971	68
1070.393066	52
1074.816162	50
1079.239258	68
1083.662476	73
1088.085571	65
1092.508667	68
1096.931763	65
1101.354858	54
1105.777954	55
1110.201050	62
1114.624146	59
1119.047363	60
1123.470459	71
1127.893555	63
1132.316650	66
1136.739746	60
1141.162842	52
1145.585938	58
1150.009155	47
1154.432251	52
1158.855347	68
1163.278442	66
1167.701538	68
1172.124634	62
1176.547729	61
1180.970825	59
1185.394043	71
1189.817139	64
1194.240234	58
1198.663330	58
1203.086426	60
1207.509521	58
1211.932617	58
1216.355835	63
1220.778931	59
1225.202026	55
1229.625122	56
1234.048218	58
1238.471313	53
1242.894409	57
1247.317505	65
1251.740723	62
1256.163818	60
1260.586914	69
1265.010010	76
1269.433105	69
1273.856201	59
1278.279297	55
1282.702515	52
1287.125610	61
1291.548706	69
1295.971802	67
1300.394897	61
1304.817993	61
1309.241089	61
1313.664185	46
1318.087402	57
1322.510498	67
1326.933594	61
1331.356689	62
1335.779785	60
1340.202881	68
1344.625977	69
1349.049194	70
1353.472290	79
1357.895386	70
1362.318481	61
1366.741577	64
1371.164673	68
1375.587769	64
1380.010864	60
1384.434082	61
1388.857178	66
1393.280273	75
1397.703369	62
1402.126465	61
1406.549561	61
1410.972656	62
1415.395874	66
1419.818970	68
1424.242065	73
1428.665161	73
1433.088257	63
1437.511353	64
1441.934448	70
1446.357544	66
1450.780762	67
1455.203857	75
1459.626953	53
1464.050049	58
1468.473145	72
1472.896240	61
1477.319336	60
1481.742554	67
1486.165649	69
1490.588745	70
1495.011841	81
1499.434937	74
1503.858032	71
1508.281128	68
1512.704224	72
1517.127441	65
1521.550537	54
1525.973633	62
1530.396729	74
1534.819824	71
1539.242920	70
1543.666016	72
1548.089111	75
1552.512329	86
1556.935425	79
1561.358521	75
1565.781616	69
1570.204712	60
1574.627808	74
1579.050903	71
1583.474121	75
1587.897217	69
1592.320313	68
1596.743408	70
1601.166504	70
1605.589600	70
1610.012695	76
1614.435791	80
1618.859009	67
1623.282104	71
1627.705200	72
1632.128296	69
1636.551392	71
1640.974487	68
1645.397583	60
1649.820801	69
1654.243896	63
1658.666992	62
1663.090088	67
1667.513184	70
1671.936279	67
1676.359375	69
1680.782471	73
1685.205688	68
1689.628784	64
1694.051880	58
1698.474976	73
1702.898071	71
1707.321167	68
1711.744263	69
1716.167480	69
1720.590576	74
1725.013672	80
1729.436768	68
1733.859863	72
1738.282959	76
1742.706055	69
1747.129150	73
1751.552368	70
1755.975464	69
1760.398560	65
1764.821655	67
1769.244751	65
1773.667847	78
1778.090942	79
1782.514160	76
1786.937256	68
1791.360352	75
1795.783447	70
1800.206543	73
1804.629639	69
1809.052734	81
1813.475830	68
1817.899048	76
1822.322144	73
1826.745239	73
1831.168335	81
1835.591431	87
1840.014526	77
1844.437622	77
1848.860840	78
1853.283936	77
1857.707031	70
1862.130127	70
1866.553223	67
1870.976318	67
1875.399414	75
1879.822510	62
1884.245728	71
1888.668823	73
1893.091919	80
1897.515015	75
1901.938110	81
1906.361206	73
1910.784302	73
1915.207520	74
1919.630615	68
1924.053711	68
1928.476807	70
1932.899902	64
1937.322998	72
1941.746094	76
1946.169189	74
1950.592407	71
1955.015503	70
1959.438599	71
1963.861694	79
1968.284790	84
1972.707886	78
1977.130981	85
1981.554199	73
1985.977295	77
1990.400391	74
1994.823486	69
1999.246582	77
2003.669678	79
2008.092773	73
2012.515869	77
2016.939087	65
2021.362183	73
2025.785278	76
2030.208374	76
2034.631470	77
2039.054565	79
2043.477661	79
2047.900879	76
2052.323975	72
2056.747070	73
2061.170166	76
2065.593262	74
2070.016357	75
2074.439453	80
2078.862549	78
2083.285645	77
2087.708740	73
2092.131836	67
2096.554932	65
2100.978271	74
2105.401367	72
2109.824463	78
2114.247559	76
2118.670654	78
2123.093750	85
2127.516846	78
2131.939941	78
2136.363037	66
2140.786133	62
2145.209229	76
2149.632324	75
2154.055420	75
2158.478516	78
2162.901611	78
2167.324951	78
2171.748047	81
2176.171143	80
2180.594238	66
2185.017334	67
2189.440430	80
2193.863525	69
2198.286621	75
2202.709717	68
2207.132813	75
2211.555908	79
2215.979004	84
2220.402100	76
2224.825195	84
2229.248291	86
2233.671631	75
2238.094727	80
2242.517822	90
2246.940918	75
2251.364014	80
2255.787109	79
2260.210205	82
2264.633301	86
2269.056396	91
2273.479492	77
2277.902588	79
2282.325684	86
2286.748779	74
2291.171875	73
2295.594971	80
2300.018311	76
2304.441406	79
2308.864502	82
2313.287598	80
2317.710693	77
2322.133789	72
2326.556885	79
2330.979980	70
2335.403076	80
2339.826172	87
2344.249268	81
2348.672363	81
2353.095459	77
2357.518555	74
2361.941650	78
2366.364990	81
2370.788086	83
2375.211182	76
2379.634277	70
2384.057373	78
2388.480469	87
2392.903564	84
2397.326660	78
2401.749756	76
2406.172852	84
2410.595947	74
2415.019043	78
2419.442139	82
2423.865234	86
2428.288330	85
2432.711670	79
2437.134766	79
2441.557861	78
2445.980957	84
2450.404053	82
2454.827148	86
2459.250244	83
2463.673340	85
2468.096436	80
2472.519531	81
2476.942627	83
2481.365723	86
2485.788818	82
2490.211914	92
2494.635010	87
2499.058350	79
2503.481445	82
2507.904541	77
2512.327637	91
2516.750732	82
2521.173828	85
2525.596924	91
2530.020020	88
2534.443115	90
2538.866211	93
2543.289307	89
2547.712402	79
2552.135498	78
2556.558594	74
2560.981689	80
2565.405029	83
2569.828125	83
2574.251221	76
2578.674316	82
2583.097412	96
2587.520508	90
2591.943604	89
2596.366699	86
2600.789795	78
2605.212891	76
2609.635986	81
2614.059082	86
2618.482178	73
2622.905273	81
2627.328369	85
2631.751709	85
2636.174805	77
2640.597900	81
2645.020996	83
2649.444092	87
2653.867188	88
2658.290283	97
2662.713379	83
2667.136475	83
2671.559570	80
2675.982666	84
2680.405762	81
2684.828857	85
2689.251953	78
2693.675049	86
2698.098389	88
2702.521484	86
2706.944580	95
2711.367676	87
2715.790771	80
2720.213867	82
2724.636963	97
2729.060059	88
2733.483154	80
2737.906250	89
2742.329346	89
2746.752441	85
2751.175537	83
2755.598633	76
2760.021729	81
2764.445068	91
2768.868164	95
2773.291260	87
2777.714355	90
2782.137451	76
2786.560547	79
2790.983643	80
2795.406738	86
2799.829834	86
2804.252930	79
2808.676025	79
2813.099121	82
2817.522217	87
2821.945313	82
2826.368408	83
2830.791748	86
2835.214844	83
2839.637939	87
2844.061035	90
2848.484131	93
2852.907227	91
2857.330322	91
2861.753418	93
2866.176514	91
2870.599609	84
2875.022705	83
2879.445801	84
2883.868896	98
2888.291992	81
2892.715088	83
2897.138428	88
2901.561523	82
2905.984619	79
2910.407715	80
2914.830811	87
2919.253906	91
2923.677002	94
2928.100098	82
2932.523193	84
2936.946289	89
2941.369385	87
2945.792480	79
2950.215576	78
2954.638672	90
2959.061768	89
2963.485107	94
2967.908203	94
2972.331299	93
2976.754395	94
2981.177490	88
2985.600586	82
2990.023682	80
2994.446777	82
2998.869873	82
3003.292969	83
3007.716064	87
3012.139160	85
3016.562256	87
3020.985352	96
3025.408447	95
3029.831787	88
3034.254883	95
3038.677979	82
3043.101074	82
3047.524170	87
3051.947266	86
3056.370361	85
3060.793457	82
3065.216553	74
3069.639648	83
3074.062744	83
3078.485840	87
3082.908936	81
3087.332031	84
3091.755127	80
3096.178223	89
3100.601563	95
3105.024658	79
3109.447754	85
3113.870850	92
3118.293945	95
3122.717041	91
3127.140137	89
3131.563232	95
3135.986328	81
3140.409424	80
3144.832520	74
3149.255615	87
3153.678711	90
3158.101807	89
3162.524902	80
3166.948242	85
3171.371338	88
3175.794434	87
3180.217529	84
3184.640625	91
3189.063721	90
3193.486816	88
3197.909912	81
3202.333008	92
3206.756104	85
3211.179199	93
3215.602295	86
3220.025391	93
3224.448486	93
3228.871582	94
3233.294922	86
3237.718018	92
3242.141113	84
3246.564209	88
3250.987305	82
3255.410400	91
3259.833496	91
3264.256592	83
3268.679688	93
3273.102783	91
3277.525879	83
3281.948975	83
3286.372070	92
3290.795166	86
3295.218262	88
3299.641602	88
3304.064697	89
3308.487793	90
3312.910889	89
3317.333984	85
3321.757080	91
3326.180176	85
3330.603271	81
3335.026367	94
3339.449463	92
3343.872559	93
3348.295654	89
3352.718750	90
3357.141846	81
3361.564941	86
3365.988281	92
3370.411377	98
3374.834473	99
3379.257568	90
3383.680664	99
3388.103760	80
3392.526855	88
3396.949951	98
3401.373047	90
3405.796143	87
3410.219238	87
3414.642334	96
3419.065430	102
3423.488525	94
3427.911621	85
3432.334961	87
3436.758057	92
3441.181152	89
3445.604248	89
3450.027344	91
3454.450439	90
3458.873535	86
3463.296631	94
3467.719727	94
3472.142822	87
3476.565918	82
3480.989014	95
3485.412109	85
3489.835205	93
3494.258301	94
3498.681641	94
3503.104736	101
3507.527832	96
3511.950928	98
3516.374023	99
3520.797119	98
3525.220215	100
3529.643311	101
3534.066406	101
3538.489502	98
3542.912598	104
3547.335693	114
3551.758789	115
3556.181885	116
3560.604980	106
3565.028320	101
3569.451416	114
3573.874512	106
3578.297607	109
3582.720703	112
3587.143799	108
3591.566895	122
3595.989990	119
3600.413086	126
3604.836182	124
3609.259277	119
3613.682373	124
3618.105469	135
3622.528564	132
3626.951660	130
3631.375000	132
3635.798096	137
3640.221191	144
3644.644287	144
3649.067383	143
3653.490479	161
3657.913574	161
3662.336670	165
3666.759766	173
3671.182861	164
3675.605957	173
3680.029053	170
3684.452148	176
3688.875244	178
3693.298340	180
3697.721680	186
3702.144775	198
3706.567871	193
3710.990967	213
3715.414063	218
3719.837158	226
3724.260254	239
3728.683350	244
3733.106445	259
3737.529541	267
3741.952637	277
3746.375732	267
3750.798828	276
3755.221924	287
3759.645020	310
3764.068359	318
3768.491455	314
3772.914551	323
3777.337646	332
3781.760742	350
3786.183838	369
3790.606934	385
3795.030029	395
3799.453125	412
3803.876221	449
3808.299316	462
3812.722412	475
3817.145508	488
3821.568604	502
3825.991699	523
3830.415039	534
3834.838135	543
3839.261230	577
3843.684326	602
3848.107422	623
3852.530518	651
3856.953613	664
3861.376709	685
3865.799805	712
3870.222900	741
3874.645996	755
3879.069092	781
3883.492188	821
3887.915283	858
3892.338379	891
3896.761719	916
3901.184814	942
3905.607910	962
3910.031006	987
3914.454102	999
3918.877197	1008
3923.300293	1018
3927.723389	1024
3932.146484	1042
3936.569580	1060
3940.992676	1076
3945.415771	1129
3949.838867	1188
3954.261963	1215
3958.685059	1262
3963.108398	1308
3967.531494	1333
3971.954590	1398
3976.377686	1471
3980.800781	1528
3985.223877	1604
3989.646973	1679
3994.070068	1741
3998.493164	1760
4002.916260	1807
4007.339355	1851
4011.762451	1907
4016.185547	1937
4020.608643	1953
4025.031738	1984
4029.455078	2023
4033.878174	2051
4038.301270	2053
4042.724365	2038
4047.147461	2025
4051.570557	2048
4055.993652	2074
4060.416748	2099
4064.839844	2107
4069.262939	2144
4073.686035	2150
4078.109131	2137
4082.532227	2162
4086.955322	2181
4091.378418	2192
4095.801758	2199
4100.224609	2175
4104.647949	2166
4109.070801	2184
4113.494141	2180
4117.916992	2188
4122.340332	2210
4126.763184	2218
4131.186523	2229
4135.609863	2216
4140.032715	2188
4144.456055	2192
4148.878906	2206
4153.302246	2191
4157.725098	2186
4162.148438	2190
4166.571289	2181
4170.994629	2172
4175.417480	2185
4179.840820	2178
4184.263672	2157
4188.687012	2146
4193.109863	2169
4197.533203	2156
4201.956543	2128
4206.379395	2138
4210.802734	2148
4215.225586	2165
4219.648926	2164
4224.071777	2150
4228.495117	2136
4232.917969	2132
4237.341309	2126
4241.764160	2119
4246.187500	2123
4250.610352	2134
4255.033691	2122
4259.456543	2106
4263.879883	2117
4268.303223	2086
4272.726074	2062
4277.149414	2081
4281.572266	2062
4285.995605	2020
4290.418457	1997
4294.841797	1995
4299.264648	2002
4303.687988	1992
4308.110840	1993
4312.534180	2010
4316.957031	2039
4321.380371	2066
4325.803223	2089
4330.226563	2105
4334.649902	2124
4339.072754	2135
4343.496094	2163
4347.918945	2159
4352.342285	2146
4356.765137	2182
4361.188477	2210
4365.611328	2201
4370.034668	2214
4374.457520	2232
4378.880859	2210
4383.303711	2206
4387.727051	2228
4392.149902	2271
4396.573242	2257
4400.996582	2237
4405.419434	2264
4409.842773	2289
4414.265625	2294
4418.688965	2314
4423.111816	2347
4427.535156	2330
4431.958008	2335
4436.381348	2353
4440.804199	2379
4445.227539	2363
4449.650391	2356
4454.073730	2384
4458.496582	2361
4462.919922	2374
4467.343262	2405
4471.766113	2401
4476.189453	2408
4480.612305	2414
4485.035645	2412
4489.458496	2434
4493.881836	2417
4498.304688	2412
4502.728027	2412
4507.150879	2380
4511.574219	2385
4515.997070	2387
4520.420410	2357
4524.843262	2338
4529.266602	2360
4533.689941	2344
4538.112793	2317
4542.536133	2322
4546.958984	2338
4551.382324	2342
4555.805176	2367
4560.228516	2382
4564.651367	2359
4569.074707	2375
4573.497559	2395
4577.920898	2392
4582.343750	2409
4586.767090	2417
4591.189941	2433
4595.613281	2471
4600.036621	2504
4604.459473	2519
4608.882813	2553
4613.305664	2583
4617.729004	2607
4622.151855	2630
4626.575195	2672
4630.998047	2695
4635.421387	2720
4639.844238	2757
4644.267578	2785
4648.690430	2814
4653.113770	2859
4657.536621	2880
4661.959961	2932
4666.383301	2977
4670.806152	3005
4675.229492	3016
4679.652344	3039
4684.075684	3078
4688.498535	3116
4692.921875	3140
4697.344727	3180
4701.768066	3239
4706.190918	3263
4710.614258	3289
4715.037109	3334
4719.460449	3371
4723.883301	3396
4728.306641	3437
4732.729980	3445
4737.152832	3474
4741.576172	3529
4745.999023	3542
4750.422363	3569
4754.845215	3604
4759.268555	3627
4763.691406	3642
4768.114746	3679
4772.537598	3720
4776.960938	3724
4781.383789	3737
4785.807129	3750
4790.229980	3763
4794.653320	3779
4799.076660	3831
4803.499512	3824
4807.922852	3831
4812.345703	3835
4816.769043	3861
4821.191895	3863
4825.615234	3841
4830.038086	3837
4834.461426	3834
4838.884277	3807
4843.307617	3803
4847.730469	3807
4852.153809	3766
4856.576660	3764
4861.000000	3759
4865.423340	3759
4869.846191	3786
4874.269531	3806
4878.692383	3804
4883.115723	3783
4887.538574	3782
4891.961914	3810
4896.384766	3814
4900.808105	3812
4905.230957	3838
4909.654297	3829
4914.077148	3799
4918.500488	3814
4922.923340	3820
4927.346680	3821
4931.770020	3818
4936.192871	3829
4940.616211	3821
4945.039063	3813
4949.462402	3846
4953.885254	3845
4958.308594	3823
4962.731445	3804
4967.154785	3794
4971.577637	3798
4976.000977	3788
4980.423828	3771
4984.847168	3760
4989.270020	3727
4993.693359	3732
4998.116699	3715
5002.539551	3700
5006.962891	3713
5011.385742	3722
5015.809082	3700
5020.231934	3676
5024.655273	3680
5029.078125	3671
5033.501465	3676
5037.924316	3684
5042.347656	3687
5046.770508	3683
5051.193848	3680
5055.616699	3689
5060.040039	3667
5064.463379	3654
5068.886230	3659
5073.309570	3647
5077.732422	3634
5082.155762	3638
5086.578613	3641
5091.001953	3641
5095.424805	3620
5099.848145	3620
5104.270996	3613
5108.694336	3607
5113.117188	3608
5117.540527	3592
5121.963379	3555
5126.386719	3549
5130.810059	3559
5135.232910	3537
5139.656250	3519
5144.079102	3498
5148.502441	3488
5152.925293	3491
5157.348633	3486
5161.771484	3472
5166.194824	3470
5170.617676	3442
5175.041016	3430
5179.463867	3438
5183.887207	3424
5188.310059	3419
5192.733398	3404
5197.156738	3410
5201.579590	3421
5206.002930	3421
5210.425781	3411
5214.849121	3425
5219.271973	3424
5223.695313	3416
5228.118164	3416
5232.541504	3390
5236.964355	3392
5241.387695	3374
5245.810547	3371
5250.233887	3411
5254.656738	3393
5259.080078	3358
5263.503418	3362
5267.926270	3363
5272.349609	3362
5276.772461	3386
5281.195801	3405
5285.618652	3401
5290.041992	3394
5294.464844	3393
5298.888184	3379
5303.311035	3379
5307.734375	3402
5312.157227	3393
5316.580566	3373
5321.003418	3382
5325.426758	3369
5329.850098	3374
5334.272949	3368
5338.696289	3355
5343.119141	3361
5347.542480	3342
5351.965332	3325
5356.388672	3301
5360.811523	3290
5365.234863	3298
5369.657715	3311
5374.081055	3300
5378.503906	3299
5382.927246	3309
5387.350098	3304
5391.773438	3270
5396.196777	3255
5400.619629	3260
5405.042969	3256
5409.465820	3256
5413.889160	3245
5418.312012	3230
5422.735352	3230
5427.158203	3218
5431.581543	3221
5436.004395	3190
5440.427734	3184
5444.850586	3196
5449.273926	3192
5453.696777	3176
5458.120117	3166
5462.543457	3172
5466.966309	3172
5471.389648	3163
5475.812500	3160
5480.235840	3157
5484.658691	3144
5489.082031	3129
5493.504883	3141
5497.928223	3143
5502.351074	3125
5506.774414	3137
5511.197266	3148
5515.620605	3142
5520.043457	3153
5524.466797	3132
5528.890137	3100
5533.312988	3128
5537.736328	3149
5542.159180	3131
5546.582520	3121
5551.005371	3114
5555.428711	3114
5559.851563	3085
5564.274902	3102
5568.697754	3084
5573.121094	3051
5577.543945	3053
5581.967285	3034
5586.390137	3024
5590.813477	3033
5595.236816	3034
5599.659668	3036
5604.083008	3044
5608.505859	3017
5612.929199	3028
5617.352051	3024
5621.775391	3025
5626.198242	3017
5630.621582	3006
5635.044434	3008
5639.467773	3031
5643.890625	3031
5648.313965	3014
5652.736816	2998
5657.160156	2987
5661.583496	2996
5666.006348	2980
5670.429688	2988
5674.852539	2993
5679.275879	2979
5683.698730	2961
5688.122070	2952
5692.544922	2956
5696.968262	2964
5701.391113	2943
5705.814453	2960
5710.237305	2976
5714.660645	2953
5719.083496	2983
5723.506836	2994
5727.930176	2978
5732.353027	2990
5736.776367	2971
5741.199219	2960
5745.622559	2983
5750.045410	2991
5754.468750	3006
5758.891602	3025
5763.314941	3017
5767.737793	3024
5772.161133	3038
5776.583984	3054
5781.007324	3058
5785.430176	3046
5789.853516	3048
5794.276855	3063
5798.699707	3082
5803.123047	3124
5807.545898	3127
5811.969238	3140
5816.392090	3147
5820.815430	3115
5825.238281	3135
5829.661621	3170
5834.084473	3153
5838.507813	3163
5842.930664	3160
5847.354004	3149
5851.776855	3162
5856.200195	3162
5860.623535	3134
5865.046387	3128
5869.469727	3132
5873.892578	3111
5878.315918	3088
5882.738770	3082
5887.162109	3075
5891.584961	3065
5896.008301	3052
5900.431152	3057
5904.854492	3054
5909.277344	3070
5913.700684	3062
5918.123535	3045
5922.546875	3047
5926.970215	3057
5931.393066	3082
5935.816406	3080
5940.239258	3073
5944.662598	3078
5949.085449	3085
5953.508789	3056
5957.931641	3070
5962.354980	3059
5966.777832	3018
5971.201172	2997
5975.624023	2993
5980.047363	2997
5984.470215	2987
5988.893555	2954
5993.316895	2925
5997.739746	2932
6002.163086	2943
6006.585938	2901
6011.009277	2887
6015.432129	2896
6019.855469	2889
6024.278320	2880
6028.701660	2873
6033.124512	2851
6037.547852	2848
6041.970703	2853
6046.394043	2841
6050.816895	2827
6055.240234	2791
6059.663574	2788
6064.086426	2800
6068.509766	2776
6072.932617	2755
6077.355957	2744
6081.778809	2738
6086.202148	2724
6090.625000	2680
6095.048340	2663
6099.471191	2641
6103.894531	2639
6108.317383	2628
6112.740723	2616
6117.163574	2599
6121.586914	2611
6126.009766	2618
6130.433105	2599
6134.856445	2596
6139.279297	2564
6143.702637	2534
6148.125488	2516
6152.548828	2497
6156.971680	2497
6161.395020	2490
6165.817871	2502
6170.241211	2511
6174.664063	2487
6179.087402	2493
6183.510254	2481
6187.933594	2451
6192.356445	2483
6196.779785	2488
6201.203125	2456
6205.625977	2448
6210.049316	2436
6214.472168	2433
6218.895508	2425
6223.318359	2392
6227.741699	2366
6232.164551	2357
6236.587891	2360
6241.010742	2359
6245.434082	2360
6249.856934	2341
6254.280273	2324
6258.703125	2329
6263.126465	2328
6267.549805	2338
6271.972656	2343
6276.395996	2344
6280.818848	2356
6285.242188	2347
6289.665039	2332
6294.088379	2306
6298.511230	2298
6302.934570	2329
6307.357422	2328
6311.780762	2345
6316.203613	2333
6320.626953	2302
6325.049805	2285
6329.473145	2289
6333.896484	2313
6338.319336	2299
6342.742676	2300
6347.165527	2325
6351.588867	2345
6356.011719	2318
6360.435059	2302
6364.857910	2312
6369.281250	2314
6373.704102	2306
6378.127441	2294
6382.550293	2291
6386.973633	2287
6391.396484	2288
6395.819824	2285
6400.243164	2273
6404.666016	2277
6409.089355	2286
6413.512207	2286
6417.935547	2266
6422.358398	2267
6426.781738	2270
6431.204590	2270
6435.627930	2243
6440.050781	2258
6444.474121	2256
6448.896973	2232
6453.320313	2256
6457.743164	2275
6462.166504	2249
6466.589844	2260
6471.012695	2250
6475.436035	2230
6479.858887	2250
6484.282227	2263
6488.705078	2258
6493.128418	2261
6497.551270	2249
6501.974609	2256
6506.397461	2264
6510.820801	2259
6515.243652	2245
6519.666992	2268
6524.089844	2274
6528.513184	2243
6532.936523	2208
6537.359375	2211
6541.782715	2214
6546.205566	2207
6550.628906	2194
6555.051758	2202
6559.475098	2221
6563.897949	2210
6568.321289	2200
6572.744141	2224
6577.167480	2240
6581.590332	2236
6586.013672	2269
6590.436523	2266
6594.859863	2272
6599.283203	2304
6603.706055	2307
6608.129395	2330
6612.552246	2337
6616.975586	2311
6621.398438	2307
6625.821777	2321
6630.244629	2315
6634.667969	2325
6639.090820	2337
6643.514160	2328
6647.937012	2347
6652.360352	2349
6656.783203	2334
6661.206543	2328
6665.629883	2339
6670.052734	2338
6674.476074	2334
6678.898926	2337
6683.322266	2345
6687.745117	2346
6692.168457	2353
6696.591309	2355
6701.014648	2389
6705.437500	2399
6709.860840	2360
6714.283691	2363
6718.707031	2375
6723.129883	2383
6727.553223	2391
6731.976563	2408
6736.399414	2404
6740.822754	2409
6745.245605	2406
6749.668945	2377
6754.091797	2393
6758.515137	2413
6762.937988	2403
6767.361328	2419
6771.784180	2420
6776.207520	2419
6780.630371	2440
6785.053711	2443
6789.476563	2439
6793.899902	2456
6798.323242	2437
6802.746094	2433
6807.169434	2432
6811.592285	2433
6816.015625	2456
6820.438477	2454
6824.861816	2438
6829.284668	2443
6833.708008	2438
6838.130859	2443
6842.554199	2423
6846.977051	2383
6851.400391	2379
6855.823242	2349
6860.246582	2333
6864.669922	2331
6869.092773	2349
6873.516113	2366
6877.938965	2367
6882.362305	2351
6886.785156	2355
6891.208496	2356
6895.631348	2362
6900.054688	2393
6904.477539	2402
6908.900879	2411
6913.323730	2406
6917.747070	2417
6922.169922	2457
6926.593262	2453
6931.016602	2440
6935.439453	2472
6939.862793	2487
6944.285645	2472
6948.708984	2494
6953.131836	2483
6957.555176	2498
6961.978027	2509
6966.401367	2507
6970.824219	2522
6975.247559	2526
6979.670410	2516
6984.093750	2504
6988.516602	2497
6992.939941	2510
6997.363281	2529
7001.786133	2539
7006.209473	2546
7010.632324	2532
7015.055664	2537
7019.478516	2568
7023.901855	2567
7028.324707	2576
7032.748047	2579
7037.170898	2568
7041.594238	2570
7046.017090	2571
7050.440430	2574
7054.863281	2605
7059.286621	2571
7063.709961	2572
7068.132813	2577
7072.556152	2554
7076.979004	2562
7081.402344	2558
7085.825195	2567
7090.248535	2585
7094.671387	2579
7099.094727	2585
7103.517578	2573
7107.940918	2555
7112.363770	2554
7116.787109	2542
7121.209961	2546
7125.633301	2528
7130.056641	2506
7134.479492	2487
7138.902832	2463
7143.325684	2439
7147.749023	2435
7152.171875	2409
7156.595215	2379
7161.018066	2350
7165.441406	2329
7169.864258	2329
7174.287598	2335
7178.710449	2326
7183.133789	2309
7187.556641	2296
7191.979980	2281
7196.403320	2254
7200.826172	2249
7205.249512	2253
7209.672363	2240
7214.095703	2215
7218.518555	2221
7222.941895	2223
7227.364746	2221
7231.788086	2188
7236.210938	2176
7240.634277	2156
7245.057129	2154
7249.480469	2157
7253.903320	2147
7258.326660	2141
7262.750000	2156
7267.172852	2156
7271.596191	2144
7276.019043	2129
7280.442383	2131
7284.865234	2146
7289.288574	2149
7293.711426	2140
7298.134766	2119
7302.557617	2104
7306.980957	2113
7311.403809	2143
7315.827148	2126
7320.250000	2091
7324.673340	2088
7329.096680	2114
7333.519531	2127
7337.942871	2117
7342.365723	2123
7346.789063	2119
7351.211914	2117
7355.635254	2123
7360.058105	2098
7364.481445	2094
7368.904297	2099
7373.327637	2098
7377.750488	2084
7382.173828	2078
7386.596680	2093
7391.020020	2082
7395.443359	2072
7399.866211	2050
7404.289551	2032
7408.712402	2009
7413.135742	2003
7417.558594	2013
7421.981934	2001
7426.404785	2014
7430.828125	2010
7435.250977	1987
7439.674316	1972
7444.097168	1973
7448.520508	1960
7452.943359	1949
7457.366699	1945
7461.790039	1934
7466.212891	1901
7470.636230	1890
7475.059082	1906
7479.482422	1879
7483.905273	1861
7488.328613	1845
7492.751465	1826
7497.174805	1815
7501.597656	1830
7506.020996	1814
7510.443848	1779
7514.867188	1764
7519.290039	1757
7523.713379	1744
7528.136719	1733
7532.559570	1714
7536.982910	1691
7541.405762	1643
7545.829102	1631
7550.251953	1588
7554.675293	1540
7559.098145	1480
7563.521484	1418
7567.944336	1355
7572.367676	1298
7576.790527	1227
7581.213867	1187
7585.636719	1159
7590.060059	1115
7594.483398	1102
7598.906250	1088
7603.329590	1035
7607.752441	1031
7612.175781	1028
7616.598633	1018
7621.021973	1012
7625.444824	1020
7629.868164	1041
7634.291016	1044
7638.714355	1056
7643.137207	1053
7647.560547	1055
7651.983398	1066
7656.406738	1090
7660.830078	1099
7665.252930	1105
7669.676270	1090
7674.099121	1098
7678.522461	1115
7682.945313	1128
7687.368652	1128
7691.791504	1126
7696.214844	1139
7700.637695	1133
7705.061035	1107
7709.483887	1121
7713.907227	1134
7718.330078	1122
7722.753418	1126
7727.176758	1109
7731.599609	1114
7736.022949	1104
7740.445801	1096
7744.869141	1085
7749.291992	1069
7753.715332	1068
7758.138184	1059
7762.561523	1030
7766.984375	1025
7771.407715	1018
7775.830566	1005
7780.253906	980
7784.676758	961
7789.100098	933
7793.523438	917
7797.946289	913
7802.369629	903
7806.792480	868
7811.215820	855
7815.638672	844
7820.062012	826
7824.484863	820
7828.908203	829
7833.331055	828
7837.754395	814
7842.177246	782
7846.600586	769
7851.023438	757
7855.446777	744
7859.870117	737
7864.292969	729
7868.716309	731
7873.139160	732
7877.562500	721
7881.985352	710
7886.408691	700
7890.831543	710
7895.254883	704
7899.677734	686
7904.101074	694
7908.523926	708
7912.947266	697
7917.370117	682
7921.793457	691
7926.216797	704
7930.639648	699
7935.062988	692
7939.485840	687
7943.909180	693
7948.332031	699
7952.755371	695
7957.178223	701
7961.601563	681
7966.024414	690
7970.447754	706
7974.870605	714
7979.293945	718
7983.716797	704
7988.140137	707
7992.563477	716
7996.986328	721
8001.409668	729
8005.832520	734
8010.255859	721
8014.678711	721
8019.102051	733
8023.524902	716
8027.948242	698
8032.371094	696
8036.794434	703
8041.217285	705
8045.640625	714
8050.063477	714
8054.486816	694
8058.910156	691
8063.333008	671
8067.756348	691
8072.179199	692
8076.602539	686
8081.025391	674
8085.448730	660
8089.871582	658
8094.294922	642
8098.717773	622
8103.141113	599
8107.563965	581
8111.987305	582
8116.410156	582
8120.833496	556
8125.256836	548
8129.679688	538
8134.103027	539
8138.525879	529
8142.949219	523
8147.372070	516
8151.795410	501
8156.218262	486
8160.641602	474
8165.064453	472
8169.487793	466
8173.910645	458
8178.333984	435
8182.756836	430
8187.180176	427
8191.603516	431
8196.026367	423
8200.449219	417
8204.873047	406
8209.295898	398
8213.718750	408
8218.141602	404
8222.565430	400
8226.988281	384
8231.411133	382
8235.833984	398
8240.257813	391
8244.680664	380
8249.103516	383
8253.526367	379
8257.950195	377
8262.373047	385
8266.795898	389
8271.219727	395
8275.642578	405
8280.065430	397
8284.488281	390
8288.912109	394
8293.334961	401
8297.757813	394
8302.180664	392
8306.604492	395
8311.027344	409
8315.450195	427
8319.873047	430
8324.296875	428
8328.719727	434
8333.142578	433
8337.566406	431
8341.989258	440
8346.412109	452
8350.834961	453
8355.258789	463
8359.681641	475
8364.104492	475
8368.527344	480
8372.951172	482
8377.374023	479
8381.796875	491
8386.219727	487
8390.643555	487
8395.066406	487
8399.489258	491
8403.913086	493
8408.335938	493
8412.758789	502
8417.181641	513
8421.605469	520
8426.028320	519
8430.451172	532
8434.874023	528
8439.297852	511
8443.720703	506
8448.143555	507
8452.566406	510
8456.990234	517
8461.413086	532
8465.835938	512
8470.259766	516
8474.682617	527
8479.105469	517
8483.528320	509
8487.952148	521
8492.375000	509
8496.797852	504
8501.220703	511
8505.644531	489
8510.067383	499
8514.490234	515
8518.913086	518
8523.336914	507
8527.759766	505
8532.182617	479
8536.606445	482
8541.029297	493
8545.452148	489
8549.875000	482
8554.298828	471
8558.721680	481
8563.144531	481
8567.567383	469
8571.991211	464
8576.414063	463
8580.836914	460
8585.259766	443
8589.683594	441
8594.106445	451
8598.529297	447
8602.953125	437
8607.375977	424
8611.798828	418
8616.221680	419
8620.645508	396
8625.068359	401
8629.491211	404
8633.914063	399
8638.337891	382
8642.760742	378
8647.183594	376
8651.606445	363
8656.030273	369
8660.453125	367
8664.875977	343
8669.299805	329
8673.722656	322
8678.145508	329
8682.568359	319
8686.992188	315
8691.415039	321
8695.837891	315
8700.260742	302
8704.684570	284
8709.107422	274
8713.530273	271
8717.953125	265
8722.376953	275
8726.799805	255
8731.222656	251
8735.646484	249
8740.069336	250
8744.492188	248
8748.915039	236
8753.338867	224
8757.761719	225
8762.184570	229
8766.607422	226
8771.031250	228
8775.454102	226
8779.876953	219
8784.299805	214
8788.723633	209
8793.146484	206
8797.569336	211
8801.993164	200
8806.416016	184
8810.838867	182
8815.261719	188
8819.685547	191
8824.108398	189
8828.531250	185
8832.954102	181
8837.377930	178
8841.800781	175
8846.223633	161
8850.646484	159
8855.070313	165
8859.493164	153
8863.916016	161
8868.339844	165
8872.762695	157
8877.185547	159
8881.608398	162
8886.032227	159
8890.455078	153
8894.877930	151
8899.300781	157
8903.724609	149
8908.147461	147
8912.570313	138
8916.993164	143
8921.416992	144
8925.839844	145
8930.262695	147
8934.686523	154
8939.109375	148
8943.532227	148
8947.955078	163
8952.378906	156
8956.801758	159
8961.224609	151
8965.647461	158
8970.071289	156
8974.494141	150
8978.916992	149
8983.339844	147
8987.763672	150
8992.186523	155
8996.609375	155
9001.033203	155
9005.456055	155
9009.878906	167
9014.301758	161
9018.725586	146
9023.148438	156
9027.571289	155
9031.994141	160
9036.417969	153
9040.840820	163
9045.263672	158
9049.686523	145
9054.110352	164
9058.533203	169
9062.956055	171
9067.379883	158
9071.802734	152
9076.225586	161
9080.648438	157
9085.072266	153
9089.495117	163
9093.917969	164
9098.340820	168
9102.764648	167
9107.187500	164
9111.610352	166
9116.033203	153
9120.457031	150
9124.879883	153
9129.302734	163
9133.726563	166
9138.149414	159
9142.572266	150
9146.995117	157
9151.418945	166
9155.841797	148
9160.264648	146
9164.687500	161
9169.111328	156
9173.534180	149
9177.957031	150
9182.379883	153
9186.803711	159
9191.226563	159
9195.649414	144
9200.073242	131
9204.496094	149
9208.918945	165
9213.341797	151
9217.765625	154
9222.188477	152
9226.611328	140
9231.034180	137
9235.458008	145
9239.880859	156
9244.303711	151
9248.726563	147
9253.150391	147
9257.573242	151
9261.996094	151
9266.419922	144
9270.842773	139
9275.265625	135
9279.688477	128
9284.112305	134
9288.535156	135
9292.958008	144
9297.380859	144
9301.804688	132
9306.227539	128
9310.650391	130
9315.073242	127
9319.497070	130
9323.919922	131
9328.342773	135
9332.766602	133
9337.189453	135
9341.612305	128
9346.035156	121
9350.458984	112
9354.881836	118
9359.304688	126
9363.727539	134
9368.151367	125
9372.574219	127
9376.997070	133
9381.419922	126
9385.843750	123
9390.266602	126
9394.689453	128
9399.113281	126
9403.536133	128
9407.958984	133
9412.381836	137
9416.805664	136
9421.228516	128
9425.651367	127
9430.074219	133
9434.498047	130
9438.920898	133
9443.343750	121
9447.766602	131
9452.190430	131
9456.613281	123
9461.036133	134
9465.459961	144
9469.882813	144
9474.305664	130
9478.728516	135
9483.152344	143
9487.575195	142
9491.998047	140
9496.420898	140
9500.844727	132
9505.267578	129
9509.690430	138
9514.113281	142
9518.537109	140
9522.959961	142
9527.382813	143
9531.806641	137
9536.229492	142
9540.652344	148
9545.075195	149
9549.499023	151
9553.921875	152
9558.344727	152
9562.767578	156
9567.191406	152
9571.614258	140
9576.037109	145
9580.459961	164
9584.883789	155
9589.306641	157
9593.729492	153
9598.153320	168
9602.576172	176
9606.999023	172
9611.421875	169
9615.845703	152
9620.268555	157
9624.691406	173
9629.114258	168
9633.538086	172
9637.960938	178
9642.383789	182
9646.806641	184
9651.230469	175
9655.653320	168
9660.076172	167
9664.500000	170
9668.922852	172
9673.345703	178
9677.768555	176
9682.192383	181
9686.615234	183
9691.038086	186
9695.460938	181
9699.884766	171
9704.307617	168
9708.730469	177
9713.153320	179
9717.577148	167
9722.000000	168
9726.422852	180
9730.846680	182
9735.269531	181
9739.692383	168
9744.115234	185
9748.539063	181
9752.961914	173
9757.384766	165
9761.807617	175
9766.231445	180
9770.654297	190
9775.077148	185
9779.500000	191
9783.923828	194
9788.346680	186
9792.769531	183
9797.193359	190
9801.616211	177
9806.039063	183
9810.461914	193
9814.885742	192
9819.308594	181
9823.731445	185
9828.154297	190
9832.578125	188
9837.000977	201
9841.423828	199
9845.846680	182
9850.270508	182
9854.693359	188
9859.116211	192
9863.540039	186
9867.962891	190
9872.385742	186
9876.808594	193
9881.232422	191
9885.655273	186
9890.078125	175
9894.500977	185
9898.924805	188
9903.347656	178
9907.770508	179
9912.193359	179
9916.617188	193
9921.040039	191
9925.462891	192
9929.886719	206
9934.309570	194
9938.732422	186
9943.155273	182
9947.579102	172
9952.001953	188
9956.424805	189
9960.847656	180
9965.271484	192
9969.694336	193
9974.117188	199
9978.540039	199
9982.963867	180
9987.386719	196
9991.809570	185
9996.233398	172
10000.656250	179
10005.079102	187
10009.501953	185
10013.925781	183
10018.348633	166
10022.771484	174
10027.194336	176
10031.618164	173
10036.041016	181
10040.463867	175
10044.886719	177
10049.310547	166
10053.733398	168
10058.156250	170
10062.580078	171
10067.002930	163
10071.425781	168
10075.848633	172
10080.272461	173
10084.695313	177
10089.118164	170
10093.541016	166
10097.964844	172
10102.387695	163
10106.810547	160
10111.233398	161
10115.657227	184
10120.080078	180
10124.502930	177
10128.926758	175
10133.349609	170
10137.772461	170
10142.195313	177
10146.619141	174
10151.041992	168
10155.464844	167
10159.887695	177
10164.311523	165
10168.734375	158
10173.157227	155
10177.580078	170
10182.003906	165
10186.426758	168
10190.849609	169
10195.273438	169
10199.696289	173
10204.119141	173
10208.541992	168
10212.965820	164
10217.388672	171
10221.811523	160
10226.234375	167
10230.658203	168
10235.081055	169
10239.503906	177
10243.926758	160
10248.350586	161
10252.773438	168
10257.196289	168
10261.620117	169
10266.042969	162
10270.465820	160
10274.888672	167
10279.312500	165
10283.735352	162
10288.158203	166
10292.581055	157
10297.004883	156
10301.427734	157
10305.850586	158
10310.273438	159
10314.697266	154
10319.120117	157
10323.542969	166
10327.966797	165
10332.389648	160
10336.812500	157
10341.235352	151
10345.659180	150
10350.082031	153
10354.504883	160
10358.927734	158
10363.351563	165
10367.774414	161
10372.197266	172
10376.620117	159
10381.043945	153
10385.466797	158
10389.889648	160
10394.313477	156
10398.736328	156
10403.159180	142
10407.582031	151
10412.005859	154
10416.428711	145
10420.851563	156
10425.274414	157
10429.698242	135
10434.121094	141
10438.543945	154
10442.966797	150
10447.390625	145
10451.813477	153
10456.236328	161
10460.660156	155
10465.083008	156
10469.505859	164
10473.928711	155
10478.352539	155
10482.775391	154
10487.198242	154
10491.621094	155
10496.044922	151
10500.467773	147
10504.890625	142
10509.313477	153
10513.737305	159
10518.160156	165
10522.583008	159
10527.006836	161
10531.429688	156
10535.852539	151
10540.275391	168
10544.699219	157
10549.122070	156
10553.544922	151
10557.967773	164
10562.391602	164
10566.814453	156
10571.237305	152
10575.660156	152
10580.083984	158
10584.506836	159
10588.929688	158
10593.353516	161
10597.776367	164
10602.199219	162
10606.622070	165
10611.045898	165
10615.468750	163
10619.891602	158
10624.314453	153
10628.738281	158
10633.161133	164
10637.583984	166
10642.006836	167
10646.430664	156
10650.853516	155
10655.276367	165
10659.700195	159
10664.123047	163
10668.545898	153
10672.968750	151
10677.392578	154
10681.815430	155
10686.238281	153
10690.661133	160
10695.084961	166
10699.507813	171
10703.930664	160
10708.353516	167
10712.777344	158
10717.200195	155
10721.623047	168
10726.046875	161
10730.469727	165
10734.892578	161
10739.315430	160
10743.739258	162
10748.162109	152
10752.584961	153
10757.007813	166
10761.431641	161
10765.854492	148
10770.277344	150
10774.700195	154
10779.124023	152
10783.546875	154
10787.969727	149
10792.393555	154
10796.816406	151
10801.239258	150
10805.662109	152
10810.085938	154
10814.508789	150
10818.931641	149
10823.354492	146
10827.778320	134
10832.201172	120
10836.624023	126
10841.046875	116
10845.470703	108
10849.893555	98
10854.316406	82
10858.740234	74
10863.163086	69
10867.585938	61
10872.008789	34
10876.432617	29
10880.855469	30
10885.278320	25
10889.701172	18
10894.125000	22
10898.547852	16
10902.970703	9
10907.393555	13
10911.817383	12
10916.240234	10
10920.663086	7
10925.086914	12
10929.509766	8
10933.932617	5
10938.355469	9
10942.779297	8
10947.202148	7
10951.625000	6
10956.047852	7
10960.471680	2
10964.894531	6
10969.317383	3
10973.740234	3
10978.164063	3
10982.586914	7
10987.009766	2
10991.433594	2
10995.856445	2
11000.279297	3
11004.702148	1
11009.125977	2
11013.548828	5
11017.971680	6
11022.394531	2
11026.818359	2
11031.241211	2
11035.664063	2
11040.086914	2
11044.510742	2
11048.933594	1
11053.356445	0
11057.780273	0
11062.203125	0
11066.625977	0
11071.048828	0
11075.472656	0
11079.895508	0
11084.318359	0
11088.741211	0
11093.165039	0
11097.587891	0
11102.010742	0
11106.433594	0
11110.857422	0
11115.280273	0
11119.703125	0
11124.126953	0
11128.549805	0
11132.972656	0
11137.395508	0
11141.819336	0
11146.242188	0
11150.665039	0
11155.087891	0
11159.511719	0
11163.934570	0
11168.357422	0
11172.780273	0
11177.204102	0
11181.626953	0
11186.049805	0
11190.473633	0
11194.896484	0
11199.319336	0
11203.742188	0
11208.166016	0
11212.588867	0
11217.011719	0
11221.434570	0
11225.858398	0
11230.281250	0
11234.704102	0
11239.126953	0
11243.550781	0
11247.973633	0
11252.396484	0
11256.820313	0
11261.243164	0
11265.666016	0
11270.088867	0
11274.512695	0
11278.935547	0
11283.358398	0
11287.781250	0
11292.205078	0
11296.627930	0
11301.050781	0
11305.473633	0
11309.897461	0
11314.320313	0
11318.743164	0
11323.166992	0
11327.589844	0
11332.012695	0
11336.435547	0
11340.859375	0
11345.282227	0
11349.705078	0
11354.127930	0
11358.551758	0
11362.974609	0
11367.397461	0
11371.820313	0
11376.244141	0
11380.666992	0
11385.089844	0
11389.513672	0
11393.936523	0
11398.359375	0
11402.782227	0
11407.206055	0
11411.628906	0
11416.051758	0
11420.474609	0
11424.898438	0
11429.321289	0
11433.744141	0
11438.166992	0
11442.590820	0
11447.013672	0
11451.436523	0
11455.860352	0
11460.283203	0
11464.706055	0
11469.128906	0
11473.552734	0
11477.975586	0
11482.398438	0
11486.821289	0
11491.245117	0
11495.667969	0
11500.090820	0
11504.513672	0
11508.937500	0
11513.360352	0
11517.783203	0
11522.207031	0
11526.629883	0
11531.052734	0
11535.475586	0
11539.899414	0
11544.322266	0
11548.745117	0
11553.167969	0
11557.591797	0
11562.014648	0
11566.437500	0
11570.860352	0
11575.284180	0
11579.707031	0
11584.129883	0
11588.553711	0
11592.976563	0
11597.399414	0
11601.822266	0
11606.246094	0
11610.668945	0
11615.091797	0
11619.514648	0
11623.938477	0
11628.361328	0
11632.784180	0
11637.207031	0
11641.630859	0
11646.053711	0
11650.476563	0
11654.900391	0
11659.323242	0
11663.746094	0
11668.168945	0
11672.592773	0
11677.015625	0
11681.438477	0
11685.861328	0
11690.285156	0
11694.708008	0
11699.130859	0
11703.553711	0
11707.977539	0
11712.400391	0
11716.823242	0
11721.247070	0
11725.669922	0
11730.092773	0
11734.515625	0
11738.939453	0
11743.362305	0
11747.785156	0
11752.208008	0
11756.631836	0
11761.054688	0
11765.477539	0
11769.900391	0
11774.324219	0
11778.747070	0
11783.169922	0
11787.593750	0
11792.016602	0
11796.439453	0
11800.862305	0
11805.286133	0
11809.708984	0
11814.131836	0
11818.554688	0
11822.978516	0
11827.401367	0
11831.824219	0
11836.247070	0
11840.670898	0
11845.093750	0
11849.516602	0
11853.940430	0
11858.363281	0
11862.786133	0
11867.208984	0
11871.632813	0
11876.055664	0
11880.478516	0
11884.901367	0
11889.325195	0
11893.748047	0
11898.170898	0
11902.593750	0
11907.017578	0
11911.440430	0
11915.863281	0
11920.287109	0
11924.709961	0
11929.132813	0
11933.555664	0
11937.979492	0
11942.402344	0
11946.825195	0
11951.248047	0
11955.671875	0
11960.094727	0
11964.517578	0
11968.940430	0
11973.364258	0
11977.787109	0
11982.209961	0
11986.633789	0
11991.056641	0
11995.479492	0
11999.902344	0
12004.326172	0
12008.749023	0
12013.171875	0
12017.594727	0
12022.018555	0
12026.441406	0
12030.864258	0
12035.287109	0
12039.710938	0
12044.133789	0
12048.556641	0
12052.980469	0
12057.403320	0
12061.826172	0
12066.249023	0
12070.672852	0
12075.095703	0
12079.518555	0
12083.941406	0
12088.365234	0
12092.788086	0
12097.210938	0
12101.633789	0
12106.057617	0
12110.480469	0
12114.903320	0
12119.327148	0
12123.750000	0
12128.172852	0
12132.595703	0
12137.019531	0
12141.442383	0
12145.865234	0
12150.288086	0
12154.711914	0
12159.134766	0
12163.557617	0
12167.980469	0
12172.404297	0
12176.827148	0
12181.250000	0
12185.672852	0
12190.096680	0
12194.519531	0
12198.942383	0
12203.366211	0
12207.789063	0
12212.211914	0
12216.634766	0
12221.058594	0
12225.481445	0
12229.904297	0
12234.327148	0
12238.750977	0
12243.173828	0
12247.596680	0
12252.019531	0
12256.443359	0
12260.866211	0
12265.289063	0
12269.712891	0
12274.135742	0
12278.558594	0
12282.981445	0
12287.405273	0
12291.828125	0
12296.250977	0
12300.673828	0
12305.097656	0
12309.520508	0
12313.943359	0
12318.366211	0
12322.790039	0
12327.212891	0
12331.635742	0
12336.059570	0
12340.482422	0
12344.905273	0
12349.328125	0
12353.751953	0
12358.174805	0
12362.597656	0
12367.020508	0
12371.444336	0
12375.867188	0
12380.290039	0
12384.712891	0
12389.136719	0
12393.559570	0
12397.982422	0
12402.406250	0
12406.829102	0
12411.251953	0
12415.674805	0
12420.098633	0
12424.521484	0
12428.944336	0
12433.367188	0
12437.791016	0
12442.213867	0
12446.636719	0
12451.059570	0
12455.483398	0
12459.906250	0
12464.329102	0
12468.752930	0
12473.175781	0
12477.598633	0
12482.021484	0
12486.445313	0
12490.868164	0
12495.291016	0
12499.713867	0
12504.137695	0
12508.560547	0
12512.983398	0
12517.406250	0
12521.830078	0
12526.252930	0
12530.675781	0
12535.099609	0
12539.522461	0
12543.945313	0
12548.368164	0
12552.791992	0
12557.214844	0
12561.637695	0
12566.060547	0
12570.484375	0
12574.907227	0
12579.330078	0
12583.752930	0
12588.176758	0
12592.599609	0
12597.022461	0
12601.446289	0
12605.869141	0
12610.291992	0
12614.714844	0
12619.138672	0
12623.561523	0
12627.984375	0
12632.407227	0
12636.831055	0
12641.253906	0
12645.676758	0
12650.099609	0
12654.523438	0
12658.946289	0
12663.369141	0
12667.792969	0
12672.215820	0
12676.638672	0
12681.061523	0
12685.485352	0
12689.908203	0
12694.331055	0
12698.753906	0
12703.177734	0
12707.600586	0
12712.023438	0
12716.446289	0
12720.870117	0
12725.292969	0
12729.715820	0
12734.139648	0
12738.562500	0
12742.985352	0
12747.408203	0
12751.832031	0
12756.254883	0
12760.677734	0
12765.100586	0
12769.524414	0
12773.947266	0
12778.370117	0
12782.792969	0
12787.216797	0
12791.639648	0
