-2757.239990	0
-2752.800049	0
-2748.360107	0
-2743.919922	0
-2739.479980	0
-2735.040039	0
-2730.600098	0
-2726.160156	0
-2721.719971	0
-2717.280029	0
-2712.840088	0
-2708.400146	0
-2703.959961	0
-2699.520020	0
-2695.080078	0
-2690.640137	0
-2686.199951	0
-2681.760010	0
-2677.320068	0
-2672.880127	0
-2668.439941	0
-2664.000000	0
-2659.560059	0
-2655.120117	0
-2650.679932	0
-2646.239990	0
-2641.800049	0
-2637.360107	0
-2632.919922	0
-2628.479980	0
-2624.040039	0
-2619.600098	0
-2615.159912	0
-2610.719971	0
-2606.280029	0
-2601.840088	0
-2597.400146	0
-2592.959961	0
-2588.520020	0
-2584.080078	0
-2579.640137	0
-2575.199951	0
-2570.760010	0
-2566.320068	0
-2561.880127	0
-2557.439941	0
-2553.000000	0
-2548.560059	0
-2544.120117	0
-2539.679932	0
-2535.239990	0
-2530.800049	0
-2526.360107	0
-2521.919922	1
-2517.479980	2
-2513.040039	6
-2508.600098	5
-2504.159912	6
-2499.719971	7
-2495.280029	10
-2490.840088	11
-2486.400146	12
-2481.959961	14
-2477.520020	15
-2473.080078	16
-2468.640137	17
-2464.199951	17
-2459.760010	18
-2455.320068	19
-2450.880127	24
-2446.439941	25
-2442.000000	24
-2437.560059	24
-2433.120117	27
-2428.679932	31
-2424.239990	31
-2419.800049	28
-2415.360107	28
-2410.919922	33
-2406.479980	39
-2402.040039	39
-2397.600098	36
-2393.159912	39
-2388.719971	38
-2384.280029	44
-2379.840088	43
-2375.400146	39
-2370.959961	41
-2366.520020	41
-2362.080078	41
-2357.640137	47
-2353.199951	47
-2348.760010	47
-2344.320068	56
-2339.880127	62
-2335.439941	53
-2331.000000	56
-2326.560059	56
-2322.120117	56
-2317.679932	54
-2313.239990	58
-2308.800049	58
-2304.360107	69
-2299.919922	67
-2295.479980	66
-2291.040039	65
-2286.600098	63
-2282.159912	69
-2277.719971	66
-2273.280029	68
-2268.840088	75
-2264.400146	76
-2259.959961	76
-2255.520020	71
-2251.080078	73
-2246.640137	73
-2242.199951	78
-2237.760010	79
-2233.320068	84
-2228.880127	86
-2224.439941	87
-2220.000000	85
-2215.560059	88
-2211.120117	92
-2206.679932	89
-2202.239990	90
-2197.800049	95
-2193.360107	96
-2188.919922	97
-2184.479980	104
-2180.040039	97
-2175.600098	107
-2171.159912	103
-2166.719971	99
-2162.280029	98
-2157.840088	99
-2153.400146	104
-2148.959961	112
-2144.520020	110
-2140.080078	103
-2135.640137	103
-2131.199951	110
-2126.760010	110
-2122.320068	105
-2117.880127	105
-2113.439941	109
-2109.000000	123
-2104.560059	124
-2100.120117	119
-2095.679932	118
-2091.239990	117
-2086.800049	119
-2082.360107	118
-2077.919922	120
-2073.479980	119
-2069.040039	120
-2064.600098	118
-2060.159912	119
-2055.719971	115
-2051.280029	115
-2046.839966	119
-2042.400024	119
-2037.960083	116
-2033.520020	112
-2029.080078	125
-2024.640015	128
-2020.200073	124
-2015.760010	115
-2011.320068	117
-2006.880005	115
-2002.440063	120
-1998.000000	118
-1993.560059	122
-1989.119995	116
-1984.680054	114
-1980.239990	117
-1975.800049	123
-1971.359985	121
-1966.920044	120
-1962.479980	123
-1958.040039	112
-1953.599976	113
-1949.160034	114
-1944.719971	113
-1940.280029	113
-1935.839966	110
-1931.400024	113
-1926.960083	112
-1922.520020	117
-1918.080078	120
-1913.640015	116
-1909.200073	111
-1904.760010	110
-1900.320068	118
-1895.880005	122
-1891.440063	119
-1887.000000	121
-1882.560059	120
-1878.119995	113
-1873.680054	115
-1869.239990	118
-1864.800049	112
-1860.359985	116
-1855.920044	119
-1851.479980	121
-1847.040039	123
-1842.599976	112
-1838.160034	112
-1833.719971	116
-1829.280029	116
-1824.839966	115
-1820.400024	117
-1815.960083	115
-1811.520020	119
-1807.080078	119
-1802.640015	114
-1798.200073	115
-1793.760010	121
-1789.320068	122
-1784.880005	114
-1780.440063	108
-1776.000000	114
-1771.560059	115
-1767.119995	117
-1762.680054	122
-1758.239990	127
-1753.800049	121
-1749.359985	125
-1744.920044	125
-1740.479980	111
-1736.040039	116
-1731.599976	113
-1727.160034	121
-1722.719971	124
-1718.280029	124
-1713.839966	119
-1709.400024	107
-1704.959961	111
-1700.520020	111
-1696.080078	113
-1691.640015	116
-1687.200073	115
-1682.760010	114
-1678.320068	117
-1673.880005	114
-1669.440063	113
-1665.000000	110
-1660.560059	112
-1656.119995	109
-1651.680054	108
-1647.239990	111
-1642.800049	114
-1638.359985	117
-1633.920044	122
-1629.479980	127
-1625.040039	119
-1620.599976	117
-1616.160034	113
-1611.719971	120
-1607.280029	120
-1602.839966	114
-1598.400024	123
-1593.959961	123
-1589.520020	114
-1585.080078	118
-1580.640015	112
-1576.200073	113
-1571.760010	115
-1567.320068	121
-1562.880005	118
-1558.440063	120
-1554.000000	115
-1549.560059	129
-1545.119995	125
-1540.680054	111
-1536.239990	108
-1531.800049	113
-1527.359985	121
-1522.920044	117
-1518.479980	115
-1514.040039	115
-1509.599976	112
-1505.160034	106
-1500.719971	114
-1496.280029	117
-1491.839966	115
-1487.400024	115
-1482.959961	113
-1478.520020	112
-1474.080078	118
-1469.640015	122
-1465.200073	114
-1460.760010	112
-1456.320068	114
-1451.880005	115
-1447.440063	113
-1443.000000	109
-1438.560059	113
-1434.119995	110
-1429.680054	112
-1425.239990	117
-1420.800049	112
-1416.359985	114
-1411.920044	119
-1407.479980	122
-1403.040039	112
-1398.599976	112
-1394.160034	117
-1389.719971	116
-1385.280029	116
-1380.839966	118
-1376.400024	121
-1371.959961	113
-1367.520020	116
-1363.080078	119
-1358.640015	116
-1354.200073	118
-1349.760010	112
-1345.320068	111
-1340.880005	111
-1336.440063	119
-1332.000000	137
-1327.560059	129
-1323.119995	118
-1318.680054	119
-1314.239990	118
-1309.800049	113
-1305.359985	116
-1300.920044	113
-1296.479980	112
-1292.040039	120
-1287.599976	114
-1283.160034	115
-1278.719971	118
-1274.280029	112
-1269.839966	109
-1265.400024	116
-1260.959961	117
-1256.520020	124
-1252.079956	120
-1247.640015	115
-1243.200073	117
-1238.760010	113
-1234.320068	114
-1229.880005	114
-1225.440063	116
-1221.000000	117
-1216.560059	110
-1212.119995	117
-1207.680054	125
-1203.239990	122
-1198.800049	122
-1194.359985	117
-1189.920044	118
-1185.479980	119
-1181.040039	118
-1176.599976	117
-1172.160034	115
-1167.719971	111
-1163.280029	117
-1158.839966	111
-1154.400024	110
-1149.959961	116
-1145.520020	123
-1141.079956	110
-1136.640015	110
-1132.200073	116
-1127.760010	119
-1123.320068	119
-1118.880005	121
-1114.440063	126
-1110.000000	119
-1105.560059	120
-1101.119995	118
-1096.680054	117
-1092.239990	116
-1087.800049	115
-1083.359985	111
-1078.920044	113
-1074.479980	115
-1070.040039	116
-1065.599976	120
-1061.160034	118
-1056.719971	118
-1052.280029	117
-1047.839966	115
-1043.400024	119
-1038.959961	117
-1034.520020	122
-1030.079956	121
-1025.640015	119
-1021.200012	114
-1016.760010	116
-1012.320007	124
-1007.880005	132
-1003.440002	120
-999.000000	117
-994.559998	122
-990.119995	117
-985.679993	113
-981.239990	120
-976.799988	125
-972.359985	122
-967.919983	112
-963.480042	114
-959.040039	113
-954.600037	108
-950.160034	115
-945.720032	119
-941.280029	122
-936.840027	122
-932.400024	115
-927.960022	119
-923.520020	115
-919.080017	116
-914.640015	117
-910.200012	116
-905.760010	116
-901.320007	113
-896.880005	119
-892.440002	114
-888.000000	120
-883.559998	115
-879.119995	116
-874.679993	114
-870.239990	115
-865.799988	117
-861.359985	113
-856.919983	118
-852.479980	121
-848.040039	113
-843.600037	107
-839.160034	113
-834.720032	116
-830.280029	121
-825.840027	117
-821.400024	125
-816.960022	122
-812.520020	114
-808.080017	121
-803.640015	117
-799.200012	128
-794.760010	134
-790.320007	128
-785.880005	128
-781.440002	124
-777.000000	123
-772.559998	111
-768.119995	117
-763.679993	117
-759.239990	121
-754.799988	118
-750.359985	119
-745.919983	115
-741.479980	116
-737.040039	113
-732.600037	112
-728.160034	118
-723.720032	119
-719.280029	121
-714.840027	119
-710.400024	124
-705.960022	119
-701.520020	117
-697.080017	121
-692.640015	114
-688.200012	117
-683.760010	120
-679.320007	121
-674.880005	116
-670.440002	117
-666.000000	117
-661.559998	120
-657.119995	123
-652.679993	117
-648.239990	118
-643.799988	116
-639.359985	117
-634.919983	115
-630.479980	122
-626.039978	118
-621.600037	118
-617.160034	119
-612.720032	116
-608.280029	117
-603.840027	120
-599.400024	120
-594.960022	121
-590.520020	127
-586.080017	120
-581.640015	116
-577.200012	111
-572.760010	117
-568.320007	123
-563.880005	124
-559.440002	121
-555.000000	122
-550.559998	130
-546.119995	120
-541.679993	115
-537.239990	118
-532.799988	122
-528.359985	120
-523.919983	122
-519.479980	120
-515.039978	123
-510.600006	117
-506.160004	118
-501.720001	124
-497.279999	125
-492.839996	122
-488.399994	122
-483.959991	126
-479.520020	133
-475.080017	134
-470.640015	121
-466.200012	119
-461.760010	120
-457.320007	119
-452.880005	120
-448.440002	124
-444.000000	124
-439.559998	122
-435.119995	120
-430.679993	121
-426.239990	117
-421.800018	117
-417.360016	116
-412.920013	126
-408.480011	133
-404.040009	133
-399.600006	135
-395.160004	138
-390.720001	132
-386.279999	127
-381.839996	125
-377.399994	122
-372.959991	123
-368.520020	131
-364.080017	136
-359.640015	131
-355.200012	131
-350.760010	135
-346.320007	131
-341.880005	130
-337.440002	138
-333.000000	144
-328.559998	135
-324.119995	137
-319.679993	144
-315.239990	143
-310.800018	149
-306.360016	142
-301.920013	141
-297.480011	138
-293.040009	134
-288.600006	131
-284.160004	147
-279.720001	155
-275.279999	148
-270.839996	154
-266.399994	164
-261.959991	162
-257.519989	151
-253.080002	159
-248.639999	169
-244.199997	159
-239.760010	169
-235.320007	179
-230.880005	177
-226.440002	180
-222.000000	192
-217.559998	182
-213.119995	200
-208.680008	205
-204.240005	204
-199.800003	219
-195.360001	227
-190.919998	232
-186.479996	236
-182.040009	240
-177.600006	257
-173.160004	262
-168.720001	271
-164.279999	278
-159.839996	294
-155.400009	302
-150.960007	320
-146.520004	335
-142.080002	352
-137.639999	385
-133.199997	418
-128.759995	456
-124.320000	469
-119.880005	501
-115.440002	530
-111.000000	589
-106.559998	644
-102.120003	694
-97.680000	773
-93.239998	888
-88.800003	1005
-84.360001	1140
-79.919998	1283
-75.480003	1461
-71.040001	1696
-66.599998	1947
-62.160000	2305
-57.720001	2782
-53.279999	3377
-48.840000	4103
-44.400002	4894
-39.959999	5529
-35.520000	5981
-31.080000	6339
-26.639999	6687
-22.200001	6993
-17.760000	7251
-13.320000	7415
-8.880000	7516
-4.440000	7575
0.000000	7573
4.440000	7526
8.880000	7461
13.320000	7380
17.760000	7260
22.200001	7054
26.639999	6811
31.080000	6487
35.520000	6083
39.959999	5614
44.400002	5029
48.840000	4344
53.279999	3639
57.720001	3091
62.160000	2631
66.599998	2250
71.040001	1950
75.480003	1671
79.919998	1457
84.360001	1293
88.800003	1153
93.239998	1035
97.680000	934
102.120003	835
106.559998	751
111.000000	674
115.440002	618
119.880005	579
124.320000	541
128.759995	497
133.199997	470
137.639999	442
142.080002	401
146.520004	372
150.960007	371
155.400009	346
159.839996	329
164.279999	316
168.720001	295
173.160004	280
177.600006	268
182.040009	251
186.479996	232
190.919998	230
195.360001	228
199.800003	225
204.240005	225
208.680008	221
213.119995	209
217.559998	197
222.000000	191
226.440002	180
230.880005	173
235.320007	176
239.760010	174
244.199997	174
248.639999	176
253.080002	165
257.519989	156
261.959991	177
266.399994	165
270.839996	181
275.279999	167
279.720001	155
284.160004	156
288.600006	159
293.040009	156
297.480011	140
301.920013	140
306.360016	143
310.800018	140
315.239990	149
319.679993	144
324.119995	133
328.559998	142
333.000000	135
337.440002	147
341.880005	143
346.320007	131
350.760010	130
355.200012	132
359.640015	129
364.080017	138
368.520020	133
372.959991	137
377.399994	146
381.839996	144
386.279999	135
390.720001	124
395.160004	128
399.600006	131
404.040009	135
408.480011	135
412.920013	128
417.360016	123
421.800018	140
426.239990	129
430.679993	122
435.119995	123
439.559998	126
444.000000	126
448.440002	118
452.880005	122
457.320007	135
461.760010	132
466.200012	124
470.640015	118
475.080017	121
479.520020	127
483.959991	132
488.399994	132
492.839996	122
497.279999	131
501.720001	132
506.160004	123
510.600006	121
515.039978	122
519.479980	123
523.919983	124
528.359985	125
532.799988	121
537.239990	117
541.679993	118
546.119995	118
550.559998	119
555.000000	124
559.440002	132
563.880005	122
568.320007	132
572.760010	123
577.200012	121
581.640015	123
586.080017	120
590.520020	122
594.960022	128
599.400024	127
603.840027	134
608.280029	127
612.720032	122
617.160034	117
621.600037	114
626.039978	114
630.479980	125
634.919983	123
639.359985	128
643.799988	134
648.239990	129
652.679993	120
657.119995	121
661.559998	122
666.000000	119
670.440002	120
674.880005	123
679.320007	124
683.760010	123
688.200012	126
692.640015	122
697.080017	124
701.520020	120
705.960022	117
710.400024	112
714.840027	113
719.280029	116
723.720032	119
728.160034	126
732.600037	123
737.040039	120
741.479980	118
745.919983	118
750.359985	119
754.799988	119
759.239990	123
763.679993	116
768.119995	118
772.559998	125
777.000000	124
781.440002	118
785.880005	118
790.320007	120
794.760010	126
799.200012	131
803.640015	135
808.080017	128
812.520020	119
816.960022	127
821.400024	118
825.840027	117
830.280029	125
834.720032	130
839.160034	118
843.600037	127
848.040039	133
852.479980	128
856.919983	116
861.359985	112
865.799988	121
870.239990	125
874.679993	121
879.119995	123
883.559998	121
888.000000	124
892.440002	123
896.880005	127
901.320007	120
905.760010	117
910.200012	127
914.640015	134
919.080017	125
923.520020	115
927.960022	122
932.400024	133
936.840027	131
941.280029	120
945.720032	114
950.160034	117
954.600037	114
959.040039	115
963.480042	116
967.919983	117
972.359985	116
976.799988	124
981.239990	122
985.679993	119
990.119995	115
994.559998	113
999.000000	119
1003.440002	125
1007.880005	125
1012.320007	123
1016.760010	115
1021.200012	124
1025.640015	123
1030.079956	124
1034.520020	123
1038.959961	116
1043.400024	109
1047.839966	115
1052.280029	112
1056.719971	116
1061.160034	119
1065.599976	118
1070.040039	124
1074.479980	124
1078.920044	118
1083.359985	123
1087.800049	122
1092.239990	117
1096.680054	118
1101.119995	114
1105.560059	114
1110.000000	117
1114.440063	124
1118.880005	117
1123.320068	117
1127.760010	115
1132.200073	117
1136.640015	118
1141.079956	121
1145.520020	118
1149.959961	127
1154.400024	121
1158.839966	116
1163.280029	117
1167.719971	125
1172.160034	119
1176.599976	116
1181.040039	120
1185.479980	127
1189.920044	127
1194.359985	121
1198.800049	116
1203.239990	123
1207.680054	124
1212.119995	123
1216.560059	118
1221.000000	129
1225.440063	126
1229.880005	120
1234.320068	118
1238.760010	122
1243.200073	123
1247.640015	124
1252.079956	126
1256.520020	119
1260.959961	115
1265.400024	120
1269.839966	125
1274.280029	120
1278.719971	123
1283.160034	124
1287.599976	130
1292.040039	127
1296.479980	121
1300.920044	115
1305.359985	125
1309.800049	121
1314.239990	122
1318.680054	126
1323.119995	123
1327.560059	126
1332.000000	125
1336.440063	119
1340.880005	112
1345.320068	122
1349.760010	122
1354.200073	121
1358.640015	116
1363.080078	121
1367.520020	125
1371.959961	131
1376.400024	118
1380.839966	117
1385.280029	113
1389.719971	114
1394.160034	121
1398.599976	118
1403.040039	137
1407.479980	129
1411.920044	118
1416.359985	124
1420.800049	114
1425.239990	114
1429.680054	122
1434.119995	122
1438.560059	113
1443.000000	116
1447.440063	117
1451.880005	119
1456.320068	123
1460.760010	125
1465.200073	119
1469.640015	119
1474.080078	113
1478.520020	113
1482.959961	117
1487.400024	117
1491.839966	122
1496.280029	125
1500.719971	117
1505.160034	112
1509.599976	113
1514.040039	111
1518.479980	121
1522.920044	121
1527.359985	121
1531.800049	117
1536.239990	117
1540.680054	116
1545.119995	111
1549.560059	119
1554.000000	122
1558.440063	123
1562.880005	117
1567.320068	115
1571.760010	120
1576.200073	126
1580.640015	122
1585.080078	128
1589.520020	116
1593.959961	120
1598.400024	117
1602.839966	121
1607.280029	114
1611.719971	114
1616.160034	121
1620.599976	128
1625.040039	125
1629.479980	118
1633.920044	113
1638.359985	112
1642.800049	117
1647.239990	124
1651.680054	128
1656.119995	121
1660.560059	129
1665.000000	125
1669.440063	114
1673.880005	115
1678.320068	115
1682.760010	121
1687.200073	112
1691.640015	120
1696.080078	124
1700.520020	124
1704.959961	125
1709.400024	121
1713.839966	117
1718.280029	111
1722.719971	120
1727.160034	126
1731.599976	135
1736.040039	123
1740.479980	117
1744.920044	117
1749.359985	119
1753.800049	119
1758.239990	122
1762.680054	126
1767.119995	124
1771.560059	115
1776.000000	119
1780.440063	131
1784.880005	126
1789.320068	121
1793.760010	122
1798.200073	117
1802.640015	119
1807.080078	112
1811.520020	122
1815.960083	120
1820.400024	126
1824.839966	131
1829.280029	124
1833.719971	112
1838.160034	117
1842.599976	128
1847.040039	123
1851.479980	123
1855.920044	123
1860.359985	119
1864.800049	120
1869.239990	120
1873.680054	118
1878.119995	117
1882.560059	121
1887.000000	123
1891.440063	129
1895.880005	126
1900.320068	117
1904.760010	117
1909.200073	118
1913.640015	126
1918.080078	123
1922.520020	128
1926.960083	128
1931.400024	118
1935.839966	126
1940.280029	125
1944.719971	110
1949.160034	114
1953.599976	113
1958.040039	117
1962.479980	122
1966.920044	126
1971.359985	121
1975.800049	116
1980.239990	114
1984.680054	119
1989.119995	126
1993.560059	126
1998.000000	128
2002.440063	125
2006.880005	126
2011.320068	129
2015.760010	116
2020.200073	118
2024.640015	120
2029.080078	118
2033.520020	126
2037.960083	129
2042.400024	131
2046.839966	121
2051.280029	124
2055.719971	129
2060.159912	124
2064.600098	114
2069.040039	117
2073.479980	132
2077.919922	124
2082.360107	123
2086.800049	122
2091.239990	119
2095.679932	118
2100.120117	126
2104.560059	128
2109.000000	133
2113.439941	131
2117.880127	124
2122.320068	118
2126.760010	119
2131.199951	123
2135.640137	119
2140.080078	119
2144.520020	118
2148.959961	121
2153.400146	117
2157.840088	117
2162.280029	124
2166.719971	123
2171.159912	119
2175.600098	125
2180.040039	122
2184.479980	123
2188.919922	120
2193.360107	122
2197.800049	120
2202.239990	129
2206.679932	134
2211.120117	128
2215.560059	116
2220.000000	114
2224.439941	112
2228.880127	117
2233.320068	121
2237.760010	119
2242.199951	112
2246.640137	111
2251.080078	116
2255.520020	116
2259.959961	122
2264.400146	119
2268.840088	124
2273.280029	130
2277.719971	131
2282.159912	129
2286.600098	123
2291.040039	118
2295.479980	122
2299.919922	120
2304.360107	126
2308.800049	125
2313.239990	128
2317.679932	131
2322.120117	121
2326.560059	122
2331.000000	126
2335.439941	127
2339.880127	121
2344.320068	122
2348.760010	123
2353.199951	117
2357.640137	117
2362.080078	112
2366.520020	109
2370.959961	119
2375.400146	125
2379.840088	127
2384.280029	127
2388.719971	124
2393.159912	119
2397.600098	124
2402.040039	124
2406.479980	125
2410.919922	130
2415.360107	121
2419.800049	133
2424.239990	127
2428.679932	120
2433.120117	126
2437.560059	123
2442.000000	118
2446.439941	115
2450.880127	116
2455.320068	118
2459.760010	126
2464.199951	125
2468.640137	116
2473.080078	123
2477.520020	128
2481.959961	124
2486.400146	121
2490.840088	122
2495.280029	126
2499.719971	117
2504.159912	122
2508.600098	128
2513.040039	125
2517.479980	130
2521.919922	127
2526.360107	126
2530.800049	133
2535.239990	121
2539.679932	120
2544.120117	118
2548.560059	115
2553.000000	126
2557.439941	134
2561.880127	125
2566.320068	125
2570.760010	131
2575.199951	119
2579.640137	121
2584.080078	127
2588.520020	121
2592.959961	117
2597.400146	123
2601.840088	123
2606.280029	114
2610.719971	117
2615.159912	120
2619.600098	118
2624.040039	122
2628.479980	122
2632.919922	118
2637.360107	127
2641.800049	123
2646.239990	124
2650.679932	120
2655.120117	126
2659.560059	125
2664.000000	126
2668.439941	123
2672.880127	116
2677.320068	118
2681.760010	122
2686.199951	117
2690.640137	121
2695.080078	116
2699.520020	113
2703.959961	119
2708.400146	126
2712.840088	126
2717.280029	122
2721.719971	127
2726.160156	121
2730.600098	122
2735.040039	122
2739.479980	121
2743.919922	115
2748.360107	115
2752.800049	125
2757.239990	123
2761.679932	118
2766.120117	120
2770.560059	120
2775.000000	123
2779.439941	131
2783.880127	128
2788.320068	128
2792.760010	122
2797.199951	119
2801.640137	126
2806.080078	124
2810.520020	120
2814.959961	125
2819.400146	121
2823.840088	120
2828.280029	126
2832.719971	125
2837.160156	126
2841.600098	122
2846.040039	131
2850.479980	132
2854.919922	139
2859.360107	130
2863.800049	120
2868.239990	116
2872.679932	117
2877.120117	111
2881.560059	110
2886.000000	118
2890.439941	129
2894.880127	126
2899.320068	123
2903.760010	125
2908.199951	122
2912.640137	131
2917.080078	133
2921.520020	128
2925.959961	126
2930.400146	122
2934.840088	126
2939.280029	126
2943.719971	121
2948.160156	109
2952.600098	111
2957.040039	117
2961.479980	127
2965.919922	129
2970.360107	126
2974.800049	117
2979.239990	117
2983.679932	121
2988.120117	123
2992.560059	124
2997.000000	119
3001.439941	120
3005.880127	122
3010.320068	125
3014.760010	122
3019.199951	118
3023.640137	120
3028.080078	125
3032.520020	124
3036.959961	134
3041.400146	126
3045.840088	125
3050.280029	121
3054.719971	128
3059.160156	119
3063.600098	120
3068.040039	120
3072.479980	120
3076.919922	127
3081.360107	130
3085.800049	128
3090.239990	131
3094.679932	123
3099.120117	116
3103.560059	118
3108.000000	120
3112.439941	130
3116.880127	126
3121.320068	130
3125.760010	131
3130.199951	128
3134.640137	124
3139.080078	122
3143.520020	119
3147.959961	121
3152.400146	128
3156.840088	132
3161.280029	129
3165.719971	128
3170.160156	123
3174.600098	123
3179.040039	119
3183.479980	112
3187.919922	122
3192.360107	129
3196.800049	121
3201.239990	124
3205.679932	125
3210.120117	115
3214.560059	116
3219.000000	121
3223.439941	127
3227.880127	120
3232.320068	121
3236.760010	119
3241.199951	116
3245.640137	122
3250.080078	128
3254.520020	127
3258.959961	124
3263.400146	125
3267.840088	123
3272.280029	120
3276.719971	121
3281.160156	126
3285.600098	129
3290.040039	124
3294.479980	119
3298.919922	121
3303.360107	116
3307.800049	122
3312.239990	121
3316.679932	127
3321.120117	125
3325.560059	118
3330.000000	122
3334.439941	129
3338.880127	124
3343.320068	118
3347.760010	124
3352.199951	136
3356.640137	140
3361.080078	129
3365.520020	118
3369.959961	124
3374.400146	123
3378.840088	121
3383.280029	127
3387.719971	127
3392.160156	128
3396.600098	127
3401.040039	126
3405.479980	125
3409.919922	126
3414.360107	122
3418.800049	119
3423.239990	128
3427.679932	127
3432.120117	126
3436.560059	115
3441.000000	120
3445.439941	127
3449.880127	129
3454.320068	116
3458.760010	118
3463.199951	127
3467.640137	126
3472.080078	124
3476.520020	118
3480.959961	122
3485.400146	126
3489.840088	128
3494.280029	121
3498.719971	113
3503.160156	116
3507.600098	125
3512.040039	124
3516.479980	133
3520.920166	134
3525.360107	127
3529.800049	132
3534.239990	128
3538.679932	130
3543.120117	121
3547.560059	115
3552.000000	116
3556.439941	125
3560.880127	126
3565.320068	123
3569.760010	128
3574.199951	122
3578.640137	115
3583.080078	121
3587.520020	126
3591.959961	133
3596.400146	127
3600.840088	119
3605.280029	116
3609.719971	120
3614.160156	115
3618.600098	114
3623.040039	123
3627.479980	133
3631.920166	126
3636.360107	116
3640.800049	130
3645.239990	126
3649.679932	125
3654.120117	125
3658.560059	135
3663.000000	127
3667.439941	122
3671.880127	129
3676.320068	133
3680.760010	129
3685.199951	139
3689.640137	128
3694.080078	126
3698.520020	126
3702.959961	128
3707.400146	125
3711.840088	124
3716.280029	126
3720.719971	127
3725.160156	126
3729.600098	122
3734.040039	131
3738.479980	127
3742.920166	141
3747.360107	136
3751.800049	134
3756.239990	128
3760.679932	125
3765.120117	129
3769.560059	129
3774.000000	131
3778.439941	127
3782.880127	127
3787.320068	127
3791.760010	129
3796.199951	126
3800.640137	132
3805.080078	134
3809.520020	132
3813.959961	132
3818.400146	136
3822.840088	133
3827.280029	137
3831.719971	148
3836.160156	148
3840.600098	141
3845.040039	141
3849.479980	138
3853.920166	141
3858.360107	146
3862.800049	144
3867.239990	149
3871.679932	141
3876.120117	138
3880.560059	139
3885.000000	148
3889.439941	156
3893.880127	159
3898.320068	156
3902.760010	147
3907.199951	142
3911.640137	142
3916.080078	148
3920.520020	145
3924.959961	151
3929.400146	151
3933.840088	151
3938.280029	155
3942.719971	157
3947.160156	164
3951.600098	161
3956.040039	160
3960.479980	166
3964.920166	169
3969.360107	164
3973.800049	167
3978.239990	171
3982.679932	178
3987.120117	180
3991.560059	188
3996.000000	194
4000.439941	202
4004.880127	198
4009.320068	203
4013.760010	198
4018.199951	200
4022.640137	212
4027.080078	219
4031.520020	217
4035.959961	216
4040.400146	219
4044.840088	222
4049.280029	230
4053.719971	227
4058.160156	220
4062.600098	222
4067.040039	223
4071.479980	236
4075.920166	230
4080.360107	228
4084.800049	244
4089.239990	257
4093.679932	262
4098.120117	259
4102.560059	259
4107.000000	261
4111.439941	260
4115.879883	258
4120.319824	261
4124.760254	263
4129.200195	255
4133.640137	249
4138.080078	249
4142.520020	261
4146.959961	263
4151.399902	270
4155.839844	285
4160.280273	275
4164.720215	261
4169.160156	259
4173.600098	274
4178.040039	278
4182.479980	272
4186.919922	265
4191.359863	271
4195.800293	279
4200.240234	299
4204.680176	295
4209.120117	278
4213.560059	270
4218.000000	267
4222.439941	273
4226.879883	282
4231.319824	273
4235.760254	276
4240.200195	294
4244.640137	299
4249.080078	297
4253.520020	296
4257.959961	314
4262.399902	318
4266.839844	309
4271.280273	307
4275.720215	304
4280.160156	317
4284.600098	318
4289.040039	318
4293.479980	305
4297.919922	308
4302.359863	313
4306.800293	317
4311.240234	335
4315.680176	342
4320.120117	350
4324.560059	362
4329.000000	367
4333.439941	389
4337.879883	397
4342.319824	408
4346.760254	420
4351.200195	424
4355.640137	425
4360.080078	430
4364.520020	439
4368.959961	451
4373.399902	444
4377.839844	439
4382.280273	442
4386.720215	456
4391.160156	448
4395.600098	442
4400.040039	444
4404.479980	469
4408.919922	476
4413.359863	471
4417.800293	468
4422.240234	473
4426.680176	475
4431.120117	482
4435.560059	490
4440.000000	500
4444.439941	513
4448.879883	516
4453.319824	513
4457.760254	513
4462.200195	517
4466.640137	526
4471.080078	543
4475.520020	550
4479.959961	569
4484.399902	575
4488.839844	590
4493.280273	586
4497.720215	585
4502.160156	605
4506.600098	602
4511.040039	609
4515.479980	619
4519.919922	624
4524.359863	625
4528.800293	624
4533.240234	615
4537.680176	619
4542.120117	625
4546.560059	632
4551.000000	640
4555.439941	646
4559.879883	651
4564.319824	659
4568.760254	659
4573.200195	657
4577.640137	670
4582.080078	690
4586.520020	708
4590.959961	713
4595.399902	712
4599.839844	697
4604.280273	715
4608.720215	731
4613.160156	742
4617.600098	769
4622.040039	796
4626.479980	790
4630.919922	793
4635.359863	783
4639.800293	773
4644.240234	789
4648.680176	786
4653.120117	785
4657.560059	783
4662.000000	796
4666.439941	802
4670.879883	806
4675.319824	818
4679.760254	822
4684.200195	827
4688.640137	845
4693.080078	874
4697.520020	883
4701.959961	902
4706.399902	914
4710.839844	910
4715.280273	917
4719.720215	922
4724.160156	944
4728.600098	958
4733.040039	979
4737.479980	989
4741.919922	996
4746.359863	1021
4750.800293	1045
4755.240234	1035
4759.680176	1042
4764.120117	1052
4768.560059	1035
4773.000000	1029
4777.439941	1050
4781.879883	1068
4786.319824	1069
4790.760254	1074
4795.200195	1097
4799.640137	1106
4804.080078	1110
4808.520020	1115
4812.959961	1126
4817.399902	1145
4821.839844	1160
4826.280273	1182
4830.720215	1190
4835.160156	1186
4839.600098	1190
4844.040039	1214
4848.479980	1212
4852.919922	1204
4857.359863	1194
4861.800293	1191
4866.240234	1185
4870.680176	1196
4875.120117	1199
4879.560059	1197
4884.000000	1217
4888.439941	1232
4892.879883	1233
4897.319824	1256
4901.760254	1275
4906.200195	1305
4910.640137	1332
4915.080078	1339
4919.520020	1331
4923.959961	1345
4928.399902	1341
4932.839844	1337
4937.280273	1350
4941.720215	1350
4946.160156	1352
4950.600098	1345
4955.040039	1343
4959.479980	1330
4963.919922	1329
4968.359863	1307
4972.800293	1277
4977.240234	1266
4981.680176	1250
4986.120117	1234
4990.560059	1214
4995.000000	1221
4999.439941	1214
5003.879883	1192
5008.319824	1172
5012.760254	1158
5017.200195	1171
5021.640137	1170
5026.080078	1150
5030.520020	1170
5034.959961	1169
5039.399902	1179
5043.839844	1162
5048.280273	1160
5052.720215	1173
5057.160156	1197
5061.600098	1199
5066.040039	1193
5070.479980	1199
5074.919922	1211
5079.359863	1192
5083.800293	1170
5088.240234	1165
5092.680176	1161
5097.120117	1157
5101.560059	1132
5106.000000	1136
5110.439941	1167
5114.879883	1150
5119.319824	1122
5123.760254	1124
5128.200195	1123
5132.640137	1107
5137.080078	1090
5141.520020	1088
5145.959961	1096
5150.399902	1086
5154.839844	1070
5159.280273	1050
5163.720215	1050
5168.160156	1032
5172.600098	997
5177.040039	976
5181.479980	956
5185.919922	949
5190.359863	953
5194.800293	955
5199.240234	967
5203.680176	982
5208.120117	979
5212.560059	981
5217.000000	1001
5221.439941	1016
5225.879883	1055
5230.319824	1099
5234.760254	1112
5239.200195	1116
5243.640137	1128
5248.080078	1133
5252.520020	1143
5256.959961	1150
5261.399902	1131
5265.839844	1125
5270.280273	1132
5274.720215	1137
5279.160156	1155
5283.600098	1185
5288.040039	1182
5292.479980	1195
5296.919922	1225
5301.359863	1233
5305.800293	1241
5310.240234	1262
5314.680176	1275
5319.120117	1284
5323.560059	1278
5328.000000	1248
5332.439941	1242
5336.879883	1242
5341.320313	1244
5345.760254	1235
5350.200195	1252
5354.640137	1284
5359.080078	1283
5363.520020	1297
5367.959961	1312
5372.399902	1315
5376.839844	1300
5381.280273	1307
5385.720215	1304
5390.160156	1283
5394.600098	1274
5399.040039	1254
5403.479980	1233
5407.919922	1234
5412.359863	1245
5416.800293	1254
5421.240234	1268
5425.680176	1283
5430.120117	1275
5434.560059	1266
5439.000000	1254
5443.439941	1244
5447.879883	1219
5452.320313	1216
5456.760254	1211
5461.200195	1193
5465.640137	1177
5470.080078	1168
5474.520020	1166
5478.959961	1173
5483.399902	1168
5487.839844	1159
5492.280273	1149
5496.720215	1160
5501.160156	1164
5505.600098	1173
5510.040039	1178
5514.479980	1184
5518.919922	1178
5523.359863	1182
5527.800293	1206
5532.240234	1210
5536.680176	1206
5541.120117	1230
5545.560059	1238
5550.000000	1246
5554.439941	1232
5558.879883	1240
5563.320313	1236
5567.760254	1222
5572.200195	1227
5576.640137	1213
5581.080078	1204
5585.520020	1204
5589.959961	1201
5594.399902	1179
5598.839844	1171
5603.280273	1168
5607.720215	1176
5612.160156	1170
5616.600098	1163
5621.040039	1148
5625.479980	1154
5629.919922	1151
5634.359863	1140
5638.800293	1123
5643.240234	1118
5647.680176	1133
5652.120117	1144
5656.560059	1153
5661.000000	1133
5665.439941	1144
5669.879883	1152
5674.320313	1140
5678.760254	1136
5683.200195	1128
5687.640137	1119
5692.080078	1144
5696.520020	1140
5700.959961	1153
5705.399902	1146
5709.839844	1153
5714.280273	1145
5718.720215	1147
5723.160156	1143
5727.600098	1145
5732.040039	1148
5736.479980	1149
5740.919922	1149
5745.359863	1145
5749.800293	1159
5754.240234	1165
5758.680176	1161
5763.120117	1164
5767.560059	1180
5772.000000	1172
5776.439941	1176
5780.879883	1188
5785.320313	1180
5789.760254	1182
5794.200195	1198
5798.640137	1212
5803.080078	1223
5807.520020	1237
5811.959961	1242
5816.399902	1256
5820.839844	1274
5825.280273	1286
5829.720215	1298
5834.160156	1283
5838.600098	1288
5843.040039	1281
5847.479980	1303
5851.919922	1302
5856.359863	1284
5860.800293	1259
5865.240234	1252
5869.680176	1256
5874.120117	1241
5878.560059	1223
5883.000000	1204
5887.439941	1192
5891.879883	1160
5896.320313	1137
5900.760254	1122
5905.200195	1100
5909.640137	1104
5914.080078	1106
5918.520020	1115
5922.959961	1123
5927.399902	1140
5931.839844	1151
5936.280273	1135
5940.720215	1131
5945.160156	1165
5949.600098	1172
5954.040039	1156
5958.479980	1146
5962.919922	1150
5967.359863	1137
5971.800293	1149
5976.240234	1165
5980.680176	1161
5985.120117	1159
5989.560059	1156
5994.000000	1164
5998.439941	1160
6002.879883	1164
6007.320313	1181
6011.760254	1167
6016.200195	1170
6020.640137	1180
6025.080078	1152
6029.520020	1152
6033.959961	1155
6038.399902	1148
6042.839844	1161
6047.280273	1178
6051.720215	1158
6056.160156	1142
6060.600098	1159
6065.040039	1144
6069.479980	1115
6073.919922	1151
6078.359863	1151
6082.800293	1129
6087.240234	1132
6091.680176	1111
6096.120117	1110
6100.560059	1108
6105.000000	1113
6109.439941	1104
6113.879883	1091
6118.320313	1086
6122.760254	1060
6127.200195	1057
6131.640137	1038
6136.080078	1012
6140.520020	1028
6144.959961	1025
6149.399902	1000
6153.839844	997
6158.280273	997
6162.720215	980
6167.160156	962
6171.600098	934
6176.040039	907
6180.479980	878
6184.919922	866
6189.359863	866
6193.800293	859
6198.240234	842
6202.680176	849
6207.120117	839
6211.560059	820
6216.000000	831
6220.439941	816
6224.879883	794
6229.320313	772
6233.760254	761
6238.200195	753
6242.640137	746
6247.080078	745
6251.520020	755
6255.959961	754
6260.399902	754
6264.839844	748
6269.280273	749
6273.720215	765
6278.160156	795
6282.600098	788
6287.040039	778
6291.479980	802
6295.919922	806
6300.359863	822
6304.800293	826
6309.240234	827
6313.680176	824
6318.120117	838
6322.560059	846
6327.000000	848
6331.439941	847
6335.879883	857
6340.320313	869
6344.760254	867
6349.200195	857
6353.640137	872
6358.080078	878
6362.520020	873
6366.959961	882
6371.399902	884
6375.839844	883
6380.280273	896
6384.720215	885
6389.160156	877
6393.600098	901
6398.040039	908
6402.479980	911
6406.919922	911
6411.359863	898
6415.800293	902
6420.240234	908
6424.680176	915
6429.120117	923
6433.560059	904
6438.000000	891
6442.439941	894
6446.879883	904
6451.320313	911
6455.760254	910
6460.200195	928
6464.640137	935
6469.080078	914
6473.520020	912
6477.959961	912
6482.399902	896
6486.839844	900
6491.280273	896
6495.720215	899
6500.160156	887
6504.600098	875
6509.040039	870
6513.479980	875
6517.919922	886
6522.359863	914
6526.800293	917
6531.240234	910
6535.680176	917
6540.120117	916
6544.560059	903
6549.000000	901
6553.439941	893
6557.879883	895
6562.320313	892
6566.760254	891
6571.200195	897
6575.640137	902
6580.080078	914
6584.520020	912
6588.959961	909
6593.399902	917
6597.839844	916
6602.280273	913
6606.720215	923
6611.160156	901
6615.600098	902
6620.040039	917
6624.479980	915
6628.919922	907
6633.359863	920
6637.800293	911
6642.240234	919
6646.680176	923
6651.120117	902
6655.560059	903
6660.000000	908
6664.439941	903
6668.879883	905
6673.320313	905
6677.760254	912
6682.200195	908
6686.640137	925
6691.080078	914
6695.520020	908
6699.959961	903
6704.399902	911
6708.839844	898
6713.280273	898
6717.720215	911
6722.160156	899
6726.600098	897
6731.040039	883
6735.479980	898
6739.919922	893
6744.359863	889
6748.800293	888
6753.240234	884
6757.680176	885
6762.120117	900
6766.560059	916
6771.000000	924
6775.439941	917
6779.879883	922
6784.320313	904
6788.760254	896
6793.200195	921
6797.640137	927
6802.080078	915
6806.520020	920
6810.959961	932
6815.399902	938
6819.839844	939
6824.280273	934
6828.720215	946
6833.160156	954
6837.600098	960
6842.040039	965
6846.479980	965
6850.919922	957
6855.359863	956
6859.800293	934
6864.240234	921
6868.680176	916
6873.120117	932
6877.560059	920
6882.000000	925
6886.439941	935
6890.879883	938
6895.320313	951
6899.760254	956
6904.200195	955
6908.640137	958
6913.080078	962
6917.520020	977
6921.959961	980
6926.399902	987
6930.840332	997
6935.280273	1008
6939.720215	1013
6944.160156	1016
6948.600098	1037
6953.040039	1040
6957.479980	1055
6961.919922	1079
6966.359863	1076
6970.800293	1073
6975.240234	1085
6979.680176	1077
6984.120117	1090
6988.560059	1108
6993.000000	1093
6997.439941	1091
7001.879883	1110
7006.320313	1100
7010.760254	1113
7015.200195	1131
7019.640137	1132
7024.080078	1129
7028.520020	1121
7032.959961	1136
7037.399902	1141
7041.840332	1132
7046.280273	1126
7050.720215	1132
7055.160156	1137
7059.600098	1117
7064.040039	1085
7068.479980	1078
7072.919922	1071
7077.359863	1071
7081.800293	1067
7086.240234	1057
7090.680176	1044
7095.120117	1026
7099.560059	1027
7104.000000	1011
7108.439941	1018
7112.879883	1028
7117.320313	989
7121.760254	982
7126.200195	981
7130.640137	971
7135.080078	959
7139.520020	953
7143.959961	941
7148.399902	931
7152.840332	921
7157.280273	923
7161.720215	922
7166.160156	942
7170.600098	941
7175.040039	925
7179.479980	901
7183.919922	892
7188.359863	907
7192.800293	893
7197.240234	887
7201.680176	884
7206.120117	884
7210.560059	893
7215.000000	905
7219.439941	902
7223.879883	894
7228.320313	903
7232.760254	911
7237.200195	912
7241.640137	914
7246.080078	934
7250.520020	930
7254.959961	928
7259.399902	928
7263.840332	908
7268.280273	919
7272.720215	915
7277.160156	911
7281.600098	932
7286.040039	937
7290.479980	928
7294.919922	918
7299.359863	916
7303.800293	927
7308.240234	938
7312.680176	937
7317.120117	939
7321.560059	927
7326.000000	930
7330.439941	933
7334.879883	940
7339.320313	953
7343.760254	951
7348.200195	968
7352.640137	986
7357.080078	973
7361.520020	952
7365.959961	954
7370.399902	972
7374.840332	964
7379.280273	967
7383.720215	963
7388.160156	969
7392.600098	970
7397.040039	974
7401.479980	955
7405.919922	974
7410.359863	1003
7414.800293	987
7419.240234	953
7423.680176	936
7428.120117	948
7432.560059	945
7437.000000	951
7441.439941	962
7445.879883	952
7450.320313	940
7454.760254	934
7459.200195	935
7463.640137	947
7468.080078	942
7472.520020	940
7476.959961	931
7481.399902	918
7485.840332	908
7490.280273	916
7494.720215	920
7499.160156	915
7503.600098	888
7508.040039	882
7512.479980	875
7516.919922	886
7521.359863	899
7525.800293	890
7530.240234	876
7534.680176	881
7539.120117	867
7543.560059	861
7548.000000	860
7552.439941	835
7556.879883	828
7561.320313	833
7565.760254	819
7570.200195	813
7574.640137	807
7579.080078	790
7583.520020	764
7587.959961	734
7592.399902	695
7596.840332	668
7601.280273	640
7605.720215	615
7610.160156	609
7614.600098	595
7619.040039	569
7623.479980	556
7627.919922	548
7632.359863	550
7636.800293	560
7641.240234	544
7645.680176	540
7650.120117	539
7654.560059	541
7659.000000	555
7663.439941	559
7667.879883	559
7672.320313	554
7676.760254	553
7681.200195	563
7685.640137	571
7690.080078	584
7694.520020	582
7698.959961	588
7703.399902	597
7707.840332	572
7712.280273	566
7716.720215	582
7721.160156	580
7725.600098	578
7730.040039	582
7734.479980	584
7738.919922	592
7743.359863	587
7747.800293	574
7752.240234	572
7756.680176	583
7761.120117	573
7765.560059	555
7770.000000	561
7774.439941	564
7778.879883	553
7783.320313	549
7787.760254	540
7792.200195	530
7796.640137	522
7801.080078	516
7805.520020	520
7809.959961	514
7814.399902	506
7818.840332	498
7823.280273	498
7827.720215	499
7832.160156	484
7836.600098	471
7841.040039	461
7845.479980	471
7849.919922	482
7854.359863	463
7858.800293	452
7863.240234	443
7867.680176	433
7872.120117	422
7876.560059	427
7881.000000	424
7885.439941	418
7889.879883	409
7894.320313	408
7898.760254	410
7903.200195	397
7907.640137	382
7912.080078	387
7916.520020	389
7920.959961	397
7925.399902	399
7929.840332	385
7934.280273	395
7938.720215	390
7943.160156	394
7947.600098	410
7952.040039	416
7956.479980	410
7960.919922	404
7965.359863	398
7969.800293	401
7974.240234	409
7978.680176	404
7983.120117	412
7987.560059	413
7992.000000	412
7996.439941	420
8000.879883	411
8005.320313	425
8009.760254	424
8014.200195	415
8018.640137	419
8023.080078	419
8027.520020	416
8031.959961	418
8036.399902	427
8040.840332	435
8045.280273	423
8049.720215	419
8054.160156	416
8058.600098	414
8063.040039	420
8067.479980	418
8071.919922	425
8076.359863	419
8080.800293	415
8085.240234	422
8089.680176	421
8094.120117	419
8098.560059	420
8103.000000	408
8107.439941	405
8111.879883	405
8116.320313	389
8120.760254	377
8125.200195	377
8129.640137	385
8134.080078	380
8138.520020	373
8142.959961	370
8147.399902	366
8151.840332	349
8156.280273	343
8160.720215	355
8165.160156	346
8169.600098	347
8174.040039	336
8178.479980	330
8182.919922	323
8187.359863	324
8191.800293	321
8196.240234	321
8200.679688	312
8205.120117	315
8209.560547	303
8214.000000	302
8218.440430	288
8222.879883	283
8227.320313	292
8231.759766	296
8236.200195	293
8240.639648	292
8245.080078	288
8249.520508	285
8253.959961	284
8258.400391	279
8262.839844	273
8267.280273	272
8271.719727	276
8276.160156	273
8280.600586	270
8285.040039	265
8289.480469	267
8293.919922	273
8298.360352	266
8302.799805	263
8307.240234	278
8311.679688	279
8316.120117	283
8320.560547	275
8325.000000	279
8329.440430	283
8333.879883	288
8338.320313	286
8342.759766	286
8347.200195	290
8351.639648	296
8356.080078	298
8360.520508	297
8364.959961	298
8369.400391	298
8373.839844	303
8378.280273	312
8382.719727	308
8387.160156	311
8391.600586	297
8396.040039	308
8400.480469	308
8404.919922	309
8409.360352	315
8413.799805	323
8418.240234	319
8422.679688	324
8427.120117	330
8431.560547	323
8436.000000	332
8440.440430	337
8444.879883	346
8449.320313	338
8453.759766	323
8458.200195	343
8462.639648	350
8467.080078	349
8471.520508	338
8475.959961	335
8480.400391	331
8484.839844	339
8489.280273	345
8493.719727	348
8498.160156	341
8502.600586	337
8507.040039	336
8511.480469	339
8515.919922	343
8520.360352	343
8524.799805	342
8529.240234	341
8533.679688	331
8538.120117	337
8542.560547	338
8547.000000	327
8551.440430	325
8555.879883	330
8560.320313	325
8564.759766	333
8569.200195	325
8573.639648	323
8578.080078	322
8582.520508	328
8586.959961	335
8591.400391	337
8595.839844	332
8600.280273	323
8604.719727	316
8609.160156	311
8613.600586	311
8618.040039	305
8622.480469	310
8626.919922	302
8631.360352	304
8635.799805	312
8640.240234	306
8644.679688	310
8649.120117	311
8653.560547	306
8658.000000	290
8662.440430	291
8666.879883	284
8671.320313	282
8675.759766	280
8680.200195	279
8684.639648	274
8689.080078	265
8693.520508	256
8697.959961	264
8702.400391	266
8706.839844	263
8711.280273	257
8715.719727	257
8720.160156	259
8724.600586	258
8729.040039	243
8733.480469	244
8737.919922	244
8742.360352	244
8746.799805	237
8751.240234	224
8755.679688	221
8760.120117	227
8764.560547	221
8769.000000	223
8773.440430	215
8777.879883	211
8782.320313	218
8786.759766	215
8791.200195	207
8795.639648	202
8800.080078	203
8804.520508	200
8808.959961	201
8813.400391	201
8817.839844	203
8822.280273	208
8826.719727	198
8831.160156	190
8835.600586	188
8840.040039	187
8844.480469	189
8848.919922	179
8853.360352	182
8857.799805	176
8862.240234	169
8866.679688	172
8871.120117	180
8875.560547	181
8880.000000	178
8884.440430	169
8888.879883	170
8893.320313	163
8897.759766	168
8902.200195	179
8906.639648	176
8911.080078	170
8915.520508	169
8919.959961	177
8924.400391	181
8928.839844	174
8933.280273	168
8937.719727	168
8942.160156	170
8946.600586	175
8951.040039	173
8955.480469	158
8959.919922	154
8964.360352	166
8968.799805	167
8973.240234	162
8977.679688	157
8982.120117	168
8986.560547	173
8991.000000	175
8995.440430	169
8999.879883	168
9004.320313	167
9008.759766	155
9013.200195	154
9017.639648	172
9022.080078	175
9026.520508	158
9030.959961	159
9035.400391	167
9039.839844	167
9044.280273	175
9048.719727	189
9053.160156	187
9057.600586	165
9062.040039	156
9066.480469	153
9070.919922	167
9075.360352	176
9079.799805	181
9084.240234	191
9088.679688	177
9093.120117	169
9097.560547	159
9102.000000	166
9106.440430	170
9110.879883	171
9115.320313	173
9119.759766	176
9124.200195	167
9128.639648	169
9133.080078	176
9137.520508	167
9141.959961	171
9146.400391	175
9150.839844	175
9155.280273	171
9159.719727	164
9164.160156	175
9168.600586	183
9173.040039	178
9177.480469	167
9181.919922	167
9186.360352	169
9190.799805	167
9195.240234	164
9199.679688	166
9204.120117	167
9208.560547	170
9213.000000	171
9217.440430	161
9221.879883	171
9226.320313	170
9230.759766	178
9235.200195	174
9239.639648	169
9244.080078	168
9248.520508	170
9252.959961	167
9257.400391	168
9261.839844	165
9266.280273	169
9270.719727	167
9275.160156	165
9279.600586	164
9284.040039	161
9288.480469	163
9292.919922	172
9297.360352	176
9301.799805	170
9306.240234	159
9310.679688	155
9315.120117	160
9319.560547	161
9324.000000	166
9328.440430	174
9332.879883	176
9337.320313	158
9341.759766	146
9346.200195	165
9350.639648	161
9355.080078	154
9359.520508	153
9363.959961	149
9368.400391	149
9372.839844	149
9377.280273	158
9381.719727	147
9386.160156	142
9390.600586	139
9395.040039	144
9399.480469	147
9403.919922	153
9408.360352	151
9412.799805	148
9417.240234	145
9421.679688	145
9426.120117	148
9430.560547	147
9435.000000	138
9439.440430	140
9443.879883	148
9448.320313	146
9452.759766	143
9457.200195	141
9461.639648	143
9466.080078	147
9470.520508	139
9474.959961	144
9479.400391	140
9483.839844	140
9488.280273	149
9492.719727	147
9497.160156	147
9501.600586	146
9506.040039	147
9510.480469	151
9514.919922	135
9519.360352	141
9523.799805	141
9528.240234	139
9532.679688	138
9537.120117	137
9541.560547	146
9546.000000	148
9550.440430	147
9554.879883	147
9559.320313	145
9563.759766	129
9568.200195	129
9572.639648	137
9577.080078	136
9581.520508	146
9585.959961	136
9590.400391	143
9594.839844	139
9599.280273	139
9603.719727	141
9608.160156	142
9612.600586	137
9617.040039	134
9621.480469	140
9625.919922	143
9630.360352	141
9634.799805	144
9639.240234	144
9643.679688	148
9648.120117	157
9652.560547	154
9657.000000	144
9661.440430	153
9665.879883	152
9670.320313	138
9674.759766	139
9679.200195	152
9683.639648	151
9688.080078	154
9692.520508	154
9696.959961	156
9701.400391	136
9705.839844	145
9710.280273	148
9714.719727	147
9719.160156	145
9723.600586	146
9728.040039	147
9732.480469	147
9736.919922	149
9741.360352	150
9745.799805	144
9750.240234	145
9754.679688	151
9759.120117	160
9763.560547	156
9768.000000	149
9772.440430	149
9776.879883	150
9781.320313	144
9785.759766	152
9790.200195	148
9794.639648	154
9799.080078	148
9803.520508	150
9807.959961	150
9812.400391	147
9816.839844	152
9821.280273	161
9825.719727	157
9830.160156	155
9834.600586	156
9839.040039	152
9843.480469	159
9847.919922	166
9852.360352	167
9856.799805	166
9861.240234	161
9865.679688	157
9870.120117	147
9874.560547	160
9879.000000	154
9883.440430	152
9887.879883	152
9892.320313	155
9896.759766	157
9901.200195	158
9905.639648	155
9910.080078	159
9914.520508	160
9918.959961	149
9923.400391	144
9927.839844	153
9932.280273	159
9936.719727	152
9941.160156	152
9945.600586	163
9950.040039	164
9954.480469	149
9958.919922	139
9963.360352	142
9967.799805	148
9972.240234	152
9976.679688	150
9981.120117	146
9985.560547	152
9990.000000	154
9994.440430	154
9998.879883	154
10003.320313	152
10007.759766	153
10012.200195	142
10016.639648	147
10021.080078	147
10025.520508	147
10029.959961	142
10034.400391	146
10038.839844	147
10043.280273	143
10047.719727	150
10052.160156	148
10056.600586	150
10061.040039	150
10065.480469	145
10069.919922	144
10074.360352	141
10078.799805	130
10083.240234	137
10087.679688	141
10092.120117	146
10096.560547	147
10101.000000	138
10105.440430	132
10109.879883	140
10114.320313	153
10118.759766	153
10123.200195	151
10127.639648	156
10132.080078	153
10136.520508	145
10140.959961	146
10145.400391	151
10149.839844	148
10154.280273	148
10158.719727	137
10163.160156	133
10167.600586	143
10172.040039	149
10176.480469	140
10180.919922	139
10185.360352	138
10189.799805	144
10194.240234	142
10198.679688	134
10203.120117	146
10207.560547	141
10212.000000	137
10216.440430	135
10220.879883	134
10225.320313	133
10229.759766	136
10234.200195	142
10238.639648	144
10243.080078	139
10247.520508	137
10251.959961	140
10256.400391	143
10260.839844	143
10265.280273	141
10269.719727	138
10274.160156	140
10278.600586	134
10283.040039	126
10287.480469	128
10291.919922	136
10296.360352	143
10300.799805	141
10305.240234	139
10309.679688	137
10314.120117	140
10318.560547	145
10323.000000	142
10327.440430	136
10331.879883	141
10336.320313	144
10340.759766	146
10345.200195	139
10349.639648	129
10354.080078	139
10358.520508	144
10362.959961	129
10367.400391	142
10371.839844	135
10376.280273	135
10380.719727	133
10385.160156	136
10389.600586	140
10394.040039	139
10398.480469	131
10402.919922	122
10407.360352	115
10411.799805	115
10416.240234	117
10420.679688	119
10425.120117	117
10429.560547	111
10434.000000	117
10438.440430	114
10442.879883	121
10447.320313	109
10451.759766	115
10456.200195	109
10460.639648	112
10465.080078	108
10469.520508	106
10473.959961	101
10478.400391	105
10482.839844	101
10487.280273	101
10491.719727	100
10496.160156	96
10500.600586	101
10505.040039	99
10509.480469	92
10513.919922	100
10518.360352	94
10522.799805	100
10527.240234	99
10531.679688	89
10536.120117	91
10540.560547	91
10545.000000	86
10549.440430	85
10553.879883	82
10558.320313	83
10562.759766	79
10567.200195	75
10571.639648	75
10576.080078	79
10580.520508	83
10584.959961	79
10589.400391	74
10593.839844	72
10598.280273	66
10602.719727	65
10607.160156	60
10611.600586	58
10616.040039	55
10620.480469	52
10624.919922	50
10629.360352	50
10633.799805	52
10638.240234	48
10642.679688	46
10647.120117	42
10651.560547	39
10656.000000	39
10660.440430	36
10664.879883	35
10669.320313	32
10673.759766	34
10678.200195	34
10682.640625	34
10687.080078	30
10691.520508	27
10695.959961	27
10700.400391	21
10704.839844	24
10709.280273	25
10713.719727	24
10718.160156	21
10722.600586	23
10727.040039	24
10731.480469	18
10735.919922	18
10740.360352	16
10744.799805	15
10749.240234	15
10753.679688	13
10758.120117	11
10762.560547	10
10767.000000	7
10771.440430	8
10775.879883	7
10780.320313	5
10784.759766	3
10789.200195	4
10793.640625	2
10798.080078	0
10802.520508	0
10806.959961	0
10811.400391	0
10815.839844	0
10820.280273	0
10824.719727	0
10829.160156	0
10833.600586	0
10838.040039	0
10842.480469	0
10846.919922	0
10851.360352	0
10855.799805	0
10860.240234	0
10864.679688	0
10869.120117	0
10873.560547	0
10878.000000	0
10882.440430	0
10886.879883	0
10891.320313	0
10895.759766	0
10900.200195	0
10904.640625	0
10909.080078	0
10913.520508	0
10917.959961	0
10922.400391	0
10926.839844	0
10931.280273	0
10935.719727	0
10940.160156	0
10944.600586	0
10949.040039	0
10953.480469	0
10957.919922	0
10962.360352	0
10966.799805	0
10971.240234	0
10975.679688	0
10980.120117	0
10984.560547	0
10989.000000	0
10993.440430	0
10997.879883	0
11002.320313	0
11006.759766	0
11011.200195	0
11015.640625	0
11020.080078	0
11024.520508	0
11028.959961	0
11033.400391	0
11037.839844	0
11042.280273	0
11046.719727	0
11051.160156	0
11055.600586	0
11060.040039	0
11064.480469	0
11068.919922	0
11073.360352	0
11077.799805	0
11082.240234	0
11086.679688	0
11091.120117	0
11095.560547	0
11100.000000	0
11104.440430	0
11108.879883	0
11113.320313	0
11117.759766	0
11122.200195	0
11126.640625	0
11131.080078	0
11135.520508	0
11139.959961	0
11144.400391	0
11148.839844	0
11153.280273	0
11157.719727	0
11162.160156	0
11166.600586	0
11171.040039	0
11175.480469	0
11179.919922	0
11184.360352	0
11188.799805	0
11193.240234	0
11197.679688	0
11202.120117	0
11206.560547	0
11211.000000	0
11215.440430	0
11219.879883	0
11224.320313	0
11228.759766	0
11233.200195	0
11237.640625	0
11242.080078	0
11246.520508	0
11250.959961	0
11255.400391	0
11259.839844	0
11264.280273	0
11268.719727	0
11273.160156	0
11277.600586	0
11282.040039	0
11286.480469	0
11290.919922	0
11295.360352	0
11299.799805	0
11304.240234	0
11308.679688	0
11313.120117	0
11317.560547	0
11322.000000	0
11326.440430	0
11330.879883	0
11335.320313	0
11339.759766	0
11344.200195	0
11348.640625	0
11353.080078	0
11357.520508	0
11361.959961	0
11366.400391	0
11370.839844	0
11375.280273	0
11379.719727	0
11384.160156	0
11388.600586	0
11393.040039	0
11397.480469	0
11401.919922	0
11406.360352	0
11410.799805	0
11415.240234	0
11419.679688	0
11424.120117	0
11428.560547	0
11433.000000	0
11437.440430	0
11441.879883	0
11446.320313	0
11450.759766	0
11455.200195	0
11459.640625	0
11464.080078	0
11468.520508	0
11472.959961	0
11477.400391	0
11481.839844	0
11486.280273	0
11490.719727	0
11495.160156	0
11499.600586	0
11504.040039	0
11508.480469	0
11512.919922	0
11517.360352	0
11521.799805	0
11526.240234	0
11530.679688	0
11535.120117	0
11539.560547	0
11544.000000	0
11548.440430	0
11552.879883	0
11557.320313	0
11561.759766	0
11566.200195	0
11570.640625	0
11575.080078	0
11579.520508	0
11583.959961	0
11588.400391	0
11592.839844	0
11597.280273	0
11601.719727	0
11606.160156	0
11610.600586	0
11615.040039	0
11619.480469	0
11623.919922	0
11628.360352	0
11632.799805	0
11637.240234	0
11641.679688	0
11646.120117	0
11650.560547	0
11655.000000	0
11659.440430	0
11663.879883	0
11668.320313	0
11672.759766	0
11677.200195	0
11681.640625	0
11686.080078	0
11690.520508	0
11694.959961	0
11699.400391	0
11703.839844	0
11708.280273	0
11712.719727	0
11717.160156	0
11721.600586	0
11726.040039	0
11730.480469	0
11734.919922	0
11739.360352	0
11743.799805	0
11748.240234	0
11752.679688	0
11757.120117	0
11761.560547	0
11766.000000	0
11770.440430	0
11774.879883	0
11779.320313	0
11783.759766	0
11788.200195	0
11792.640625	0
11797.080078	0
11801.520508	0
11805.959961	0
11810.400391	0
11814.839844	0
11819.280273	0
11823.719727	0
11828.160156	0
11832.600586	0
11837.040039	0
11841.480469	0
11845.919922	0
11850.360352	0
11854.799805	0
11859.240234	0
11863.679688	0
11868.120117	0
11872.560547	0
11877.000000	0
11881.440430	0
11885.879883	0
11890.320313	0
11894.759766	0
11899.200195	0
11903.640625	0
11908.080078	0
11912.520508	0
11916.959961	0
11921.400391	0
11925.839844	0
11930.280273	0
11934.719727	0
11939.160156	0
11943.600586	0
11948.040039	0
11952.480469	0
11956.919922	0
11961.360352	0
11965.799805	0
11970.240234	0
11974.679688	0
11979.120117	0
11983.560547	0
11988.000000	0
11992.440430	0
11996.879883	0
12001.320313	0
12005.759766	0
12010.200195	0
12014.640625	0
12019.080078	0
12023.520508	0
12027.959961	0
12032.400391	0
12036.839844	0
12041.280273	0
12045.719727	0
12050.160156	0
12054.600586	0
12059.040039	0
12063.480469	0
12067.919922	0
12072.360352	0
12076.799805	0
12081.240234	0
12085.679688	0
12090.120117	0
12094.560547	0
12099.000000	0
12103.440430	0
12107.879883	0
12112.320313	0
12116.759766	0
12121.200195	0
12125.640625	0
12130.080078	0
12134.520508	0
12138.959961	0
12143.400391	0
12147.839844	0
12152.280273	0
12156.719727	0
12161.160156	0
12165.600586	0
12170.040039	0
12174.480469	0
12178.919922	0
12183.360352	0
12187.799805	0
12192.240234	0
12196.679688	0
12201.120117	0
12205.560547	0
12210.000000	0
12214.440430	0
12218.879883	0
12223.320313	0
12227.759766	0
12232.200195	0
12236.640625	0
12241.080078	0
12245.520508	0
12249.959961	0
12254.400391	0
12258.839844	0
12263.280273	0
12267.719727	0
12272.160156	0
12276.600586	0
12281.040039	0
12285.480469	0
12289.919922	0
12294.360352	0
12298.799805	0
12303.240234	0
12307.679688	0
12312.120117	0
12316.560547	0
12321.000000	0
12325.440430	0
12329.879883	0
12334.320313	0
12338.759766	0
12343.200195	0
12347.640625	0
12352.080078	0
12356.520508	0
12360.959961	0
12365.400391	0
12369.839844	0
12374.280273	0
12378.719727	0
12383.160156	0
12387.600586	0
12392.040039	0
12396.480469	0
12400.919922	0
12405.360352	0
12409.799805	0
12414.240234	0
12418.679688	0
12423.120117	0
12427.560547	0
12432.000000	0
12436.440430	0
12440.879883	0
12445.320313	0
12449.759766	0
12454.200195	0
12458.640625	0
12463.080078	0
12467.520508	0
12471.959961	0
12476.400391	0
12480.839844	0
12485.280273	0
12489.719727	0
12494.160156	0
12498.600586	0
12503.040039	0
12507.480469	0
12511.919922	0
12516.360352	0
12520.799805	0
12525.240234	0
12529.679688	0
12534.120117	0
12538.560547	0
12543.000000	0
12547.440430	0
12551.879883	0
12556.320313	0
12560.759766	0
12565.200195	0
12569.640625	0
12574.080078	0
12578.520508	0
12582.959961	0
12587.400391	0
12591.839844	0
12596.280273	0
12600.719727	0
12605.160156	0
12609.600586	0
12614.040039	0
12618.480469	0
12622.919922	0
12627.360352	0
12631.799805	0
12636.240234	0
12640.679688	0
12645.120117	0
12649.560547	0
12654.000000	0
12658.440430	0
12662.879883	0
12667.320313	0
12671.759766	0
12676.200195	0
12680.640625	0
12685.080078	0
12689.520508	0
12693.959961	0
12698.400391	0
12702.839844	0
12707.280273	0
12711.719727	0
12716.160156	0
12720.600586	0
12725.040039	0
12729.480469	0
12733.919922	0
12738.360352	0
12742.799805	0
12747.240234	0
12751.679688	0
12756.120117	0
12760.560547	0
12765.000000	0
12769.440430	0
12773.879883	0
12778.320313	0
12782.759766	0
12787.200195	0
12791.640625	0
12796.080078	0
12800.520508	0
12804.959961	0
12809.400391	0
12813.839844	0
12818.280273	0
12822.719727	0
12827.160156	0
12831.600586	0
12836.040039	0
12840.480469	0
12844.919922	0
12849.360352	0
12853.799805	0
12858.240234	0
12862.679688	0
12867.120117	0
12871.560547	0
12876.000000	0
12880.440430	0
12884.879883	0
12889.320313	0
12893.759766	0
12898.200195	0
12902.640625	0
12907.080078	0
12911.520508	0
12915.959961	0
12920.400391	0
12924.839844	0
12929.280273	0
12933.719727	0
12938.160156	0
12942.600586	0
12947.040039	0
12951.480469	0
12955.919922	0
12960.360352	0
12964.799805	0
12969.240234	0
12973.679688	0
12978.120117	0
12982.560547	0
12987.000000	0
12991.440430	0
12995.879883	0
13000.320313	0
13004.759766	0
13009.200195	0
13013.640625	0
13018.080078	0
13022.520508	0
13026.959961	0
13031.400391	0
13035.839844	0
13040.280273	0
13044.719727	0
13049.160156	0
13053.600586	0
13058.040039	0
13062.480469	0
13066.919922	0
13071.360352	0
13075.799805	0
13080.240234	0
13084.679688	0
13089.120117	0
13093.560547	0
13098.000000	0
13102.440430	0
13106.879883	0
13111.320313	0
13115.759766	0
13120.200195	0
13124.640625	0
13129.080078	0
13133.520508	0
13137.959961	0
13142.400391	0
13146.839844	0
13151.280273	0
13155.719727	0
13160.160156	0
13164.600586	0
13169.040039	0
13173.480469	0
13177.919922	0
13182.360352	0
13186.799805	0
13191.240234	0
13195.679688	0
13200.120117	0
13204.560547	0
13209.000000	0
13213.440430	0
13217.879883	0
13222.320313	0
13226.759766	0
13231.200195	0
13235.640625	0
13240.080078	0
13244.520508	0
13248.959961	0
13253.400391	0
13257.839844	0
13262.280273	0
13266.719727	0
13271.160156	0
13275.600586	0
13280.040039	0
13284.480469	0
13288.919922	0
13293.360352	0
13297.799805	0
13302.240234	0
13306.679688	0
13311.120117	0
13315.560547	0
13320.000000	0
13324.440430	0
13328.879883	0
13333.320313	0
13337.759766	0
13342.200195	0
13346.640625	0
13351.080078	0
13355.520508	0
13359.959961	0
13364.400391	0
13368.839844	0
13373.280273	0
13377.719727	0
13382.160156	0
13386.600586	0
13391.040039	0
13395.480469	0
13399.919922	0
13404.360352	0
13408.799805	0
13413.240234	0
13417.679688	0
13422.120117	0
13426.560547	0
13431.000000	0
13435.440430	0
13439.879883	0
13444.320313	0
13448.759766	0
13453.200195	0
13457.640625	0
13462.080078	0
13466.520508	0
13470.959961	0
13475.400391	0
13479.839844	0
13484.280273	0
13488.719727	0
13493.160156	0
13497.600586	0
13502.040039	0
13506.480469	0
13510.919922	0
13515.360352	0
13519.799805	0
13524.240234	0
13528.679688	0
13533.120117	0
13537.560547	0
13542.000000	0
13546.440430	0
13550.879883	0
13555.320313	0
13559.759766	0
13564.200195	0
13568.640625	0
13573.080078	0
13577.520508	0
13581.959961	0
13586.400391	0
13590.839844	0
13595.280273	0
13599.719727	0
13604.160156	0
13608.600586	0
13613.040039	0
13617.480469	0
13621.919922	0
13626.360352	0
13630.799805	0
13635.240234	0
13639.679688	0
13644.120117	0
13648.560547	0
13653.000000	0
13657.440430	0
13661.879883	0
13666.320313	0
13670.759766	0
13675.200195	0
13679.640625	0
13684.080078	0
13688.520508	0
13692.959961	0
13697.400391	0
13701.839844	0
13706.280273	0
13710.719727	0
13715.160156	0
13719.600586	0
13724.040039	0
13728.480469	0
13732.919922	0
13737.360352	0
13741.799805	0
13746.240234	0
13750.680664	0
13755.120117	0
13759.560547	0
13764.000000	0
13768.440430	0
13772.879883	0
13777.320313	0
13781.759766	0
13786.200195	0
13790.640625	0
13795.080078	0
13799.520508	0
13803.959961	0
13808.400391	0
13812.839844	0
13817.280273	0
13821.719727	0
13826.160156	0
13830.600586	0
13835.040039	0
13839.480469	0
13843.919922	0
13848.360352	0
13852.799805	0
13857.240234	0
13861.680664	0
13866.120117	0
13870.560547	0
13875.000000	0
13879.440430	0
13883.879883	0
13888.320313	0
13892.759766	0
13897.200195	0
13901.640625	0
13906.080078	0
13910.520508	0
13914.959961	0
13919.400391	0
13923.839844	0
13928.280273	0
13932.719727	0
13937.160156	0
13941.600586	0
13946.040039	0
13950.480469	0
13954.919922	0
13959.360352	0
13963.799805	0
13968.240234	0
13972.680664	0
13977.120117	0
13981.560547	0
13986.000000	0
13990.440430	0
13994.879883	0
13999.320313	0
14003.759766	0
14008.200195	0
14012.640625	0
14017.080078	0
14021.520508	0
14025.959961	0
14030.400391	0
14034.839844	0
14039.280273	0
14043.719727	0
14048.160156	0
14052.600586	0
14057.040039	0
14061.480469	0
14065.919922	0
14070.360352	0
14074.799805	0
14079.240234	0
14083.680664	0
14088.120117	0
14092.560547	0
14097.000000	0
14101.440430	0
14105.879883	0
14110.320313	0
14114.759766	0
14119.200195	0
14123.640625	0
14128.080078	0
14132.520508	0
14136.959961	0
14141.400391	0
14145.839844	0
14150.280273	0
14154.719727	0
14159.160156	0
14163.600586	0
14168.040039	0
14172.480469	0
14176.919922	0
14181.360352	0
14185.799805	0
14190.240234	0
14194.680664	0
14199.120117	0
14203.560547	0
14208.000000	0
14212.440430	0
14216.879883	0
14221.320313	0
14225.759766	0
14230.200195	0
14234.640625	0
14239.080078	0
14243.520508	0
14247.959961	0
14252.400391	0
14256.839844	0
14261.280273	0
14265.719727	0
14270.160156	0
14274.600586	0
14279.040039	0
14283.480469	0
14287.919922	0
