-4291.157227	0
-4286.712402	0
-4282.267578	0
-4277.822266	0
-4273.377441	0
-4268.932617	0
-4264.487793	0
-4260.042480	0
-4255.597656	0
-4251.152832	0
-4246.708008	0
-4242.262695	0
-4237.817871	0
-4233.373047	0
-4228.927734	0
-4224.482910	0
-4220.038086	0
-4215.593262	0
-4211.147949	0
-4206.703125	0
-4202.258301	0
-4197.813477	0
-4193.368164	0
-4188.923340	0
-4184.478516	0
-4180.033691	0
-4175.588379	0
-4171.143555	0
-4166.698730	0
-4162.253906	0
-4157.808594	0
-4153.363770	0
-4148.918945	0
-4144.473633	0
-4140.028809	0
-4135.583984	0
-4131.139160	0
-4126.693848	0
-4122.249023	0
-4117.804199	0
-4113.359375	0
-4108.914063	0
-4104.469238	0
-4100.024414	0
-4095.579346	0
-4091.134521	0
-4086.689453	0
-4082.244629	0
-4077.799561	0
-4073.354736	0
-4068.909668	0
-4064.464600	0
-4060.019775	0
-4055.574707	0
-4051.129883	0
-4046.684814	0
-4042.239990	0
-4037.794922	0
-4033.350098	0
-4028.905029	0
-4024.460205	0
-4020.015137	0
-4015.570313	0
-4011.125244	0
-4006.680420	0
-4002.235352	0
-3997.790527	0
-3993.345459	0
-3988.900635	0
-3984.455566	0
-3980.010742	0
-3975.565674	0
-3971.120605	0
-3966.675781	0
-3962.230713	0
-3957.785889	0
-3953.340820	0
-3948.895996	0
-3944.450928	0
-3940.006104	0
-3935.561035	0
-3931.116211	0
-3926.671143	0
-3922.226318	0
-3917.781250	0
-3913.336426	0
-3908.891357	0
-3904.446533	0
-3900.001465	0
-3895.556641	0
-3891.111572	0
-3886.666504	0
-3882.221680	0
-3877.776611	0
-3873.331787	0
-3868.886719	0
-3864.441895	0
-3859.996826	0
-3855.552002	0
-3851.106934	0
-3846.662109	0
-3842.217041	0
-3837.772217	0
-3833.327148	0
-3828.882324	0
-3824.437256	0
-3819.992432	0
-3815.547363	0
-3811.102539	0
-3806.657471	0
-3802.212402	0
-3797.767578	0
-3793.322510	0
-3788.877686	0
-3784.432617	0
-3779.987793	0
-3775.542725	0
-3771.097900	0
-3766.652832	0
-3762.208008	0
-3757.762939	0
-3753.318115	0
-3748.873047	0
-3744.428223	0
-3739.983154	0
-3735.538330	0
-3731.093262	0
-3726.648438	0
-3722.203369	0
-3717.758301	0
-3713.313477	0
-3708.868408	0
-3704.423584	0
-3699.978516	0
-3695.533691	0
-3691.088623	0
-3686.643799	0
-3682.198730	0
-3677.753906	0
-3673.308838	0
-3668.864014	0
-3664.418945	0
-3659.974121	0
-3655.529053	0
-3651.084229	0
-3646.639160	0
-3642.194336	0
-3637.749268	0
-3633.304443	0
-3628.859375	0
-3624.414307	0
-3619.969482	0
-3615.524414	0
-3611.079590	0
-3606.634521	0
-3602.189697	0
-3597.744629	0
-3593.299805	0
-3588.854736	0
-3584.409912	0
-3579.964844	0
-3575.520020	0
-3571.074951	0
-3566.630127	0
-3562.185059	0
-3557.740234	0
-3553.295166	0
-3548.850342	0
-3544.405273	0
-3539.960205	0
-3535.515381	0
-3531.070313	0
-3526.625488	0
-3522.180420	0
-3517.735596	0
-3513.290527	0
-3508.845703	0
-3504.400635	0
-3499.955811	0
-3495.510742	0
-3491.065918	0
-3486.620850	0
-3482.176025	0
-3477.730957	0
-3473.286133	0
-3468.841064	0
-3464.396240	0
-3459.951172	0
-3455.506104	0
-3451.061279	0
-3446.616211	0
-3442.171387	0
-3437.726318	0
-3433.281494	0
-3428.836426	0
-3424.391602	0
-3419.946533	0
-3415.501709	0
-3411.056641	0
-3406.611816	0
-3402.166748	0
-3397.721924	0
-3393.276855	0
-3388.832031	0
-3384.386963	0
-3379.942139	0
-3375.497070	0
-3371.052002	0
-3366.607178	0
-3362.162109	0
-3357.717285	0
-3353.272217	0
-3348.827393	0
-3344.382324	0
-3339.937500	0
-3335.492432	0
-3331.047607	0
-3326.602539	0
-3322.157715	0
-3317.712646	0
-3313.267822	0
-3308.822754	0
-3304.377930	0
-3299.932861	0
-3295.488037	0
-3291.042969	0
-3286.598145	0
-3282.153076	0
-3277.708008	0
-3273.263184	0
-3268.818115	0
-3264.373291	0
-3259.928223	0
-3255.483398	0
-3251.038330	0
-3246.593506	0
-3242.148438	0
-3237.703613	0
-3233.258545	0
-3228.813721	0
-3224.368652	0
-3219.923828	0
-3215.478760	0
-3211.033936	0
-3206.588867	0
-3202.144043	0
-3197.698975	0
-3193.253906	0
-3188.809082	0
-3184.364014	0
-3179.919189	0
-3175.474121	0
-3171.029297	0
-3166.584229	0
-3162.139404	0
-3157.694336	0
-3153.249512	0
-3148.804443	0
-3144.359619	0
-3139.914551	0
-3135.469727	0
-3131.024658	0
-3126.579834	0
-3122.134766	0
-3117.689941	0
-3113.244873	0
-3108.799805	0
-3104.354980	0
-3099.909912	0
-3095.465088	0
-3091.020020	0
-3086.575195	0
-3082.130127	0
-3077.685303	0
-3073.240234	0
-3068.795410	0
-3064.350342	0
-3059.905518	0
-3055.460449	0
-3051.015625	0
-3046.570557	0
-3042.125732	0
-3037.680664	0
-3033.235840	0
-3028.790771	0
-3024.345703	0
-3019.900879	0
-3015.455811	0
-3011.010986	0
-3006.565918	0
-3002.121094	0
-2997.676025	0
-2993.231201	0
-2988.786133	0
-2984.341309	0
-2979.896240	0
-2975.451416	0
-2971.006348	0
-2966.561523	0
-2962.116455	0
-2957.671631	0
-2953.226563	0
-2948.781738	0
-2944.336670	0
-2939.891846	0
-2935.446777	0
-2931.001709	0
-2926.556885	0
-2922.111816	0
-2917.666992	0
-2913.221924	0
-2908.777100	0
-2904.332031	0
-2899.887207	0
-2895.442139	0
-2890.997314	0
-2886.552246	0
-2882.107422	0
-2877.662354	0
-2873.217529	0
-2868.772461	0
-2864.327637	0
-2859.882568	0
-2855.437744	0
-2850.992676	0
-2846.547607	0
-2842.102783	0
-2837.657715	0
-2833.212891	0
-2828.767822	0
-2824.322998	0
-2819.877930	0
-2815.433105	0
-2810.988037	0
-2806.543213	0
-2802.098145	0
-2797.653320	0
-2793.208252	0
-2788.763428	0
-2784.318359	0
-2779.873535	0
-2775.428467	0
-2770.983643	0
-2766.538574	0
-2762.093506	0
-2757.648682	0
-2753.203613	0
-2748.758789	0
-2744.313721	0
-2739.868896	0
-2735.423828	0
-2730.979004	0
-2726.533936	0
-2722.089111	0
-2717.644043	0
-2713.199219	0
-2708.754150	0
-2704.309326	0
-2699.864258	0
-2695.419434	0
-2690.974365	0
-2686.529541	0
-2682.084473	0
-2677.639404	0
-2673.194580	0
-2668.749512	0
-2664.304688	0
-2659.859619	0
-2655.414795	0
-2650.969727	0
-2646.524902	0
-2642.079834	0
-2637.635010	0
-2633.189941	0
-2628.745117	0
-2624.300049	0
-2619.855225	0
-2615.410156	0
-2610.965332	0
-2606.520264	0
-2602.075439	0
-2597.630371	0
-2593.185547	0
-2588.740479	0
-2584.295410	0
-2579.850586	0
-2575.405518	0
-2570.960693	0
-2566.515625	0
-2562.070801	0
-2557.625732	0
-2553.180908	0
-2548.735840	0
-2544.291016	0
-2539.845947	0
-2535.401123	0
-2530.956055	0
-2526.511230	0
-2522.066162	0
-2517.621338	0
-2513.176270	0
-2508.731445	0
-2504.286377	0
-2499.841309	0
-2495.396484	0
-2490.951416	0
-2486.506592	0
-2482.061523	0
-2477.616699	0
-2473.171631	0
-2468.726807	0
-2464.281738	0
-2459.836914	0
-2455.391846	0
-2450.947021	0
-2446.501953	0
-2442.057129	0
-2437.612061	0
-2433.167236	0
-2428.722168	0
-2424.277344	0
-2419.832275	0
-2415.387207	0
-2410.942383	0
-2406.497314	0
-2402.052490	0
-2397.607422	0
-2393.162598	0
-2388.717529	0
-2384.272705	0
-2379.827637	0
-2375.382813	0
-2370.937744	0
-2366.492920	0
-2362.047852	0
-2357.603027	0
-2353.157959	0
-2348.713135	0
-2344.268066	0
-2339.823242	0
-2335.378174	0
-2330.933105	0
-2326.488281	0
-2322.043213	0
-2317.598389	0
-2313.153320	0
-2308.708496	0
-2304.263428	0
-2299.818604	0
-2295.373535	0
-2290.928711	0
-2286.483643	0
-2282.038818	0
-2277.593750	0
-2273.148926	0
-2268.703857	0
-2264.259033	0
-2259.813965	0
-2255.369141	0
-2250.924072	0
-2246.479248	0
-2242.034180	0
-2237.589111	0
-2233.144287	0
-2228.699219	0
-2224.254395	0
-2219.809326	0
-2215.364502	0
-2210.919434	0
-2206.474609	0
-2202.029541	0
-2197.584717	0
-2193.139648	0
-2188.694824	0
-2184.249756	0
-2179.804932	0
-2175.359863	0
-2170.915039	0
-2166.469971	0
-2162.025146	0
-2157.580078	0
-2153.135010	0
-2148.690186	0
-2144.245117	0
-2139.800293	0
-2135.355225	0
-2130.910400	0
-2126.465332	0
-2122.020508	0
-2117.575439	0
-2113.130615	0
-2108.685547	0
-2104.240723	0
-2099.795654	0
-2095.350830	0
-2090.905762	0
-2086.460938	0
-2082.015869	0
-2077.571045	0
-2073.125977	0
-2068.680908	0
-2064.236084	0
-2059.791016	0
-2055.346191	0
-2050.901123	0
-2046.456299	0
-2042.011353	0
-2037.566406	0
-2033.121460	0
-2028.676392	0
-2024.231445	0
-2019.786499	0
-2015.341553	0
-2010.896606	0
-2006.451660	0
-2002.006714	0
-1997.561768	0
-1993.116821	0
-1988.671875	0
-1984.226929	0
-1979.781982	18
-1975.337036	39
-1970.892090	51
-1966.447144	63
-1962.002197	79
-1957.557251	83
-1953.112305	97
-1948.667358	121
-1944.222412	137
-1939.777344	154
-1935.332397	172
-1930.887451	191
-1926.442505	192
-1921.997559	195
-1917.552612	221
-1913.107666	240
-1908.662720	247
-1904.217773	274
-1899.772827	270
-1895.327881	290
-1890.882935	322
-1886.437988	341
-1881.993042	351
-1877.548096	357
-1873.103149	382
-1868.658203	406
-1864.213257	407
-1859.768311	408
-1855.323242	430
-1850.878296	446
-1846.433350	473
-1841.988403	489
-1837.543457	475
-1833.098511	490
-1828.653564	514
-1824.208618	529
-1819.763672	552
-1815.318726	570
-1810.873779	569
-1806.428833	559
-1801.983887	591
-1797.538940	611
-1793.093994	616
-1788.649048	680
-1784.204102	739
-1779.759155	711
-1775.314209	673
-1770.869263	674
-1766.424194	741
-1761.979248	778
-1757.534302	775
-1753.089355	770
-1748.644409	781
-1744.199463	775
-1739.754517	811
-1735.309570	855
-1730.864624	861
-1726.419678	879
-1721.974731	922
-1717.529785	947
-1713.084839	914
-1708.639893	928
-1704.194946	934
-1699.750000	951
-1695.305054	955
-1690.860107	979
-1686.415161	998
-1681.970093	1051
-1677.525146	1085
-1673.080200	1093
-1668.635254	1080
-1664.190308	1083
-1659.745361	1119
-1655.300415	1115
-1650.855469	1096
-1646.410522	1143
-1641.965576	1185
-1637.520630	1190
-1633.075684	1218
-1628.630737	1258
-1624.185791	1244
-1619.740845	1242
-1615.295898	1272
-1610.850952	1255
-1606.406006	1253
-1601.961060	1264
-1597.516113	1301
-1593.071045	1295
-1588.626099	1347
-1584.181152	1383
-1579.736206	1356
-1575.291260	1344
-1570.846313	1362
-1566.401367	1374
-1561.956421	1459
-1557.511475	1487
-1553.066528	1466
-1548.621582	1473
-1544.176636	1451
-1539.731689	1476
-1535.286743	1516
-1530.841797	1546
-1526.396851	1546
-1521.951904	1531
-1517.506958	1574
-1513.062012	1617
-1508.616943	1629
-1504.171997	1608
-1499.727051	1617
-1495.282104	1646
-1490.837158	1672
-1486.392212	1705
-1481.947266	1746
-1477.502319	1759
-1473.057373	1731
-1468.612427	1737
-1464.167480	1740
-1459.722534	1714
-1455.277588	1696
-1450.832642	1763
-1446.387695	1820
-1441.942749	1843
-1437.497803	1886
-1433.052856	1907
-1428.607910	1861
-1424.162964	1855
-1419.717896	1930
-1415.272949	1970
-1410.828003	1951
-1406.383057	1938
-1401.938110	1948
-1397.493164	1957
-1393.048218	1995
-1388.603271	2060
-1384.158325	2045
-1379.713379	2025
-1375.268433	1955
-1370.823486	1948
-1366.378540	1976
-1361.933594	1944
-1357.488647	1933
-1353.043701	1910
-1348.598755	1932
-1344.153809	1962
-1339.708862	1985
-1335.263794	2028
-1330.818848	2019
-1326.373901	1968
-1321.928955	1978
-1317.484009	1931
-1313.039063	1935
-1308.594116	1981
-1304.149170	2001
-1299.704224	1997
-1295.259277	1973
-1290.814331	1969
-1286.369385	1953
-1281.924438	1945
-1277.479492	1955
-1273.034546	1968
-1268.589600	1978
-1264.144653	2001
-1259.699707	1965
-1255.254761	1927
-1250.809814	1943
-1246.364746	1954
-1241.919800	1967
-1237.474854	2008
-1233.029907	1982
-1228.584961	1971
-1224.140015	1959
-1219.695068	1996
-1215.250122	1982
-1210.805176	1944
-1206.360229	1940
-1201.915283	1966
-1197.470337	1965
-1193.025391	1985
-1188.580444	2007
-1184.135498	1980
-1179.690552	1978
-1175.245605	2000
-1170.800659	1986
-1166.355713	2017
-1161.910645	2005
-1157.465698	1998
-1153.020752	1989
-1148.575806	1959
-1144.130859	1979
-1139.685913	1918
-1135.240967	1925
-1130.796021	1999
-1126.351074	1996
-1121.906128	1976
-1117.461182	1963
-1113.016235	1915
-1108.571289	1927
-1104.126343	1982
-1099.681396	1998
-1095.236450	2013
-1090.791504	1981
-1086.346558	1941
-1081.901611	2013
-1077.456665	2026
-1073.011597	2032
-1068.566650	1982
-1064.121704	1881
-1059.676758	1897
-1055.231812	1961
-1050.786865	1991
-1046.341919	2061
-1041.896973	2056
-1037.452026	1996
-1033.007080	1996
-1028.562134	1959
-1024.117188	1920
-1019.672241	1950
-1015.227295	1911
-1010.782349	1910
-1006.337341	1939
-1001.892395	2026
-997.447449	2030
-993.002502	1969
-988.557556	1970
-984.112610	1967
-979.667664	1984
-975.222717	1964
-970.777771	1961
-966.332764	1942
-961.887817	1961
-957.442871	1970
-952.997925	1997
-948.552979	2021
-944.108032	2008
-939.663086	1986
-935.218140	1970
-930.773193	1951
-926.328247	1989
-921.883240	1987
-917.438293	1951
-912.993347	1994
-908.548401	2021
-904.103455	1989
-899.658508	1996
-895.213562	2047
-890.768616	2054
-886.323669	2107
-881.878723	2103
-877.433716	1975
-872.988770	1898
-868.543823	1909
-864.098877	1941
-859.653931	1955
-855.208984	1954
-850.764038	2001
-846.319092	2035
-841.874146	2033
-837.429199	2034
-832.984192	2011
-828.539246	2022
-824.094299	2014
-819.649353	1942
-815.204407	1959
-810.759460	2021
-806.314514	2061
-801.869568	2046
-797.424622	1978
-792.979614	1952
-788.534668	2018
-784.089722	1989
-779.644775	1994
-775.199829	2005
-770.754883	2007
-766.309937	1998
-761.864990	1978
-757.420044	1957
-752.975098	1967
-748.530090	1976
-744.085144	1979
-739.640198	1979
-735.195251	1977
-730.750305	1981
-726.305359	2003
-721.860413	2000
-717.415466	2033
-712.970520	2013
-708.525574	1991
-704.080566	1975
-699.635620	1957
-695.190674	2004
-690.745728	1955
-686.300781	1935
-681.855835	1982
-677.410889	1988
-672.965942	2009
-668.520996	2002
-664.076050	1974
-659.631042	1989
-655.186096	2019
-650.741150	2020
-646.296204	1972
-641.851257	1967
-637.406311	1996
-632.961365	2017
-628.516418	2002
-624.071472	1943
-619.626465	1954
-615.181519	1993
-610.736572	1970
-606.291626	1972
-601.846680	1970
-597.401733	1987
-592.956787	2019
-588.511841	1986
-584.066895	1962
-579.621948	1960
-575.176941	1976
-570.731995	1961
-566.287048	1936
-561.842102	2030
-557.397156	2070
-552.952209	1979
-548.507263	1918
-544.062317	1978
-539.617371	2017
-535.172424	1998
-530.727417	1956
-526.282471	1948
-521.837524	1987
-517.392578	1997
-512.947632	1975
-508.502686	1946
-504.057739	1932
-499.612762	1942
-495.167816	1952
-490.722870	1984
-486.277924	1969
-481.832977	1988
-477.388000	2058
-472.943054	2062
-468.498108	2050
-464.053162	2065
-459.608215	2001
-455.163239	1991
-450.718292	1978
-446.273346	1939
-441.828400	1988
-437.383453	2016
-432.938477	2011
-428.493530	1976
-424.048584	1997
-419.603638	2076
-415.158691	2060
-410.713715	2028
-406.268768	1939
-401.823822	1936
-397.378876	1955
-392.933899	1933
-388.488953	1948
-384.044006	2002
-379.599060	2015
-375.154114	1978
-370.709137	1972
-366.264191	1968
-361.819244	2024
-357.374298	2071
-352.929352	2083
-348.484375	2065
-344.039429	2008
-339.594482	2042
-335.149536	2081
-330.704590	2056
-326.259613	2020
-321.814667	2042
-317.369720	2057
-312.924774	2071
-308.479828	2022
-304.034851	1992
-299.589905	2016
-295.144958	2026
-290.700012	2034
-286.255066	2126
-281.810089	2099
-277.365143	2023
-272.920197	2051
-268.475250	2031
-264.030304	2016
-259.585327	2062
-255.140381	2058
-250.695435	2033
-246.250473	2041
-241.805527	2074
-237.360580	2081
-232.915619	2102
-228.470673	2138
-224.025711	2157
-219.580765	2195
-215.135818	2195
-210.690857	2199
-206.245911	2175
-201.800949	2165
-197.356003	2202
-192.911057	2215
-188.466095	2170
-184.021149	2191
-179.576187	2180
-175.131241	2122
-170.686279	2129
-166.241333	2116
-161.796387	2202
-157.351425	2292
-152.906479	2350
-148.461517	2352
-144.016571	2361
-139.571625	2425
-135.126663	2486
-130.681717	2513
-126.236763	2563
-121.791809	2594
-117.346855	2666
-112.901901	2739
-108.456947	2834
-104.012001	2971
-99.567047	3078
-95.122093	3186
-90.677139	3339
-86.232185	3529
-81.787239	3790
-77.342285	4210
-72.897331	4794
-68.452377	5458
-64.007423	6273
-59.562473	6949
-55.117519	7438
-50.672569	7839
-46.227615	8247
-41.782661	8575
-37.337711	8850
-32.892757	9067
-28.447805	9174
-24.002851	9288
-19.557899	9473
-15.112947	9679
-10.667994	9763
-6.223042	9769
-1.778090	9875
2.666863	9902
7.111815	9868
11.556768	9823
16.001720	9740
20.446672	9535
24.891626	9310
29.336578	9063
33.781532	8747
38.226482	8323
42.671436	7672
47.116390	6852
51.561340	5849
56.006294	5036
60.451244	4425
64.896202	3894
69.341148	3505
73.786102	3200
78.231056	2992
82.676010	2906
87.120964	2758
91.565910	2610
96.010864	2513
100.455818	2482
104.900772	2485
109.345726	2462
113.790680	2404
118.235626	2355
122.680580	2337
127.125534	2326
131.570480	2313
136.015442	2303
140.460388	2300
144.905350	2302
149.350296	2244
153.795242	2171
158.240204	2224
162.685150	2229
167.130112	2202
171.575058	2160
176.020020	2094
180.464966	2119
184.909912	2103
189.354874	2066
193.799820	2076
198.244781	2053
202.689728	2042
207.134674	2054
211.579636	2052
216.024582	2043
220.469543	2013
224.914490	2005
229.359436	1983
233.804398	2039
238.249344	2034
242.694305	2015
247.139252	2027
251.584213	2014
256.029144	2016
260.474121	2015
264.919067	2026
269.364014	1998
273.808960	1977
278.253906	2037
282.698883	2040
287.143829	2101
291.588776	2129
296.033722	2144
300.478699	2141
304.923645	2125
309.368591	2154
313.813538	2200
318.258484	2283
322.703461	2314
327.148407	2282
331.593353	2202
336.038300	2180
340.483246	2173
344.928223	2150
349.373169	2103
353.818115	2046
358.263062	1990
362.708008	2006
367.152985	2046
371.597931	2002
376.042877	1952
380.487823	1953
384.932770	1979
389.377747	1992
393.822693	2006
398.267639	2037
402.712585	2044
407.157532	2013
411.602509	2009
416.047455	2005
420.492401	1984
424.937347	2016
429.382294	2035
433.827271	2039
438.272217	2034
442.717163	1981
447.162109	1965
451.607056	1996
456.052032	2003
460.496979	2021
464.941925	2054
469.386871	2083
473.831848	2076
478.276794	2033
482.721741	2000
487.166687	1993
491.611633	1983
496.056610	2008
500.501556	1970
504.946503	1986
509.391449	1989
513.836426	1993
518.281372	1995
522.726318	1965
527.171265	1940
531.616211	1998
536.061157	2072
540.506104	2047
544.951050	2021
549.396057	2036
553.841003	2016
558.285950	2051
562.730896	2078
567.175842	2077
571.620789	2066
576.065735	2001
580.510681	1988
584.955627	2060
589.400574	2040
593.845581	2057
598.290527	2036
602.735474	1985
607.180420	1954
611.625366	1943
616.070313	1989
620.515259	2012
624.960205	1994
629.405151	1994
633.850098	2012
638.295105	2064
642.740051	2028
647.184998	1966
651.629944	1974
656.074890	1989
660.519836	2006
664.964783	2006
669.409729	1993
673.854675	2006
678.299622	2001
682.744629	1995
687.189575	2004
691.634521	1975
696.079468	1954
700.524414	1962
704.969360	1996
709.414307	2017
713.859253	2012
718.304199	2034
722.749207	2031
727.194153	2050
731.639099	2045
736.084045	2062
740.528992	1993
744.973938	1951
749.418884	1979
753.863831	2036
758.308777	2008
762.753723	1972
767.198730	2003
771.643677	2017
776.088623	1972
780.533569	1975
784.978516	1989
789.423462	2006
793.868408	1973
798.313354	2001
802.758301	2048
807.203247	2032
811.648254	1992
816.093201	2021
820.538147	2073
824.983093	2045
829.428040	1981
833.872986	1978
838.317932	1994
842.762878	1955
847.207825	1976
851.652771	2007
856.097778	1999
860.542725	2012
864.987671	2045
869.432617	2026
873.877563	1990
878.322510	1994
882.767456	1985
887.212402	1940
891.657349	1944
896.102356	2001
900.547302	1993
904.992249	1986
909.437195	2023
913.882141	2042
918.327087	2028
922.772034	2009
927.216980	1999
931.661926	1995
936.106873	2008
940.551880	1988
944.996826	1938
949.441772	1999
953.886719	2030
958.331665	2007
962.776611	2016
967.221558	2012
971.666504	2002
976.111450	1991
980.556396	2000
985.001404	2023
989.446350	2019
993.891296	1987
998.336243	1997
1002.781189	2026
1007.226135	2068
1011.671082	2026
1016.116028	1961
1020.560974	1968
1025.005981	1991
1029.450928	1999
1033.895874	1947
1038.340820	1971
1042.785767	1989
1047.230713	1991
1051.675659	1979
1056.120605	2040
1060.565552	2025
1065.010498	2033
1069.455444	2025
1073.900391	1987
1078.345337	1965
1082.790283	1996
1087.235229	2046
1091.680298	2008
1096.125244	1981
1100.570190	1981
1105.015137	2000
1109.460083	2029
1113.905029	2047
1118.349976	2036
1122.794922	2033
1127.239868	2041
1131.684814	2004
1136.129761	1980
1140.574707	2025
1145.019653	2049
1149.464600	2065
1153.909546	2044
1158.354492	2011
1162.799438	2000
1167.244385	2000
1171.689331	1977
1176.134277	1949
1180.579346	1963
1185.024292	2018
1189.469238	2027
1193.914185	2000
1198.359131	1993
1202.804077	2021
1207.249023	2029
1211.693970	2035
1216.138916	2042
1220.583862	2014
1225.028809	2004
1229.473755	1969
1233.918701	1978
1238.363647	1996
1242.808594	1976
1247.253540	2018
1251.698486	2046
1256.143433	1999
1260.588379	1959
1265.033447	2006
1269.478394	2032
1273.923340	1999
1278.368286	1977
1282.813232	2011
1287.258179	2017
1291.703125	2033
1296.148071	2021
1300.593018	2031
1305.037964	2055
1309.482910	2031
1313.927856	2041
1318.372803	2040
1322.817749	2056
1327.262695	2023
1331.707642	1993
1336.152588	1991
1340.597534	2029
1345.042480	2018
1349.487427	2014
1353.932495	2059
1358.377441	2062
1362.822388	2064
1367.267334	2059
1371.712280	2033
1376.157227	1994
1380.602173	1980
1385.047119	1986
1389.492065	2008
1393.937012	2036
1398.381958	1962
1402.826904	1946
1407.271851	1989
1411.716797	2007
1416.161743	2025
1420.606689	2041
1425.051636	2054
1429.496582	2058
1433.941528	2041
1438.386597	1988
1442.831543	1992
1447.276489	2003
1451.721436	2008
1456.166382	2007
1460.611328	1999
1465.056274	1998
1469.501221	2040
1473.946167	2039
1478.391113	2009
1482.836060	1997
1487.281006	2020
1491.725952	1996
1496.170898	1988
1500.615845	1999
1505.060791	2028
1509.505737	2006
1513.950684	1979
1518.395630	1970
1522.840576	2013
1527.285645	2035
1531.730591	2006
1536.175537	2002
1540.620483	1999
1545.065430	1946
1549.510376	1962
1553.955322	2042
1558.400269	2053
1562.845215	2085
1567.290161	2094
1571.735107	2058
1576.180054	1996
1580.625000	1940
1585.069946	1946
1589.514893	1988
1593.959839	2040
1598.404785	1982
1602.849731	1972
1607.294678	2031
1611.739746	2028
1616.184692	1991
1620.629639	2031
1625.074585	2031
1629.519531	2022
1633.964478	2021
1638.409424	2024
1642.854370	2030
1647.299316	2031
1651.744263	2032
1656.189209	1990
1660.634155	1981
1665.079102	1951
1669.524048	1924
1673.968994	1962
1678.413940	2004
1682.858887	2028
1687.303833	2031
1691.748779	2048
1696.193726	2055
1700.638794	2022
1705.083740	1979
1709.528687	2040
1713.973633	2046
1718.418579	1997
1722.863525	2008
1727.308472	2055
1731.753418	2002
1736.198364	2064
1740.643311	2128
1745.088257	2073
1749.533203	2037
1753.978149	2055
1758.423096	2079
1762.868042	2061
1767.312988	2044
1771.757935	2071
1776.202881	2074
1780.647827	2032
1785.092896	2013
1789.537842	1989
1793.982788	2014
1798.427734	2015
1802.872681	2058
1807.317627	2089
1811.762573	2037
1816.207520	2014
1820.652466	2030
1825.097412	2068
1829.542358	2035
1833.987305	1988
1838.432251	2007
1842.877197	2036
1847.322144	2009
1851.767090	1997
1856.212036	2046
1860.656982	2070
1865.101929	2018
1869.546875	1997
1873.991943	2046
1878.436890	2074
1882.881836	2068
1887.326782	2088
1891.771729	2055
1896.216675	1996
1900.661621	2012
1905.106567	2078
1909.551514	2018
1913.996460	1993
1918.441406	2014
1922.886353	2055
1927.331299	2055
1931.776245	2037
1936.221191	2051
1940.666138	2074
1945.111084	2049
1949.556030	2008
1954.000977	1979
1958.446045	2007
1962.890991	2040
1967.335938	2066
1971.780884	2023
1976.225830	2025
1980.670776	2024
1985.115723	2036
1989.560669	2059
1994.005615	2060
1998.450562	2063
2002.895508	2035
2007.340454	2037
2011.785400	2032
2016.230347	2069
2020.675293	2060
2025.120239	2054
2029.565186	2027
2034.010132	2008
2038.455078	2060
2042.900024	2048
2047.345093	2022
2051.790039	2015
2056.234863	2018
2060.679932	2036
2065.124756	2043
2069.569824	2018
2074.014648	2022
2078.459717	2001
2082.904541	2013
2087.349609	2031
2091.794678	2033
2096.239502	2036
2100.684570	2032
2105.129395	2051
2109.574463	2023
2114.019287	2013
2118.464355	1996
2122.909180	2007
2127.354248	2091
2131.799072	2117
2136.244141	2039
2140.688965	2034
2145.134033	2022
2149.578857	1979
2154.023926	1977
2158.468750	2066
2162.913818	2063
2167.358643	2043
2171.803711	2045
2176.248779	2054
2180.693604	2019
2185.138672	2046
2189.583496	2062
2194.028564	2018
2198.473389	2025
2202.918457	2037
2207.363281	1993
2211.808350	1984
2216.253174	2044
2220.698242	2065
2225.143066	2018
2229.588135	2008
2234.032959	2002
2238.478027	1974
2242.922852	2029
2247.367920	2054
2251.812744	2036
2256.257813	2026
2260.702637	2072
2265.147705	2113
2269.592773	2089
2274.037598	2100
2278.482666	2114
2282.927490	2049
2287.372559	2028
2291.817383	2037
2296.262451	1981
2300.707275	1979
2305.152344	2020
2309.597168	2043
2314.042236	2041
2318.487061	2054
2322.932129	2054
2327.376953	2010
2331.822021	1966
2336.266846	2054
2340.711914	2084
2345.156738	2014
2349.601807	1993
2354.046875	2026
2358.491699	2068
2362.936768	2045
2367.381592	2061
2371.826660	2112
2376.271484	2098
2380.716553	2068
2385.161377	2059
2389.606445	2075
2394.051270	2057
2398.496338	2062
2402.941162	2111
2407.386230	2090
2411.831055	2038
2416.276123	2019
2420.720947	1996
2425.166016	1995
2429.610840	2036
2434.055908	2034
2438.500977	2076
2442.945801	2099
2447.390869	2073
2451.835693	2046
2456.280762	2015
2460.725586	2017
2465.170654	2011
2469.615479	2010
2474.060547	2046
2478.505371	2013
2482.950439	2001
2487.395264	2026
2491.840332	2072
2496.285156	2077
2500.730225	2046
2505.175049	2024
2509.620117	2016
2514.064941	2069
2518.510010	2018
2522.955078	2020
2527.399902	2094
2531.844971	2058
2536.289795	2025
2540.734863	2019
2545.179688	1991
2549.624756	2007
2554.069580	2055
2558.514648	2053
2562.959473	2040
2567.404541	2020
2571.849365	1990
2576.294434	1965
2580.739258	1986
2585.184326	1994
2589.629150	2008
2594.074219	2003
2598.519043	1996
2602.964111	1966
2607.408936	2013
2611.854004	2027
2616.299072	2021
2620.743896	1981
2625.188965	1961
2629.633789	1988
2634.078857	1989
2638.523682	1999
2642.968750	2072
2647.413574	2085
2651.858643	2039
2656.303467	2025
2660.748535	2074
2665.193359	2065
2669.638428	2073
2674.083252	2076
2678.528320	2018
2682.973145	2020
2687.418213	2018
2691.863037	2000
2696.308105	2067
2700.753174	2093
2705.197998	2079
2709.643066	2079
2714.087891	2068
2718.532959	2016
2722.977783	2009
2727.422852	2029
2731.867676	2036
2736.312744	2081
2740.757568	2090
2745.202637	2044
2749.647461	2025
2754.092529	2055
2758.537354	2064
2762.982422	2014
2767.427246	1956
2771.872314	1993
2776.317139	2033
2780.762207	2042
2785.207275	2062
2789.652100	2050
2794.097168	2048
2798.541992	2077
2802.987061	2071
2807.431885	2042
2811.876953	2044
2816.321777	2066
2820.766846	2038
2825.211670	2030
2829.656738	2014
2834.101563	1979
2838.546631	1999
2842.991455	2046
2847.436523	2094
2851.881348	2097
2856.326416	2071
2860.771240	2057
2865.216309	2085
2869.661377	2028
2874.106201	1982
2878.551270	2024
2882.996094	2059
2887.441162	2021
2891.885986	2011
2896.331055	2045
2900.775879	2030
2905.220947	2053
2909.665771	2035
2914.110840	2021
2918.555664	2003
2923.000732	1977
2927.445557	1968
2931.890625	2032
2936.335449	2075
2940.780518	2061
2945.225342	1998
2949.670410	2010
2954.115234	2087
2958.560303	2116
2963.005371	2094
2967.450195	2069
2971.895264	2042
2976.340088	2095
2980.785156	2088
2985.229980	2003
2989.675049	1972
2994.119873	1955
2998.564941	1987
3003.009766	2031
3007.454834	2088
3011.899658	2066
3016.344727	1993
3020.789551	1999
3025.234619	2031
3029.679443	1997
3034.124512	2000
3038.569336	2001
3043.014404	2029
3047.459473	2079
3051.904297	2070
3056.349365	2061
3060.794189	2055
3065.239258	2062
3069.684082	2059
3074.129150	2052
3078.573975	2073
3083.019043	2077
3087.463867	2072
3091.908936	2087
3096.353760	2087
3100.798828	2081
3105.243652	2072
3109.688721	2071
3114.133545	2067
3118.578613	2039
3123.023438	2017
3127.468506	2034
3131.913574	2012
3136.358398	2049
3140.803467	2056
3145.248291	1999
3149.693359	2030
3154.138184	2046
3158.583252	2036
3163.028076	2012
3167.473145	1996
3171.917969	2040
3176.363037	2059
3180.807861	2064
3185.252930	2057
3189.697754	2042
3194.142822	2044
3198.587646	2081
3203.032715	2056
3207.477539	2034
3211.922607	2026
3216.367676	2021
3220.812500	2053
3225.257568	2081
3229.702393	2088
3234.147461	2054
3238.592285	1997
3243.037354	2016
3247.482178	2073
3251.927246	2085
3256.372070	2078
3260.817139	2050
3265.261963	2015
3269.707031	2037
3274.151855	2066
3278.596924	2071
3283.041748	2014
3287.486816	2010
3291.931641	2050
3296.376709	2083
3300.821533	2058
3305.266602	2022
3309.711670	2000
3314.156494	2005
3318.601563	2029
3323.046387	2022
3327.491455	2042
3331.936279	2098
3336.381348	2078
3340.826172	2035
3345.271240	2062
3349.716064	2059
3354.161133	1996
3358.605957	1969
3363.051025	2012
3367.495850	1998
3371.940918	2005
3376.385742	1996
3380.830811	1953
3385.275635	1983
3389.720703	2058
3394.165771	2080
3398.610596	2047
3403.055664	2073
3407.500488	2057
3411.945557	2041
3416.390381	2093
3420.835449	2089
3425.280273	2068
3429.725342	2075
3434.170166	2032
3438.615234	2024
3443.060059	2033
3447.505127	2024
3451.949951	2037
3456.395020	2101
3460.839844	2082
3465.284912	2068
3469.729736	2043
3474.174805	2055
3478.619873	2048
3483.064697	2094
3487.509766	2147
3491.954590	2124
3496.399658	2135
3500.844482	2149
3505.289551	2170
3509.734375	2143
3514.179443	2114
3518.624268	2124
3523.069336	2113
3527.514160	2094
3531.959229	2098
3536.404053	2038
3540.849121	2017
3545.293945	2005
3549.739014	2010
3554.183838	2003
3558.628906	2085
3563.073975	2120
3567.518799	2114
3571.963867	2129
3576.408691	2111
3580.853760	2105
3585.298584	2142
3589.743652	2123
3594.188477	2040
3598.633545	2024
3603.078369	2073
3607.523438	2124
3611.968262	2129
3616.413330	2155
3620.858154	2197
3625.303223	2245
3629.748047	2224
3634.193115	2174
3638.637939	2168
3643.083008	2149
3647.527832	2179
3651.972900	2234
3656.417969	2207
3660.862793	2169
3665.307861	2210
3669.752686	2216
3674.197754	2221
3678.642578	2221
3683.087646	2225
3687.532471	2230
3691.977539	2288
3696.422363	2307
3700.867432	2315
3705.312256	2328
3709.757324	2346
3714.202148	2315
3718.647217	2295
3723.092041	2353
3727.537109	2410
3731.981934	2414
3736.427002	2393
3740.872070	2417
3745.316895	2472
3749.761963	2489
3754.206787	2497
3758.651855	2505
3763.096680	2528
3767.541748	2559
3771.986572	2612
3776.431641	2638
3780.876465	2663
3785.321533	2711
3789.766357	2690
3794.211426	2744
3798.656250	2863
3803.101318	2879
3807.546143	2879
3811.991211	2858
3816.436035	2831
3820.881104	2922
3825.326172	2968
3829.770996	3018
3834.216064	3077
3838.660889	3150
3843.105957	3206
3847.550781	3204
3851.995850	3207
3856.440674	3329
3860.885742	3439
3865.330566	3448
3869.775635	3480
3874.220459	3483
3878.665527	3487
3883.110352	3590
3887.555420	3667
3892.000244	3688
3896.445313	3756
3900.890137	3777
3905.335205	3746
3909.780273	3720
3914.225098	3658
3918.670166	3674
3923.114990	3793
3927.560059	3798
3932.004883	3763
3936.449951	3784
3940.894775	3822
3945.339844	3863
3949.784668	3923
3954.229736	3979
3958.674561	3977
3963.119629	4088
3967.564453	4191
3972.009521	4245
3976.454346	4289
3980.899414	4381
3985.344238	4362
3989.789307	4320
3994.234131	4365
3998.679199	4457
4003.124268	4504
4007.569092	4480
4012.014160	4464
4016.458984	4519
4020.904053	4477
4025.348877	4411
4029.793945	4517
4034.238770	4557
4038.683838	4553
4043.128662	4495
4047.573730	4504
4052.018555	4553
4056.463623	4549
4060.908447	4542
4065.353516	4556
4069.798340	4587
4074.243408	4585
4078.688232	4522
4083.133301	4494
4087.578369	4535
4092.023193	4544
4096.468262	4539
4100.913086	4513
4105.357910	4532
4109.803223	4518
4114.248047	4564
4118.692871	4575
4123.137695	4525
4127.583008	4611
4132.027832	4716
4136.472656	4605
4140.917480	4539
4145.362793	4476
4149.807617	4462
4154.252441	4521
4158.697266	4486
4163.142578	4457
4167.587402	4429
4172.032227	4396
4176.477539	4365
4180.922363	4324
4185.367188	4305
4189.812012	4344
4194.257324	4366
4198.702148	4357
4203.146973	4392
4207.591797	4443
4212.037109	4350
4216.481934	4363
4220.926758	4382
4225.371582	4317
4229.816895	4253
4234.261719	4196
4238.706543	4258
4243.151367	4308
4247.596680	4279
4252.041504	4275
4256.486328	4233
4260.931641	4216
4265.376465	4244
4269.821289	4240
4274.266113	4149
4278.711426	4098
4283.156250	4147
4287.601074	4167
4292.045898	4091
4296.491211	4075
4300.936035	4066
4305.380859	4111
4309.825684	4151
4314.270996	4168
4318.715820	4188
4323.160645	4242
4327.605469	4335
4332.050781	4336
4336.495605	4306
4340.940430	4312
4345.385742	4357
4349.830566	4364
4354.275391	4350
4358.720215	4363
4363.165527	4351
4367.610352	4384
4372.055176	4442
4376.500000	4492
4380.945313	4470
4385.390137	4497
4389.834961	4554
4394.279785	4481
4398.725098	4442
4403.169922	4530
4407.614746	4563
4412.059570	4586
4416.504883	4611
4420.949707	4611
4425.394531	4615
4429.839844	4667
4434.284668	4709
4438.729492	4676
4443.174316	4739
4447.619629	4744
4452.064453	4747
4456.509277	4836
4460.954102	4825
4465.399414	4804
4469.844238	4834
4474.289063	4754
4478.733887	4706
4483.179199	4751
4487.624023	4755
4492.068848	4776
4496.513672	4813
4500.958984	4802
4505.403809	4832
4509.848633	4809
4514.293457	4659
4518.738770	4660
4523.183594	4673
4527.628418	4647
4532.073730	4611
4536.518555	4599
4540.963379	4673
4545.408203	4740
4549.853516	4689
4554.298340	4663
4558.743164	4744
4563.187988	4785
4567.633301	4752
4572.078125	4722
4576.522949	4782
4580.967773	4850
4585.413086	4828
4589.857910	4812
4594.302734	4894
4598.747559	4945
4603.192871	4952
4607.637695	5037
4612.082520	5083
4616.527832	5071
4620.972656	5104
4625.417480	5183
4629.862305	5222
4634.307617	5284
4638.752441	5408
4643.197266	5432
4647.642090	5362
4652.087402	5444
4656.532227	5492
4660.977051	5495
4665.421875	5564
4669.867188	5588
4674.312012	5584
4678.756836	5626
4683.201660	5643
4687.646973	5661
4692.091797	5722
4696.536621	5814
4700.981934	5851
4705.426758	5850
4709.871582	5936
4714.316406	5955
4718.761719	5901
4723.206543	5926
4727.651367	5999
4732.096191	6006
4736.541504	6043
4740.986328	6005
4745.431152	6018
4749.875977	6060
4754.321289	6064
4758.766113	6111
4763.210938	6159
4767.655762	6175
4772.101074	6170
4776.545898	6182
4780.990723	6222
4785.436035	6203
4789.880859	6241
4794.325684	6266
4798.770508	6245
4803.215820	6255
4807.660645	6185
4812.105469	6208
4816.550293	6288
4820.995605	6285
4825.440430	6261
4829.885254	6276
4834.330078	6242
4838.775391	6149
4843.220215	6117
4847.665039	6169
4852.109863	6120
4856.555176	6071
4861.000000	6120
4865.444824	6136
4869.890137	6157
4874.334961	6212
4878.779785	6288
4883.224609	6287
4887.669922	6227
4892.114746	6253
4896.559570	6238
4901.004395	6228
4905.449707	6255
4909.894531	6352
4914.339355	6354
4918.784180	6277
4923.229492	6327
4927.674316	6367
4932.119141	6345
4936.563965	6331
4941.009277	6354
4945.454102	6364
4949.898926	6333
4954.344238	6373
4958.789063	6394
4963.233887	6399
4967.678711	6434
4972.124023	6454
4976.568848	6380
4981.013672	6337
4985.458496	6364
4989.903809	6397
4994.348633	6390
4998.793457	6328
5003.238281	6330
5007.683594	6373
5012.128418	6387
5016.573242	6361
5021.018066	6314
5025.463379	6363
5029.908203	6394
5034.353027	6367
5038.798340	6327
5043.243164	6298
5047.687988	6378
5052.132813	6422
5056.578125	6340
5061.022949	6265
5065.467773	6253
5069.912598	6275
5074.357910	6349
5078.802734	6317
5083.247559	6264
5087.692383	6219
5092.137695	6208
5096.582520	6206
5101.027344	6202
5105.472168	6161
5109.917480	6158
5114.362305	6204
5118.807129	6245
5123.252441	6160
5127.697266	6195
5132.142090	6337
5136.586914	6295
5141.032227	6206
5145.477051	6171
5149.921875	6138
5154.366699	6181
5158.812012	6217
5163.256836	6246
5167.701660	6250
5172.146484	6220
5176.591797	6223
5181.036621	6155
5185.481445	6138
5189.926270	6167
5194.371582	6193
5198.816406	6196
5203.261230	6188
5207.706543	6176
5212.151367	6197
5216.596191	6232
5221.041016	6202
5225.486328	6183
5229.931152	6189
5234.375977	6138
5238.820801	6193
5243.266113	6224
5247.710938	6178
5252.155762	6191
5256.600586	6179
5261.045898	6129
5265.490723	6097
5269.935547	6133
5274.380371	6147
5278.825684	6188
5283.270508	6256
5287.715332	6279
5292.160156	6252
5296.605469	6137
5301.050293	6132
5305.495117	6165
5309.940430	6182
5314.385254	6191
5318.830078	6182
5323.274902	6135
5327.720215	6070
5332.165039	6065
5336.609863	6081
5341.054688	5990
5345.500000	5965
5349.944824	5923
5354.389648	5949
5358.834473	5996
5363.279785	5954
5367.724609	5879
5372.169434	5841
5376.614258	5808
5381.059570	5739
5385.504395	5670
5389.949219	5673
5394.394531	5655
5398.839355	5594
5403.284180	5492
5407.729004	5421
5412.174316	5430
5416.619141	5430
5421.063965	5434
5425.508789	5442
5429.954102	5415
5434.398926	5397
5438.843750	5363
5443.288574	5331
5447.733887	5385
5452.178711	5398
5456.623535	5448
5461.068359	5497
5465.513672	5490
5469.958496	5496
5474.403320	5567
5478.848633	5608
5483.293457	5650
5487.738281	5657
5492.183105	5768
5496.628418	5851
5501.073242	5884
5505.518066	5845
5509.962891	5815
5514.408203	5911
5518.853027	5943
5523.297852	5894
5527.742676	5941
5532.187988	5982
5536.632813	5935
5541.077637	5889
5545.522461	5902
5549.967773	5881
5554.412598	5823
5558.857422	5825
5563.302734	5862
5567.747559	5864
5572.192383	5841
5576.637207	5796
5581.082520	5802
5585.527344	5835
5589.972168	5823
5594.416992	5793
5598.862305	5792
5603.307129	5795
5607.751953	5785
5612.196777	5864
5616.642090	5903
5621.086914	5806
5625.531738	5765
5629.976563	5721
5634.421875	5684
5638.866699	5685
5643.311523	5756
5647.756836	5810
5652.201660	5771
5656.646484	5723
5661.091309	5745
5665.536621	5736
5669.981445	5690
5674.426270	5625
5678.871094	5602
5683.316406	5578
5687.761230	5580
5692.206055	5540
5696.650879	5549
5701.096191	5524
5705.541016	5467
5709.985840	5423
5714.430664	5400
5718.875977	5425
5723.320801	5508
5727.765625	5539
5732.210938	5456
5736.655762	5410
5741.100586	5385
5745.545410	5348
5749.990723	5367
5754.435547	5395
5758.880371	5339
5763.325195	5287
5767.770508	5272
5772.215332	5352
5776.660156	5389
5781.104980	5369
5785.550293	5381
5789.995117	5434
5794.439941	5463
5798.884766	5495
5803.330078	5485
5807.774902	5543
5812.219727	5546
5816.665039	5545
5821.109863	5619
5825.554688	5676
5829.999512	5702
5834.444824	5670
5838.889648	5677
5843.334473	5689
5847.779297	5741
5852.224609	5808
5856.669434	5798
5861.114258	5846
5865.559082	5907
5870.004395	5917
5874.449219	5862
5878.894043	5785
5883.338867	5790
5887.784180	5820
5892.229004	5820
5896.673828	5846
5901.119141	5843
5905.563965	5835
5910.008789	5835
5914.453613	5756
5918.898926	5661
5923.343750	5691
5927.788574	5719
5932.233398	5707
5936.678711	5606
5941.123535	5622
5945.568359	5613
5950.013184	5557
5954.458496	5571
5958.903320	5588
5963.348145	5600
5967.792969	5531
5972.238281	5430
5976.683105	5412
5981.127930	5443
5985.572754	5376
5990.018066	5338
5994.462891	5332
5998.907715	5358
6003.353027	5380
6007.797852	5340
6012.242676	5331
6016.687500	5365
6021.132813	5320
6025.577637	5305
6030.022461	5327
6034.467285	5369
6038.912598	5422
6043.357422	5372
6047.802246	5324
6052.247070	5368
6056.692383	5418
6061.137207	5360
6065.582031	5278
6070.026855	5224
6074.472168	5154
6078.916992	5178
6083.361816	5196
6087.807129	5147
6092.251953	5015
6096.696777	4965
6101.141602	4919
6105.586914	4875
6110.031738	4873
6114.476563	4795
6118.921387	4722
6123.366699	4679
6127.811523	4569
6132.256348	4495
6136.701172	4392
6141.146484	4357
6145.591309	4303
6150.036133	4153
6154.480957	4061
6158.926270	4030
6163.371094	3922
6167.815918	3790
6172.261230	3690
6176.706055	3569
6181.150879	3512
6185.595703	3501
6190.041016	3443
6194.485840	3403
6198.930664	3376
6203.375488	3287
6207.820801	3232
6212.265625	3286
6216.710449	3329
6221.155273	3280
6225.600586	3332
6230.045410	3319
6234.490234	3326
6238.935059	3391
6243.380371	3501
6247.825195	3604
6252.270020	3639
6256.715332	3724
6261.160156	3862
6265.604980	3974
6270.049805	4015
6274.495117	4006
6278.939941	4117
6283.384766	4198
6287.829590	4297
6292.274902	4363
6296.719727	4383
6301.164551	4432
6305.609375	4433
6310.054688	4468
6314.499512	4561
6318.944336	4644
6323.389160	4635
6327.834473	4628
6332.279297	4620
6336.724121	4684
6341.169434	4657
6345.614258	4626
6350.059082	4660
6354.503906	4706
6358.949219	4719
6363.394043	4735
6367.838867	4711
6372.283691	4740
6376.729004	4712
6381.173828	4695
6385.618652	4704
6390.063477	4610
6394.508789	4557
6398.953613	4563
6403.398438	4579
6407.843262	4602
6412.288574	4585
6416.733398	4539
6421.178223	4494
6425.623535	4478
6430.068359	4484
6434.513184	4475
6438.958008	4503
6443.403320	4446
6447.848145	4397
6452.292969	4390
6456.737793	4452
6461.183105	4450
6465.627930	4443
6470.072754	4378
6474.517578	4249
6478.962891	4188
6483.407715	4206
6487.852539	4196
6492.297363	4194
6496.742676	4197
6501.187500	4148
6505.632324	4141
6510.077637	4206
6514.522461	4195
6518.967285	4134
6523.412109	4098
6527.857422	4129
6532.302246	4084
6536.747070	4051
6541.191895	4052
6545.637207	4013
6550.082031	3902
6554.526855	3901
6558.971680	3987
6563.416992	3932
6567.861816	3868
6572.306641	3823
6576.751465	3760
6581.196777	3723
6585.641602	3698
6590.086426	3699
6594.531738	3728
6598.976563	3776
6603.421387	3813
6607.866211	3800
6612.311523	3803
6616.756348	3731
6621.201172	3624
6625.645996	3600
6630.091309	3657
6634.536133	3695
6638.980957	3684
6643.425781	3604
6647.871094	3533
6652.315918	3572
6656.760742	3578
6661.205566	3552
6665.650879	3500
6670.095703	3480
6674.540527	3555
6678.985352	3559
6683.430664	3468
6687.875488	3460
6692.320313	3535
6696.765625	3577
6701.210449	3555
6705.655273	3541
6710.100098	3553
6714.545410	3543
6718.990234	3530
6723.435059	3580
6727.879883	3672
6732.325195	3722
6736.770020	3817
6741.214844	3880
6745.659668	3882
6750.104980	3912
6754.549805	3918
6758.994629	3967
6763.439453	4013
6767.884766	4085
6772.329590	4157
6776.774414	4207
6781.219727	4268
6785.664551	4331
6790.109375	4346
6794.554199	4331
6798.999512	4321
6803.444336	4320
6807.889160	4329
6812.333984	4301
6816.779297	4268
6821.224121	4268
6825.668945	4233
6830.113770	4199
6834.559082	4141
6839.003906	4147
6843.448730	4159
6847.893555	4077
6852.338867	4081
6856.783691	4124
6861.228516	4135
6865.673828	4043
6870.118652	4012
6874.563477	4047
6879.008301	4016
6883.453613	3968
6887.898438	3958
6892.343262	3978
6896.788086	3985
6901.233398	4008
6905.678223	4074
6910.123047	4139
6914.567871	4091
6919.013184	4052
6923.458008	4046
6927.902832	4076
6932.347656	4147
6936.792969	4181
6941.237793	4183
6945.682617	4157
6950.127930	4102
6954.572754	4092
6959.017578	4000
6963.462402	3968
6967.907715	3970
6972.352539	3935
6976.797363	3943
6981.242188	3948
6985.687500	3863
6990.132324	3845
6994.577148	3800
6999.021973	3685
7003.467285	3595
7007.912109	3584
7012.356934	3535
7016.801758	3480
7021.247070	3403
7025.691895	3321
7030.136719	3312
7034.582031	3385
7039.026855	3337
7043.471680	3279
7047.916504	3259
7052.361816	3265
7056.806641	3240
7061.251465	3157
7065.696289	3191
7070.141602	3214
7074.586426	3250
7079.031250	3266
7083.476074	3231
7087.921387	3248
7092.366211	3297
7096.811035	3285
7101.255859	3292
7105.701172	3366
7110.145996	3451
7114.590820	3443
7119.036133	3376
7123.480957	3438
7127.925781	3518
7132.370605	3534
7136.815918	3583
7141.260742	3526
7145.705566	3456
7150.150391	3418
7154.595703	3427
7159.040527	3385
7163.485352	3338
7167.930176	3264
7172.375488	3198
7176.820313	3118
7181.265137	3102
7185.709961	3057
7190.155273	2990
7194.600098	2897
7199.044922	2825
7203.490234	2820
7207.935059	2815
7212.379883	2778
7216.824707	2681
7221.270020	2570
7225.714844	2553
7230.159668	2565
7234.604492	2558
7239.049805	2553
7243.494629	2573
7247.939453	2448
7252.384277	2407
7256.829590	2395
7261.274414	2356
7265.719238	2365
7270.164063	2330
7274.609375	2310
7279.054199	2301
7283.499023	2260
7287.944336	2206
7292.389160	2264
7296.833984	2311
7301.278809	2322
7305.724121	2285
7310.168945	2249
7314.613770	2263
7319.058594	2303
7323.503906	2275
7327.948730	2277
7332.393555	2269
7336.838379	2306
7341.283691	2305
7345.728516	2336
7350.173340	2354
7354.618164	2341
7359.063477	2318
7363.508301	2344
7367.953125	2362
7372.397949	2380
7376.843262	2432
7381.288086	2487
7385.732910	2544
7390.178223	2563
7394.623047	2548
7399.067871	2563
7403.512695	2662
7407.958008	2763
7412.402832	2754
7416.847656	2799
7421.292480	2823
7425.737793	2877
7430.182617	2933
7434.627441	3006
7439.072266	3003
7443.517578	3000
7447.962402	3071
7452.407227	3123
7456.852051	3070
7461.297363	3128
7465.742188	3176
7470.187012	3248
7474.632324	3325
7479.077148	3263
7483.521973	3234
7487.966797	3324
7492.412109	3340
7496.856934	3378
7501.301758	3367
7505.746582	3265
7510.191895	3272
7514.636719	3260
7519.081543	3211
7523.526367	3260
7527.971680	3247
7532.416504	3281
7536.861328	3352
7541.306152	3292
7545.751465	3202
7550.196289	3166
7554.641113	3154
7559.086426	3134
7563.531250	3126
7567.976074	3094
7572.420898	3068
7576.866211	3031
7581.311035	3010
7585.755859	2993
7590.200684	2967
7594.645996	2886
7599.090820	2830
7603.535645	2835
7607.980469	2798
7612.425781	2764
7616.870605	2754
7621.315430	2677
7625.760254	2652
7630.205566	2607
7634.650391	2500
7639.095215	2442
7643.540527	2466
7647.985352	2538
7652.430176	2569
7656.875000	2460
7661.320313	2347
7665.765137	2371
7670.209961	2446
7674.654785	2429
7679.100098	2377
7683.544922	2376
7687.989746	2447
7692.434570	2435
7696.879883	2379
7701.324707	2391
7705.769531	2402
7710.214355	2464
7714.659668	2404
7719.104492	2386
7723.549316	2442
7727.994629	2386
7732.439453	2356
7736.884277	2349
7741.329102	2313
7745.774414	2260
7750.219238	2225
7754.664063	2255
7759.108887	2276
7763.554199	2325
7767.999023	2339
7772.443848	2283
7776.888672	2245
7781.333984	2285
7785.778809	2282
7790.223633	2281
7794.668457	2265
7799.113770	2203
7803.558594	2180
7808.003418	2201
7812.448730	2221
7816.893555	2220
7821.338379	2214
7825.783203	2198
7830.228516	2212
7834.673340	2153
7839.118164	2098
7843.562988	2088
7848.008301	2079
7852.453125	2128
7856.897949	2158
7861.342773	2146
7865.788086	2125
7870.232910	2090
7874.677734	2062
7879.122559	2092
7883.567871	2125
7888.012695	2107
7892.457520	2107
7896.902832	2074
7901.347656	2030
7905.792480	2085
7910.237305	2068
7914.682617	2038
7919.127441	2093
7923.572266	2046
7928.017090	2074
7932.462402	2057
7936.907227	2039
7941.352051	2055
7945.796875	2117
7950.242188	2081
7954.687012	2000
7959.131836	2004
7963.576660	2018
7968.021973	1986
7972.466797	1993
7976.911621	2044
7981.356934	2056
7985.801758	2039
7990.246582	2018
7994.691406	2020
7999.136719	1993
8003.581543	1974
8008.026367	1994
8012.471191	2007
8016.916504	2000
8021.361328	2019
8025.806152	2077
8030.250977	2045
8034.696289	2032
8039.141113	2060
8043.585938	2065
8048.030762	2048
8052.476074	2032
8056.920898	2077
8061.365723	2059
8065.810547	2036
8070.255859	2101
8074.700684	2117
8079.145508	2115
8083.590820	2117
8088.035645	2114
8092.480469	2080
8096.925293	2050
8101.370605	2120
8105.815430	2128
8110.260254	2077
8114.705078	2079
8119.150391	2067
8123.595215	2035
8128.040039	2061
8132.484863	2140
8136.930176	2170
8141.375000	2137
8145.819824	2115
8150.264648	2110
8154.709961	2100
8159.154785	2127
8163.599609	2129
8168.044922	2106
8172.489746	2035
8176.934570	2013
8181.379395	2043
8185.824707	2080
8190.269531	2078
8194.714844	2042
8199.159180	2065
8203.604492	2094
8208.048828	2103
8212.494141	2103
8216.939453	2094
8221.383789	2059
8225.829102	2059
8230.274414	2142
8234.718750	2180
8239.164063	2123
8243.609375	2126
8248.053711	2132
8252.499023	2092
8256.943359	2062
8261.388672	2100
8265.833984	2088
8270.278320	2131
8274.723633	2147
8279.168945	2116
8283.613281	2116
8288.058594	2053
8292.502930	2046
8296.948242	2078
8301.393555	2090
8305.837891	2096
8310.283203	2092
8314.728516	2110
8319.172852	2172
8323.618164	2127
8328.063477	2059
8332.507813	2079
8336.953125	2118
8341.397461	2128
8345.842773	2047
8350.288086	2017
8354.732422	2052
8359.177734	2051
8363.623047	2128
8368.067383	2143
8372.512695	2101
8376.957031	2074
8381.402344	2086
8385.847656	2080
8390.291992	2083
8394.737305	2107
8399.182617	2115
8403.626953	2086
8408.072266	2035
8412.516602	2050
8416.961914	2068
8421.407227	2068
8425.851563	2052
8430.296875	2041
8434.742188	2087
8439.186523	2129
8443.631836	2060
8448.077148	2003
8452.521484	2013
8456.966797	2085
8461.411133	2139
8465.856445	2123
8470.301758	2123
8474.746094	2155
8479.191406	2164
8483.636719	2127
8488.081055	2097
8492.526367	2098
8496.970703	2092
8501.416016	2118
8505.861328	2110
8510.305664	2039
8514.750977	2055
8519.196289	2144
8523.640625	2219
8528.085938	2228
8532.531250	2254
8536.975586	2315
8541.420898	2400
8545.865234	2517
8550.310547	2706
8554.755859	2979
8559.200195	3263
8563.645508	3523
8568.090820	3666
8572.535156	3602
8576.980469	3426
8581.424805	3123
8585.870117	2786
8590.315430	2516
8594.759766	2333
8599.205078	2228
8603.650391	2192
8608.094727	2170
8612.540039	2117
8616.985352	2096
8621.429688	2089
8625.875000	2089
8630.319336	2014
8634.764648	1999
8639.209961	2055
8643.654297	2079
8648.099609	2035
8652.544922	2024
8656.989258	2011
8661.434570	2006
8665.878906	1989
8670.324219	1987
8674.769531	1990
8679.213867	1968
8683.659180	1982
8688.104492	2010
8692.548828	2006
8696.994141	1971
8701.439453	2000
8705.883789	2038
8710.329102	2015
8714.773438	2021
8719.218750	2014
8723.664063	1990
8728.108398	1961
8732.553711	1946
8736.999023	1957
8741.443359	1990
8745.888672	1986
8750.333008	1957
8754.778320	1949
8759.223633	2014
8763.667969	2045
8768.113281	2029
8772.558594	2034
8777.002930	2003
8781.448242	1983
8785.893555	1988
8790.337891	2007
8794.783203	1970
8799.227539	2002
8803.672852	2025
8808.118164	1989
8812.562500	2010
8817.007813	2041
8821.453125	2019
8825.897461	2008
8830.342773	2020
8834.787109	2029
8839.232422	2011
8843.677734	2023
8848.122070	2044
8852.567383	1989
8857.012695	1981
8861.457031	1971
8865.902344	1925
8870.347656	1974
8874.791992	2041
8879.237305	2043
8883.681641	2012
8888.126953	2015
8892.572266	2010
8897.016602	2028
8901.461914	1996
8905.907227	1996
8910.351563	2042
8914.796875	2061
8919.241211	2061
8923.686523	2044
8928.131836	2013
8932.576172	2019
8937.021484	1999
8941.466797	1980
8945.911133	1991
8950.356445	2028
8954.801758	2066
8959.246094	2049
8963.691406	2026
8968.135742	2004
8972.581055	1968
8977.026367	1992
8981.470703	2037
8985.916016	2052
8990.361328	2030
8994.805664	2031
8999.250977	2037
9003.695313	2024
9008.140625	2061
9012.585938	2010
9017.030273	1967
9021.475586	1979
9025.920898	2020
9030.365234	2023
9034.810547	1996
9039.255859	2021
9043.700195	2016
9048.145508	2030
9052.589844	2032
9057.035156	2037
9061.480469	2042
9065.924805	2064
9070.370117	2084
9074.815430	2068
9079.259766	2029
9083.705078	2016
9088.149414	2017
9092.594727	2074
9097.040039	2108
9101.484375	2091
9105.929688	2047
9110.375000	1990
9114.819336	2001
9119.264648	1996
9123.709961	2039
9128.154297	2058
9132.599609	2073
9137.043945	2142
9141.489258	2162
9145.934570	2115
9150.378906	2079
9154.824219	2084
9159.269531	2075
9163.713867	2084
9168.159180	2070
9172.603516	2078
9177.048828	2043
9181.494141	2004
9185.938477	2031
9190.383789	2063
9194.829102	2067
9199.273438	2084
9203.718750	2066
9208.164063	2038
9212.608398	2047
9217.053711	2055
9221.498047	2066
9225.943359	2048
9230.388672	2067
9234.833008	2092
9239.278320	2073
9243.723633	2012
9248.167969	1972
9252.613281	2020
9257.057617	2052
9261.502930	2050
9265.948242	2026
9270.392578	2025
9274.837891	2088
9279.283203	2058
9283.727539	2072
9288.172852	2112
9292.618164	2133
9297.062500	2108
9301.507813	2072
9305.952148	2076
9310.397461	2024
9314.842773	2054
9319.287109	2183
9323.732422	2222
9328.177734	2246
9332.622070	2249
9337.067383	2318
9341.511719	2339
9345.957031	2264
9350.402344	2195
9354.846680	2130
9359.291992	2162
9363.737305	2189
9368.181641	2132
9372.626953	2104
9377.072266	2122
9381.516602	2089
9385.961914	2059
9390.406250	2037
9394.851563	2038
9399.296875	2059
9403.741211	2135
9408.186523	2151
9412.631836	2117
9417.076172	2079
9421.521484	2064
9425.965820	2084
9430.411133	2089
9434.856445	2079
9439.300781	2089
9443.746094	2085
9448.191406	2035
9452.635742	2041
9457.081055	2062
9461.526367	2072
9465.970703	2071
9470.416016	2073
9474.860352	2107
9479.305664	2104
9483.750977	2152
9488.195313	2165
9492.640625	2093
9497.085938	2079
9501.530273	2101
9505.975586	2079
9510.419922	2104
9514.865234	2152
9519.310547	2192
9523.754883	2160
9528.200195	2102
9532.645508	2104
9537.089844	2130
9541.535156	2142
9545.980469	2130
9550.424805	2158
9554.870117	2134
9559.314453	2070
9563.759766	2087
9568.205078	2080
9572.649414	2027
9577.094727	2025
9581.540039	2119
9585.984375	2198
9590.429688	2197
9594.874023	2125
9599.319336	2047
9603.764648	2070
9608.208984	2105
9612.654297	2106
9617.099609	2093
9621.543945	2117
9625.989258	2149
9630.434570	2152
9634.878906	2133
9639.324219	2175
9643.768555	2199
9648.213867	2146
9652.659180	2134
9657.103516	2164
9661.548828	2163
9665.994141	2161
9670.438477	2147
9674.883789	2117
9679.328125	2100
9683.773438	2046
9688.218750	2051
9692.663086	2146
9697.108398	2151
9701.553711	2110
9705.998047	2154
9710.443359	2160
9714.888672	2107
9719.333008	2170
9723.778320	2225
9728.222656	2156
9732.667969	2106
9737.113281	2096
9741.557617	2044
9746.002930	2079
9750.448242	2119
9754.892578	2150
9759.337891	2134
9763.782227	2074
9768.227539	2069
9772.672852	2084
9777.117188	2105
9781.562500	2140
9786.007813	2111
9790.452148	2078
9794.897461	2059
9799.341797	2087
9803.787109	2107
9808.232422	2130
9812.676758	2144
9817.122070	2139
9821.567383	2091
9826.011719	2092
9830.457031	2125
9834.902344	2186
9839.346680	2170
9843.791992	2169
9848.236328	2192
9852.681641	2201
9857.126953	2241
9861.571289	2233
9866.016602	2177
9870.461914	2137
9874.906250	2150
9879.351563	2137
9883.795898	2152
9888.241211	2159
9892.686523	2170
9897.130859	2171
9901.576172	2135
9906.021484	2121
9910.465820	2134
9914.911133	2142
9919.356445	2133
9923.800781	2130
9928.246094	2120
9932.690430	2158
9937.135742	2196
9941.581055	2188
9946.025391	2123
9950.470703	2130
9954.916016	2136
9959.360352	2121
9963.805664	2150
9968.250000	2186
9972.695313	2188
9977.140625	2171
9981.584961	2147
9986.030273	2172
9990.475586	2173
9994.919922	2172
9999.365234	2152
10003.810547	2122
10008.254883	2100
10012.700195	2112
10017.144531	2142
10021.589844	2161
10026.035156	2185
10030.479492	2126
10034.924805	2108
10039.370117	2169
10043.814453	2149
10048.259766	2136
10052.704102	2121
10057.149414	2081
10061.594727	2134
10066.039063	2162
10070.484375	2135
10074.929688	2143
10079.374023	2143
10083.819336	2103
10088.264648	2125
10092.708984	2122
10097.154297	2104
10101.598633	2127
10106.043945	2153
10110.489258	2136
10114.933594	2166
10119.378906	2130
10123.824219	2140
10128.268555	2161
10132.713867	2170
10137.158203	2164
10141.603516	2191
10146.048828	2245
10150.493164	2212
10154.938477	2187
10159.383789	2179
10163.828125	2197
10168.273438	2173
10172.718750	2122
10177.163086	2082
10181.608398	2062
10186.052734	2075
10190.498047	2103
10194.943359	2103
10199.387695	2107
10203.833008	2165
10208.278320	2187
10212.722656	2154
10217.167969	2150
10221.612305	2127
10226.057617	2171
10230.502930	2140
10234.947266	2117
10239.392578	2104
10243.837891	2145
10248.282227	2155
10252.727539	2164
10257.172852	2140
10261.617188	2171
10266.062500	2226
10270.506836	2232
10274.952148	2187
10279.397461	2117
10283.841797	2135
10288.287109	2151
10292.732422	2174
10297.176758	2141
10301.622070	2112
10306.066406	2148
10310.511719	2183
10314.957031	2189
10319.401367	2214
10323.846680	2205
10328.291992	2197
10332.736328	2194
10337.181641	2228
10341.626953	2198
10346.071289	2117
10350.516602	2080
10354.960938	2069
10359.406250	2115
10363.851563	2105
10368.295898	2145
10372.741211	2174
10377.186523	2152
10381.630859	2118
10386.076172	2091
10390.520508	2117
10394.965820	2116
10399.411133	2108
10403.855469	2106
10408.300781	2119
10412.746094	2162
10417.190430	2165
10421.635742	2154
10426.081055	2192
10430.525391	2205
10434.970703	2128
10439.415039	2108
10443.860352	2123
10448.305664	2081
10452.750000	2069
10457.195313	2070
10461.640625	2107
10466.084961	2162
10470.530273	2153
10474.974609	2111
10479.419922	2095
10483.865234	2173
10488.309570	2222
10492.754883	2216
10497.200195	2174
10501.644531	2138
10506.089844	2114
10510.535156	2133
10514.979492	2132
10519.424805	2117
10523.869141	2135
10528.314453	2124
10532.759766	2130
10537.204102	2210
10541.649414	2200
10546.094727	2153
10550.539063	2122
10554.984375	2140
10559.428711	2134
10563.874023	2167
10568.319336	2140
10572.763672	2110
10577.208984	2135
10581.654297	2201
10586.098633	2178
10590.543945	2177
10594.989258	2134
10599.433594	2078
10603.878906	2151
10608.323242	2210
10612.768555	2193
10617.213867	2099
10621.658203	2065
10626.103516	2154
10630.548828	2184
10634.993164	2158
10639.438477	2112
10643.882813	2094
10648.328125	2117
10652.773438	2164
10657.217773	2144
10661.663086	2166
10666.108398	2165
10670.552734	2127
10674.998047	2110
10679.443359	2110
10683.887695	2130
10688.333008	2162
10692.777344	2152
10697.222656	2122
10701.667969	2121
10706.112305	2143
10710.557617	2168
10715.002930	2148
10719.447266	2102
10723.892578	2130
10728.336914	2202
10732.782227	2150
10737.227539	2086
10741.671875	2089
10746.117188	2098
10750.562500	2109
10755.006836	2104
10759.452148	2090
10763.897461	2134
10768.341797	2137
10772.787109	2073
10777.231445	2078
10781.676758	2144
10786.122070	2169
10790.566406	2124
10795.011719	2075
10799.457031	2094
10803.901367	2087
10808.346680	2070
10812.791016	2070
10817.236328	2107
10821.681641	2170
10826.125977	2163
10830.571289	2128
10835.016602	2071
10839.460938	2028
10843.906250	2046
10848.351563	2097
10852.795898	2091
10857.241211	2078
10861.685547	2082
10866.130859	2083
10870.576172	2080
10875.020508	2045
10879.465820	2069
10883.911133	2121
10888.355469	2146
10892.800781	2160
10897.245117	2113
10901.690430	2057
10906.135742	2052
10910.580078	2034
10915.025391	2038
10919.470703	2093
10923.915039	2136
10928.360352	2121
10932.805664	2109
10937.250000	2133
10941.695313	2132
10946.139648	2088
10950.584961	2090
10955.030273	2117
10959.474609	2057
10963.919922	2064
10968.365234	2112
10972.809570	2133
10977.254883	2072
10981.699219	2060
10986.144531	2097
10990.589844	2156
10995.034180	2145
10999.479492	2108
11003.924805	2098
11008.369141	2130
11012.814453	2101
11017.259766	2093
11021.704102	2106
11026.149414	2115
11030.593750	2158
11035.039063	2166
11039.484375	2176
11043.928711	2137
11048.374023	2086
11052.819336	2111
11057.263672	2124
11061.708984	2069
11066.153320	2048
11070.598633	2116
11075.043945	2150
11079.488281	2216
11083.933594	2217
11088.378906	2148
11092.823242	2111
11097.268555	2103
11101.713867	2132
11106.158203	2113
11110.603516	2089
11115.047852	2146
11119.493164	2133
11123.938477	2121
11128.382813	2168
11132.828125	2191
11137.273438	2154
11141.717773	2149
11146.163086	2187
11150.607422	2157
11155.052734	2175
11159.498047	2219
11163.942383	2216
11168.387695	2133
11172.833008	2112
11177.277344	2096
11181.722656	2135
11186.166992	2187
11190.612305	2207
11195.057617	2179
11199.501953	2173
11203.947266	2171
11208.392578	2143
11212.836914	2172
11217.282227	2190
11221.727539	2159
11226.171875	2167
11230.617188	2181
11235.061523	2149
11239.506836	2157
11243.952148	2171
11248.396484	2149
11252.841797	2150
11257.287109	2121
11261.731445	2057
11266.176758	2027
11270.621094	2024
11275.066406	2083
11279.511719	2008
11283.956055	1971
11288.401367	2006
11292.846680	1965
11297.291016	1966
11301.736328	1951
11306.181641	1891
11310.625977	1862
11315.071289	1855
11319.515625	1813
11323.960938	1834
11328.406250	1853
11332.850586	1882
11337.295898	1858
11341.741211	1847
11346.185547	1828
11350.630859	1811
11355.075195	1815
11359.520508	1757
11363.965820	1710
11368.410156	1713
11372.855469	1682
11377.300781	1653
11381.745117	1644
11386.190430	1650
11390.635742	1644
11395.080078	1618
11399.525391	1586
11403.969727	1592
11408.415039	1586
11412.860352	1563
11417.304688	1520
11421.750000	1511
11426.195313	1504
11430.639648	1488
11435.084961	1444
11439.529297	1443
11443.974609	1469
11448.419922	1460
11452.864258	1421
11457.309570	1414
11461.754883	1419
11466.199219	1376
11470.644531	1344
11475.089844	1333
11479.534180	1359
11483.979492	1348
11488.423828	1305
11492.869141	1254
11497.314453	1245
11501.758789	1198
11506.204102	1125
11510.649414	1156
11515.093750	1160
11519.539063	1113
11523.983398	1082
11528.428711	1043
11532.874023	1039
11537.318359	1032
11541.763672	1004
11546.208984	955
11550.653320	958
11555.098633	946
11559.543945	918
11563.988281	878
11568.433594	858
11572.877930	850
11577.323242	852
11581.768555	842
11586.212891	797
11590.658203	784
11595.103516	815
11599.547852	780
11603.993164	772
11608.437500	744
11612.882813	707
11617.328125	686
11621.772461	670
11626.217773	672
11630.663086	661
11635.107422	646
11639.552734	611
11643.998047	596
11648.442383	593
11652.887695	603
11657.332031	549
11661.777344	546
11666.222656	552
11670.666992	535
11675.112305	530
11679.557617	503
11684.001953	498
11688.447266	484
11692.891602	469
11697.336914	447
11701.782227	420
11706.226563	397
11710.671875	365
11715.117188	363
11719.561523	371
11724.006836	355
11728.452148	329
11732.896484	326
11737.341797	300
11741.786133	294
11746.231445	299
11750.676758	264
11755.121094	254
11759.566406	242
11764.011719	222
11768.456055	210
11772.901367	196
11777.345703	179
11781.791016	158
11786.236328	149
11790.680664	128
11795.125977	106
11799.571289	95
11804.015625	80
11808.460938	58
11812.906250	50
11817.350586	40
11821.795898	23
11826.240234	15
11830.685547	0
11835.130859	0
11839.575195	0
11844.020508	0
11848.465820	0
11852.910156	0
11857.355469	0
11861.799805	0
11866.245117	0
11870.690430	0
11875.134766	0
11879.580078	0
11884.025391	0
11888.469727	0
11892.915039	0
11897.360352	0
11901.804688	0
11906.250000	0
11910.694336	0
11915.139648	0
11919.584961	0
11924.029297	0
11928.474609	0
11932.919922	0
11937.364258	0
11941.809570	0
11946.253906	0
11950.699219	0
11955.144531	0
11959.588867	0
11964.034180	0
11968.479492	0
11972.923828	0
11977.369141	0
11981.814453	0
11986.258789	0
11990.704102	0
11995.148438	0
11999.593750	0
12004.039063	0
12008.483398	0
12012.928711	0
12017.374023	0
12021.818359	0
12026.263672	0
12030.708008	0
12035.153320	0
12039.598633	0
12044.042969	0
12048.488281	0
12052.933594	0
12057.377930	0
12061.823242	0
12066.268555	0
12070.712891	0
12075.158203	0
12079.602539	0
12084.047852	0
12088.493164	0
12092.937500	0
12097.382813	0
12101.828125	0
12106.272461	0
12110.717773	0
12115.162109	0
12119.607422	0
12124.052734	0
12128.497070	0
12132.942383	0
12137.387695	0
12141.832031	0
12146.277344	0
12150.722656	0
12155.166992	0
12159.612305	0
12164.056641	0
12168.501953	0
12172.947266	0
12177.391602	0
12181.836914	0
12186.282227	0
12190.726563	0
12195.171875	0
12199.616211	0
12204.061523	0
12208.506836	0
12212.951172	0
12217.396484	0
12221.841797	0
12226.286133	0
12230.731445	0
12235.176758	0
12239.621094	0
12244.066406	0
12248.510742	0
12252.956055	0
12257.401367	0
12261.845703	0
12266.291016	0
12270.736328	0
12275.180664	0
12279.625977	0
12284.070313	0
12288.515625	0
12292.960938	0
12297.405273	0
12301.850586	0
12306.295898	0
12310.740234	0
12315.185547	0
12319.630859	0
12324.075195	0
12328.520508	0
12332.964844	0
12337.410156	0
12341.855469	0
12346.299805	0
12350.745117	0
12355.190430	0
12359.634766	0
12364.080078	0
12368.524414	0
12372.969727	0
12377.415039	0
12381.859375	0
12386.304688	0
12390.750000	0
12395.194336	0
12399.639648	0
12404.084961	0
12408.529297	0
12412.974609	0
12417.418945	0
12421.864258	0
12426.309570	0
12430.753906	0
12435.199219	0
12439.644531	0
12444.088867	0
12448.534180	0
12452.978516	0
12457.423828	0
12461.869141	0
12466.313477	0
12470.758789	0
12475.204102	0
12479.648438	0
12484.093750	0
12488.539063	0
12492.983398	0
12497.428711	0
12501.873047	0
12506.318359	0
12510.763672	0
12515.208008	0
12519.653320	0
12524.098633	0
12528.542969	0
12532.988281	0
12537.432617	0
12541.877930	0
12546.323242	0
12550.767578	0
12555.212891	0
12559.658203	0
12564.102539	0
12568.547852	0
12572.992188	0
12577.437500	0
12581.882813	0
12586.327148	0
12590.772461	0
12595.217773	0
12599.662109	0
12604.107422	0
12608.552734	0
12612.997070	0
12617.442383	0
12621.886719	0
12626.332031	0
12630.777344	0
12635.221680	0
12639.666992	0
12644.112305	0
12648.556641	0
12653.001953	0
12657.446289	0
12661.891602	0
12666.336914	0
12670.781250	0
12675.226563	0
12679.671875	0
12684.116211	0
12688.561523	0
12693.006836	0
12697.451172	0
12701.896484	0
12706.340820	0
12710.786133	0
12715.231445	0
12719.675781	0
12724.121094	0
12728.566406	0
12733.010742	0
12737.456055	0
12741.900391	0
12746.345703	0
12750.791016	0
12755.235352	0
12759.680664	0
12764.125977	0
12768.570313	0
12773.015625	0
