-3340.832764	0
-3336.413574	0
-3331.994629	0
-3327.575439	0
-3323.156250	0
-3318.737305	0
-3314.318115	0
-3309.899170	0
-3305.479980	0
-3301.060791	0
-3296.641846	0
-3292.222656	0
-3287.803711	0
-3283.384521	0
-3278.965576	0
-3274.546387	0
-3270.127197	0
-3265.708252	0
-3261.289063	0
-3256.870117	0
-3252.450928	0
-3248.031738	0
-3243.612793	0
-3239.193604	0
-3234.774658	0
-3230.355469	0
-3225.936279	0
-3221.517334	0
-3217.098145	0
-3212.679199	0
-3208.260010	0
-3203.840820	0
-3199.421875	0
-3195.002686	0
-3190.583740	0
-3186.164551	0
-3181.745361	0
-3177.326416	0
-3172.907227	0
-3168.488281	0
-3164.069092	0
-3159.649902	0
-3155.230957	0
-3150.811768	0
-3146.392822	0
-3141.973633	0
-3137.554443	0
-3133.135498	0
-3128.716309	0
-3124.297363	0
-3119.878174	0
-3115.458984	0
-3111.040039	0
-3106.620850	0
-3102.201904	0
-3097.782715	0
-3093.363525	0
-3088.944580	0
-3084.525391	0
-3080.106445	0
-3075.687256	0
-3071.268066	0
-3066.849121	0
-3062.429932	0
-3058.010986	0
-3053.591797	0
-3049.172607	0
-3044.753662	0
-3040.334473	0
-3035.915527	0
-3031.496338	0
-3027.077393	0
-3022.658203	0
-3018.239014	0
-3013.820068	0
-3009.400879	0
-3004.981934	0
-3000.562744	0
-2996.143555	0
-2991.724609	0
-2987.305420	0
-2982.886475	0
-2978.467285	0
-2974.048096	0
-2969.629150	0
-2965.209961	0
-2960.791016	0
-2956.371826	0
-2951.952637	0
-2947.533691	0
-2943.114502	0
-2938.695557	0
-2934.276367	0
-2929.857178	0
-2925.438232	0
-2921.019043	0
-2916.600098	0
-2912.180908	0
-2907.761719	0
-2903.342773	0
-2898.923584	0
-2894.504639	0
-2890.085449	0
-2885.666260	0
-2881.247314	0
-2876.828125	0
-2872.409180	0
-2867.989990	0
-2863.570801	0
-2859.151855	0
-2854.732666	0
-2850.313721	0
-2845.894531	0
-2841.475342	0
-2837.056396	0
-2832.637207	0
-2828.218262	0
-2823.799072	0
-2819.379883	0
-2814.960938	0
-2810.541748	0
-2806.122803	0
-2801.703613	0
-2797.284424	0
-2792.865479	0
-2788.446289	0
-2784.027344	0
-2779.608154	0
-2775.189209	0
-2770.770020	0
-2766.350830	0
-2761.931885	0
-2757.512695	0
-2753.093750	0
-2748.674561	0
-2744.255371	0
-2739.836426	0
-2735.417236	0
-2730.998291	0
-2726.579102	0
-2722.159912	0
-2717.740967	0
-2713.321777	0
-2708.902832	0
-2704.483643	0
-2700.064453	0
-2695.645508	0
-2691.226318	0
-2686.807373	0
-2682.388184	0
-2677.968994	0
-2673.550049	0
-2669.130859	0
-2664.711914	0
-2660.292725	0
-2655.873535	0
-2651.454590	0
-2647.035400	0
-2642.616455	0
-2638.197266	0
-2633.778076	0
-2629.359131	0
-2624.939941	0
-2620.520996	0
-2616.101807	0
-2611.682617	0
-2607.263672	0
-2602.844482	0
-2598.425537	0
-2594.006348	0
-2589.587158	0
-2585.168213	0
-2580.749023	0
-2576.330078	0
-2571.910889	0
-2567.491699	0
-2563.072754	0
-2558.653564	0
-2554.234619	0
-2549.815430	0
-2545.396484	0
-2540.977295	0
-2536.558105	0
-2532.139160	0
-2527.719971	0
-2523.301025	0
-2518.881836	0
-2514.462646	0
-2510.043701	0
-2505.624512	0
-2501.205566	1
-2496.786377	3
-2492.367188	4
-2487.948242	4
-2483.529053	4
-2479.110107	8
-2474.690918	10
-2470.271729	9
-2465.852783	11
-2461.433594	16
-2457.014648	9
-2452.595459	11
-2448.176270	18
-2443.757324	20
-2439.338135	14
-2434.919189	14
-2430.500000	18
-2426.080811	20
-2421.661865	16
-2417.242676	25
-2412.823730	29
-2408.404541	24
-2403.985352	26
-2399.566406	28
-2395.147217	31
-2390.728271	33
-2386.309082	35
-2381.889893	30
-2377.470947	30
-2373.051758	32
-2368.632813	35
-2364.213623	34
-2359.794434	29
-2355.375488	29
-2350.956299	31
-2346.537354	38
-2342.118164	35
-2337.698975	38
-2333.280029	38
-2328.860840	40
-2324.441895	51
-2320.022705	42
-2315.603516	47
-2311.184570	51
-2306.765381	47
-2302.346436	42
-2297.927246	42
-2293.508301	39
-2289.089111	41
-2284.669922	49
-2280.250977	61
-2275.831787	55
-2271.412842	47
-2266.993652	51
-2262.574463	55
-2258.155518	64
-2253.736328	62
-2249.317383	62
-2244.898193	66
-2240.479004	68
-2236.060059	67
-2231.640869	61
-2227.221924	65
-2222.802734	67
-2218.383545	72
-2213.964600	75
-2209.545410	75
-2205.126465	77
-2200.707275	75
-2196.288086	77
-2191.869141	79
-2187.449951	81
-2183.031006	80
-2178.611816	77
-2174.192627	86
-2169.773682	82
-2165.354492	80
-2160.935547	83
-2156.516357	88
-2152.097168	82
-2147.678223	87
-2143.259033	84
-2138.840088	74
-2134.420898	89
-2130.001709	91
-2125.582764	88
-2121.163574	100
-2116.744629	90
-2112.325439	82
-2107.906250	95
-2103.487305	90
-2099.068115	94
-2094.649170	81
-2090.229980	89
-2085.810791	103
-2081.391846	106
-2076.972656	97
-2072.553711	93
-2068.134521	91
-2063.715576	95
-2059.296387	115
-2054.877197	115
-2050.458252	105
-2046.039063	96
-2041.619995	95
-2037.200928	115
-2032.781860	119
-2028.362671	105
-2023.943604	110
-2019.524536	121
-2015.105469	112
-2010.686401	118
-2006.267212	124
-2001.848145	123
-1997.429077	120
-1993.010010	124
-1988.590942	127
-1984.171875	119
-1979.752686	122
-1975.333618	123
-1970.914551	128
-1966.495483	126
-1962.076416	132
-1957.657227	126
-1953.238159	129
-1948.819092	139
-1944.400024	128
-1939.980957	131
-1935.561768	133
-1931.142700	124
-1926.723633	116
-1922.304565	137
-1917.885498	144
-1913.466309	145
-1909.047241	136
-1904.628174	137
-1900.209106	133
-1895.790039	138
-1891.370850	139
-1886.951782	150
-1882.532715	143
-1878.113647	142
-1873.694580	148
-1869.275513	146
-1864.856323	159
-1860.437256	145
-1856.018188	142
-1851.599121	158
-1847.180054	159
-1842.760864	157
-1838.341797	158
-1833.922729	157
-1829.503662	156
-1825.084595	171
-1820.665405	179
-1816.246338	169
-1811.827271	158
-1807.408203	151
-1802.989136	165
-1798.569946	171
-1794.150879	177
-1789.731812	169
-1785.312744	162
-1780.893677	175
-1776.474487	175
-1772.055420	174
-1767.636353	177
-1763.217285	174
-1758.798218	157
-1754.379150	170
-1749.959961	185
-1745.540894	180
-1741.121826	179
-1736.702759	180
-1732.283691	185
-1727.864502	180
-1723.445435	185
-1719.026367	189
-1714.607300	190
-1710.188232	183
-1705.769043	179
-1701.349976	172
-1696.930908	169
-1692.511841	199
-1688.092773	206
-1683.673584	187
-1679.254517	181
-1674.835449	191
-1670.416382	186
-1665.997314	181
-1661.578125	206
-1657.159058	196
-1652.739990	197
-1648.320923	199
-1643.901855	199
-1639.482788	193
-1635.063599	209
-1630.644531	221
-1626.225464	205
-1621.806396	196
-1617.387329	193
-1612.968140	198
-1608.549072	208
-1604.130005	192
-1599.710938	197
-1595.291870	217
-1590.872681	230
-1586.453613	223
-1582.034546	212
-1577.615479	222
-1573.196411	206
-1568.777222	223
-1564.358154	229
-1559.939087	215
-1555.520020	238
-1551.100952	217
-1546.681763	222
-1542.262695	226
-1537.843628	228
-1533.424561	240
-1529.005493	232
-1524.586304	245
-1520.167236	251
-1515.748169	235
-1511.329102	227
-1506.910034	228
-1502.490967	233
-1498.071777	246
-1493.652710	256
-1489.233643	244
-1484.814575	238
-1480.395508	234
-1475.976318	226
-1471.557251	242
-1467.138184	235
-1462.719116	223
-1458.300049	238
-1453.880859	238
-1449.461792	251
-1445.042725	241
-1440.623657	220
-1436.204590	223
-1431.785400	238
-1427.366333	244
-1422.947266	236
-1418.528198	231
-1414.109131	243
-1409.689941	230
-1405.270874	255
-1400.851807	246
-1396.432739	250
-1392.013672	244
-1387.594604	251
-1383.175415	249
-1378.756348	268
-1374.337280	250
-1369.918213	251
-1365.499146	240
-1361.079956	260
-1356.660889	286
-1352.241821	282
-1347.822754	268
-1343.403687	273
-1338.984497	278
-1334.565430	281
-1330.146362	285
-1325.727295	277
-1321.308228	268
-1316.889038	272
-1312.469971	287
-1308.050903	266
-1303.631836	276
-1299.212769	288
-1294.793579	276
-1290.374512	268
-1285.955444	271
-1281.536377	284
-1277.117310	278
-1272.698242	267
-1268.279053	266
-1263.859985	299
-1259.440918	288
-1255.021851	274
-1250.602783	260
-1246.183594	264
-1241.764526	287
-1237.345459	282
-1232.926392	275
-1228.507324	263
-1224.088135	258
-1219.669067	263
-1215.250000	266
-1210.830933	272
-1206.411865	262
-1201.992676	266
-1197.573608	258
-1193.154541	272
-1188.735474	292
-1184.316406	285
-1179.897217	285
-1175.478149	289
-1171.059082	304
-1166.640015	291
-1162.220947	269
-1157.801758	272
-1153.382690	293
-1148.963623	272
-1144.544556	272
-1140.125488	266
-1135.706421	293
-1131.287231	292
-1126.868164	283
-1122.449097	297
-1118.030029	278
-1113.610962	258
-1109.191772	278
-1104.772705	275
-1100.353638	264
-1095.934570	287
-1091.515503	305
-1087.096313	295
-1082.677246	285
-1078.258179	289
-1073.839111	275
-1069.420044	290
-1065.000854	272
-1060.581787	288
-1056.162720	277
-1051.743652	274
-1047.324585	259
-1042.905396	266
-1038.486328	281
-1034.067261	286
-1029.648193	296
-1025.229126	280
-1020.809998	276
-1016.390930	257
-1011.971802	277
-1007.552734	264
-1003.133606	280
-998.714539	284
-994.295471	284
-989.876343	275
-985.457275	264
-981.038208	268
-976.619080	298
-972.200012	304
-967.780884	291
-963.361816	277
-958.942749	270
-954.523621	281
-950.104553	288
-945.685425	300
-941.266357	293
-936.847290	295
-932.428162	284
-928.009094	281
-923.590027	289
-919.170898	276
-914.751831	260
-910.332703	265
-905.913635	275
-901.494568	281
-897.075439	282
-892.656372	285
-888.237244	301
-883.818176	289
-879.399109	283
-874.979980	298
-870.560913	293
-866.141846	273
-861.722717	279
-857.303650	297
-852.884521	308
-848.465454	282
-844.046387	293
-839.627258	305
-835.208191	313
-830.789063	289
-826.369995	294
-821.950928	282
-817.531799	292
-813.112732	305
-808.693665	291
-804.274536	285
-799.855469	276
-795.436340	304
-791.017273	292
-786.598206	287
-782.179077	310
-777.760010	292
-773.340881	288
-768.921814	297
-764.502747	305
-760.083618	278
-755.664551	283
-751.245483	289
-746.826355	281
-742.407288	267
-737.988159	282
-733.569092	302
-729.150024	288
-724.730896	288
-720.311829	293
-715.892700	282
-711.473633	282
-707.054565	289
-702.635437	289
-698.216370	291
-693.797302	293
-689.378174	299
-684.959106	299
-680.539978	292
-676.120911	310
-671.701843	284
-667.282715	296
-662.863647	303
-658.444519	311
-654.025452	289
-649.606384	284
-645.187256	291
-640.768188	294
-636.349121	283
-631.929993	293
-627.510925	290
-623.091797	289
-618.672729	305
-614.253662	305
-609.834534	300
-605.415466	297
-600.996338	311
-596.577271	307
-592.158203	315
-587.739075	314
-583.320007	313
-578.900879	305
-574.481812	315
-570.062744	308
-565.643616	320
-561.224548	308
-556.805481	306
-552.386353	318
-547.967285	309
-543.548157	313
-539.129089	342
-534.710022	308
-530.290894	292
-525.871826	308
-521.452698	310
-517.033630	309
-512.614563	314
-508.195465	303
-503.776367	321
-499.357269	312
-494.938171	315
-490.519104	310
-486.100006	311
-481.680908	327
-477.261810	333
-472.842712	329
-468.423645	314
-464.004547	311
-459.585449	319
-455.166351	330
-450.747284	329
-446.328186	326
-441.909088	315
-437.489990	317
-433.070923	317
-428.651825	307
-424.232727	322
-419.813629	334
-415.394531	331
-410.975464	317
-406.556366	329
-402.137268	322
-397.718170	317
-393.299103	321
-388.880005	338
-384.460907	327
-380.041809	340
-375.622742	299
-371.203644	304
-366.784546	318
-362.365448	330
-357.946350	328
-353.527283	354
-349.108185	338
-344.689087	346
-340.269989	333
-335.850922	325
-331.431824	342
-327.012726	324
-322.593628	330
-318.174561	352
-313.755463	352
-309.336365	356
-304.917267	353
-300.498169	360
-296.079102	370
-291.660004	356
-287.240906	365
-282.821808	360
-278.402740	385
-273.983643	393
-269.564545	383
-265.145447	353
-260.726349	365
-256.307281	380
-251.888184	386
-247.469086	382
-243.050003	388
-238.630905	367
-234.211823	375
-229.792725	416
-225.373642	416
-220.954544	408
-216.535461	424
-212.116364	461
-207.697266	447
-203.278183	448
-198.859085	459
-194.440002	449
-190.020905	472
-185.601822	494
-181.182724	504
-176.763641	514
-172.344543	522
-167.925461	533
-163.506363	564
-159.087280	571
-154.668182	600
-150.249084	632
-145.830002	655
-141.410904	676
-136.991821	709
-132.572723	741
-128.153641	758
-123.734543	798
-119.315453	869
-114.896362	930
-110.477272	986
-106.058182	1071
-101.639091	1164
-97.220001	1312
-92.800911	1465
-88.381821	1644
-83.962730	1843
-79.543640	2055
-75.124542	2365
-70.705452	2760
-66.286362	3197
-61.867271	3874
-57.448181	4746
-53.029091	5686
-48.610001	6264
-44.190910	6743
-39.771820	7181
-35.352726	7466
-30.933636	7707
-26.514545	7925
-22.095455	8087
-17.676363	8206
-13.257273	8322
-8.838181	8390
-4.419091	8458
0.000000	8521
4.419091	8507
8.838181	8444
13.257273	8407
17.676363	8342
22.095455	8212
26.514545	7989
30.933636	7681
35.352726	7340
39.771820	6878
44.190910	6416
48.610001	5965
53.029091	5415
57.448181	4608
61.867271	3855
66.286362	3228
70.705452	2770
75.124542	2377
79.543640	2067
83.962730	1829
88.381821	1566
92.800911	1339
97.220001	1267
101.639091	1172
106.058182	1062
110.477272	948
114.896362	879
119.315453	818
123.734543	744
128.153641	720
132.572723	704
136.991821	690
141.410904	679
145.830002	635
150.249084	624
154.668182	604
159.087280	557
163.506363	536
167.925461	564
172.344543	534
176.763641	491
181.182724	471
185.601822	475
190.020905	465
194.440002	459
198.859085	449
203.278183	435
207.697266	432
212.116364	427
216.535461	433
220.954544	425
225.373642	415
229.792725	408
234.211823	415
238.630905	429
243.050003	392
247.469086	386
251.888184	379
256.307281	370
260.726349	366
265.145447	379
269.564545	367
273.983643	362
278.402740	372
282.821808	369
287.240906	359
291.660004	366
296.079102	357
300.498169	356
304.917267	342
309.336365	349
313.755463	356
318.174561	357
322.593628	321
327.012726	324
331.431824	344
335.850922	358
340.269989	358
344.689087	337
349.108185	346
353.527283	334
357.946350	335
362.365448	361
366.784546	368
371.203644	341
375.622742	328
380.041809	329
384.460907	327
388.880005	334
393.299103	330
397.718170	338
402.137268	352
406.556366	340
410.975464	346
415.394531	344
419.813629	338
424.232727	346
428.651825	329
433.070923	322
437.489990	325
441.909088	334
446.328186	350
450.747284	334
455.166351	338
459.585449	351
464.004547	348
468.423645	345
472.842712	346
477.261810	330
481.680908	308
486.100006	326
490.519104	333
494.938171	316
499.357269	315
503.776367	342
508.195465	329
512.614563	342
517.033630	341
521.452698	339
525.871826	352
530.290894	332
534.710022	338
539.129089	332
543.548157	324
547.967285	328
552.386353	314
556.805481	304
561.224548	327
565.643616	331
570.062744	328
574.481812	323
578.900879	316
583.320007	296
587.739075	312
592.158203	331
596.577271	327
600.996338	319
605.415466	315
609.834534	306
614.253662	294
618.672729	284
623.091797	300
627.510925	317
631.929993	318
636.349121	319
640.768188	319
645.187256	292
649.606384	304
654.025452	347
658.444519	332
662.863647	319
667.282715	294
671.701843	298
676.120911	315
680.539978	319
684.959106	325
689.378174	319
693.797302	311
698.216370	296
702.635437	318
707.054565	319
711.473633	309
715.892700	310
720.311829	312
724.730896	290
729.150024	287
733.569092	318
737.988159	315
742.407288	329
746.826355	315
751.245483	304
755.664551	312
760.083618	322
764.502747	335
768.921814	326
773.340881	308
777.760010	311
782.179077	342
786.598206	336
791.017273	333
795.436340	337
799.855469	329
804.274536	327
808.693665	327
813.112732	311
817.531799	321
821.950928	319
826.369995	341
830.789063	339
835.208191	301
839.627258	301
844.046387	302
848.465454	297
852.884521	325
857.303650	337
861.722717	321
866.141846	311
870.560913	304
874.979980	307
879.399109	304
883.818176	326
888.237244	333
892.656372	328
897.075439	305
901.494568	297
905.913635	285
910.332703	321
914.751831	331
919.170898	307
923.590027	316
928.009094	320
932.428162	307
936.847290	307
941.266357	318
945.685425	329
950.104553	310
954.523621	322
958.942749	318
963.361816	321
967.780884	328
972.200012	306
976.619080	313
981.038208	303
985.457275	324
989.876343	333
994.295471	328
998.714539	327
1003.133606	330
1007.552734	314
1011.971802	306
1016.390930	302
1020.809998	320
1025.229126	324
1029.648193	317
1034.067261	318
1038.486328	304
1042.905396	307
1047.324585	302
1051.743652	310
1056.162720	315
1060.581787	304
1065.000854	295
1069.420044	305
1073.839111	315
1078.258179	308
1082.677246	307
1087.096313	331
1091.515503	319
1095.934570	296
1100.353638	316
1104.772705	300
1109.191772	307
1113.610962	302
1118.030029	306
1122.449097	336
1126.868164	327
1131.287231	327
1135.706421	315
1140.125488	315
1144.544556	294
1148.963623	298
1153.382690	306
1157.801758	322
1162.220947	324
1166.640015	315
1171.059082	299
1175.478149	316
1179.897217	307
1184.316406	299
1188.735474	305
1193.154541	321
1197.573608	323
1201.992676	315
1206.411865	309
1210.830933	331
1215.250000	317
1219.669067	314
1224.088135	319
1228.507324	320
1232.926392	324
1237.345459	319
1241.764526	343
1246.183594	334
1250.602783	330
1255.021851	318
1259.440918	324
1263.859985	333
1268.279053	334
1272.698242	342
1277.117310	325
1281.536377	329
1285.955444	317
1290.374512	322
1294.793579	323
1299.212769	327
1303.631836	329
1308.050903	319
1312.469971	314
1316.889038	323
1321.308228	338
1325.727295	333
1330.146362	333
1334.565430	342
1338.984497	321
1343.403687	298
1347.822754	309
1352.241821	317
1356.660889	296
1361.079956	301
1365.499146	311
1369.918213	322
1374.337280	311
1378.756348	318
1383.175415	318
1387.594604	313
1392.013672	302
1396.432739	332
1400.851807	332
1405.270874	336
1409.689941	327
1414.109131	333
1418.528198	325
1422.947266	319
1427.366333	328
1431.785400	314
1436.204590	314
1440.623657	309
1445.042725	315
1449.461792	319
1453.880859	297
1458.300049	316
1462.719116	318
1467.138184	318
1471.557251	336
1475.976318	333
1480.395508	333
1484.814575	325
1489.233643	323
1493.652710	295
1498.071777	294
1502.490967	303
1506.910034	315
1511.329102	310
1515.748169	316
1520.167236	306
1524.586304	315
1529.005493	326
1533.424561	319
1537.843628	312
1542.262695	299
1546.681763	297
1551.100952	316
1555.520020	320
1559.939087	302
1564.358154	285
1568.777222	312
1573.196411	318
1577.615479	320
1582.034546	307
1586.453613	312
1590.872681	317
1595.291870	308
1599.710938	315
1604.130005	341
1608.549072	340
1612.968140	332
1617.387329	332
1621.806396	311
1626.225464	309
1630.644531	314
1635.063599	309
1639.482788	321
1643.901855	328
1648.320923	310
1652.739990	327
1657.159058	331
1661.578125	331
1665.997314	337
1670.416382	337
1674.835449	322
1679.254517	329
1683.673584	334
1688.092773	318
1692.511841	327
1696.930908	312
1701.349976	314
1705.769043	326
1710.188232	321
1714.607300	348
1719.026367	354
1723.445435	350
1727.864502	329
1732.283691	307
1736.702759	316
1741.121826	287
1745.540894	301
1749.959961	308
1754.379150	309
1758.798218	320
1763.217285	316
1767.636353	318
1772.055420	338
1776.474487	347
1780.893677	334
1785.312744	314
1789.731812	317
1794.150879	324
1798.569946	330
1802.989136	328
1807.408203	349
1811.827271	365
1816.246338	338
1820.665405	327
1825.084595	328
1829.503662	325
1833.922729	314
1838.341797	318
1842.760864	319
1847.180054	323
1851.599121	319
1856.018188	331
1860.437256	340
1864.856323	321
1869.275513	331
1873.694580	338
1878.113647	324
1882.532715	300
1886.951782	306
1891.370850	332
1895.790039	340
1900.209106	321
1904.628174	311
1909.047241	307
1913.466309	310
1917.885498	324
1922.304565	326
1926.723633	303
1931.142700	324
1935.561768	336
1939.980957	346
1944.400024	331
1948.819092	339
1953.238159	342
1957.657227	325
1962.076416	333
1966.495483	342
1970.914551	337
1975.333618	327
1979.752686	334
1984.171875	338
1988.590942	317
1993.010010	309
1997.429077	314
2001.848145	341
2006.267212	331
2010.686401	308
2015.105469	317
2019.524536	311
2023.943604	320
2028.362671	314
2032.781860	323
2037.200928	314
2041.619995	320
2046.039063	315
2050.458252	328
2054.877197	336
2059.296387	312
2063.715576	320
2068.134521	330
2072.553711	333
2076.972656	340
2081.391846	335
2085.810791	330
2090.229980	346
2094.649170	347
2099.068115	339
2103.487305	334
2107.906250	317
2112.325439	331
2116.744629	336
2121.163574	330
2125.582764	309
2130.001709	324
2134.420898	314
2138.840088	321
2143.259033	326
2147.678223	311
2152.097168	315
2156.516357	336
2160.935547	332
2165.354492	339
2169.773682	332
2174.192627	319
2178.611816	324
2183.031006	335
2187.449951	332
2191.869141	321
2196.288086	343
2200.707275	348
2205.126465	332
2209.545410	322
2213.964600	338
2218.383545	325
2222.802734	336
2227.221924	327
2231.640869	335
2236.060059	338
2240.479004	329
2244.898193	355
2249.317383	347
2253.736328	322
2258.155518	325
2262.574463	323
2266.993652	347
2271.412842	344
2275.831787	340
2280.250977	361
2284.669922	362
2289.089111	339
2293.508301	334
2297.927246	366
2302.346436	349
2306.765381	334
2311.184570	346
2315.603516	355
2320.022705	336
2324.441895	325
2328.860840	341
2333.280029	320
2337.698975	328
2342.118164	329
2346.537354	327
2350.956299	325
2355.375488	317
2359.794434	338
2364.213623	333
2368.632813	337
2373.051758	343
2377.470947	346
2381.889893	333
2386.309082	348
2390.728271	353
2395.147217	334
2399.566406	331
2403.985352	346
2408.404541	339
2412.823730	349
2417.242676	352
2421.661865	335
2426.080811	331
2430.500000	363
2434.919189	361
2439.338135	344
2443.757324	324
2448.176270	320
2452.595459	332
2457.014648	361
2461.433594	369
2465.852783	345
2470.271729	335
2474.690918	349
2479.110107	336
2483.529053	354
2487.948242	335
2492.367188	355
2496.786377	353
2501.205566	338
2505.624512	327
2510.043701	351
2514.462646	347
2518.881836	334
2523.301025	353
2527.719971	344
2532.139160	332
2536.558105	341
2540.977295	318
2545.396484	344
2549.815430	351
2554.234619	337
2558.653564	339
2563.072754	341
2567.491699	366
2571.910889	348
2576.330078	335
2580.749023	325
2585.168213	331
2589.587158	338
2594.006348	340
2598.425537	331
2602.844482	338
2607.263672	339
2611.682617	338
2616.101807	342
2620.520996	344
2624.939941	343
2629.359131	340
2633.778076	336
2638.197266	337
2642.616455	351
2647.035400	345
2651.454590	365
2655.873535	373
2660.292725	350
2664.711914	364
2669.130859	345
2673.550049	346
2677.968994	359
2682.388184	343
2686.807373	334
2691.226318	333
2695.645508	329
2700.064453	333
2704.483643	331
2708.902832	347
2713.321777	338
2717.740967	339
2722.159912	348
2726.579102	359
2730.998291	364
2735.417236	370
2739.836426	346
2744.255371	339
2748.674561	344
2753.093750	339
2757.512695	334
2761.931885	326
2766.350830	330
2770.770020	330
2775.189209	334
2779.608154	342
2784.027344	348
2788.446289	359
2792.865479	355
2797.284424	331
2801.703613	333
2806.122803	311
2810.541748	321
2814.960938	341
2819.379883	354
2823.799072	330
2828.218262	343
2832.637207	343
2837.056396	334
2841.475342	350
2845.894531	360
2850.313721	363
2854.732666	345
2859.151855	347
2863.570801	338
2867.989990	366
2872.409180	370
2876.828125	332
2881.247314	320
2885.666260	347
2890.085449	385
2894.504639	374
2898.923584	347
2903.342773	345
2907.761719	354
2912.180908	357
2916.600098	350
2921.019043	354
2925.438232	340
2929.857178	325
2934.276367	327
2938.695557	333
2943.114502	341
2947.533691	345
2951.952637	344
2956.371826	336
2960.791016	346
2965.209961	351
2969.629150	341
2974.048096	336
2978.467285	347
2982.886475	358
2987.305420	364
2991.724609	358
2996.143555	368
3000.562744	361
3004.981934	351
3009.400879	360
3013.820068	358
3018.239014	344
3022.658203	340
3027.077393	344
3031.496338	354
3035.915527	354
3040.334473	358
3044.753662	357
3049.172607	361
3053.591797	370
3058.010986	388
3062.429932	385
3066.849121	374
3071.268066	378
3075.687256	359
3080.106445	356
3084.525391	355
3088.944580	351
3093.363525	336
3097.782715	355
3102.201904	352
3106.620850	365
3111.040039	360
3115.458984	344
3119.878174	338
3124.297363	340
3128.716309	341
3133.135498	347
3137.554443	351
3141.973633	356
3146.392822	353
3150.811768	341
3155.230957	332
3159.649902	357
3164.069092	341
3168.488281	351
3172.907227	358
3177.326416	352
3181.745361	336
3186.164551	338
3190.583740	357
3195.002686	368
3199.421875	368
3203.840820	355
3208.260010	339
3212.679199	345
3217.098145	342
3221.517334	352
3225.936279	337
3230.355469	350
3234.774658	354
3239.193604	344
3243.612793	356
3248.031738	366
3252.450928	363
3256.870117	370
3261.289063	353
3265.708252	340
3270.127197	350
3274.546387	362
3278.965576	335
3283.384521	350
3287.803711	376
3292.222656	387
3296.641846	374
3301.060791	360
3305.479980	354
3309.899170	346
3314.318115	363
3318.737305	383
3323.156250	365
3327.575439	357
3331.994629	357
3336.413574	354
3340.832764	351
3345.251709	366
3349.670898	363
3354.090088	360
3358.509033	369
3362.928223	377
3367.347168	365
3371.766357	359
3376.185547	347
3380.604492	363
3385.023682	356
3389.442627	350
3393.861816	347
3398.281006	348
3402.699951	369
3407.119141	350
3411.538086	335
3415.957275	354
3420.376465	368
3424.795410	367
3429.214600	352
3433.633545	343
3438.052734	348
3442.471924	355
3446.890869	364
3451.310059	378
3455.729004	382
3460.148193	368
3464.567383	365
3468.986328	375
3473.405518	385
3477.824463	387
3482.243652	398
3486.662842	385
3491.081787	383
3495.500977	366
3499.919922	357
3504.339111	353
3508.758301	345
3513.177246	358
3517.596436	375
3522.015381	393
3526.434570	374
3530.853516	381
3535.272705	386
3539.691895	400
3544.110840	405
3548.530029	406
3552.948975	421
3557.368164	390
3561.787354	394
3566.206299	407
3570.625488	402
3575.044434	404
3579.463623	415
3583.882813	424
3588.301758	413
3592.720947	430
3597.139893	434
3601.559082	430
3605.978271	450
3610.397217	457
3614.816406	455
3619.235352	453
3623.654541	448
3628.073730	436
3632.492676	454
3636.911865	468
3641.330811	487
3645.750000	478
3650.169189	482
3654.588135	514
3659.007324	511
3663.426270	516
3667.845459	547
3672.264648	569
3676.683594	586
3681.102783	616
3685.521729	622
3689.940918	654
3694.360107	637
3698.779053	647
3703.198242	686
3707.617188	750
3712.036377	780
3716.455566	805
3720.874512	837
3725.293701	881
3729.712646	907
3734.131836	902
3738.551025	932
3742.969971	981
3747.389160	1060
3751.808105	1092
3756.227295	1139
3760.646484	1179
3765.065430	1222
3769.484619	1236
3773.903564	1291
3778.322754	1377
3782.741699	1436
3787.160889	1491
3791.580078	1584
3795.999023	1651
3800.418213	1756
3804.837158	1847
3809.256348	1938
3813.675537	1997
3818.094482	2068
3822.513672	2172
3826.932617	2281
3831.351807	2382
3835.770996	2474
3840.189941	2554
3844.609131	2629
3849.028076	2731
3853.447266	2821
3857.866455	2922
3862.285400	2962
3866.704590	3027
3871.123535	3057
3875.542725	3108
3879.961914	3259
3884.380859	3353
3888.800049	3408
3893.218994	3526
3897.638184	3560
3902.057373	3532
3906.476318	3576
3910.895508	3651
3915.314453	3713
3919.733643	3740
3924.152832	3734
3928.571777	3829
3932.990967	3848
3937.409912	3806
3941.829102	3897
3946.248291	3965
3950.667236	3957
3955.086426	3963
3959.505371	3957
3963.924561	3973
3968.343750	4026
3972.762695	4077
3977.181885	4124
3981.600830	4146
3986.020020	4125
3990.439209	4128
3994.858154	4155
3999.277344	4154
4003.696289	4133
4008.115479	4109
4012.534424	4075
4016.953613	4073
4021.372803	4073
4025.791748	4036
4030.210938	4091
4034.629883	4093
4039.049072	4055
4043.468262	4057
4047.887207	4090
4052.306396	4051
4056.725342	4017
4061.144531	3988
4065.563721	3964
4069.982666	3986
4074.401855	4029
4078.820801	3918
4083.239990	3862
4087.659180	3918
4092.078125	3892
4096.497070	3816
4100.916504	3751
4105.335449	3760
4109.754395	3819
4114.173828	3836
4118.592773	3851
4123.011719	3804
4127.431152	3804
4131.850098	3833
4136.269043	3778
4140.687988	3735
4145.107422	3733
4149.526367	3742
4153.945313	3711
4158.364746	3722
4162.783691	3706
4167.202637	3657
4171.621582	3636
4176.041016	3606
4180.459961	3635
4184.878906	3598
4189.298340	3530
4193.717285	3557
4198.136230	3508
4202.555664	3471
4206.974609	3456
4211.393555	3439
4215.812500	3424
4220.231934	3373
4224.650879	3367
4229.069824	3347
4233.489258	3324
4237.908203	3301
4242.327148	3271
4246.746582	3233
4251.165527	3224
4255.584473	3200
4260.003418	3189
4264.422852	3181
4268.841797	3195
4273.260742	3192
4277.680176	3146
4282.099121	3129
4286.518066	3105
4290.937500	3121
4295.356445	3084
4299.775391	3049
4304.194336	3051
4308.613770	3038
4313.032715	3032
4317.451660	3074
4321.871094	3005
4326.290039	2967
4330.708984	2984
4335.128418	3027
4339.547363	3055
4343.966309	3062
4348.385254	3063
4352.804688	3095
4357.223633	3142
4361.642578	3139
4366.062012	3134
4370.480957	3121
4374.899902	3138
4379.318848	3125
4383.738281	3098
4388.157227	3147
4392.576172	3119
4396.995605	3119
4401.414551	3166
4405.833496	3216
4410.252930	3191
4414.671875	3204
4419.090820	3249
4423.509766	3217
4427.929199	3208
4432.348145	3205
4436.767090	3191
4441.186523	3185
4445.605469	3194
4450.024414	3192
4454.443848	3190
4458.862793	3140
4463.281738	3136
4467.700684	3178
4472.120117	3131
4476.539063	3102
4480.958008	3070
4485.377441	3071
4489.796387	3064
4494.215332	3064
4498.634766	3049
4503.053711	3035
4507.472656	3007
4511.891602	3028
4516.311035	3043
4520.729980	3014
4525.148926	3004
4529.568359	2976
4533.987305	2969
4538.406250	2994
4542.825684	3005
4547.244629	2971
4551.663574	2915
4556.082520	2949
4560.501953	2980
4564.920898	2970
4569.339844	2979
4573.759277	2969
4578.178223	2956
4582.597168	2992
4587.016602	3026
4591.435547	3015
4595.854492	3039
4600.273438	3048
4604.692871	3125
4609.111816	3108
4613.530762	3049
4617.950195	3096
4622.369141	3151
4626.788086	3181
4631.207031	3225
4635.626465	3307
4640.045410	3340
4644.464355	3428
4648.883789	3497
4653.302734	3538
4657.721680	3560
4662.141113	3560
4666.560059	3549
4670.979004	3542
4675.397949	3603
4679.817383	3617
4684.236328	3601
4688.655273	3596
4693.074707	3611
4697.493652	3613
4701.912598	3635
4706.332031	3693
4710.750977	3701
4715.169922	3679
4719.588867	3707
4724.008301	3765
4728.427246	3765
4732.846191	3751
4737.265625	3818
4741.684570	3834
4746.103516	3785
4750.522949	3799
4754.941895	3828
4759.360840	3850
4763.779785	3856
4768.199219	3915
4772.618164	3909
4777.037109	3879
4781.456543	3876
4785.875488	3909
4790.294434	3943
4794.713867	3944
4799.132813	3958
4803.551758	3979
4807.970703	3983
4812.390137	3960
4816.809082	3940
4821.228027	3984
4825.647461	3954
4830.066406	3971
4834.485352	4007
4838.904785	3995
4843.323730	3957
4847.742676	3988
4852.161621	3992
4856.581055	3933
4861.000000	3894
4865.418945	3922
4869.838379	3966
4874.257324	3975
4878.676270	3957
4883.095215	3923
4887.514648	3931
4891.933594	3966
4896.352539	3940
4900.771973	3951
4905.190918	3968
4909.609863	3954
4914.029297	3974
4918.448242	3999
4922.867188	3983
4927.286133	3960
4931.705566	3955
4936.124512	3925
4940.543457	3952
4944.962891	3949
4949.381836	3936
4953.800781	3897
4958.220215	3902
4962.639160	3960
4967.058105	3944
4971.477051	3887
4975.896484	3878
4980.315430	3871
4984.734375	3848
4989.153809	3836
4993.572754	3839
4997.991699	3807
5002.411133	3771
5006.830078	3813
5011.249023	3795
5015.667969	3785
5020.087402	3811
5024.506348	3775
5028.925293	3772
5033.344727	3756
5037.763672	3753
5042.182617	3776
5046.602051	3745
5051.020996	3754
5055.439941	3803
5059.858887	3758
5064.278320	3729
5068.697266	3740
5073.116211	3765
5077.535645	3739
5081.954590	3676
5086.373535	3631
5090.792969	3687
5095.211914	3745
5099.630859	3736
5104.049805	3719
5108.469238	3708
5112.888184	3713
5117.307129	3707
5121.726563	3668
5126.145508	3695
5130.564453	3681
5134.983398	3628
5139.402832	3641
5143.821777	3646
5148.240723	3577
5152.660156	3576
5157.079102	3571
5161.498047	3602
5165.917480	3615
5170.336426	3602
5174.755371	3618
5179.174316	3592
5183.593750	3572
5188.012695	3609
5192.431641	3601
5196.851074	3583
5201.270020	3539
5205.688965	3546
5210.108398	3543
5214.527344	3505
5218.946289	3523
5223.365234	3552
5227.784668	3561
5232.203613	3527
5236.622559	3505
5241.041992	3527
5245.460938	3530
5249.879883	3504
5254.299316	3480
5258.718262	3484
5263.137207	3475
5267.556152	3465
5271.975586	3482
5276.394531	3490
5280.813477	3467
5285.232910	3408
5289.651855	3380
5294.070801	3401
5298.490234	3445
5302.909180	3431
5307.328125	3377
5311.747070	3366
5316.166504	3414
5320.585449	3443
5325.004395	3447
5329.423828	3420
5333.842773	3380
5338.261719	3394
5342.681152	3380
5347.100098	3395
5351.519043	3412
5355.937988	3391
5360.357422	3365
5364.776367	3341
5369.195313	3331
5373.614746	3327
5378.033691	3327
5382.452637	3356
5386.871582	3343
5391.291016	3337
5395.709961	3332
5400.128906	3312
5404.548340	3342
5408.967285	3327
5413.386230	3288
5417.805664	3303
5422.224609	3307
5426.643555	3266
5431.062500	3254
5435.481934	3243
5439.900879	3210
5444.319824	3197
5448.739258	3230
5453.158203	3218
5457.577148	3180
5461.996582	3199
5466.415527	3150
5470.834473	3165
5475.253418	3179
5479.672852	3167
5484.091797	3152
5488.510742	3137
5492.930176	3143
5497.349121	3133
5501.768066	3110
5506.187500	3130
5510.606445	3140
5515.025391	3130
5519.444336	3106
5523.863770	3135
5528.282715	3157
5532.701660	3146
5537.121094	3152
5541.540039	3124
5545.958984	3102
5550.378418	3130
5554.797363	3133
5559.216309	3126
5563.635254	3132
5568.054688	3087
5572.473633	3077
5576.892578	3078
5581.312012	3086
5585.730957	3079
5590.149902	3039
5594.568848	3033
5598.988281	3072
5603.407227	3048
5607.826172	3046
5612.245605	3018
5616.664551	3037
5621.083496	3042
5625.502930	2999
5629.921875	2960
5634.340820	3017
5638.759766	3034
5643.179199	3055
5647.598145	3043
5652.017090	2985
5656.436523	2959
5660.855469	2927
5665.274414	2930
5669.693848	2952
5674.112793	2969
5678.531738	2988
5682.950684	2993
5687.370117	2967
5691.789063	2930
5696.208008	2974
5700.627441	2984
5705.046387	2940
5709.465332	2954
5713.884766	2973
5718.303711	2973
5722.722656	2958
5727.141602	2950
5731.561035	2981
5735.979980	2989
5740.398926	2974
5744.818359	2975
5749.237305	2954
5753.656250	2937
5758.075684	2968
5762.494629	2987
5766.913574	2968
5771.332520	2953
5775.751953	3005
5780.170898	3000
5784.589844	2983
5789.009277	3029
5793.428223	3039
5797.847168	3023
5802.266602	3048
5806.685547	3053
5811.104492	3017
5815.523438	3062
5819.942871	3096
5824.361816	3084
5828.780762	3087
5833.200195	3078
5837.619141	3081
5842.038086	3080
5846.457031	3071
5850.876465	3057
5855.295410	3040
5859.714355	3005
5864.133789	3029
5868.552734	3033
5872.971680	3002
5877.391113	2975
5881.810059	2966
5886.229004	2965
5890.647949	2966
5895.067383	2973
5899.486328	2937
5903.905273	2939
5908.324707	2959
5912.743652	2998
5917.162598	2961
5921.582031	2899
5926.000977	2885
5930.419922	2875
5934.838867	2826
5939.258301	2845
5943.677246	2889
5948.096191	2899
5952.515625	2892
5956.934570	2863
5961.353516	2840
5965.772949	2883
5970.191895	2848
5974.610840	2830
5979.029785	2840
5983.449219	2843
5987.868164	2816
5992.287109	2784
5996.706543	2796
6001.125488	2795
6005.544434	2756
6009.963867	2735
6014.382813	2760
6018.801758	2756
6023.220703	2735
6027.640137	2733
6032.059082	2726
6036.478027	2713
6040.897461	2727
6045.316406	2691
6049.735352	2673
6054.154785	2653
6058.573730	2621
6062.992676	2581
6067.411621	2611
6071.831055	2595
6076.250000	2597
6080.668945	2600
6085.088379	2621
6089.507324	2610
6093.926270	2591
6098.345215	2541
6102.764648	2486
6107.183594	2489
6111.602539	2528
6116.021973	2515
6120.440918	2491
6124.859863	2476
6129.279297	2440
6133.698242	2391
6138.117188	2413
6142.536133	2429
6146.955566	2472
6151.374512	2462
6155.793457	2421
6160.212891	2396
6164.631836	2401
6169.050781	2398
6173.470215	2358
6177.889160	2362
6182.308105	2363
6186.727051	2360
6191.146484	2348
6195.565430	2328
6199.984375	2375
6204.403809	2376
6208.822754	2379
6213.241699	2325
6217.661133	2306
6222.080078	2311
6226.499023	2277
6230.917969	2237
6235.337402	2274
6239.756348	2282
6244.175293	2265
6248.594727	2286
6253.013672	2271
6257.432617	2237
6261.852051	2237
6266.270996	2240
6270.689941	2224
6275.108887	2210
6279.528320	2211
6283.947266	2189
6288.366211	2218
6292.785645	2255
6297.204590	2236
6301.623535	2228
6306.042969	2195
6310.461914	2171
6314.880859	2205
6319.299805	2217
6323.719238	2200
6328.138184	2162
6332.557129	2131
6336.976563	2189
6341.395508	2153
6345.814453	2136
6350.233398	2123
6354.652832	2139
6359.071777	2143
6363.490723	2140
6367.910156	2120
6372.329102	2105
6376.748047	2143
6381.167480	2148
6385.586426	2138
6390.005371	2156
6394.424316	2127
6398.843750	2112
6403.262695	2061
6407.681641	2062
6412.101074	2089
6416.520020	2122
6420.938965	2134
6425.358398	2061
6429.777344	2022
6434.196289	2074
6438.615234	2136
6443.034668	2082
6447.453613	2043
6451.872559	2044
6456.291992	2083
6460.710938	2081
6465.129883	2037
6469.549316	2005
6473.968262	2047
6478.387207	2045
6482.806152	2038
6487.225586	2059
6491.644531	2027
6496.063477	2018
6500.482910	2055
6504.901855	2019
6509.320801	2059
6513.740234	2067
6518.159180	2025
6522.578125	2013
6526.997070	2023
6531.416504	2037
6535.835449	2029
6540.254395	2004
6544.673828	2016
6549.092773	1977
6553.511719	1967
6557.931152	2013
6562.350098	2025
6566.769043	2043
6571.187988	2065
6575.607422	2015
6580.026367	2036
6584.445313	2063
6588.864746	2055
6593.283691	2084
6597.702637	2045
6602.121582	2055
6606.541016	2104
6610.959961	2111
6615.378906	2125
6619.798340	2087
6624.217285	2074
6628.636230	2119
6633.055664	2108
6637.474609	2075
6641.893555	2064
6646.312500	2042
6650.731934	2035
6655.150879	2067
6659.569824	2068
6663.989258	2137
6668.408203	2111
6672.827148	2075
6677.246582	2062
6681.665527	2026
6686.084473	2052
6690.503418	2076
6694.922852	2078
6699.341797	2096
6703.760742	2101
6708.180176	2100
6712.599121	2094
6717.018066	2084
6721.437500	2083
6725.856445	2098
6730.275391	2077
6734.694336	2081
6739.113770	2069
6743.532715	2076
6747.951660	2079
6752.371094	2130
6756.790039	2094
6761.208984	2125
6765.628418	2162
6770.047363	2151
6774.466309	2104
6778.885254	2079
6783.304688	2061
6787.723633	2064
6792.142578	2089
6796.562012	2089
6800.980957	2092
6805.399902	2116
6809.818848	2127
6814.238281	2131
6818.657227	2113
6823.076172	2095
6827.495605	2059
6831.914551	2075
6836.333496	2051
6840.752930	1999
6845.171875	1967
6849.590820	1958
6854.009766	1925
6858.429199	1954
6862.848145	1976
6867.267090	1935
6871.686523	1911
6876.105469	1913
6880.524414	1976
6884.943848	2056
6889.362793	2064
6893.781738	2029
6898.200684	2029
6902.620117	2026
6907.039063	2063
6911.458008	2086
6915.877441	2037
6920.296387	2027
6924.715332	2079
6929.134766	2092
6933.553711	2105
6937.972656	2140
6942.391602	2147
6946.811035	2124
6951.229980	2077
6955.648926	2108
6960.068359	2119
6964.487305	2133
6968.906250	2128
6973.325684	2098
6977.744629	2074
6982.163574	2138
6986.582520	2171
6991.001953	2182
6995.420898	2154
6999.839844	2124
7004.259277	2130
7008.678223	2120
7013.097168	2079
7017.516602	2131
7021.935547	2148
7026.354492	2150
7030.773438	2121
7035.192871	2088
7039.611816	2095
7044.030762	2132
7048.450195	2160
7052.869141	2139
7057.288086	2074
7061.707031	2094
7066.126465	2129
7070.545410	2125
7074.964355	2106
7079.383789	2082
7083.802734	2078
7088.221680	2122
7092.641113	2107
7097.060059	2090
7101.479004	2095
7105.897949	2086
7110.317383	2038
7114.736328	2023
7119.155273	2022
7123.574707	2024
7127.993652	1987
7132.412598	1952
7136.832031	1910
7141.250977	1897
7145.669922	1892
7150.088867	1845
7154.508301	1832
7158.927246	1836
7163.346191	1785
7167.765625	1780
7172.184570	1753
7176.603516	1714
7181.022949	1718
7185.441895	1777
7189.860840	1838
7194.279785	1781
7198.699219	1751
7203.118164	1712
7207.537109	1715
7211.956543	1713
7216.375488	1691
7220.794434	1713
7225.213867	1685
7229.632813	1628
7234.051758	1625
7238.470703	1629
7242.890137	1595
7247.309082	1618
7251.728027	1632
7256.147461	1666
7260.566406	1670
7264.985352	1631
7269.404785	1607
7273.823730	1642
7278.242676	1635
7282.661621	1585
7287.081055	1602
7291.500000	1615
7295.918945	1644
7300.338379	1669
7304.757324	1662
7309.176270	1665
7313.595215	1683
7318.014648	1665
7322.433594	1616
7326.852539	1630
7331.271973	1676
7335.690918	1654
7340.109863	1643
7344.529297	1648
7348.948242	1627
7353.367188	1614
7357.786133	1637
7362.205566	1624
7366.624512	1605
7371.043457	1601
7375.462891	1650
7379.881836	1674
7384.300781	1627
7388.720215	1604
7393.139160	1587
7397.558105	1539
7401.977051	1560
7406.396484	1570
7410.815430	1550
7415.234375	1566
7419.653809	1577
7424.072754	1573
7428.491699	1571
7432.911133	1555
7437.330078	1534
7441.749023	1514
7446.167969	1510
7450.587402	1539
7455.006348	1550
7459.425293	1528
7463.844727	1483
7468.263672	1469
7472.682617	1489
7477.102051	1503
7481.520996	1469
7485.939941	1435
7490.358887	1408
7494.778320	1377
7499.197266	1368
7503.616211	1325
7508.035645	1343
7512.454590	1398
7516.873535	1370
7521.292969	1324
7525.711914	1311
7530.130859	1299
7534.549805	1279
7538.969238	1249
7543.388184	1224
7547.807129	1223
7552.226563	1159
7556.645508	1098
7561.064453	1053
7565.483398	1026
7569.902832	960
7574.321777	884
7578.740723	845
7583.160156	843
7587.579102	821
7591.998047	801
7596.417480	789
7600.836426	820
7605.255371	829
7609.674316	807
7614.093750	802
7618.512695	846
7622.931641	854
7627.351074	848
7631.770020	881
7636.188965	893
7640.608398	907
7645.027344	927
7649.446289	966
7653.865234	969
7658.284668	972
7662.703613	939
7667.122559	958
7671.541992	963
7675.960938	963
7680.379883	976
7684.799316	972
7689.218262	990
7693.637207	1002
7698.056152	1012
7702.475586	990
7706.894531	981
7711.313477	990
7715.732910	967
7720.151855	936
7724.570801	922
7728.990234	899
7733.409180	895
7737.828125	908
7742.247070	911
7746.666504	907
7751.085449	881
7755.504395	885
7759.923828	878
7764.342773	872
7768.761719	857
7773.181152	823
7777.600098	783
7782.019043	788
7786.437988	778
7790.857422	761
7795.276367	761
7799.695313	773
7804.114746	757
7808.533691	762
7812.952637	742
7817.371582	736
7821.791016	730
7826.209961	732
7830.628906	708
7835.048340	703
7839.467285	698
7843.886230	696
7848.305664	693
7852.724609	705
7857.143555	710
7861.562500	692
7865.981934	684
7870.400879	666
7874.819824	666
7879.239258	665
7883.658203	680
7888.077148	669
7892.496582	666
7896.915527	646
7901.334473	657
7905.753418	679
7910.172852	647
7914.591797	630
7919.010742	664
7923.430176	677
7927.849121	700
7932.268066	688
7936.687500	696
7941.106445	678
7945.525391	674
7949.944336	693
7954.363770	693
7958.782715	695
7963.201660	686
7967.621094	682
7972.040039	679
7976.458984	706
7980.878418	676
7985.297363	698
7989.716309	708
7994.135254	660
7998.554688	671
8002.973633	724
8007.392578	714
8011.812012	695
8016.230957	702
8020.649902	722
8025.068848	711
8029.488281	681
8033.907227	695
8038.326172	709
8042.745605	696
8047.164551	712
8051.583496	681
8056.002930	663
8060.421875	670
8064.840820	640
8069.259766	640
8073.679199	653
8078.098145	651
8082.517090	635
8086.936523	636
8091.355469	616
8095.774414	596
8100.193848	600
8104.612793	581
8109.031738	594
8113.450684	588
8117.870117	560
8122.289063	565
8126.708008	544
8131.127441	547
8135.546387	563
8139.965332	556
8144.384766	551
8148.803711	542
8153.222656	512
8157.641602	496
8162.061035	508
8166.479980	519
8170.898926	514
8175.318359	515
8179.737305	499
8184.156250	512
8188.575684	492
8192.994141	497
8197.414063	480
8201.833008	469
8206.251953	456
8210.670898	448
8215.089844	471
8219.508789	472
8223.927734	485
8228.347656	499
8232.766602	497
8237.185547	459
8241.604492	447
8246.023438	453
8250.442383	452
8254.862305	456
8259.281250	448
8263.700195	487
8268.119141	483
8272.538086	467
8276.957031	477
8281.375977	488
8285.795898	494
8290.214844	491
8294.633789	495
8299.052734	513
8303.471680	533
8307.890625	530
8312.309570	523
8316.729492	518
8321.148438	531
8325.567383	521
8329.986328	516
8334.405273	509
8338.824219	531
8343.243164	531
8347.663086	557
8352.082031	561
8356.500977	538
8360.919922	551
8365.338867	571
8369.757813	540
8374.177734	550
8378.596680	549
8383.015625	573
8387.434570	600
8391.853516	575
8396.272461	566
8400.691406	556
8405.111328	574
8409.530273	578
8413.949219	605
8418.368164	609
8422.787109	592
8427.206055	581
8431.625000	581
8436.044922	594
8440.463867	600
8444.882813	598
8449.301758	577
8453.720703	583
8458.139648	587
8462.559570	549
8466.978516	573
8471.397461	579
8475.816406	588
8480.235352	588
8484.654297	580
8489.073242	591
8493.493164	607
8497.912109	614
8502.331055	621
8506.750000	610
8511.168945	608
8515.587891	610
8520.006836	607
8524.426758	628
8528.845703	580
8533.264648	576
8537.683594	566
8542.102539	562
8546.521484	553
8550.940430	585
8555.360352	586
8559.779297	549
8564.198242	548
8568.617188	557
8573.036133	574
8577.455078	580
8581.875000	559
8586.293945	553
8590.712891	555
8595.131836	543
8599.550781	534
8603.969727	530
8608.388672	537
8612.808594	535
8617.227539	522
8621.646484	530
8626.065430	523
8630.484375	520
8634.903320	503
8639.322266	479
8643.742188	470
8648.161133	493
8652.580078	490
8656.999023	482
8661.417969	470
8665.836914	485
8670.256836	488
8674.675781	481
8679.094727	467
8683.513672	465
8687.932617	449
8692.351563	456
8696.770508	443
8701.190430	444
8705.609375	434
8710.028320	436
8714.447266	458
8718.866211	456
8723.285156	476
8727.704102	462
8732.124023	441
8736.542969	434
8740.961914	426
8745.380859	432
8749.799805	429
8754.218750	420
8758.637695	415
8763.057617	415
8767.476563	409
8771.895508	402
8776.314453	393
8780.733398	390
8785.152344	404
8789.572266	416
8793.991211	404
8798.410156	393
8802.829102	376
8807.248047	376
8811.666992	404
8816.085938	424
8820.505859	422
8824.924805	407
8829.343750	399
8833.762695	410
8838.181641	404
8842.600586	385
8847.019531	371
8851.439453	378
8855.858398	377
8860.277344	377
8864.696289	367
8869.115234	369
8873.534180	382
8877.954102	395
8882.373047	374
8886.791992	386
8891.210938	392
8895.629883	381
8900.048828	385
8904.467773	397
8908.887695	398
8913.306641	379
8917.725586	359
8922.144531	362
8926.563477	367
8930.982422	384
8935.401367	386
8939.821289	387
8944.240234	388
8948.659180	376
8953.078125	373
8957.497070	369
8961.916016	377
8966.335938	397
8970.754883	382
8975.173828	384
8979.592773	389
8984.011719	393
8988.430664	404
8992.849609	406
8997.269531	402
9001.688477	403
9006.107422	381
9010.526367	371
9014.945313	408
9019.364258	409
9023.783203	392
9028.203125	384
9032.622070	406
9037.041016	404
9041.459961	386
9045.878906	372
9050.297852	402
9054.716797	403
9059.136719	416
9063.555664	403
9067.974609	396
9072.393555	400
9076.812500	399
9081.231445	408
9085.651367	408
9090.070313	400
9094.489258	391
9098.908203	407
9103.327148	414
9107.746094	395
9112.165039	396
9116.584961	394
9121.003906	417
9125.422852	391
9129.841797	378
9134.260742	387
9138.679688	377
9143.098633	387
9147.518555	393
9151.937500	380
9156.356445	374
9160.775391	370
9165.194336	377
9169.613281	381
9174.033203	383
9178.452148	386
9182.871094	391
9187.290039	372
9191.708984	383
9196.127930	396
9200.546875	378
9204.966797	382
9209.385742	367
9213.804688	380
9218.223633	387
9222.642578	377
9227.061523	401
9231.480469	396
9235.900391	387
9240.319336	400
9244.738281	395
9249.157227	397
9253.576172	389
9257.995117	386
9262.414063	385
9266.833984	382
9271.252930	389
9275.671875	399
9280.090820	388
9284.509766	393
9288.928711	404
9293.348633	391
9297.767578	373
9302.186523	372
9306.605469	390
9311.024414	379
9315.443359	367
9319.862305	381
9324.282227	393
9328.701172	397
9333.120117	382
9337.539063	369
9341.958008	370
9346.376953	388
9350.795898	381
9355.215820	391
9359.634766	391
9364.053711	395
9368.472656	416
9372.891602	414
9377.310547	402
9381.730469	404
9386.149414	396
9390.568359	388
9394.987305	411
9399.406250	410
9403.825195	402
9408.244141	396
9412.664063	393
9417.083008	383
9421.501953	396
9425.920898	405
9430.339844	392
9434.758789	412
9439.177734	409
9443.597656	410
9448.016602	416
9452.435547	413
9456.854492	394
9461.273438	407
9465.692383	392
9470.112305	405
9474.531250	403
9478.950195	411
9483.369141	414
9487.788086	423
9492.207031	419
9496.625977	438
9501.045898	439
9505.464844	440
9509.883789	426
9514.302734	427
9518.721680	418
9523.140625	413
9527.559570	408
9531.979492	429
9536.398438	433
9540.817383	422
9545.236328	410
9549.655273	403
9554.074219	414
9558.493164	419
9562.913086	444
9567.332031	421
9571.750977	423
9576.169922	434
9580.588867	431
9585.007813	441
9589.427734	449
9593.846680	428
9598.265625	419
9602.684570	427
9607.103516	442
9611.522461	440
9615.941406	436
9620.361328	445
9624.780273	436
9629.199219	440
9633.618164	437
9638.037109	418
9642.456055	419
9646.875000	419
9651.294922	428
9655.713867	424
9660.132813	420
9664.551758	437
9668.970703	454
9673.389648	448
9677.809570	444
9682.228516	425
9686.647461	417
9691.066406	458
9695.485352	455
9699.904297	437
9704.323242	436
9708.743164	450
9713.162109	466
9717.581055	436
9722.000000	458
9726.418945	462
9730.837891	463
9735.256836	441
9739.676758	419
9744.095703	420
9748.514648	449
9752.933594	452
9757.352539	473
9761.771484	442
9766.190430	449
9770.610352	466
9775.029297	456
9779.448242	426
9783.867188	429
9788.286133	436
9792.705078	438
9797.125000	461
9801.543945	453
9805.962891	451
9810.381836	465
9814.800781	455
9819.219727	461
9823.638672	439
9828.058594	444
9832.477539	442
9836.896484	431
9841.315430	445
9845.734375	449
9850.153320	442
9854.572266	437
9858.992188	441
9863.411133	454
9867.830078	452
9872.249023	439
9876.667969	441
9881.086914	441
9885.506836	430
9889.925781	464
9894.344727	458
9898.763672	455
9903.182617	466
9907.601563	467
9912.020508	451
9916.440430	445
9920.859375	442
9925.278320	437
9929.697266	431
9934.116211	433
9938.535156	450
9942.954102	437
9947.374023	422
9951.792969	438
9956.211914	441
9960.630859	430
9965.049805	443
9969.468750	428
9973.887695	416
9978.307617	452
9982.726563	456
9987.145508	450
9991.564453	434
9995.983398	455
10000.402344	468
10004.822266	473
10009.241211	436
10013.660156	429
10018.079102	435
10022.498047	433
10026.916992	443
10031.335938	430
10035.755859	448
10040.174805	463
10044.593750	441
10049.012695	436
10053.431641	451
10057.850586	453
10062.269531	450
10066.689453	467
10071.108398	456
10075.527344	461
10079.946289	459
10084.365234	456
10088.784180	448
10093.204102	444
10097.623047	440
10102.041992	428
10106.460938	429
10110.879883	435
10115.298828	443
10119.717773	441
10124.137695	431
10128.556641	437
10132.975586	445
10137.394531	439
10141.813477	425
10146.232422	430
10150.651367	441
10155.071289	439
10159.490234	442
10163.909180	448
10168.328125	432
10172.747070	420
10177.166016	441
10181.585938	436
10186.004883	444
10190.423828	431
10194.842773	430
10199.261719	398
10203.680664	403
10208.099609	423
10212.519531	443
10216.938477	464
10221.357422	465
10225.776367	442
10230.195313	429
10234.614258	437
10239.033203	432
10243.453125	413
10247.872070	425
10252.291016	456
10256.709961	456
10261.128906	417
10265.547852	426
10269.966797	439
10274.386719	443
10278.805664	423
10283.224609	405
10287.643555	430
10292.062500	440
10296.481445	436
10300.901367	430
10305.320313	430
10309.739258	449
10314.158203	437
10318.577148	425
10322.996094	410
10327.415039	414
10331.834961	426
10336.253906	421
10340.672852	415
10345.091797	415
10349.510742	409
10353.929688	414
10358.348633	420
10362.768555	401
10367.187500	417
10371.606445	417
10376.025391	414
10380.444336	420
10384.863281	442
10389.283203	420
10393.702148	414
10398.121094	409
10402.540039	414
10406.958984	421
10411.377930	415
10415.796875	384
10420.216797	409
10424.635742	420
10429.054688	428
10433.473633	384
10437.892578	397
10442.311523	428
10446.730469	417
10451.150391	423
10455.569336	434
10459.988281	414
10464.407227	421
10468.826172	415
10473.245117	410
10477.664063	403
10482.083984	402
10486.502930	400
10490.921875	383
10495.340820	411
10499.759766	415
10504.178711	406
10508.598633	416
10513.017578	411
10517.436523	410
10521.855469	423
10526.274414	420
10530.693359	403
10535.112305	386
10539.532227	394
10543.951172	422
10548.370117	422
10552.789063	415
10557.208008	417
10561.626953	419
10566.045898	411
10570.465820	413
10574.884766	409
10579.303711	417
10583.722656	408
10588.141602	398
10592.560547	391
10596.980469	384
10601.399414	414
10605.818359	417
10610.237305	401
10614.656250	393
10619.075195	391
10623.494141	387
10627.914063	392
10632.333008	394
10636.751953	394
10641.170898	396
10645.589844	400
10650.008789	396
10654.427734	405
10658.847656	389
10663.266602	367
10667.685547	369
10672.104492	394
10676.523438	371
10680.942383	376
10685.362305	360
10689.781250	349
10694.200195	354
10698.619141	364
10703.038086	367
10707.457031	370
10711.875977	364
10716.295898	367
10720.714844	378
10725.133789	366
10729.552734	360
10733.971680	391
10738.390625	387
10742.809570	374
10747.229492	370
10751.648438	352
10756.067383	365
10760.486328	377
10764.905273	355
10769.324219	361
10773.743164	357
10778.163086	334
10782.582031	344
10787.000977	361
10791.419922	367
10795.838867	373
10800.257813	350
10804.677734	355
10809.096680	352
10813.515625	363
10817.934570	374
10822.353516	371
10826.772461	358
10831.191406	333
10835.611328	329
10840.030273	322
10844.449219	322
10848.868164	315
10853.287109	311
10857.706055	334
10862.125000	333
10866.544922	327
10870.963867	325
10875.382813	310
10879.801758	340
10884.220703	343
10888.639648	349
10893.059570	339
10897.478516	326
10901.897461	332
10906.316406	327
10910.735352	311
10915.154297	316
10919.573242	319
10923.993164	315
10928.412109	306
10932.831055	309
10937.250000	310
10941.668945	316
10946.087891	292
10950.506836	322
10954.926758	318
10959.345703	296
10963.764648	295
10968.183594	302
10972.602539	302
10977.021484	283
10981.440430	296
10985.860352	289
10990.279297	285
10994.698242	265
10999.117188	257
11003.536133	248
11007.955078	238
11012.375000	234
11016.793945	212
11021.212891	200
11025.631836	185
11030.050781	173
11034.469727	165
11038.888672	165
11043.308594	178
11047.727539	172
11052.146484	153
11056.565430	163
11060.984375	159
11065.403320	167
11069.822266	156
11074.242188	162
11078.661133	161
11083.080078	158
11087.499023	146
11091.917969	139
11096.336914	137
11100.756836	138
11105.175781	135
11109.594727	139
11114.013672	133
11118.432617	130
11122.851563	135
11127.270508	129
11131.690430	122
11136.109375	129
11140.528320	141
11144.947266	132
11149.366211	130
11153.785156	134
11158.204102	134
11162.624023	130
11167.042969	132
11171.461914	132
11175.880859	122
11180.299805	134
11184.718750	127
11189.137695	120
11193.557617	126
11197.976563	130
11202.395508	124
11206.814453	124
11211.233398	130
11215.652344	134
11220.072266	119
11224.491211	112
11228.910156	123
11233.329102	124
11237.748047	111
11242.166992	111
11246.585938	110
11251.005859	108
11255.424805	111
11259.843750	103
11264.262695	113
11268.681641	118
11273.100586	112
11277.519531	97
11281.939453	95
11286.358398	103
11290.777344	102
11295.196289	97
11299.615234	85
11304.034180	82
11308.454102	91
11312.873047	101
11317.291992	106
11321.710938	102
11326.129883	91
11330.548828	77
11334.967773	86
11339.387695	87
11343.806641	80
11348.225586	76
11352.644531	78
11357.063477	82
11361.482422	80
11365.901367	86
11370.321289	83
11374.740234	82
11379.159180	73
11383.578125	69
11387.997070	73
11392.416016	81
11396.835938	73
11401.254883	74
11405.673828	75
11410.092773	74
11414.511719	78
11418.930664	71
11423.349609	73
11427.769531	75
11432.188477	79
11436.607422	76
11441.026367	71
11445.445313	68
11449.864258	65
11454.283203	65
11458.703125	71
11463.122070	61
11467.541016	53
11471.959961	58
11476.378906	60
11480.797852	53
11485.216797	60
11489.636719	64
11494.055664	57
11498.474609	52
11502.893555	51
11507.312500	54
11511.731445	53
11516.151367	52
11520.570313	47
11524.989258	52
11529.408203	45
11533.827148	47
11538.246094	50
11542.665039	40
11547.084961	32
11551.503906	33
11555.922852	37
11560.341797	39
11564.760742	39
11569.179688	33
11573.598633	35
11578.018555	34
11582.437500	30
11586.856445	26
11591.275391	30
11595.694336	30
11600.113281	30
11604.533203	24
11608.952148	24
11613.371094	28
11617.790039	25
11622.208984	27
11626.627930	23
11631.046875	19
11635.466797	20
11639.885742	23
11644.304688	22
11648.723633	21
11653.142578	20
11657.561523	21
11661.980469	10
11666.400391	12
11670.819336	16
11675.238281	15
11679.657227	13
11684.076172	13
11688.495117	10
11692.914063	5
11697.333984	8
11701.752930	10
11706.171875	7
11710.590820	6
11715.009766	4
11719.428711	4
11723.848633	3
11728.267578	1
11732.686523	0
11737.105469	0
11741.524414	0
11745.943359	0
11750.362305	0
11754.782227	0
11759.201172	0
11763.620117	0
11768.039063	0
11772.458008	0
11776.876953	0
11781.295898	0
11785.715820	0
11790.134766	0
11794.553711	0
11798.972656	0
11803.391602	0
11807.810547	0
11812.230469	0
11816.649414	0
11821.068359	0
11825.487305	0
11829.906250	0
11834.325195	0
11838.744141	0
11843.164063	0
11847.583008	0
11852.001953	0
11856.420898	0
11860.839844	0
11865.258789	0
11869.677734	0
11874.097656	0
11878.516602	0
11882.935547	0
11887.354492	0
11891.773438	0
11896.192383	0
11900.612305	0
11905.031250	0
11909.450195	0
11913.869141	0
11918.288086	0
11922.707031	0
11927.125977	0
11931.545898	0
11935.964844	0
11940.383789	0
11944.802734	0
11949.221680	0
11953.640625	0
11958.059570	0
11962.479492	0
11966.898438	0
11971.317383	0
11975.736328	0
11980.155273	0
11984.574219	0
11988.993164	0
11993.413086	0
11997.832031	0
12002.250977	0
12006.669922	0
12011.088867	0
12015.507813	0
12019.927734	0
12024.346680	0
12028.765625	0
12033.184570	0
12037.603516	0
12042.022461	0
12046.441406	0
12050.861328	0
12055.280273	0
12059.699219	0
12064.118164	0
12068.537109	0
12072.956055	0
12077.375000	0
12081.794922	0
12086.213867	0
12090.632813	0
12095.051758	0
12099.470703	0
12103.889648	0
12108.309570	0
12112.728516	0
12117.147461	0
12121.566406	0
12125.985352	0
12130.404297	0
12134.823242	0
12139.243164	0
12143.662109	0
12148.081055	0
12152.500000	0
12156.918945	0
12161.337891	0
12165.756836	0
12170.176758	0
12174.595703	0
12179.014648	0
12183.433594	0
12187.852539	0
12192.271484	0
12196.690430	0
12201.110352	0
12205.529297	0
12209.948242	0
12214.367188	0
12218.786133	0
12223.205078	0
12227.625000	0
12232.043945	0
12236.462891	0
12240.881836	0
12245.300781	0
12249.719727	0
12254.138672	0
12258.558594	0
12262.977539	0
12267.396484	0
12271.815430	0
12276.234375	0
12280.653320	0
12285.072266	0
12289.492188	0
12293.911133	0
12298.330078	0
12302.749023	0
12307.167969	0
12311.586914	0
12316.006836	0
12320.425781	0
12324.844727	0
12329.263672	0
12333.682617	0
12338.101563	0
12342.520508	0
12346.940430	0
12351.359375	0
12355.778320	0
12360.197266	0
12364.616211	0
12369.035156	0
12373.454102	0
12377.874023	0
12382.292969	0
12386.711914	0
12391.130859	0
12395.549805	0
12399.968750	0
12404.387695	0
12408.807617	0
12413.226563	0
12417.645508	0
12422.064453	0
12426.483398	0
12430.902344	0
12435.322266	0
12439.741211	0
12444.160156	0
12448.579102	0
12452.998047	0
12457.416992	0
12461.835938	0
12466.255859	0
12470.674805	0
12475.093750	0
12479.512695	0
12483.931641	0
12488.350586	0
12492.769531	0
12497.189453	0
12501.608398	0
12506.027344	0
12510.446289	0
12514.865234	0
12519.284180	0
12523.704102	0
12528.123047	0
12532.541992	0
12536.960938	0
12541.379883	0
12545.798828	0
12550.217773	0
12554.637695	0
12559.056641	0
12563.475586	0
12567.894531	0
12572.313477	0
12576.732422	0
12581.151367	0
12585.571289	0
12589.990234	0
12594.409180	0
12598.828125	0
12603.247070	0
12607.666016	0
12612.085938	0
12616.504883	0
12620.923828	0
12625.342773	0
12629.761719	0
12634.180664	0
12638.599609	0
12643.019531	0
12647.438477	0
12651.857422	0
12656.276367	0
12660.695313	0
12665.114258	0
12669.533203	0
12673.953125	0
12678.372070	0
12682.791016	0
12687.209961	0
12691.628906	0
12696.047852	0
12700.466797	0
12704.886719	0
12709.305664	0
12713.724609	0
12718.143555	0
12722.562500	0
12726.981445	0
12731.401367	0
12735.820313	0
12740.239258	0
12744.658203	0
12749.077148	0
12753.496094	0
12757.915039	0
12762.334961	0
12766.753906	0
12771.172852	0
12775.591797	0
12780.010742	0
12784.429688	0
12788.848633	0
12793.268555	0
12797.687500	0
12802.106445	0
12806.525391	0
12810.944336	0
12815.363281	0
12819.783203	0
12824.202148	0
12828.621094	0
12833.040039	0
12837.458984	0
12841.877930	0
12846.296875	0
12850.716797	0
12855.135742	0
12859.554688	0
12863.973633	0
12868.392578	0
12872.811523	0
12877.230469	0
12881.650391	0
12886.069336	0
12890.488281	0
12894.907227	0
12899.326172	0
12903.745117	0
12908.164063	0
12912.583984	0
12917.002930	0
12921.421875	0
12925.840820	0
12930.259766	0
12934.678711	0
12939.098633	0
12943.517578	0
12947.936523	0
12952.355469	0
12956.774414	0
12961.193359	0
12965.612305	0
12970.032227	0
12974.451172	0
12978.870117	0
12983.289063	0
12987.708008	0
12992.126953	0
12996.545898	0
13000.965820	0
13005.384766	0
13009.803711	0
13014.222656	0
13018.641602	0
13023.060547	0
13027.480469	0
13031.899414	0
13036.318359	0
13040.737305	0
13045.156250	0
13049.575195	0
13053.994141	0
13058.414063	0
13062.833008	0
13067.251953	0
13071.670898	0
13076.089844	0
13080.508789	0
13084.927734	0
13089.347656	0
13093.766602	0
13098.185547	0
13102.604492	0
13107.023438	0
13111.442383	0
13115.862305	0
13120.281250	0
13124.700195	0
13129.119141	0
13133.538086	0
13137.957031	0
13142.375977	0
13146.795898	0
13151.214844	0
13155.633789	0
13160.052734	0
13164.471680	0
13168.890625	0
13173.309570	0
13177.729492	0
13182.148438	0
13186.567383	0
13190.986328	0
13195.405273	0
13199.824219	0
13204.243164	0
13208.663086	0
13213.082031	0
13217.500977	0
13221.919922	0
13226.338867	0
13230.757813	0
13235.177734	0
13239.596680	0
13244.015625	0
13248.434570	0
13252.853516	0
13257.272461	0
13261.691406	0
13266.111328	0
13270.530273	0
13274.949219	0
13279.368164	0
13283.787109	0
13288.206055	0
13292.625000	0
13297.044922	0
13301.463867	0
13305.882813	0
13310.301758	0
13314.720703	0
13319.139648	0
13323.559570	0
13327.978516	0
13332.397461	0
13336.816406	0
13341.235352	0
13345.654297	0
13350.073242	0
13354.493164	0
13358.912109	0
13363.331055	0
13367.750000	0
13372.168945	0
13376.587891	0
13381.006836	0
13385.426758	0
13389.845703	0
13394.264648	0
13398.683594	0
13403.102539	0
13407.521484	0
13411.940430	0
13416.360352	0
13420.779297	0
13425.198242	0
13429.617188	0
13434.036133	0
13438.455078	0
13442.875000	0
13447.293945	0
13451.712891	0
13456.131836	0
13460.550781	0
13464.969727	0
13469.388672	0
13473.808594	0
13478.227539	0
13482.646484	0
13487.065430	0
13491.484375	0
13495.903320	0
13500.322266	0
13504.742188	0
13509.161133	0
13513.580078	0
13517.999023	0
13522.417969	0
13526.836914	0
13531.256836	0
13535.675781	0
13540.094727	0
13544.513672	0
13548.932617	0
13553.351563	0
13557.770508	0
13562.190430	0
13566.609375	0
13571.028320	0
13575.447266	0
13579.866211	0
13584.285156	0
13588.704102	0
13593.124023	0
13597.542969	0
13601.961914	0
13606.380859	0
13610.799805	0
13615.218750	0
13619.637695	0
13624.057617	0
