-4019.076660	0
-4014.645508	0
-4010.214111	0
-4005.782959	0
-4001.351807	0
-3996.920654	0
-3992.489502	0
-3988.058350	0
-3983.627197	0
-3979.196045	0
-3974.764893	0
-3970.333740	0
-3965.902344	0
-3961.471191	0
-3957.040039	0
-3952.608887	0
-3948.177734	0
-3943.746582	0
-3939.315430	0
-3934.884277	0
-3930.453125	0
-3926.021973	0
-3921.590820	0
-3917.159424	0
-3912.728271	0
-3908.297119	0
-3903.865967	0
-3899.434814	0
-3895.003662	0
-3890.572510	0
-3886.141357	0
-3881.710205	0
-3877.279053	0
-3872.847656	0
-3868.416504	0
-3863.985352	0
-3859.554199	0
-3855.123047	0
-3850.691895	0
-3846.260742	0
-3841.829590	0
-3837.398438	0
-3832.967285	0
-3828.535889	0
-3824.104736	0
-3819.673584	0
-3815.242432	0
-3810.811279	0
-3806.380127	0
-3801.948975	0
-3797.517822	0
-3793.086670	0
-3788.655518	0
-3784.224365	0
-3779.792969	0
-3775.361816	0
-3770.930664	0
-3766.499512	0
-3762.068359	0
-3757.637207	0
-3753.206055	0
-3748.774902	0
-3744.343750	0
-3739.912598	0
-3735.481201	0
-3731.050049	0
-3726.618896	0
-3722.187744	0
-3717.756592	0
-3713.325439	0
-3708.894287	0
-3704.463135	0
-3700.031982	0
-3695.600830	0
-3691.169434	0
-3686.738281	0
-3682.307129	0
-3677.875977	0
-3673.444824	0
-3669.013672	0
-3664.582520	0
-3660.151367	0
-3655.720215	0
-3651.289063	0
-3646.857910	0
-3642.426514	0
-3637.995361	0
-3633.564209	0
-3629.133057	0
-3624.701904	0
-3620.270752	0
-3615.839600	0
-3611.408447	0
-3606.977295	0
-3602.546143	0
-3598.114746	0
-3593.683594	0
-3589.252441	0
-3584.821289	0
-3580.390137	0
-3575.958984	0
-3571.527832	0
-3567.096680	0
-3562.665527	0
-3558.234375	0
-3553.802979	0
-3549.371826	0
-3544.940674	0
-3540.509521	0
-3536.078369	0
-3531.647217	0
-3527.216064	0
-3522.784912	0
-3518.353760	0
-3513.922607	0
-3509.491455	0
-3505.060059	0
-3500.628906	0
-3496.197754	0
-3491.766602	0
-3487.335449	0
-3482.904297	0
-3478.473145	0
-3474.041992	0
-3469.610840	0
-3465.179688	0
-3460.748291	0
-3456.317139	0
-3451.885986	0
-3447.454834	0
-3443.023682	0
-3438.592529	0
-3434.161377	0
-3429.730225	0
-3425.299072	0
-3420.867920	0
-3416.436523	0
-3412.005371	0
-3407.574219	0
-3403.143066	0
-3398.711914	0
-3394.280762	0
-3389.849609	0
-3385.418457	0
-3380.987305	0
-3376.556152	0
-3372.125000	0
-3367.693604	0
-3363.262451	0
-3358.831299	0
-3354.400146	0
-3349.968994	0
-3345.537842	0
-3341.106689	0
-3336.675537	0
-3332.244385	0
-3327.813232	0
-3323.381836	0
-3318.950684	0
-3314.519531	0
-3310.088379	0
-3305.657227	0
-3301.226074	0
-3296.794922	0
-3292.363770	0
-3287.932617	0
-3283.501465	0
-3279.070313	0
-3274.638916	0
-3270.207764	0
-3265.776611	0
-3261.345459	0
-3256.914307	0
-3252.483154	0
-3248.052002	0
-3243.620850	0
-3239.189697	0
-3234.758545	0
-3230.327148	0
-3225.895996	0
-3221.464844	0
-3217.033691	0
-3212.602539	0
-3208.171387	0
-3203.740234	0
-3199.309082	0
-3194.877930	0
-3190.446777	0
-3186.015381	0
-3181.584229	0
-3177.153076	0
-3172.721924	0
-3168.290771	0
-3163.859619	0
-3159.428467	0
-3154.997314	0
-3150.566162	0
-3146.135010	0
-3141.703857	0
-3137.272461	0
-3132.841309	0
-3128.410156	0
-3123.979004	0
-3119.547852	0
-3115.116699	0
-3110.685547	0
-3106.254395	0
-3101.823242	0
-3097.392090	0
-3092.960693	0
-3088.529541	0
-3084.098389	0
-3079.667236	0
-3075.236084	0
-3070.804932	0
-3066.373779	0
-3061.942627	0
-3057.511475	0
-3053.080322	0
-3048.648926	0
-3044.217773	0
-3039.786621	0
-3035.355469	0
-3030.924316	0
-3026.493164	0
-3022.062012	0
-3017.630859	10
-3013.199707	14
-3008.768555	16
-3004.337402	13
-2999.906006	17
-2995.474854	23
-2991.043701	23
-2986.612549	26
-2982.181396	42
-2977.750244	45
-2973.319092	47
-2968.887939	59
-2964.456787	56
-2960.025635	46
-2955.594238	42
-2951.163086	60
-2946.731934	71
-2942.300781	80
-2937.869629	90
-2933.438477	97
-2929.007324	106
-2924.576172	107
-2920.145020	96
-2915.713867	92
-2911.282471	90
-2906.851318	91
-2902.420166	92
-2897.989014	98
-2893.557861	106
-2889.126709	122
-2884.695557	123
-2880.264404	113
-2875.833252	123
-2871.402100	143
-2866.970947	143
-2862.539551	136
-2858.108398	130
-2853.677246	141
-2849.246094	163
-2844.814941	145
-2840.383789	137
-2835.952637	173
-2831.521484	158
-2827.090332	138
-2822.659180	158
-2818.227783	165
-2813.796631	148
-2809.365479	137
-2804.934326	116
-2800.503174	126
-2796.072021	146
-2791.640869	151
-2787.209717	153
-2782.778564	138
-2778.347412	132
-2773.916016	134
-2769.484863	144
-2765.053711	151
-2760.622559	158
-2756.191406	148
-2751.760254	141
-2747.329102	132
-2742.897949	127
-2738.466797	126
-2734.035645	131
-2729.604492	147
-2725.173096	144
-2720.741943	132
-2716.310791	143
-2711.879639	153
-2707.448486	141
-2703.017334	144
-2698.586182	132
-2694.155029	139
-2689.723877	145
-2685.292725	131
-2680.861328	134
-2676.430176	140
-2671.999023	151
-2667.567871	134
-2663.136719	123
-2658.705566	137
-2654.274414	149
-2649.843262	152
-2645.412109	149
-2640.980957	138
-2636.549561	133
-2632.118408	126
-2627.687256	127
-2623.256104	141
-2618.824951	132
-2614.393799	140
-2609.962646	132
-2605.531494	132
-2601.100342	141
-2596.669189	123
-2592.238037	129
-2587.806641	148
-2583.375488	156
-2578.944336	146
-2574.513184	151
-2570.082031	147
-2565.650879	126
-2561.219727	141
-2556.788574	147
-2552.357422	152
-2547.926270	145
-2543.494873	157
-2539.063721	156
-2534.632568	127
-2530.201416	127
-2525.770264	133
-2521.339111	148
-2516.907959	140
-2512.476807	147
-2508.045654	151
-2503.614502	132
-2499.183105	147
-2494.751953	142
-2490.320801	141
-2485.889648	147
-2481.458496	140
-2477.027344	137
-2472.596191	149
-2468.165039	160
-2463.733887	150
-2459.302734	139
-2454.871582	135
-2450.440186	157
-2446.009033	156
-2441.577881	146
-2437.146729	145
-2432.715576	136
-2428.284424	131
-2423.853271	130
-2419.422119	137
-2414.990967	130
-2410.559814	117
-2406.128418	141
-2401.697266	148
-2397.266113	150
-2392.834961	155
-2388.403809	148
-2383.972656	137
-2379.541504	140
-2375.110352	135
-2370.679199	136
-2366.248047	136
-2361.816895	135
-2357.385498	130
-2352.954346	128
-2348.523193	132
-2344.092041	144
-2339.660889	149
-2335.229736	166
-2330.798584	172
-2326.367432	162
-2321.936279	160
-2317.505127	163
-2313.073730	158
-2308.642578	160
-2304.211426	157
-2299.780273	156
-2295.349121	149
-2290.917969	151
-2286.486816	143
-2282.055664	158
-2277.624512	182
-2273.193359	143
-2268.761963	145
-2264.330811	140
-2259.899658	139
-2255.468506	146
-2251.037354	147
-2246.606201	154
-2242.175049	152
-2237.743896	143
-2233.312744	145
-2228.881592	141
-2224.450439	137
-2220.019043	131
-2215.587891	128
-2211.156738	151
-2206.725586	162
-2202.294434	148
-2197.863281	128
-2193.432129	137
-2189.000977	145
-2184.569824	155
-2180.138672	173
-2175.707275	172
-2171.276123	167
-2166.844971	152
-2162.413818	138
-2157.982666	148
-2153.551514	145
-2149.120361	134
-2144.689209	144
-2140.258057	150
-2135.826904	132
-2131.395508	130
-2126.964355	129
-2122.533203	131
-2118.102051	119
-2113.670898	117
-2109.239746	130
-2104.808594	146
-2100.377441	132
-2095.946289	129
-2091.515137	131
-2087.083984	137
-2082.652588	137
-2078.221436	138
-2073.790283	139
-2069.359131	133
-2064.927979	124
-2060.496826	125
-2056.065674	129
-2051.634521	135
-2047.203247	139
-2042.772095	140
-2038.340942	132
-2033.909790	136
-2029.478638	142
-2025.047363	141
-2020.616211	138
-2016.185059	155
-2011.753906	180
-2007.322754	169
-2002.891479	144
-1998.460327	132
-1994.029175	128
-1989.598022	130
-1985.166870	139
-1980.735596	142
-1976.304443	156
-1971.873291	152
-1967.442139	157
-1963.010986	160
-1958.579712	163
-1954.148560	173
-1949.717407	168
-1945.286255	149
-1940.855103	136
-1936.423828	133
-1931.992676	133
-1927.561523	138
-1923.130371	142
-1918.699219	142
-1914.267944	126
-1909.836792	127
-1905.405640	118
-1900.974487	136
-1896.543335	159
-1892.112183	153
-1887.680908	143
-1883.249756	134
-1878.818604	113
-1874.387451	130
-1869.956299	148
-1865.525024	140
-1861.093872	130
-1856.662720	136
-1852.231567	146
-1847.800415	150
-1843.369141	144
-1838.937988	137
-1834.506836	148
-1830.075684	145
-1825.644531	147
-1821.213257	164
-1816.782104	156
-1812.350952	139
-1807.919800	149
-1803.488647	156
-1799.057373	140
-1794.626221	137
-1790.195068	142
-1785.763916	145
-1781.332764	140
-1776.901489	154
-1772.470337	151
-1768.039185	144
-1763.608032	131
-1759.176880	131
-1754.745728	141
-1750.314453	154
-1745.883301	135
-1741.452148	146
-1737.020996	159
-1732.589844	150
-1728.158569	130
-1723.727417	154
-1719.296265	185
-1714.865112	167
-1710.433960	140
-1706.002686	111
-1701.571533	108
-1697.140381	121
-1692.709229	120
-1688.278076	141
-1683.846802	136
-1679.415649	128
-1674.984497	145
-1670.553345	160
-1666.122192	152
-1661.690918	130
-1657.259766	121
-1652.828613	136
-1648.397461	164
-1643.966309	156
-1639.535156	130
-1635.103882	122
-1630.672729	149
-1626.241577	141
-1621.810425	136
-1617.379272	142
-1612.947998	136
-1608.516846	120
-1604.085693	136
-1599.654541	141
-1595.223389	121
-1590.792114	135
-1586.360962	153
-1581.929810	143
-1577.498657	136
-1573.067505	137
-1568.636230	133
-1564.205078	130
-1559.773926	127
-1555.342773	127
-1550.911621	145
-1546.480347	153
-1542.049194	144
-1537.618042	115
-1533.186890	116
-1528.755737	148
-1524.324463	160
-1519.893311	149
-1515.462158	149
-1511.031006	132
-1506.599854	131
-1502.168701	136
-1497.737427	145
-1493.306274	142
-1488.875122	138
-1484.443970	148
-1480.012817	148
-1475.581543	141
-1471.150391	140
-1466.719238	166
-1462.288086	165
-1457.856934	132
-1453.425659	126
-1448.994507	125
-1444.563354	137
-1440.132202	155
-1435.701050	142
-1431.269775	129
-1426.838623	123
-1422.407471	133
-1417.976318	153
-1413.545166	160
-1409.113892	166
-1404.682739	169
-1400.251587	143
-1395.820435	125
-1391.389282	138
-1386.958008	153
-1382.526855	157
-1378.095703	134
-1373.664551	148
-1369.233398	156
-1364.802246	146
-1360.370972	149
-1355.939819	159
-1351.508667	149
-1347.077515	144
-1342.646362	136
-1338.215088	134
-1333.783936	140
-1329.352783	132
-1324.921631	130
-1320.490479	140
-1316.059204	146
-1311.628052	145
-1307.196899	146
-1302.765747	140
-1298.334595	138
-1293.903320	151
-1289.472168	151
-1285.041016	136
-1280.609863	136
-1276.178711	156
-1271.747437	166
-1267.316284	147
-1262.885132	137
-1258.453979	137
-1254.022827	126
-1249.591553	135
-1245.160400	161
-1240.729248	154
-1236.298096	148
-1231.866943	148
-1227.435791	139
-1223.004517	140
-1218.573364	150
-1214.142212	130
-1209.711060	138
-1205.279907	160
-1200.848633	158
-1196.417480	133
-1191.986328	134
-1187.555176	130
-1183.124023	135
-1178.692749	137
-1174.261597	133
-1169.830444	141
-1165.399292	138
-1160.968140	144
-1156.536865	136
-1152.105713	126
-1147.674561	136
-1143.243408	158
-1138.812256	155
-1134.380981	143
-1129.949829	145
-1125.518677	145
-1121.087524	148
-1116.656372	161
-1112.225220	152
-1107.793945	160
-1103.362793	153
-1098.931641	132
-1094.500488	144
-1090.069336	166
-1085.638062	153
-1081.206909	125
-1076.775757	128
-1072.344604	134
-1067.913452	130
-1063.482178	133
-1059.051025	142
-1054.619873	141
-1050.188721	139
-1045.757568	147
-1041.326294	156
-1036.895142	131
-1032.463989	122
-1028.032837	134
-1023.601624	146
-1019.170471	154
-1014.739319	153
-1010.308105	149
-1005.876953	137
-1001.445740	134
-997.014587	138
-992.583435	147
-988.152222	164
-983.721069	164
-979.289856	140
-974.858704	115
-970.427551	112
-965.996338	130
-961.565186	139
-957.133972	151
-952.702820	152
-948.271667	126
-943.840454	121
-939.409302	148
-934.978149	157
-930.546936	160
-926.115784	155
-921.684570	123
-917.253418	127
-912.822266	130
-908.391052	145
-903.959900	153
-899.528687	123
-895.097534	111
-890.666382	121
-886.235168	130
-881.804016	137
-877.372864	143
-872.941650	157
-868.510498	156
-864.079285	147
-859.648132	122
-855.216980	124
-850.785767	147
-846.354614	147
-841.923401	143
-837.492249	146
-833.061096	154
-828.629883	157
-824.198730	159
-819.767578	143
-815.336365	136
-810.905212	119
-806.473999	122
-802.042847	126
-797.611694	150
-793.180481	149
-788.749329	128
-784.318115	124
-779.886963	125
-775.455811	156
-771.024597	169
-766.593445	147
-762.162231	147
-757.731079	139
-753.299927	124
-748.868713	137
-744.437561	163
-740.006409	150
-735.575195	130
-731.144043	131
-726.712830	134
-722.281677	130
-717.850525	129
-713.419312	133
-708.988159	154
-704.556946	158
-700.125793	137
-695.694641	140
-691.263428	153
-686.832275	167
-682.401123	162
-677.969910	157
-673.538757	145
-669.107544	142
-664.676392	159
-660.245239	167
-655.814026	171
-651.382874	157
-646.951660	134
-642.520508	132
-638.089355	135
-633.658142	148
-629.226990	143
-624.795776	131
-620.364624	158
-615.933472	151
-611.502258	131
-607.071106	128
-602.639954	141
-598.208740	146
-593.777588	159
-589.346375	139
-584.915222	128
-580.484070	151
-576.052856	160
-571.621704	154
-567.190491	165
-562.759338	165
-558.328186	157
-553.896973	164
-549.465820	163
-545.034668	153
-540.603455	164
-536.172302	176
-531.741089	163
-527.309937	140
-522.878784	126
-518.447571	134
-514.016418	153
-509.585236	137
-505.154053	129
-500.722870	133
-496.291718	125
-491.860535	132
-487.429352	144
-482.998169	135
-478.566986	135
-474.135834	155
-469.704651	152
-465.273468	124
-460.842285	121
-456.411133	138
-451.979950	147
-447.548767	143
-443.117584	142
-438.686432	133
-434.255249	137
-429.824066	134
-425.392883	139
-420.961700	151
-416.530548	151
-412.099365	129
-407.668182	131
-403.237000	139
-398.805847	139
-394.374664	157
-389.943481	157
-385.512299	146
-381.081116	133
-376.649963	130
-372.218781	145
-367.787598	168
-363.356415	172
-358.925262	186
-354.494080	195
-350.062897	163
-345.631714	136
-341.200562	127
-336.769379	138
-332.338196	158
-327.907013	143
-323.475830	122
-319.044678	124
-314.613495	146
-310.182312	148
-305.751129	170
-301.319977	181
-296.888794	155
-292.457611	159
-288.026428	181
-283.595245	166
-279.164093	131
-274.732910	146
-270.301727	159
-265.870544	165
-261.439392	166
-257.008209	169
-252.577026	188
-248.145859	179
-243.714676	150
-239.283493	154
-234.852325	135
-230.421143	129
-225.989975	141
-221.558792	167
-217.127625	157
-212.696442	153
-208.265274	170
-203.834091	172
-199.402924	181
-194.971741	182
-190.540558	184
-186.109390	174
-181.678207	166
-177.247040	170
-172.815857	169
-168.384689	158
-163.953506	169
-159.522339	184
-155.091156	186
-150.659988	188
-146.228806	183
-141.797623	170
-137.366455	176
-132.935272	207
-128.504105	212
-124.072929	226
-119.641747	230
-115.210571	228
-110.779396	239
-106.348221	234
-101.917046	260
-97.485870	294
-93.054695	328
-88.623520	324
-84.192345	351
-79.761169	421
-75.329994	457
-70.898811	487
-66.467636	572
-62.036465	677
-57.605286	758
-53.174110	926
-48.742935	1176
-44.311760	1494
-39.880585	1778
-35.449406	2198
-31.018232	2824
-26.587055	3678
-22.155880	4602
-17.724703	5032
-13.293528	5138
-8.862351	5238
-4.431176	5670
0.000000	6036
4.431176	5945
8.862351	5742
13.293528	5532
17.724703	5228
22.155880	4951
26.587055	4572
31.018232	4190
35.449406	3502
39.880585	2679
44.311760	2195
48.742935	1811
53.174110	1521
57.605286	1248
62.036465	1119
66.467636	955
70.898811	785
75.329994	663
79.761169	605
84.192345	576
88.623520	494
93.054695	415
97.485870	363
101.917046	294
106.348221	269
110.779396	275
115.210571	262
119.641747	268
124.072929	245
128.504105	249
132.935272	273
137.366455	256
141.797623	234
146.228806	243
150.659988	194
155.091156	184
159.522339	199
163.953506	194
168.384689	191
172.815857	178
177.247040	163
181.678207	179
186.109390	194
190.540558	180
194.971741	180
199.402924	194
203.834091	197
208.265274	171
212.696442	157
217.127625	171
221.558792	191
225.989975	160
230.421143	156
234.852325	178
239.283493	178
243.714676	174
248.145859	149
252.577026	173
257.008209	182
261.439392	162
265.870544	168
270.301727	153
274.732910	143
279.164093	145
283.595245	161
288.026428	174
292.457611	162
296.888794	159
301.319977	175
305.751129	150
310.182312	148
314.613495	148
319.044678	138
323.475830	144
327.907013	171
332.338196	178
336.769379	143
341.200562	131
345.631714	128
350.062897	150
354.494080	158
358.925262	139
363.356415	136
367.787598	144
372.218781	151
376.649963	154
381.081116	164
385.512299	149
389.943481	145
394.374664	143
398.805847	170
403.237000	168
407.668182	164
412.099365	160
416.530548	165
420.961700	181
425.392883	170
429.824066	164
434.255249	154
438.686432	167
443.117584	152
447.548767	126
451.979950	133
456.411133	163
460.842285	159
465.273468	153
469.704651	153
474.135834	144
478.566986	139
482.998169	134
487.429352	132
491.860535	127
496.291718	147
500.722870	162
505.154053	153
509.585236	160
514.016418	163
518.447571	158
522.878784	143
527.309937	144
531.741089	149
536.172302	154
540.603455	164
545.034668	171
549.465820	184
553.896973	188
558.328186	160
562.759338	119
567.190491	128
571.621704	149
576.052856	142
580.484070	130
584.915222	128
589.346375	150
593.777588	162
598.208740	144
602.639954	133
607.071106	145
611.502258	143
615.933472	141
620.364624	157
624.795776	175
629.226990	164
633.658142	163
638.089355	147
642.520508	152
646.951660	148
651.382874	135
655.814026	131
660.245239	141
664.676392	154
669.107544	143
673.538757	142
677.969910	141
682.401123	150
686.832275	158
691.263428	143
695.694641	142
700.125793	150
704.556946	136
708.988159	131
713.419312	141
717.850525	161
722.281677	171
726.712830	140
731.144043	137
735.575195	155
740.006409	157
744.437561	164
748.868713	147
753.299927	135
757.731079	141
762.162231	146
766.593445	139
771.024597	137
775.455811	139
779.886963	143
784.318115	143
788.749329	141
793.180481	148
797.611694	137
802.042847	140
806.473999	162
810.905212	157
815.336365	157
819.767578	161
824.198730	135
828.629883	146
833.061096	156
837.492249	147
841.923401	138
846.354614	135
850.785767	134
855.216980	129
859.648132	136
864.079285	133
868.510498	121
872.941650	131
877.372864	158
881.804016	143
886.235168	159
890.666382	179
895.097534	170
899.528687	154
903.959900	154
908.391052	145
912.822266	144
917.253418	140
921.684570	149
926.115784	151
930.546936	155
934.978149	155
939.409302	156
943.840454	150
948.271667	155
952.702820	162
957.133972	165
961.565186	158
965.996338	158
970.427551	152
974.858704	150
979.289856	153
983.721069	154
988.152222	143
992.583435	145
997.014587	144
1001.445740	150
1005.876953	168
1010.308105	179
1014.739319	166
1019.170471	172
1023.601624	164
1028.032837	154
1032.463989	158
1036.895142	181
1041.326294	180
1045.757568	158
1050.188721	142
1054.619873	140
1059.051025	138
1063.482178	143
1067.913452	153
1072.344604	146
1076.775757	143
1081.206909	154
1085.638062	158
1090.069336	158
1094.500488	152
1098.931641	147
1103.362793	159
1107.793945	174
1112.225220	168
1116.656372	161
1121.087524	143
1125.518677	162
1129.949829	170
1134.380981	142
1138.812256	155
1143.243408	171
1147.674561	188
1152.105713	181
1156.536865	147
1160.968140	140
1165.399292	142
1169.830444	151
1174.261597	163
1178.692749	144
1183.124023	142
1187.555176	159
1191.986328	147
1196.417480	155
1200.848633	165
1205.279907	147
1209.711060	161
1214.142212	166
1218.573364	137
1223.004517	129
1227.435791	125
1231.866943	128
1236.298096	133
1240.729248	137
1245.160400	154
1249.591553	140
1254.022827	139
1258.453979	172
1262.885132	175
1267.316284	161
1271.747437	164
1276.178711	162
1280.609863	141
1285.041016	146
1289.472168	152
1293.903320	147
1298.334595	158
1302.765747	142
1307.196899	131
1311.628052	138
1316.059204	149
1320.490479	156
1324.921631	150
1329.352783	132
1333.783936	134
1338.215088	157
1342.646362	160
1347.077515	147
1351.508667	149
1355.939819	153
1360.370972	154
1364.802246	162
1369.233398	160
1373.664551	146
1378.095703	148
1382.526855	156
1386.958008	147
1391.389282	146
1395.820435	139
1400.251587	154
1404.682739	167
1409.113892	144
1413.545166	157
1417.976318	168
1422.407471	154
1426.838623	152
1431.269775	163
1435.701050	172
1440.132202	157
1444.563354	158
1448.994507	185
1453.425659	166
1457.856934	152
1462.288086	148
1466.719238	154
1471.150391	145
1475.581543	142
1480.012817	148
1484.443970	151
1488.875122	148
1493.306274	141
1497.737427	131
1502.168701	143
1506.599854	163
1511.031006	159
1515.462158	137
1519.893311	142
1524.324463	148
1528.755737	145
1533.186890	142
1537.618042	141
1542.049194	140
1546.480347	146
1550.911621	145
1555.342773	158
1559.773926	156
1564.205078	148
1568.636230	155
1573.067505	149
1577.498657	139
1581.929810	142
1586.360962	150
1590.792114	152
1595.223389	152
1599.654541	137
1604.085693	150
1608.516846	164
1612.947998	182
1617.379272	177
1621.810425	163
1626.241577	152
1630.672729	160
1635.103882	169
1639.535156	162
1643.966309	148
1648.397461	139
1652.828613	148
1657.259766	166
1661.690918	172
1666.122192	161
1670.553345	180
1674.984497	201
1679.415649	183
1683.846802	156
1688.278076	144
1692.709229	160
1697.140381	171
1701.571533	163
1706.002686	169
1710.433960	176
1714.865112	188
1719.296265	181
1723.727417	163
1728.158569	157
1732.589844	140
1737.020996	145
1741.452148	160
1745.883301	165
1750.314453	147
1754.745728	150
1759.176880	157
1763.608032	175
1768.039185	177
1772.470337	147
1776.901489	144
1781.332764	136
1785.763916	139
1790.195068	137
1794.626221	162
1799.057373	161
1803.488647	143
1807.919800	130
1812.350952	132
1816.782104	126
1821.213257	142
1825.644531	143
1830.075684	149
1834.506836	136
1838.937988	151
1843.369141	177
1847.800415	175
1852.231567	151
1856.662720	134
1861.093872	142
1865.525024	155
1869.956299	162
1874.387451	171
1878.818604	176
1883.249756	168
1887.680908	155
1892.112183	128
1896.543335	148
1900.974487	173
1905.405640	157
1909.836792	152
1914.267944	139
1918.699219	160
1923.130371	166
1927.561523	172
1931.992676	163
1936.423828	148
1940.855103	154
1945.286255	165
1949.717407	173
1954.148560	192
1958.579712	188
1963.010986	164
1967.442139	146
1971.873291	127
1976.304443	133
1980.735596	150
1985.166870	136
1989.598022	117
1994.029175	131
1998.460327	138
2002.891479	136
2007.322754	134
2011.753906	136
2016.185059	164
2020.616211	176
2025.047363	166
2029.478638	148
2033.909790	145
2038.340942	148
2042.772095	130
2047.203247	137
2051.634521	157
2056.065674	151
2060.496826	147
2064.927979	155
2069.359131	164
2073.790283	167
2078.221436	158
2082.652588	165
2087.083984	152
2091.515137	141
2095.946289	144
2100.377441	149
2104.808594	156
2109.239746	160
2113.670898	154
2118.102051	145
2122.533203	154
2126.964355	156
2131.395508	173
2135.826904	192
2140.258057	193
2144.689209	166
2149.120361	158
2153.551514	177
2157.982666	196
2162.413818	175
2166.844971	162
2171.276123	150
2175.707275	162
2180.138672	174
2184.569824	149
2189.000977	161
2193.432129	172
2197.863281	160
2202.294434	173
2206.725586	172
2211.156738	148
2215.587891	141
2220.019043	167
2224.450439	174
2228.881592	161
2233.312744	172
2237.743896	176
2242.175049	151
2246.606201	142
2251.037354	136
2255.468506	140
2259.899658	160
2264.330811	164
2268.761963	155
2273.193359	164
2277.624512	171
2282.055664	165
2286.486816	167
2290.917969	165
2295.349121	145
2299.780273	149
2304.211426	168
2308.642578	164
2313.073730	148
2317.505127	151
2321.936279	140
2326.367432	144
2330.798584	163
2335.229736	146
2339.660889	141
2344.092041	147
2348.523193	130
2352.954346	129
2357.385498	148
2361.816895	157
2366.248047	144
2370.679199	155
2375.110352	162
2379.541504	164
2383.972656	174
2388.403809	188
2392.834961	180
2397.266113	158
2401.697266	139
2406.128418	124
2410.559814	128
2414.990967	128
2419.422119	126
2423.853271	129
2428.284424	142
2432.715576	154
2437.146729	178
2441.577881	185
2446.009033	173
2450.440186	155
2454.871582	164
2459.302734	168
2463.733887	168
2468.165039	176
2472.596191	163
2477.027344	134
2481.458496	143
2485.889648	168
2490.320801	156
2494.751953	140
2499.183105	139
2503.614502	156
2508.045654	157
2512.476807	130
2516.907959	141
2521.339111	146
2525.770264	147
2530.201416	165
2534.632568	193
2539.063721	194
2543.494873	162
2547.926270	140
2552.357422	144
2556.788574	150
2561.219727	173
2565.650879	205
2570.082031	189
2574.513184	163
2578.944336	155
2583.375488	144
2587.806641	126
2592.238037	126
2596.669189	139
2601.100342	122
2605.531494	127
2609.962646	134
2614.393799	157
2618.824951	159
2623.256104	173
2627.687256	175
2632.118408	144
2636.549561	132
2640.980957	160
2645.412109	174
2649.843262	169
2654.274414	172
2658.705566	162
2663.136719	183
2667.567871	189
2671.999023	187
2676.430176	174
2680.861328	162
2685.292725	160
2689.723877	159
2694.155029	179
2698.586182	189
2703.017334	197
2707.448486	165
2711.879639	126
2716.310791	135
2720.741943	151
2725.173096	156
2729.604492	151
2734.035645	153
2738.466797	163
2742.897949	156
2747.329102	151
2751.760254	155
2756.191406	158
2760.622559	151
2765.053711	148
2769.484863	138
2773.916016	133
2778.347412	150
2782.778564	170
2787.209717	185
2791.640869	171
2796.072021	155
2800.503174	166
2804.934326	172
2809.365479	141
2813.796631	129
2818.227783	148
2822.659180	169
2827.090332	160
2831.521484	137
2835.952637	143
2840.383789	161
2844.814941	147
2849.246094	158
2853.677246	147
2858.108398	145
2862.539551	148
2866.970947	158
2871.402100	174
2875.833252	172
2880.264404	151
2884.695557	193
2889.126709	193
2893.557861	159
2897.989014	154
2902.420166	161
2906.851318	146
2911.282471	158
2915.713867	168
2920.145020	161
2924.576172	171
2929.007324	157
2933.438477	156
2937.869629	158
2942.300781	160
2946.731934	168
2951.163086	176
2955.594238	163
2960.025635	159
2964.456787	144
2968.887939	143
2973.319092	166
2977.750244	182
2982.181396	164
2986.612549	146
2991.043701	150
2995.474854	167
2999.906006	166
3004.337402	167
3008.768555	166
3013.199707	162
3017.630859	157
3022.062012	167
3026.493164	159
3030.924316	140
3035.355469	165
3039.786621	175
3044.217773	155
3048.648926	144
3053.080322	152
3057.511475	155
3061.942627	147
3066.373779	146
3070.804932	152
3075.236084	152
3079.667236	158
3084.098389	170
3088.529541	161
3092.960693	163
3097.392090	148
3101.823242	162
3106.254395	166
3110.685547	162
3115.116699	179
3119.547852	183
3123.979004	176
3128.410156	153
3132.841309	148
3137.272461	155
3141.703857	159
3146.135010	153
3150.566162	148
3154.997314	140
3159.428467	138
3163.859619	145
3168.290771	173
3172.721924	171
3177.153076	150
3181.584229	156
3186.015381	156
3190.446777	164
3194.877930	146
3199.309082	139
3203.740234	144
3208.171387	154
3212.602539	183
3217.033691	182
3221.464844	155
3225.895996	155
3230.327148	159
3234.758545	144
3239.189697	160
3243.620850	167
3248.052002	176
3252.483154	184
3256.914307	187
3261.345459	173
3265.776611	173
3270.207764	164
3274.638916	162
3279.070313	156
3283.501465	166
3287.932617	169
3292.363770	174
3296.794922	163
3301.226074	151
3305.657227	161
3310.088379	182
3314.519531	179
3318.950684	160
3323.381836	170
3327.813232	185
3332.244385	185
3336.675537	190
3341.106689	215
3345.537842	212
3349.968994	181
3354.400146	169
3358.831299	168
3363.262451	151
3367.693604	149
3372.125000	167
3376.556152	175
3380.987305	168
3385.418457	157
3389.849609	154
3394.280762	151
3398.711914	151
3403.143066	169
3407.574219	182
3412.005371	196
3416.436523	194
3420.867920	159
3425.299072	150
3429.730225	157
3434.161377	167
3438.592529	178
3443.023682	183
3447.454834	163
3451.885986	163
3456.317139	169
3460.748291	153
3465.179688	149
3469.610840	142
3474.041992	139
3478.473145	136
3482.904297	137
3487.335449	169
3491.766602	164
3496.197754	148
3500.628906	146
3505.060059	163
3509.491455	180
3513.922607	169
3518.353760	161
3522.784912	164
3527.216064	158
3531.647217	181
3536.078369	192
3540.509521	188
3544.940674	162
3549.371826	163
3553.802979	160
3558.234375	150
3562.665527	162
3567.096680	168
3571.527832	188
3575.958984	185
3580.390137	182
3584.821289	184
3589.252441	175
3593.683594	190
3598.114746	171
3602.546143	172
3606.977295	175
3611.408447	158
3615.839600	177
3620.270752	196
3624.701904	192
3629.133057	188
3633.564209	182
3637.995361	185
3642.426514	163
3646.857910	149
3651.289063	168
3655.720215	202
3660.151367	189
3664.582520	179
3669.013672	208
3673.444824	188
3677.875977	175
3682.307129	218
3686.738281	207
3691.169434	194
3695.600830	198
3700.031982	196
3704.463135	208
3708.894287	195
3713.325439	202
3717.756592	232
3722.187744	238
3726.618896	248
3731.050049	263
3735.481201	244
3739.912598	240
3744.343750	276
3748.774902	289
3753.206055	293
3757.637207	287
3762.068359	328
3766.499512	343
3770.930664	344
3775.361816	343
3779.792969	303
3784.224365	313
3788.655518	351
3793.086670	388
3797.517822	431
3801.948975	439
3806.380127	395
3810.811279	354
3815.242432	351
3819.673584	435
3824.104736	476
3828.535889	474
3832.967285	492
3837.398438	512
3841.829590	493
3846.260742	500
3850.691895	547
3855.123047	597
3859.554199	608
3863.985352	570
3868.416504	564
3872.847656	577
3877.279053	575
3881.710205	582
3886.141357	605
3890.572510	664
3895.003662	653
3899.434814	667
3903.865967	688
3908.297119	699
3912.728271	763
3917.159424	796
3921.590820	826
3926.021973	854
3930.453125	857
3934.884277	839
3939.315430	789
3943.746582	743
3948.177734	717
3952.608887	804
3957.040039	847
3961.471191	858
3965.902344	903
3970.333740	919
3974.764893	970
3979.196045	999
3983.627197	974
3988.058350	1018
3992.489502	1133
3996.920654	1106
4001.351807	959
4005.782959	952
4010.214111	1005
4014.645508	1026
4019.076660	1080
4023.507813	1132
4027.938965	1088
4032.370117	1035
4036.801270	1108
4041.232422	1118
4045.663574	1070
4050.094727	1145
4054.525879	1077
4058.957275	986
4063.388428	976
4067.819580	1027
4072.250732	1044
4076.681885	959
4081.113037	948
4085.544189	960
4089.975342	876
4094.406494	802
4098.837891	869
4103.269043	986
4107.700195	1041
4112.131348	1075
4116.562500	1082
4120.993652	1047
4125.424805	998
4129.855957	1056
4134.287109	1106
4138.718262	1122
4143.149414	1115
4147.580566	1104
4152.011719	1097
4156.442871	1095
4160.874023	1076
4165.305176	1117
4169.736328	1180
4174.167969	1187
4178.599121	1144
4183.030273	1119
4187.461426	1056
4191.892578	1033
4196.323730	1114
4200.754883	1151
4205.186035	1094
4209.617188	1068
4214.048340	1082
4218.479492	1142
4222.910645	1169
4227.341797	1203
4231.772949	1212
4236.204102	1220
4240.635254	1198
4245.066406	1151
4249.497559	1108
4253.928711	1075
4258.359863	1073
4262.791016	1078
4267.222656	1060
4271.653809	1058
4276.084961	1109
4280.516113	1120
4284.947266	1089
4289.378418	1124
4293.809570	1155
4298.240723	1060
4302.671875	967
4307.103027	1005
4311.534180	1024
4315.965332	989
4320.396484	902
4324.827637	860
4329.258789	881
4333.689941	847
4338.121094	829
4342.552246	908
4346.983398	961
4351.414551	980
4355.845703	1020
4360.277344	978
4364.708496	994
4369.139648	1024
4373.570801	1044
4378.001953	1045
4382.433105	1006
4386.864258	992
4391.295410	1048
4395.726563	1085
4400.157715	1115
4404.588867	1134
4409.020020	1125
4413.451172	1083
4417.882324	1081
4422.313477	1075
4426.744629	1061
4431.175781	1105
4435.606934	1144
4440.038086	1173
4444.469238	1190
4448.900879	1226
4453.332031	1222
4457.763184	1188
4462.194336	1158
4466.625488	1108
4471.056641	1111
4475.487793	1123
4479.918945	1125
4484.350098	1074
4488.781250	1141
4493.212402	1197
4497.643555	1195
4502.074707	1137
4506.505859	1090
4510.937012	1062
4515.368164	1065
4519.799316	1089
4524.230469	1111
4528.661621	1161
4533.092773	1201
4537.523926	1190
4541.955566	1162
4546.386719	1136
4550.817871	1152
4555.249023	1192
4559.680176	1140
4564.111328	1091
4568.542480	1120
4572.973633	1159
4577.404785	1133
4581.835938	1142
4586.267090	1138
4590.698242	1178
4595.129395	1229
4599.560547	1168
4603.991699	1072
4608.422852	1072
4612.854004	1135
4617.285156	1094
4621.716309	1129
4626.147461	1215
4630.578613	1227
4635.010254	1195
4639.441406	1169
4643.872559	1156
4648.303711	1171
4652.734863	1160
4657.166016	1225
4661.597168	1257
4666.028320	1243
4670.459473	1260
4674.890625	1265
4679.321777	1272
4683.752930	1275
4688.184082	1308
4692.615234	1255
4697.046387	1281
4701.477539	1387
4705.908691	1342
4710.339844	1270
4714.770996	1297
4719.202148	1335
4723.633789	1283
4728.064941	1354
4732.496094	1464
4736.927246	1453
4741.358398	1431
4745.789551	1406
4750.220703	1337
4754.651855	1414
4759.083008	1547
4763.514160	1527
4767.945313	1456
4772.376465	1401
4776.807617	1464
4781.238770	1548
4785.669922	1515
4790.101074	1412
4794.532227	1480
4798.963379	1613
4803.394531	1645
4807.825684	1619
4812.256836	1535
4816.688477	1461
4821.119629	1435
4825.550781	1538
4829.981934	1529
4834.413086	1390
4838.844238	1353
4843.275391	1311
4847.706543	1288
4852.137695	1312
4856.568848	1274
4861.000000	1172
4865.431152	1196
4869.862305	1262
4874.293457	1204
4878.724609	1219
4883.155762	1288
4887.586914	1293
4892.018066	1337
4896.449219	1355
4900.880371	1414
4905.311523	1451
4909.743164	1425
4914.174316	1456
4918.605469	1445
4923.036621	1411
4927.467773	1387
4931.898926	1438
4936.330078	1483
4940.761230	1487
4945.192383	1527
4949.623535	1527
4954.054688	1475
4958.485840	1368
4962.916992	1447
4967.348145	1444
4971.779297	1431
4976.210449	1488
4980.641602	1531
4985.072754	1545
4989.503906	1477
4993.935059	1439
4998.366211	1426
5002.797852	1387
5007.229004	1366
5011.660156	1433
5016.091309	1510
5020.522461	1405
5024.953613	1383
5029.384766	1470
5033.815918	1424
5038.247070	1355
5042.678223	1379
5047.109375	1377
5051.540527	1439
5055.971680	1493
5060.402832	1441
5064.833984	1444
5069.265137	1397
5073.696289	1287
5078.127441	1254
5082.558594	1273
5086.989746	1293
5091.421387	1268
5095.852539	1266
5100.283691	1287
5104.714844	1287
5109.145996	1233
5113.577148	1254
5118.008301	1292
5122.439453	1239
5126.870605	1192
5131.301758	1200
5135.732910	1145
5140.164063	1240
5144.595215	1316
5149.026367	1349
5153.457520	1315
5157.888672	1244
5162.319824	1237
5166.750977	1198
5171.182129	1175
5175.613281	1108
5180.044434	1145
5184.476074	1215
5188.907227	1241
5193.338379	1201
5197.769531	1217
5202.200684	1176
5206.631836	1183
5211.062988	1160
5215.494141	1118
5219.925293	1184
5224.356445	1260
5228.787598	1266
5233.218750	1139
5237.649902	1109
5242.081055	1152
5246.512207	1130
5250.943359	1112
5255.374512	1118
5259.805664	1061
5264.236816	1051
5268.667969	1113
5273.099121	1119
5277.530762	1044
5281.961914	1092
5286.393066	1058
5290.824219	1089
5295.255371	1170
5299.686523	1058
5304.117676	993
5308.548828	1027
5312.979980	1065
5317.411133	1069
5321.842285	1041
5326.273438	1022
5330.704590	963
5335.135742	1020
5339.566895	1010
5343.998047	958
5348.429199	980
5352.860352	1019
5357.291504	950
5361.722656	945
5366.154297	1016
5370.585449	982
5375.016602	969
5379.447754	993
5383.878906	1031
5388.310059	1070
5392.741211	1044
5397.172363	1034
5401.603516	1038
5406.034668	966
5410.465820	966
5414.896973	1005
5419.328125	1047
5423.759277	1019
5428.190430	1006
5432.621582	990
5437.052734	950
5441.483887	944
5445.915039	956
5450.346191	904
5454.777344	911
5459.208984	964
5463.640137	943
5468.071289	891
5472.502441	868
5476.933594	887
5481.364746	924
5485.795898	928
5490.227051	932
5494.658203	956
5499.089355	962
5503.520508	864
5507.951660	883
5512.382813	906
5516.813965	864
5521.245117	899
5525.676270	948
5530.107422	933
5534.538574	945
5538.969727	886
5543.400879	764
5547.832031	781
5552.263672	871
5556.694824	895
5561.125977	944
5565.557129	923
5569.988281	873
5574.419434	890
5578.850586	882
5583.281738	912
5587.712891	913
5592.144043	824
5596.575195	783
5601.006348	798
5605.437500	855
5609.868652	900
5614.299805	878
5618.730957	873
5623.162109	854
5627.593262	854
5632.024414	853
5636.455566	851
5640.887207	830
5645.318359	820
5649.749512	730
5654.180664	720
5658.611816	756
5663.042969	773
5667.474121	838
5671.905273	872
5676.336426	828
5680.767578	820
5685.198730	795
5689.629883	796
5694.061035	808
5698.492188	707
5702.923340	744
5707.354492	779
5711.785645	775
5716.216797	739
5720.647949	707
5725.079102	773
5729.510254	806
5733.941895	742
5738.373047	755
5742.804199	797
5747.235352	779
5751.666504	756
5756.097656	751
5760.528809	744
5764.959961	736
5769.391113	711
5773.822266	699
5778.253418	724
5782.684570	752
5787.115723	766
5791.546875	708
5795.978027	664
5800.409180	692
5804.840332	759
5809.271484	798
5813.702637	801
5818.133789	727
5822.564941	742
5826.996582	756
5831.427734	725
5835.858887	812
5840.290039	800
5844.721191	778
5849.152344	854
5853.583496	780
5858.014648	744
5862.445801	801
5866.876953	772
5871.308105	715
5875.739258	631
5880.170410	696
5884.601563	714
5889.032715	688
5893.463867	679
5897.895020	676
5902.326172	724
5906.757324	739
5911.188477	789
5915.619629	787
5920.051270	753
5924.482422	765
5928.913574	775
5933.344727	746
5937.775879	717
5942.207031	745
5946.638184	755
5951.069336	738
5955.500488	795
5959.931641	776
5964.362793	740
5968.793945	715
5973.225098	648
5977.656250	647
5982.087402	735
5986.518555	771
5990.949707	758
5995.380859	723
5999.812012	683
6004.243164	676
6008.674805	650
6013.105957	619
6017.537109	688
6021.968262	709
6026.399414	712
6030.830566	658
6035.261719	646
6039.692871	638
6044.124023	596
6048.555176	629
6052.986328	664
6057.417480	638
6061.848633	590
6066.279785	589
6070.710938	623
6075.142090	668
6079.573242	618
6084.004395	571
6088.435547	573
6092.866699	637
6097.297852	652
6101.729492	592
6106.160645	589
6110.591797	604
6115.022949	642
6119.454102	645
6123.885254	594
6128.316406	568
6132.747559	575
6137.178711	556
6141.609863	551
6146.041016	542
6150.472168	515
6154.903320	529
6159.334473	571
6163.765625	554
6168.196777	530
6172.627930	547
6177.059082	558
6181.490234	555
6185.921387	550
6190.352539	546
6194.784180	550
6199.215332	564
6203.646484	542
6208.077637	518
6212.508789	515
6216.939941	481
6221.371094	464
6225.802246	534
6230.233398	521
6234.664551	502
6239.095703	520
6243.526855	489
6247.958008	437
6252.389160	455
6256.820313	451
6261.251465	463
6265.682617	471
6270.113770	537
6274.544922	548
6278.976074	483
6283.407715	465
6287.838867	486
6292.270020	517
6296.701172	549
6301.132324	459
6305.563477	467
6309.994629	498
6314.425781	497
6318.856934	476
6323.288086	469
6327.719238	471
6332.150391	501
6336.581543	431
6341.012695	415
6345.443848	435
6349.875000	453
6354.306152	465
6358.737305	426
6363.168457	391
6367.599609	414
6372.030762	453
6376.462402	442
6380.893555	472
6385.324707	493
6389.755859	483
6394.187012	489
6398.618164	499
6403.049316	444
6407.480469	450
6411.911621	413
6416.342773	396
6420.773926	426
6425.205078	404
6429.636230	439
6434.067383	448
6438.498535	420
6442.929688	385
6447.360840	419
6451.791992	438
6456.223145	436
6460.654297	432
6465.085449	447
6469.517090	466
6473.948242	454
6478.379395	421
6482.810547	376
6487.241699	412
6491.672852	459
6496.104004	443
6500.535156	409
6504.966309	404
6509.397461	426
6513.828613	439
6518.259766	392
6522.690918	373
6527.122070	378
6531.553223	376
6535.984375	418
6540.415527	456
6544.846680	420
6549.277832	389
6553.708984	345
6558.140625	322
6562.571777	320
6567.002930	302
6571.434082	305
6575.865234	363
6580.296387	383
6584.727539	381
6589.158691	356
6593.589844	368
6598.020996	389
6602.452148	389
6606.883301	407
6611.314453	426
6615.745605	412
6620.176758	398
6624.607910	412
6629.039063	435
6633.470215	404
6637.901367	319
6642.332520	316
6646.763672	364
6651.195313	398
6655.626465	367
6660.057617	434
6664.488770	441
6668.919922	422
6673.351074	407
6677.782227	376
6682.213379	389
6686.644531	377
6691.075684	362
6695.506836	386
6699.937988	413
6704.369141	422
6708.800293	374
6713.231445	388
6717.662598	403
6722.093750	377
6726.524902	347
6730.956055	367
6735.387207	396
6739.818359	411
6744.250000	374
6748.681152	377
6753.112305	390
6757.543457	348
6761.974609	352
6766.405762	412
6770.836914	404
6775.268066	372
6779.699219	340
6784.130371	353
6788.561523	317
6792.992676	298
6797.423828	340
6801.854980	341
6806.286133	329
6810.717285	346
6815.148438	346
6819.579590	354
6824.010742	347
6828.441895	345
6832.873047	354
6837.304688	363
6841.735840	346
6846.166992	350
6850.598145	366
6855.029297	362
6859.460449	364
6863.891602	345
6868.322754	304
6872.753906	285
6877.185059	311
6881.616211	333
6886.047363	331
6890.478516	319
6894.909668	318
6899.340820	320
6903.771973	297
6908.203125	329
6912.634277	363
6917.065430	331
6921.496582	292
6925.928223	318
6930.359375	334
6934.790527	348
6939.221680	341
6943.652832	326
6948.083984	321
6952.515137	323
6956.946289	312
6961.377441	322
6965.808594	309
6970.239746	302
6974.670898	309
6979.102051	311
6983.533203	318
6987.964355	295
6992.395508	300
6996.826660	295
7001.257813	284
7005.688965	274
7010.120117	290
7014.551270	305
7018.982910	298
7023.414063	286
7027.845215	275
7032.276367	260
7036.707520	237
7041.138672	264
7045.569824	270
7050.000977	293
7054.432129	270
7058.863281	255
7063.294434	278
7067.725586	289
7072.156738	272
7076.587891	271
7081.019043	273
7085.450195	278
7089.881348	272
7094.312500	268
7098.743652	279
7103.174805	287
7107.605957	287
7112.037598	268
7116.468750	283
7120.899902	304
7125.331055	262
7129.762207	202
7134.193359	238
7138.624512	275
7143.055664	273
7147.486816	295
7151.917969	271
7156.349121	256
7160.780273	234
7165.211426	227
7169.642578	221
7174.073730	239
7178.504883	255
7182.936035	247
7187.367188	253
7191.798340	244
7196.229492	276
7200.661133	284
7205.092285	268
7209.523438	253
7213.954590	250
7218.385742	258
7222.816895	230
7227.248047	205
7231.679199	203
7236.110352	209
7240.541504	214
7244.972656	212
7249.403809	184
7253.834961	178
7258.266113	226
7262.697266	251
7267.128418	237
7271.559570	210
7275.990723	186
7280.421875	200
7284.853027	220
7289.284180	231
7293.715820	190
7298.146973	209
7302.578125	254
7307.009277	214
7311.440430	184
7315.871582	179
7320.302734	171
7324.733887	193
7329.165039	203
7333.596191	193
7338.027344	204
7342.458496	202
7346.889648	199
7351.320801	184
7355.751953	184
7360.183105	183
7364.614258	199
7369.045410	199
7373.476563	206
7377.907715	212
7382.338867	226
7386.770508	217
7391.201660	189
7395.632813	190
7400.063965	177
7404.495117	174
7408.926270	176
7413.357422	165
7417.788574	176
7422.219727	194
7426.650879	195
7431.082031	186
7435.513184	188
7439.944336	194
7444.375488	217
7448.806641	219
7453.237793	197
7457.668945	155
7462.100098	155
7466.531250	174
7470.962402	189
7475.394043	199
7479.825195	209
7484.256348	205
7488.687500	172
7493.118652	190
7497.549805	203
7501.980957	214
7506.412109	214
7510.843262	180
7515.274414	174
7519.705566	191
7524.136719	209
7528.567871	215
7532.999023	213
7537.430176	194
7541.861328	174
7546.292480	185
7550.723633	193
7555.154785	193
7559.585938	214
7564.017090	222
7568.448730	197
7572.879883	170
7577.311035	159
7581.742188	188
7586.173340	213
7590.604492	225
7595.035645	188
7599.466797	181
7603.897949	183
7608.329102	176
7612.760254	207
7617.191406	224
7621.622559	197
7626.053711	165
7630.484863	151
7634.916016	143
7639.347168	164
7643.778320	171
7648.209473	168
7652.640625	172
7657.071777	162
7661.503418	164
7665.934570	196
7670.365723	179
7674.796875	191
7679.228027	184
7683.659180	172
7688.090332	156
7692.521484	144
7696.952637	139
7701.383789	163
7705.814941	207
7710.246094	170
7714.677246	144
7719.108398	142
7723.539551	139
7727.970703	141
7732.401855	167
7736.833008	191
7741.264160	185
7745.695313	194
7750.126953	189
7754.558105	181
7758.989258	174
7763.420410	160
7767.851563	158
7772.282715	166
7776.713867	150
7781.145020	152
7785.576172	163
7790.007324	165
7794.438477	155
7798.869629	149
7803.300781	156
7807.731934	160
7812.163086	178
7816.594238	193
7821.025391	182
7825.456543	161
7829.887695	152
7834.318848	152
7838.750000	147
7843.181641	174
7847.612793	176
7852.043945	140
7856.475098	144
7860.906250	162
7865.337402	160
7869.768555	168
7874.199707	166
7878.630859	143
7883.062012	147
7887.493164	176
7891.924316	158
7896.355469	178
7900.786621	182
7905.217773	151
7909.648926	155
7914.080078	153
7918.511230	163
7922.942383	200
7927.373535	191
7931.804688	160
7936.236328	164
7940.667480	178
7945.098633	173
7949.529785	168
7953.960938	179
7958.392090	162
7962.823242	130
7967.254395	155
7971.685547	203
7976.116699	207
7980.547852	184
7984.979004	176
7989.410156	181
7993.841309	177
7998.272461	175
8002.703613	204
8007.134766	181
8011.565918	186
8015.997070	194
8020.428223	192
8024.859375	207
8029.291016	214
8033.722168	215
8038.153320	235
8042.584473	215
8047.015625	174
8051.446777	192
8055.877930	215
8060.309082	194
8064.740234	180
8069.171387	182
8073.602539	181
8078.033691	199
8082.464844	212
8086.895996	183
8091.327148	153
8095.758301	185
8100.189453	207
8104.620605	189
8109.051758	191
8113.482910	192
8117.914551	165
8122.345703	166
8126.776855	191
8131.208008	188
8135.639160	167
8140.070313	157
8144.501465	169
8148.932617	195
8153.363770	207
8157.794922	212
8162.226074	193
8166.657227	183
8171.088379	160
8175.519531	131
8179.950684	148
8184.381836	167
8188.812988	179
8193.244141	178
8197.675781	160
8202.106445	163
8206.538086	159
8210.968750	142
8215.400391	137
8219.831055	145
8224.262695	149
8228.693359	150
8233.125000	170
8237.555664	160
8241.987305	134
8246.417969	142
8250.849609	168
8255.281250	160
8259.711914	144
8264.143555	164
8268.574219	166
8273.005859	157
8277.436523	158
8281.868164	154
8286.298828	157
8290.730469	163
8295.161133	157
8299.592773	151
8304.023438	159
8308.455078	135
8312.885742	144
8317.317383	189
8321.748047	161
8326.179688	141
8330.610352	154
8335.041992	160
8339.472656	177
8343.904297	170
8348.335938	141
8352.766602	141
8357.198242	157
8361.628906	206
8366.060547	201
8370.491211	147
8374.922852	129
8379.353516	153
8383.785156	174
8388.215820	173
8392.647461	166
8397.078125	164
8401.509766	158
8405.940430	147
8410.372070	156
8414.802734	179
8419.234375	167
8423.665039	146
8428.096680	151
8432.527344	161
8436.958984	156
8441.390625	136
8445.821289	142
8450.252930	151
8454.683594	151
8459.115234	173
8463.545898	184
8467.977539	189
8472.408203	168
8476.839844	143
8481.270508	144
8485.702148	153
8490.132813	173
8494.564453	194
8498.995117	216
8503.426758	197
8507.857422	196
8512.289063	190
8516.719727	201
8521.151367	197
8525.582031	183
8530.013672	169
8534.445313	169
8538.875977	158
8543.307617	152
8547.738281	162
8552.169922	176
8556.600586	186
8561.032227	183
8565.462891	152
8569.894531	165
8574.325195	169
8578.756836	168
8583.187500	164
8587.619141	165
8592.049805	179
8596.481445	185
8600.912109	176
8605.343750	139
8609.774414	167
8614.206055	197
8618.636719	177
8623.068359	160
8627.500000	156
8631.930664	148
8636.362305	160
8640.792969	190
8645.224609	211
8649.655273	201
8654.086914	185
8658.517578	175
8662.949219	178
8667.379883	185
8671.811523	173
8676.242188	184
8680.673828	179
8685.104492	178
8689.536133	171
8693.966797	164
8698.398438	174
8702.829102	186
8707.260742	178
8711.691406	165
8716.123047	162
8720.554688	172
8724.985352	172
8729.416992	153
8733.847656	154
8738.279297	181
8742.709961	190
8747.141602	189
8751.572266	169
8756.003906	158
8760.434570	169
8764.866211	162
8769.296875	161
8773.728516	162
8778.159180	180
8782.590820	180
8787.021484	176
8791.453125	174
8795.883789	146
8800.315430	154
8804.746094	164
8809.177734	149
8813.609375	156
8818.040039	159
8822.471680	141
8826.902344	151
8831.333984	153
8835.764648	171
8840.196289	162
8844.626953	159
8849.058594	167
8853.489258	153
8857.920898	137
8862.351563	157
8866.783203	166
8871.213867	182
8875.645508	175
8880.076172	162
8884.507813	166
8888.938477	164
8893.370117	153
8897.801758	139
8902.232422	157
8906.664063	179
8911.094727	186
8915.526367	157
8919.957031	139
8924.388672	148
8928.819336	137
8933.250977	150
8937.681641	169
8942.113281	173
8946.543945	173
8950.975586	154
8955.406250	150
8959.837891	162
8964.268555	166
8968.700195	165
8973.130859	171
8977.562500	144
8981.993164	144
8986.424805	156
8990.856445	143
8995.287109	138
8999.718750	143
9004.149414	165
9008.581055	147
9013.011719	140
9017.443359	145
9021.874023	157
9026.305664	166
9030.736328	160
9035.167969	148
9039.598633	158
9044.030273	165
9048.460938	166
9052.892578	153
9057.323242	137
9061.754883	135
9066.185547	140
9070.617188	136
9075.047852	145
9079.479492	136
9083.911133	153
9088.341797	162
9092.773438	161
9097.204102	155
9101.635742	168
9106.066406	189
9110.498047	197
9114.928711	171
9119.360352	149
9123.791016	130
9128.222656	145
9132.653320	150
9137.084961	162
9141.515625	166
9145.947266	158
9150.377930	139
9154.809570	140
9159.240234	145
9163.671875	157
9168.102539	151
9172.534180	156
9176.965820	163
9181.396484	154
9185.828125	150
9190.258789	148
9194.690430	160
9199.121094	174
9203.552734	167
9207.983398	157
9212.415039	159
9216.845703	164
9221.277344	184
9225.708008	160
9230.139648	156
9234.570313	177
9239.001953	177
9243.432617	169
9247.864258	144
9252.294922	151
9256.726563	147
9261.157227	144
9265.588867	154
9270.020508	173
9274.451172	162
9278.882813	151
9283.313477	156
9287.745117	152
9292.175781	148
9296.607422	130
9301.038086	142
9305.469727	149
9309.900391	148
9314.332031	165
9318.762695	150
9323.194336	154
9327.625000	169
9332.056641	164
9336.487305	164
9340.918945	160
9345.349609	163
9349.781250	157
9354.211914	136
9358.643555	159
9363.075195	189
9367.505859	179
9371.937500	170
9376.368164	169
9380.799805	156
9385.230469	156
9389.662109	159
9394.092773	166
9398.524414	168
9402.955078	149
9407.386719	151
9411.817383	170
9416.249023	169
9420.679688	162
9425.111328	161
9429.541992	172
9433.973633	162
9438.404297	158
9442.835938	147
9447.267578	135
9451.698242	156
9456.129883	166
9460.560547	143
9464.992188	124
9469.422852	128
9473.854492	133
9478.285156	145
9482.716797	145
9487.147461	144
9491.579102	151
9496.009766	150
9500.441406	134
9504.872070	134
9509.303711	155
9513.734375	172
9518.166016	155
9522.596680	158
9527.028320	153
9531.458984	165
9535.890625	168
9540.322266	161
9544.752930	163
9549.184570	166
9553.615234	165
9558.046875	157
9562.477539	154
9566.909180	146
9571.339844	154
9575.771484	185
9580.202148	196
9584.633789	186
9589.064453	194
9593.496094	207
9597.926758	185
9602.358398	150
9606.789063	151
9611.220703	142
9615.651367	138
9620.083008	161
9624.513672	188
9628.945313	173
9633.376953	152
9637.807617	145
9642.239258	168
9646.669922	186
9651.101563	166
9655.532227	164
9659.963867	166
9664.394531	167
9668.826172	151
9673.256836	139
9677.688477	153
9682.119141	152
9686.550781	146
9690.981445	150
9695.413086	156
9699.843750	155
9704.275391	154
9708.706055	159
9713.137695	165
9717.568359	165
9722.000000	174
9726.431641	186
9730.862305	178
9735.293945	150
9739.724609	136
9744.156250	156
9748.586914	171
9753.018555	196
9757.449219	184
9761.880859	164
9766.311523	146
9770.743164	130
9775.173828	152
9779.605469	155
9784.036133	150
9788.467773	162
9792.898438	179
9797.330078	195
9801.760742	168
9806.192383	154
9810.623047	160
9815.054688	156
9819.486328	165
9823.916992	166
9828.348633	161
9832.779297	166
9837.210938	165
9841.641602	161
9846.073242	143
9850.503906	127
9854.935547	137
9859.366211	160
9863.797852	139
9868.228516	148
9872.660156	180
9877.090820	200
9881.522461	192
9885.953125	169
9890.384766	144
9894.815430	148
9899.247070	154
9903.677734	173
9908.109375	175
9912.541016	153
9916.971680	148
9921.403320	166
9925.833984	154
9930.265625	162
9934.696289	182
9939.127930	173
9943.558594	177
9947.990234	194
9952.420898	184
9956.852539	154
9961.283203	162
9965.714844	192
9970.145508	177
9974.577148	176
9979.007813	171
9983.439453	153
9987.870117	174
9992.301758	209
9996.732422	189
10001.164063	183
10005.595703	179
10010.026367	160
10014.458008	157
10018.888672	164
10023.320313	175
10027.750977	175
10032.182617	161
10036.613281	147
10041.044922	158
10045.475586	169
10049.907227	176
10054.337891	179
10058.769531	174
10063.200195	179
10067.631836	159
10072.062500	156
10076.494141	156
10080.924805	144
10085.356445	138
10089.788086	155
10094.218750	186
10098.650391	176
10103.081055	173
10107.512695	166
10111.943359	153
10116.375000	163
10120.805664	166
10125.237305	149
10129.667969	154
10134.099609	156
10138.530273	160
10142.961914	181
10147.392578	203
10151.824219	195
10156.254883	172
10160.686523	158
10165.117188	169
10169.548828	172
10173.979492	153
10178.411133	159
10182.842773	175
10187.273438	173
10191.705078	156
10196.135742	161
10200.567383	158
10204.998047	164
10209.429688	169
10213.860352	162
10218.291992	157
10222.722656	159
10227.154297	156
10231.584961	143
10236.016602	156
10240.447266	178
10244.878906	168
10249.309570	163
10253.741211	157
10258.171875	164
10262.603516	167
10267.034180	178
10271.465820	148
10275.897461	152
10280.328125	157
10284.759766	148
10289.190430	161
10293.622070	172
10298.052734	168
10302.484375	174
10306.915039	161
10311.346680	165
10315.777344	156
10320.208984	155
10324.639648	164
10329.071289	166
10333.501953	166
10337.933594	152
10342.364258	139
10346.795898	162
10351.226563	156
10355.658203	151
10360.088867	167
10364.520508	171
10368.952148	152
10373.382813	139
10377.814453	150
10382.245117	164
10386.676758	171
10391.107422	176
10395.539063	154
10399.969727	144
10404.401367	161
10408.832031	159
10413.263672	143
10417.694336	139
10422.125977	152
10426.556641	160
10430.988281	146
10435.418945	147
10439.850586	146
10444.281250	163
10448.712891	181
10453.143555	184
10457.575195	167
10462.006836	142
10466.437500	161
10470.869141	168
10475.299805	170
10479.731445	170
10484.162109	137
10488.593750	134
10493.024414	144
10497.456055	159
10501.886719	188
10506.318359	161
10510.749023	148
10515.180664	160
10519.611328	170
10524.042969	156
10528.473633	160
10532.905273	159
10537.335938	145
10541.767578	133
10546.198242	140
10550.629883	149
10555.061523	156
10559.492188	170
10563.923828	162
10568.354492	161
10572.786133	172
10577.216797	170
10581.648438	154
10586.079102	163
10590.510742	156
10594.941406	160
10599.373047	140
10603.803711	131
10608.235352	138
10612.666016	133
10617.097656	145
10621.528320	143
10625.959961	136
10630.390625	140
10634.822266	162
10639.253906	155
10643.684570	157
10648.116211	183
10652.546875	180
10656.978516	166
10661.409180	141
10665.840820	156
10670.271484	168
10674.703125	164
10679.133789	154
10683.565430	143
10687.996094	159
10692.427734	159
10696.858398	168
10701.290039	172
10705.720703	158
10710.152344	168
10714.583008	155
10719.014648	146
10723.445313	169
10727.876953	165
10732.308594	141
10736.739258	128
10741.170898	143
10745.601563	173
10750.033203	173
10754.463867	147
10758.895508	135
10763.326172	165
10767.757813	170
10772.188477	174
10776.620117	169
10781.050781	158
10785.482422	184
10789.913086	197
10794.344727	177
10798.775391	155
10803.207031	149
10807.637695	165
10812.069336	164
10816.500000	144
10820.931641	145
10825.363281	150
10829.793945	175
10834.225586	184
10838.656250	159
10843.087891	146
10847.518555	141
10851.950195	152
10856.380859	147
10860.812500	158
10865.243164	184
10869.674805	188
10874.105469	175
10878.537109	169
10882.967773	173
10887.399414	179
10891.830078	169
10896.261719	156
10900.692383	169
10905.124023	180
10909.554688	169
10913.986328	202
10918.417969	184
10922.848633	155
10927.280273	159
10931.710938	168
10936.142578	156
10940.573242	143
10945.004883	169
10949.435547	174
10953.867188	166
10958.297852	158
10962.729492	163
10967.160156	173
10971.591797	171
10976.022461	166
10980.454102	140
10984.884766	148
10989.316406	166
10993.747070	147
10998.178711	142
11002.609375	157
11007.041016	174
11011.472656	174
11015.903320	176
11020.334961	164
11024.765625	172
11029.197266	181
11033.627930	167
11038.059570	167
11042.490234	189
11046.921875	186
11051.352539	157
11055.784180	146
11060.214844	140
11064.646484	153
11069.077148	166
11073.508789	182
11077.939453	180
11082.371094	176
11086.801758	164
11091.233398	154
11095.664063	153
11100.095703	157
11104.527344	174
11108.958008	162
11113.389648	146
11117.820313	157
11122.251953	167
11126.682617	162
11131.114258	171
11135.544922	160
11139.976563	162
11144.407227	171
11148.838867	155
11153.269531	158
11157.701172	175
11162.131836	182
11166.563477	151
11170.994141	155
11175.425781	175
11179.856445	192
11184.288086	164
11188.718750	139
11193.150391	161
11197.582031	167
11202.012695	154
11206.444336	158
11210.875000	152
11215.306641	151
11219.737305	137
11224.168945	121
11228.599609	132
11233.031250	141
11237.461914	153
11241.893555	165
11246.324219	172
11250.755859	177
11255.186523	170
11259.618164	170
11264.048828	162
11268.480469	140
11272.911133	157
11277.342773	171
11281.774414	146
11286.205078	115
11290.636719	134
11295.067383	133
11299.499023	143
11303.929688	128
11308.361328	109
11312.791992	119
11317.223633	129
11321.654297	119
11326.085938	123
11330.516602	127
11334.948242	86
11339.378906	77
11343.810547	87
11348.241211	76
11352.672852	65
11357.103516	65
11361.535156	50
11365.965820	51
11370.397461	58
11374.829102	56
11379.259766	54
11383.691406	47
11388.122070	33
11392.553711	36
11396.984375	43
11401.416016	37
11405.846680	21
11410.278320	25
11414.708984	19
11419.140625	10
11423.571289	10
11428.002930	9
11432.433594	0
11436.865234	0
11441.295898	0
11445.727539	0
11450.158203	0
11454.589844	0
11459.020508	0
11463.452148	0
11467.883789	0
11472.314453	0
11476.746094	0
11481.176758	0
11485.608398	0
11490.039063	0
11494.470703	0
11498.901367	0
11503.333008	0
11507.763672	0
11512.195313	0
11516.625977	0
11521.057617	0
11525.488281	0
11529.919922	0
11534.350586	0
11538.782227	0
11543.212891	0
11547.644531	0
11552.075195	0
11556.506836	0
11560.938477	0
11565.369141	0
11569.800781	0
11574.231445	0
11578.663086	0
11583.093750	0
11587.525391	0
11591.956055	0
11596.387695	0
11600.818359	0
11605.250000	0
11609.680664	0
11614.112305	0
11618.542969	0
11622.974609	0
11627.405273	0
11631.836914	0
11636.267578	0
11640.699219	0
11645.129883	0
11649.561523	0
11653.993164	0
11658.423828	0
11662.855469	0
11667.286133	0
11671.717773	0
11676.148438	0
11680.580078	0
11685.010742	0
11689.442383	0
11693.873047	0
11698.304688	0
11702.735352	0
11707.166992	0
11711.597656	0
11716.029297	0
11720.459961	0
11724.891602	0
11729.322266	0
11733.753906	0
11738.184570	0
11742.616211	0
11747.047852	0
11751.478516	0
11755.910156	0
11760.340820	0
11764.772461	0
11769.203125	0
11773.634766	0
11778.065430	0
11782.497070	0
11786.927734	0
11791.359375	0
11795.790039	0
11800.221680	0
11804.652344	0
11809.083984	0
11813.514648	0
11817.946289	0
11822.376953	0
11826.808594	0
11831.239258	0
11835.670898	0
11840.102539	0
11844.533203	0
11848.964844	0
11853.395508	0
11857.827148	0
11862.257813	0
11866.689453	0
11871.120117	0
11875.551758	0
11879.982422	0
11884.414063	0
11888.844727	0
11893.276367	0
11897.707031	0
11902.138672	0
11906.569336	0
11911.000977	0
11915.431641	0
11919.863281	0
11924.294922	0
11928.725586	0
11933.157227	0
11937.587891	0
11942.019531	0
11946.450195	0
11950.881836	0
11955.312500	0
11959.744141	0
11964.174805	0
11968.606445	0
11973.037109	0
11977.468750	0
11981.899414	0
11986.331055	0
11990.761719	0
11995.193359	0
11999.624023	0
12004.055664	0
12008.486328	0
12012.917969	0
12017.349609	0
12021.780273	0
12026.211914	0
12030.642578	0
12035.074219	0
12039.504883	0
12043.936523	0
12048.367188	0
12052.798828	0
12057.229492	0
12061.661133	0
12066.091797	0
12070.523438	0
12074.954102	0
12079.385742	0
12083.816406	0
12088.248047	0
12092.678711	0
12097.110352	0
12101.541016	0
12105.972656	0
12110.404297	0
12114.834961	0
12119.266602	0
12123.697266	0
12128.128906	0
12132.559570	0
12136.991211	0
12141.421875	0
12145.853516	0
12150.284180	0
12154.715820	0
12159.146484	0
12163.578125	0
12168.008789	0
12172.440430	0
12176.871094	0
12181.302734	0
12185.733398	0
12190.165039	0
12194.595703	0
12199.027344	0
12203.458984	0
12207.889648	0
12212.321289	0
12216.751953	0
12221.183594	0
12225.614258	0
12230.045898	0
12234.476563	0
12238.908203	0
12243.338867	0
12247.770508	0
12252.201172	0
12256.632813	0
12261.063477	0
12265.495117	0
12269.925781	0
12274.357422	0
12278.788086	0
12283.219727	0
12287.650391	0
12292.082031	0
12296.513672	0
12300.944336	0
12305.375977	0
12309.806641	0
12314.238281	0
12318.668945	0
12323.100586	0
12327.531250	0
12331.962891	0
12336.393555	0
12340.825195	0
12345.255859	0
12349.687500	0
12354.118164	0
12358.549805	0
12362.980469	0
12367.412109	0
12371.842773	0
12376.274414	0
12380.705078	0
12385.136719	0
12389.568359	0
12393.999023	0
12398.430664	0
12402.861328	0
12407.292969	0
12411.723633	0
12416.155273	0
12420.585938	0
12425.017578	0
12429.448242	0
12433.879883	0
12438.310547	0
12442.742188	0
12447.172852	0
12451.604492	0
12456.035156	0
12460.466797	0
12464.897461	0
12469.329102	0
12473.760742	0
12478.191406	0
12482.623047	0
12487.053711	0
12491.485352	0
12495.916016	0
12500.347656	0
12504.778320	0
12509.209961	0
12513.640625	0
12518.072266	0
12522.502930	0
12526.934570	0
12531.365234	0
12535.796875	0
12540.227539	0
12544.659180	0
12549.089844	0
12553.521484	0
12557.952148	0
12562.383789	0
12566.815430	0
12571.246094	0
12575.677734	0
12580.108398	0
12584.540039	0
12588.970703	0
12593.402344	0
12597.833008	0
12602.264648	0
12606.695313	0
12611.126953	0
12615.557617	0
12619.989258	0
12624.419922	0
12628.851563	0
12633.282227	0
12637.713867	0
12642.144531	0
12646.576172	0
12651.006836	0
12655.438477	0
12659.870117	0
12664.300781	0
12668.732422	0
12673.163086	0
12677.594727	0
12682.025391	0
12686.457031	0
12690.887695	0
12695.319336	0
12699.750000	0
12704.181641	0
12708.612305	0
12713.043945	0
12717.474609	0
12721.906250	0
12726.336914	0
12730.768555	0
12735.199219	0
12739.630859	0
12744.061523	0
12748.493164	0
12752.924805	0
12757.355469	0
12761.787109	0
12766.217773	0
12770.649414	0
12775.080078	0
12779.511719	0
12783.942383	0
12788.374023	0
12792.804688	0
12797.236328	0
12801.666992	0
12806.098633	0
12810.529297	0
12814.960938	0
12819.391602	0
12823.823242	0
12828.253906	0
12832.685547	0
12837.116211	0
12841.547852	0
12845.979492	0
12850.410156	0
12854.841797	0
12859.272461	0
12863.704102	0
12868.134766	0
12872.566406	0
12876.997070	0
12881.428711	0
12885.859375	0
12890.291016	0
12894.721680	0
12899.153320	0
12903.583984	0
12908.015625	0
12912.446289	0
12916.877930	0
12921.308594	0
12925.740234	0
12930.170898	0
12934.602539	0
12939.034180	0
12943.464844	0
12947.896484	0
12952.327148	0
12956.758789	0
12961.189453	0
12965.621094	0
12970.051758	0
12974.483398	0
12978.914063	0
12983.345703	0
12987.776367	0
12992.208008	0
