-4011.762451	0
-4007.339355	0
-4002.916260	0
-3998.493164	0
-3994.070068	0
-3989.646973	0
-3985.223877	0
-3980.800781	0
-3976.377686	0
-3971.954590	0
-3967.531494	0
-3963.108398	0
-3958.685059	0
-3954.261963	0
-3949.838867	0
-3945.415771	0
-3940.992676	0
-3936.569580	0
-3932.146484	0
-3927.723389	0
-3923.300293	0
-3918.877197	0
-3914.454102	0
-3910.031006	0
-3905.607910	0
-3901.184814	0
-3896.761719	0
-3892.338379	0
-3887.915283	0
-3883.492188	0
-3879.069092	0
-3874.645996	0
-3870.222900	0
-3865.799805	0
-3861.376709	0
-3856.953613	0
-3852.530518	0
-3848.107422	0
-3843.684326	0
-3839.261230	0
-3834.838135	0
-3830.415039	0
-3825.991699	0
-3821.568604	0
-3817.145508	0
-3812.722412	0
-3808.299316	0
-3803.876221	0
-3799.453125	0
-3795.030029	0
-3790.606934	0
-3786.183838	0
-3781.760742	0
-3777.337646	0
-3772.914551	0
-3768.491455	0
-3764.068359	0
-3759.645020	0
-3755.221924	0
-3750.798828	0
-3746.375732	0
-3741.952637	0
-3737.529541	0
-3733.106445	0
-3728.683350	0
-3724.260254	0
-3719.837158	0
-3715.414063	0
-3710.990967	0
-3706.567871	0
-3702.144775	0
-3697.721680	0
-3693.298340	0
-3688.875244	0
-3684.452148	0
-3680.029053	0
-3675.605957	0
-3671.182861	0
-3666.759766	0
-3662.336670	0
-3657.913574	0
-3653.490479	0
-3649.067383	0
-3644.644287	0
-3640.221191	0
-3635.798096	0
-3631.375000	0
-3626.951660	0
-3622.528564	0
-3618.105469	0
-3613.682373	0
-3609.259277	0
-3604.836182	0
-3600.413086	0
-3595.989990	0
-3591.566895	0
-3587.143799	0
-3582.720703	0
-3578.297607	0
-3573.874512	0
-3569.451416	0
-3565.028320	0
-3560.604980	0
-3556.181885	0
-3551.758789	0
-3547.335693	0
-3542.912598	0
-3538.489502	0
-3534.066406	0
-3529.643311	0
-3525.220215	0
-3520.797119	0
-3516.374023	0
-3511.950928	0
-3507.527832	0
-3503.104736	0
-3498.681641	0
-3494.258301	0
-3489.835205	0
-3485.412109	0
-3480.989014	0
-3476.565918	0
-3472.142822	0
-3467.719727	0
-3463.296631	0
-3458.873535	0
-3454.450439	0
-3450.027344	0
-3445.604248	0
-3441.181152	0
-3436.758057	0
-3432.334961	0
-3427.911621	0
-3423.488525	0
-3419.065430	0
-3414.642334	0
-3410.219238	0
-3405.796143	0
-3401.373047	0
-3396.949951	0
-3392.526855	0
-3388.103760	0
-3383.680664	0
-3379.257568	0
-3374.834473	0
-3370.411377	0
-3365.988281	0
-3361.564941	0
-3357.141846	0
-3352.718750	0
-3348.295654	0
-3343.872559	0
-3339.449463	0
-3335.026367	0
-3330.603271	0
-3326.180176	0
-3321.757080	0
-3317.333984	0
-3312.910889	0
-3308.487793	0
-3304.064697	0
-3299.641602	0
-3295.218262	0
-3290.795166	0
-3286.372070	0
-3281.948975	0
-3277.525879	0
-3273.102783	0
-3268.679688	0
-3264.256592	0
-3259.833496	0
-3255.410400	0
-3250.987305	0
-3246.564209	0
-3242.141113	0
-3237.718018	0
-3233.294922	0
-3228.871582	0
-3224.448486	0
-3220.025391	0
-3215.602295	0
-3211.179199	0
-3206.756104	0
-3202.333008	0
-3197.909912	0
-3193.486816	0
-3189.063721	0
-3184.640625	0
-3180.217529	0
-3175.794434	0
-3171.371338	0
-3166.948242	0
-3162.524902	0
-3158.101807	0
-3153.678711	0
-3149.255615	0
-3144.832520	0
-3140.409424	0
-3135.986328	0
-3131.563232	0
-3127.140137	0
-3122.717041	0
-3118.293945	0
-3113.870850	0
-3109.447754	0
-3105.024658	0
-3100.601563	0
-3096.178223	0
-3091.755127	0
-3087.332031	0
-3082.908936	0
-3078.485840	0
-3074.062744	0
-3069.639648	0
-3065.216553	0
-3060.793457	0
-3056.370361	0
-3051.947266	0
-3047.524170	0
-3043.101074	0
-3038.677979	0
-3034.254883	0
-3029.831787	0
-3025.408447	0
-3020.985352	0
-3016.562256	0
-3012.139160	0
-3007.716064	0
-3003.292969	0
-2998.869873	0
-2994.446777	0
-2990.023682	0
-2985.600586	0
-2981.177490	0
-2976.754395	0
-2972.331299	0
-2967.908203	0
-2963.485107	0
-2959.061768	0
-2954.638672	0
-2950.215576	0
-2945.792480	0
-2941.369385	0
-2936.946289	0
-2932.523193	0
-2928.100098	0
-2923.677002	0
-2919.253906	0
-2914.830811	0
-2910.407715	0
-2905.984619	0
-2901.561523	0
-2897.138428	0
-2892.715088	0
-2888.291992	0
-2883.868896	0
-2879.445801	0
-2875.022705	0
-2870.599609	8
-2866.176514	9
-2861.753418	10
-2857.330322	16
-2852.907227	18
-2848.484131	24
-2844.061035	29
-2839.637939	17
-2835.214844	31
-2830.791748	46
-2826.368408	59
-2821.945313	51
-2817.522217	50
-2813.099121	60
-2808.676025	64
-2804.252930	65
-2799.829834	79
-2795.406738	73
-2790.983643	76
-2786.560547	78
-2782.137451	80
-2777.714355	89
-2773.291260	122
-2768.868164	113
-2764.445068	99
-2760.021729	100
-2755.598633	90
-2751.175537	100
-2746.752441	117
-2742.329346	104
-2737.906250	122
-2733.483154	127
-2729.060059	144
-2724.636963	145
-2720.213867	146
-2715.790771	154
-2711.367676	150
-2706.944580	155
-2702.521484	149
-2698.098389	155
-2693.675049	156
-2689.251953	159
-2684.828857	152
-2680.405762	183
-2675.982666	217
-2671.559570	199
-2667.136475	204
-2662.713379	200
-2658.290283	166
-2653.867188	161
-2649.444092	163
-2645.020996	167
-2640.597900	156
-2636.174805	163
-2631.751709	164
-2627.328369	176
-2622.905273	184
-2618.482178	181
-2614.059082	168
-2609.635986	180
-2605.212891	203
-2600.789795	204
-2596.366699	212
-2591.943604	183
-2587.520508	159
-2583.097412	168
-2578.674316	183
-2574.251221	168
-2569.828125	174
-2565.405029	180
-2560.981689	177
-2556.558594	174
-2552.135498	178
-2547.712402	182
-2543.289307	188
-2538.866211	166
-2534.443115	126
-2530.020020	152
-2525.596924	184
-2521.173828	182
-2516.750732	181
-2512.327637	175
-2507.904541	168
-2503.481445	158
-2499.058350	153
-2494.635010	163
-2490.211914	169
-2485.788818	170
-2481.365723	181
-2476.942627	181
-2472.519531	202
-2468.096436	220
-2463.673340	201
-2459.250244	185
-2454.827148	162
-2450.404053	165
-2445.980957	188
-2441.557861	193
-2437.134766	176
-2432.711670	167
-2428.288330	178
-2423.865234	190
-2419.442139	182
-2415.019043	190
-2410.595947	201
-2406.172852	174
-2401.749756	156
-2397.326660	167
-2392.903564	174
-2388.480469	179
-2384.057373	179
-2379.634277	194
-2375.211182	184
-2370.788086	167
-2366.364990	160
-2361.941650	159
-2357.518555	166
-2353.095459	168
-2348.672363	172
-2344.249268	167
-2339.826172	159
-2335.403076	180
-2330.979980	167
-2326.556885	160
-2322.133789	195
-2317.710693	190
-2313.287598	174
-2308.864502	167
-2304.441406	169
-2300.018311	177
-2295.594971	178
-2291.171875	174
-2286.748779	192
-2282.325684	203
-2277.902588	201
-2273.479492	179
-2269.056396	169
-2264.633301	182
-2260.210205	198
-2255.787109	189
-2251.364014	168
-2246.940918	171
-2242.517822	175
-2238.094727	180
-2233.671631	169
-2229.248291	165
-2224.825195	199
-2220.402100	201
-2215.979004	179
-2211.555908	168
-2207.132813	178
-2202.709717	194
-2198.286621	178
-2193.863525	165
-2189.440430	176
-2185.017334	199
-2180.594238	190
-2176.171143	186
-2171.748047	180
-2167.324951	175
-2162.901611	186
-2158.478516	181
-2154.055420	172
-2149.632324	167
-2145.209229	158
-2140.786133	160
-2136.363037	168
-2131.939941	177
-2127.516846	167
-2123.093750	172
-2118.670654	172
-2114.247559	175
-2109.824463	170
-2105.401367	181
-2100.978271	191
-2096.554932	212
-2092.131836	231
-2087.708740	208
-2083.285645	176
-2078.862549	160
-2074.439453	158
-2070.016357	167
-2065.593262	178
-2061.170166	174
-2056.747070	169
-2052.323975	169
-2047.900879	164
-2043.477661	163
-2039.054565	158
-2034.631470	161
-2030.208374	162
-2025.785278	159
-2021.362183	154
-2016.939087	166
-2012.515869	165
-2008.092773	147
-2003.669678	175
-1999.246582	185
-1994.823486	172
-1990.400391	178
-1985.977295	178
-1981.554199	185
-1977.130981	173
-1972.707886	152
-1968.284790	180
-1963.861694	194
-1959.438599	195
-1955.015503	177
-1950.592407	168
-1946.169189	165
-1941.746094	169
-1937.322998	162
-1932.899902	155
-1928.476807	177
-1924.053711	191
-1919.630615	169
-1915.207520	175
-1910.784302	190
-1906.361206	181
-1901.938110	163
-1897.515015	155
-1893.091919	151
-1888.668823	162
-1884.245728	199
-1879.822510	207
-1875.399414	196
-1870.976318	182
-1866.553223	170
-1862.130127	154
-1857.707031	157
-1853.283936	199
-1848.860840	200
-1844.437622	176
-1840.014526	170
-1835.591431	176
-1831.168335	185
-1826.745239	173
-1822.322144	168
-1817.899048	176
-1813.475830	172
-1809.052734	180
-1804.629639	181
-1800.206543	162
-1795.783447	165
-1791.360352	177
-1786.937256	198
-1782.514160	191
-1778.090942	179
-1773.667847	178
-1769.244751	196
-1764.821655	205
-1760.398560	202
-1755.975464	199
-1751.552368	202
-1747.129150	198
-1742.706055	179
-1738.282959	188
-1733.859863	199
-1729.436768	198
-1725.013672	191
-1720.590576	186
-1716.167480	181
-1711.744263	188
-1707.321167	184
-1702.898071	173
-1698.474976	164
-1694.051880	159
-1689.628784	140
-1685.205688	140
-1680.782471	170
-1676.359375	196
-1671.936279	185
-1667.513184	183
-1663.090088	185
-1658.666992	176
-1654.243896	159
-1649.820801	149
-1645.397583	162
-1640.974487	172
-1636.551392	181
-1632.128296	173
-1627.705200	194
-1623.282104	208
-1618.859009	179
-1614.435791	155
-1610.012695	146
-1605.589600	158
-1601.166504	182
-1596.743408	182
-1592.320313	172
-1587.897217	166
-1583.474121	180
-1579.050903	177
-1574.627808	168
-1570.204712	177
-1565.781616	186
-1561.358521	173
-1556.935425	172
-1552.512329	202
-1548.089111	198
-1543.666016	179
-1539.242920	163
-1534.819824	186
-1530.396729	207
-1525.973633	191
-1521.550537	170
-1517.127441	178
-1512.704224	179
-1508.281128	187
-1503.858032	187
-1499.434937	164
-1495.011841	154
-1490.588745	169
-1486.165649	186
-1481.742554	182
-1477.319336	200
-1472.896240	182
-1468.473145	172
-1464.050049	163
-1459.626953	162
-1455.203857	191
-1450.780762	153
-1446.357544	161
-1441.934448	184
-1437.511353	180
-1433.088257	165
-1428.665161	171
-1424.242065	175
-1419.818970	174
-1415.395874	192
-1410.972656	193
-1406.549561	204
-1402.126465	200
-1397.703369	188
-1393.280273	180
-1388.857178	180
-1384.434082	179
-1380.010864	171
-1375.587769	147
-1371.164673	136
-1366.741577	151
-1362.318481	172
-1357.895386	189
-1353.472290	166
-1349.049194	154
-1344.625977	162
-1340.202881	170
-1335.779785	189
-1331.356689	190
-1326.933594	178
-1322.510498	200
-1318.087402	190
-1313.664185	161
-1309.241089	168
-1304.817993	177
-1300.394897	168
-1295.971802	164
-1291.548706	159
-1287.125610	177
-1282.702515	171
-1278.279297	163
-1273.856201	173
-1269.433105	205
-1265.010010	241
-1260.586914	208
-1256.163818	162
-1251.740723	169
-1247.317505	159
-1242.894409	160
-1238.471313	157
-1234.048218	181
-1229.625122	162
-1225.202026	152
-1220.778931	166
-1216.355835	172
-1211.932617	184
-1207.509521	202
-1203.086426	205
-1198.663330	200
-1194.240234	196
-1189.817139	179
-1185.394043	181
-1180.970825	177
-1176.547729	179
-1172.124634	177
-1167.701538	158
-1163.278442	153
-1158.855347	168
-1154.432251	190
-1150.009155	188
-1145.585938	166
-1141.162842	158
-1136.739746	177
-1132.316650	188
-1127.893555	187
-1123.470459	182
-1119.047363	188
-1114.624146	180
-1110.201050	180
-1105.777954	196
-1101.354858	197
-1096.931763	193
-1092.508667	185
-1088.085571	158
-1083.662476	156
-1079.239258	163
-1074.816162	164
-1070.393066	177
-1065.969971	168
-1061.546875	182
-1057.123779	179
-1052.700684	223
-1048.277466	221
-1043.854370	183
-1039.431274	182
-1035.008179	197
-1030.585083	187
-1026.161987	182
-1021.738831	188
-1017.315735	185
-1012.892639	200
-1008.469543	196
-1004.046387	172
-999.623291	171
-995.200195	182
-990.777100	195
-986.353943	195
-981.930847	196
-977.507751	204
-973.084595	172
-968.661499	166
-964.238403	181
-959.815308	174
-955.392151	180
-950.969055	187
-946.545959	195
-942.122864	191
-937.699707	174
-933.276611	171
-928.853516	191
-924.430420	193
-920.007263	197
-915.584167	191
-911.161072	165
-906.737915	171
-902.314819	157
-897.891724	161
-893.468628	166
-889.045471	165
-884.622375	169
-880.199280	190
-875.776184	204
-871.353027	189
-866.929932	174
-862.506836	169
-858.083740	170
-853.660583	168
-849.237488	155
-844.814392	158
-840.391235	166
-835.968140	183
-831.545044	191
-827.121948	195
-822.698792	197
-818.275696	175
-813.852600	176
-809.429504	181
-805.006348	192
-800.583252	191
-796.160156	192
-791.737061	178
-787.313904	163
-782.890808	155
-778.467712	156
-774.044556	181
-769.621460	175
-765.198364	152
-760.775269	167
-756.352112	198
-751.929016	204
-747.505920	191
-743.082825	187
-738.659668	182
-734.236572	193
-729.813477	187
-725.390381	176
-720.967224	172
-716.544128	175
-712.121033	173
-707.697937	176
-703.274780	181
-698.851685	161
-694.428589	160
-690.005432	175
-685.582336	196
-681.159241	206
-676.736145	191
-672.312988	164
-667.889893	160
-663.466797	186
-659.043701	170
-654.620544	171
-650.197449	186
-645.774353	175
-641.351257	178
-636.928101	201
-632.505005	195
-628.081909	194
-623.658752	178
-619.235657	173
-614.812561	190
-610.389465	198
-605.966309	208
-601.543213	198
-597.120117	187
-592.697021	194
-588.273865	190
-583.850769	188
-579.427673	180
-575.004578	182
-570.581421	160
-566.158325	156
-561.735229	179
-557.312073	189
-552.888977	185
-548.465881	181
-544.042786	179
-539.619629	178
-535.196533	181
-530.773438	167
-526.350342	162
-521.927185	164
-517.504089	167
-513.080994	177
-508.657867	200
-504.234772	208
-499.811646	173
-495.388550	171
-490.965424	178
-486.542297	182
-482.119202	186
-477.696075	173
-473.272980	177
-468.849854	191
-464.426758	196
-460.003632	192
-455.580536	181
-451.157410	181
-446.734314	176
-442.311188	172
-437.888092	178
-433.464966	192
-429.041870	179
-424.618744	176
-420.195618	180
-415.772522	207
-411.349396	216
-406.926300	198
-402.503174	172
-398.080078	176
-393.656952	187
-389.233856	180
-384.810730	159
-380.387634	161
-375.964508	172
-371.541412	165
-367.118286	177
-362.695190	202
-358.272064	186
-353.848969	177
-349.425842	193
-345.002716	204
-340.579620	188
-336.156494	194
-331.733398	218
-327.310272	195
-322.887177	153
-318.464050	170
-314.040955	208
-309.617828	194
-305.194733	178
-300.771606	161
-296.348511	170
-291.925385	182
-287.502289	180
-283.079163	189
-278.656036	203
-274.232941	198
-269.809814	184
-265.386719	173
-260.963593	181
-256.540497	205
-252.117386	202
-247.694275	181
-243.271149	168
-238.848038	172
-234.424927	200
-230.001816	205
-225.578705	207
-221.155594	196
-216.732483	195
-212.309372	206
-207.886261	238
-203.463150	231
-199.040039	213
-194.616928	223
-190.193817	225
-185.770706	215
-181.347595	193
-176.924484	214
-172.501358	221
-168.078247	203
-163.655136	214
-159.232025	225
-154.808914	230
-150.385803	249
-145.962692	235
-141.539581	248
-137.116470	266
-132.693359	298
-128.270248	298
-123.847137	291
-119.424019	323
-115.000908	365
-110.577797	347
-106.154686	370
-101.731575	371
-97.308464	368
-92.885353	438
-88.462242	530
-84.039124	581
-79.616013	619
-75.192902	683
-70.769791	798
-66.346680	954
-61.923569	1081
-57.500454	1353
-53.077343	1730
-48.654232	2118
-44.231121	2506
-39.808006	3117
-35.384895	3960
-30.961784	4776
-26.538671	5301
-22.115561	5774
-17.692448	6162
-13.269336	6402
-8.846224	6541
-4.423112	6705
0.000000	6836
4.423112	6878
8.846224	6821
13.269336	6743
17.692448	6588
22.115561	6497
26.538671	6557
30.961784	6531
35.384895	6229
39.808006	6023
44.231121	5815
48.654232	5669
53.077343	5217
57.500454	4298
61.923569	3463
66.346680	2872
70.769791	2345
75.192902	1889
79.616013	1582
84.039124	1268
88.462242	1078
92.885353	928
97.308464	775
101.731575	686
106.154686	631
110.577797	545
115.000908	448
119.424019	411
123.847137	416
128.270248	406
132.693359	378
137.116470	348
141.539581	330
145.962692	328
150.385803	325
154.808914	302
159.232025	258
163.655136	245
168.078247	243
172.501358	239
176.924484	211
181.347595	223
185.770706	224
190.193817	218
194.616928	237
199.040039	237
203.463150	231
207.886261	234
212.309372	219
216.732483	207
221.155594	216
225.578705	195
230.001816	200
234.424927	215
238.848038	229
243.271149	228
247.694275	205
252.117386	194
256.540497	184
260.963593	170
265.386719	146
269.809814	134
274.232941	153
278.656036	180
283.079163	181
287.502289	169
291.925385	177
296.348511	195
300.771606	188
305.194733	185
309.617828	187
314.040955	195
318.464050	197
322.887177	206
327.310272	191
331.733398	169
336.156494	169
340.579620	195
345.002716	191
349.425842	175
353.848969	174
358.272064	166
362.695190	163
367.118286	188
371.541412	186
375.964508	173
380.387634	190
384.810730	208
389.233856	209
393.656952	210
398.080078	219
402.503174	227
406.926300	212
411.349396	187
415.772522	191
420.195618	203
424.618744	205
429.041870	210
433.464966	192
437.888092	188
442.311188	195
446.734314	183
451.157410	173
455.580536	208
460.003632	204
464.426758	172
468.849854	169
473.272980	177
477.696075	187
482.119202	194
486.542297	190
490.965424	189
495.388550	201
499.811646	196
504.234772	183
508.657867	197
513.080994	203
517.504089	201
521.927185	188
526.350342	184
530.773438	211
535.196533	202
539.619629	196
544.042786	208
548.465881	203
552.888977	188
557.312073	181
561.735229	189
566.158325	194
570.581421	178
575.004578	168
579.427673	200
583.850769	206
588.273865	180
592.697021	194
597.120117	212
601.543213	203
605.966309	200
610.389465	182
614.812561	172
619.235657	167
623.658752	164
628.081909	184
632.505005	206
636.928101	199
641.351257	173
645.774353	173
650.197449	153
654.620544	177
659.043701	198
663.466797	178
667.889893	178
672.312988	192
676.736145	191
681.159241	176
685.582336	187
690.005432	180
694.428589	177
698.851685	190
703.274780	188
707.697937	191
712.121033	180
716.544128	173
720.967224	210
725.390381	227
729.813477	210
734.236572	202
738.659668	190
743.082825	199
747.505920	180
751.929016	167
756.352112	179
760.775269	190
765.198364	195
769.621460	175
774.044556	169
778.467712	180
782.890808	191
787.313904	170
791.737061	157
796.160156	174
800.583252	176
805.006348	179
809.429504	175
813.852600	190
818.275696	198
822.698792	201
827.121948	177
831.545044	175
835.968140	190
840.391235	181
844.814392	190
849.237488	198
853.660583	183
858.083740	201
862.506836	209
866.929932	196
871.353027	180
875.776184	176
880.199280	189
884.622375	192
889.045471	182
893.468628	184
897.891724	201
902.314819	218
906.737915	197
911.161072	170
915.584167	181
920.007263	195
924.430420	195
928.853516	184
933.276611	177
937.699707	182
942.122864	170
946.545959	167
950.969055	176
955.392151	198
959.815308	195
964.238403	180
968.661499	196
973.084595	205
977.507751	190
981.930847	214
986.353943	202
990.777100	184
995.200195	187
999.623291	208
1004.046387	192
1008.469543	193
1012.892639	197
1017.315735	193
1021.738831	190
1026.161987	198
1030.585083	207
1035.008179	216
1039.431274	197
1043.854370	180
1048.277466	194
1052.700684	185
1057.123779	175
1061.546875	164
1065.969971	179
1070.393066	197
1074.816162	202
1079.239258	229
1083.662476	214
1088.085571	190
1092.508667	197
1096.931763	191
1101.354858	204
1105.777954	209
1110.201050	195
1114.624146	169
1119.047363	171
1123.470459	198
1127.893555	188
1132.316650	201
1136.739746	223
1141.162842	200
1145.585938	161
1150.009155	180
1154.432251	187
1158.855347	180
1163.278442	204
1167.701538	194
1172.124634	191
1176.547729	200
1180.970825	227
1185.394043	253
1189.817139	224
1194.240234	215
1198.663330	219
1203.086426	208
1207.509521	202
1211.932617	197
1216.355835	194
1220.778931	180
1225.202026	190
1229.625122	189
1234.048218	191
1238.471313	199
1242.894409	218
1247.317505	207
1251.740723	204
1256.163818	217
1260.586914	195
1265.010010	184
1269.433105	212
1273.856201	200
1278.279297	185
1282.702515	178
1287.125610	181
1291.548706	181
1295.971802	165
1300.394897	156
1304.817993	162
1309.241089	169
1313.664185	183
1318.087402	225
1322.510498	225
1326.933594	200
1331.356689	193
1335.779785	197
1340.202881	213
1344.625977	200
1349.049194	165
1353.472290	186
1357.895386	200
1362.318481	208
1366.741577	194
1371.164673	178
1375.587769	194
1380.010864	190
1384.434082	183
1388.857178	179
1393.280273	179
1397.703369	189
1402.126465	203
1406.549561	204
1410.972656	200
1415.395874	201
1419.818970	217
1424.242065	223
1428.665161	203
1433.088257	193
1437.511353	181
1441.934448	196
1446.357544	211
1450.780762	191
1455.203857	201
1459.626953	214
1464.050049	207
1468.473145	222
1472.896240	193
1477.319336	175
1481.742554	171
1486.165649	178
1490.588745	187
1495.011841	191
1499.434937	178
1503.858032	193
1508.281128	211
1512.704224	194
1517.127441	181
1521.550537	173
1525.973633	174
1530.396729	192
1534.819824	208
1539.242920	218
1543.666016	211
1548.089111	176
1552.512329	172
1556.935425	211
1561.358521	237
1565.781616	222
1570.204712	204
1574.627808	187
1579.050903	174
1583.474121	183
1587.897217	221
1592.320313	236
1596.743408	202
1601.166504	187
1605.589600	203
1610.012695	208
1614.435791	218
1618.859009	222
1623.282104	198
1627.705200	183
1632.128296	193
1636.551392	175
1640.974487	149
1645.397583	165
1649.820801	186
1654.243896	177
1658.666992	177
1663.090088	189
1667.513184	192
1671.936279	209
1676.359375	206
1680.782471	207
1685.205688	191
1689.628784	190
1694.051880	214
1698.474976	229
1702.898071	221
1707.321167	224
1711.744263	207
1716.167480	170
1720.590576	180
1725.013672	211
1729.436768	215
1733.859863	208
1738.282959	214
1742.706055	220
1747.129150	200
1751.552368	184
1755.975464	189
1760.398560	209
1764.821655	208
1769.244751	214
1773.667847	207
1778.090942	205
1782.514160	195
1786.937256	187
1791.360352	184
1795.783447	179
1800.206543	182
1804.629639	178
1809.052734	183
1813.475830	182
1817.899048	175
1822.322144	183
1826.745239	181
1831.168335	178
1835.591431	203
1840.014526	204
1844.437622	192
1848.860840	207
1853.283936	211
1857.707031	190
1862.130127	191
1866.553223	181
1870.976318	186
1875.399414	192
1879.822510	187
1884.245728	172
1888.668823	172
1893.091919	199
1897.515015	226
1901.938110	212
1906.361206	182
1910.784302	197
1915.207520	226
1919.630615	209
1924.053711	207
1928.476807	212
1932.899902	204
1937.322998	205
1941.746094	197
1946.169189	190
1950.592407	187
1955.015503	227
1959.438599	253
1963.861694	244
1968.284790	214
1972.707886	182
1977.130981	193
1981.554199	223
1985.977295	232
1990.400391	213
1994.823486	182
1999.246582	180
2003.669678	195
2008.092773	195
2012.515869	210
2016.939087	215
2021.362183	207
2025.785278	197
2030.208374	182
2034.631470	185
2039.054565	205
2043.477661	194
2047.900879	223
2052.323975	225
2056.747070	197
2061.170166	176
2065.593262	175
2070.016357	207
2074.439453	208
2078.862549	199
2083.285645	186
2087.708740	181
2092.131836	193
2096.554932	193
2100.978271	207
2105.401367	210
2109.824463	185
2114.247559	205
2118.670654	213
2123.093750	212
2127.516846	244
2131.939941	243
2136.363037	214
2140.786133	194
2145.209229	212
2149.632324	195
2154.055420	179
2158.478516	193
2162.901611	194
2167.324951	195
2171.748047	210
2176.171143	202
2180.594238	197
2185.017334	206
2189.440430	192
2193.863525	185
2198.286621	199
2202.709717	217
2207.132813	239
2211.555908	240
2215.979004	239
2220.402100	206
2224.825195	190
2229.248291	197
2233.671631	194
2238.094727	188
2242.517822	209
2246.940918	215
2251.364014	194
2255.787109	192
2260.210205	204
2264.633301	182
2269.056396	182
2273.479492	195
2277.902588	219
2282.325684	221
2286.748779	231
2291.171875	224
2295.594971	226
2300.018311	279
2304.441406	254
2308.864502	213
2313.287598	189
2317.710693	198
2322.133789	191
2326.556885	187
2330.979980	195
2335.403076	208
2339.826172	211
2344.249268	191
2348.672363	181
2353.095459	180
2357.518555	204
2361.941650	220
2366.364990	217
2370.788086	192
2375.211182	181
2379.634277	206
2384.057373	235
2388.480469	251
2392.903564	220
2397.326660	175
2401.749756	170
2406.172852	195
2410.595947	217
2415.019043	210
2419.442139	214
2423.865234	242
2428.288330	236
2432.711670	197
2437.134766	184
2441.557861	193
2445.980957	200
2450.404053	248
2454.827148	249
2459.250244	217
2463.673340	221
2468.096436	217
2472.519531	216
2476.942627	199
2481.365723	183
2485.788818	192
2490.211914	178
2494.635010	171
2499.058350	185
2503.481445	193
2507.904541	171
2512.327637	182
2516.750732	201
2521.173828	189
2525.596924	183
2530.020020	210
2534.443115	217
2538.866211	211
2543.289307	203
2547.712402	202
2552.135498	224
2556.558594	231
2560.981689	210
2565.405029	224
2569.828125	234
2574.251221	218
2578.674316	199
2583.097412	205
2587.520508	213
2591.943604	225
2596.366699	210
2600.789795	197
2605.212891	237
2609.635986	236
2614.059082	241
2618.482178	210
2622.905273	191
2627.328369	192
2631.751709	190
2636.174805	187
2640.597900	186
2645.020996	194
2649.444092	193
2653.867188	172
2658.290283	188
2662.713379	201
2667.136475	215
2671.559570	208
2675.982666	202
2680.405762	211
2684.828857	219
2689.251953	218
2693.675049	226
2698.098389	206
2702.521484	207
2706.944580	223
2711.367676	220
2715.790771	217
2720.213867	186
2724.636963	188
2729.060059	207
2733.483154	191
2737.906250	181
2742.329346	202
2746.752441	195
2751.175537	205
2755.598633	201
2760.021729	206
2764.445068	226
2768.868164	213
2773.291260	189
2777.714355	196
2782.137451	206
2786.560547	196
2790.983643	200
2795.406738	216
2799.829834	209
2804.252930	199
2808.676025	184
2813.099121	188
2817.522217	209
2821.945313	217
2826.368408	233
2830.791748	230
2835.214844	210
2839.637939	214
2844.061035	184
2848.484131	178
2852.907227	179
2857.330322	196
2861.753418	214
2866.176514	226
2870.599609	191
2875.022705	172
2879.445801	209
2883.868896	230
2888.291992	226
2892.715088	215
2897.138428	223
2901.561523	229
2905.984619	199
2910.407715	163
2914.830811	197
2919.253906	216
2923.677002	190
2928.100098	201
2932.523193	207
2936.946289	194
2941.369385	207
2945.792480	200
2950.215576	186
2954.638672	195
2959.061768	216
2963.485107	225
2967.908203	226
2972.331299	234
2976.754395	225
2981.177490	208
2985.600586	234
2990.023682	249
2994.446777	217
2998.869873	199
3003.292969	198
3007.716064	213
3012.139160	210
3016.562256	179
3020.985352	209
3025.408447	240
3029.831787	221
3034.254883	190
3038.677979	197
3043.101074	200
3047.524170	187
3051.947266	235
3056.370361	255
3060.793457	227
3065.216553	198
3069.639648	193
3074.062744	207
3078.485840	224
3082.908936	200
3087.332031	198
3091.755127	211
3096.178223	216
3100.601563	213
3105.024658	186
3109.447754	192
3113.870850	200
3118.293945	180
3122.717041	179
3127.140137	215
3131.563232	219
3135.986328	199
3140.409424	190
3144.832520	212
3149.255615	211
3153.678711	194
3158.101807	191
3162.524902	212
3166.948242	214
3171.371338	199
3175.794434	195
3180.217529	203
3184.640625	218
3189.063721	243
3193.486816	228
3197.909912	199
3202.333008	204
3206.756104	197
3211.179199	190
3215.602295	208
3220.025391	198
3224.448486	205
3228.871582	218
3233.294922	215
3237.718018	202
3242.141113	221
3246.564209	239
3250.987305	218
3255.410400	227
3259.833496	220
3264.256592	207
3268.679688	217
3273.102783	209
3277.525879	193
3281.948975	190
3286.372070	207
3290.795166	220
3295.218262	201
3299.641602	196
3304.064697	221
3308.487793	212
3312.910889	192
3317.333984	187
3321.757080	201
3326.180176	187
3330.603271	172
3335.026367	201
3339.449463	236
3343.872559	241
3348.295654	234
3352.718750	227
3357.141846	227
3361.564941	233
3365.988281	248
3370.411377	256
3374.834473	205
3379.257568	208
3383.680664	240
3388.103760	236
3392.526855	235
3396.949951	226
3401.373047	211
3405.796143	225
3410.219238	239
3414.642334	221
3419.065430	235
3423.488525	232
3427.911621	201
3432.334961	217
3436.758057	231
3441.181152	217
3445.604248	203
3450.027344	207
3454.450439	200
3458.873535	201
3463.296631	222
3467.719727	233
3472.142822	215
3476.565918	233
3480.989014	233
3485.412109	231
3489.835205	236
3494.258301	229
3498.681641	226
3503.104736	249
3507.527832	246
3511.950928	224
3516.374023	232
3520.797119	235
3525.220215	230
3529.643311	252
3534.066406	235
3538.489502	218
3542.912598	230
3547.335693	212
3551.758789	217
3556.181885	266
3560.604980	260
3565.028320	203
3569.451416	200
3573.874512	211
3578.297607	219
3582.720703	229
3587.143799	232
3591.566895	236
3595.989990	224
3600.413086	238
3604.836182	244
3609.259277	229
3613.682373	240
3618.105469	244
3622.528564	258
3626.951660	238
3631.375000	229
3635.798096	233
3640.221191	237
3644.644287	229
3649.067383	256
3653.490479	281
3657.913574	278
3662.336670	284
3666.759766	260
3671.182861	259
3675.605957	293
3680.029053	314
3684.452148	302
3688.875244	304
3693.298340	307
3697.721680	320
3702.144775	330
3706.567871	301
3710.990967	290
3715.414063	383
3719.837158	460
3724.260254	445
3728.683350	366
3733.106445	401
3737.529541	461
3741.952637	474
3746.375732	496
3750.798828	524
3755.221924	602
3759.645020	611
3764.068359	624
3768.491455	659
3772.914551	661
3777.337646	690
3781.760742	707
3786.183838	734
3790.606934	793
3795.030029	875
3799.453125	913
3803.876221	933
3808.299316	940
3812.722412	1027
3817.145508	1065
3821.568604	1029
3825.991699	1107
3830.415039	1182
3834.838135	1214
3839.261230	1304
3843.684326	1404
3848.107422	1492
3852.530518	1528
3856.953613	1478
3861.376709	1515
3865.799805	1426
3870.222900	1483
3874.645996	1614
3879.069092	1615
3883.492188	1739
3887.915283	1813
3892.338379	1850
3896.761719	1902
3901.184814	2055
3905.607910	2101
3910.031006	2152
3914.454102	2287
3918.877197	2227
3923.300293	2218
3927.723389	2249
3932.146484	2281
3936.569580	2299
3940.992676	2200
3945.415771	2167
3949.838867	2137
3954.261963	2124
3958.685059	2086
3963.108398	2218
3967.531494	2416
3971.954590	2504
3976.377686	2400
3980.800781	2264
3985.223877	2357
3989.646973	2466
3994.070068	2514
3998.493164	2675
4002.916260	2753
4007.339355	2701
4011.762451	2682
4016.185547	2617
4020.608643	2579
4025.031738	2621
4029.455078	2630
4033.878174	2756
4038.301270	2752
4042.724365	2656
4047.147461	2444
4051.570557	2537
4055.993652	2600
4060.416748	2550
4064.839844	2502
4069.262939	2431
4073.686035	2475
4078.109131	2445
4082.532227	2411
4086.955322	2349
4091.378418	2268
4095.801758	2212
4100.224609	2273
4104.647949	2399
4109.070801	2452
4113.494141	2362
4117.916992	2379
4122.340332	2493
4126.763184	2541
4131.186523	2513
4135.609863	2517
4140.032715	2550
4144.456055	2583
4148.878906	2572
4153.302246	2519
4157.725098	2477
4162.148438	2432
4166.571289	2522
4170.994629	2522
4175.417480	2595
4179.840820	2597
4184.263672	2503
4188.687012	2533
4193.109863	2570
4197.533203	2559
4201.956543	2490
4206.379395	2448
4210.802734	2452
4215.225586	2466
4219.648926	2450
4224.071777	2406
4228.495117	2368
4232.917969	2383
4237.341309	2441
4241.764160	2461
4246.187500	2471
4250.610352	2471
4255.033691	2457
4259.456543	2385
4263.879883	2352
4268.303223	2322
4272.726074	2381
4277.149414	2404
4281.572266	2346
4285.995605	2284
4290.418457	2247
4294.841797	2230
4299.264648	2196
4303.687988	2160
4308.110840	2101
4312.534180	2053
4316.957031	2027
4321.380371	1977
4325.803223	1985
4330.226563	1955
4334.649902	2011
4339.072754	2032
4343.496094	2007
4347.918945	2017
4352.342285	2082
4356.765137	2061
4361.188477	2063
4365.611328	2143
4370.034668	2228
4374.457520	2287
4378.880859	2252
4383.303711	2222
4387.727051	2164
4392.149902	2139
4396.573242	2275
4400.996582	2334
4405.419434	2238
4409.842773	2330
4414.265625	2377
4418.688965	2298
4423.111816	2304
4427.535156	2369
4431.958008	2414
4436.381348	2393
4440.804199	2438
4445.227539	2426
4449.650391	2305
4454.073730	2203
4458.496582	2272
4462.919922	2347
4467.343262	2319
4471.766113	2320
4476.189453	2301
4480.612305	2233
4485.035645	2390
4489.458496	2457
4493.881836	2334
4498.304688	2249
4502.728027	2292
4507.150879	2302
4511.574219	2308
4515.997070	2270
4520.420410	2268
4524.843262	2317
4529.266602	2368
4533.689941	2319
4538.112793	2187
4542.536133	2172
4546.958984	2255
4551.382324	2237
4555.805176	2206
4560.228516	2262
4564.651367	2286
4569.074707	2353
4573.497559	2289
4577.920898	2296
4582.343750	2318
4586.767090	2301
4591.189941	2342
4595.613281	2382
4600.036621	2418
4604.459473	2346
4608.882813	2330
4613.305664	2367
4617.729004	2397
4622.151855	2499
4626.575195	2530
4630.998047	2418
4635.421387	2400
4639.844238	2488
4644.267578	2572
4648.690430	2578
4653.113770	2642
4657.536621	2736
4661.959961	2777
4666.383301	2707
4670.806152	2652
4675.229492	2707
4679.652344	2744
4684.075684	2742
4688.498535	2924
4692.921875	3013
4697.344727	2943
4701.768066	2948
4706.190918	3036
4710.614258	3070
4715.037109	3098
4719.460449	3173
4723.883301	3153
4728.306641	3165
4732.729980	3164
4737.152832	3226
4741.576172	3215
4745.999023	3278
4750.422363	3410
4754.845215	3390
4759.268555	3396
4763.691406	3375
4768.114746	3260
4772.537598	3247
4776.960938	3348
4781.383789	3421
4785.807129	3360
4790.229980	3339
4794.653320	3344
4799.076660	3327
4803.499512	3316
4807.922852	3351
4812.345703	3419
4816.769043	3343
4821.191895	3310
4825.615234	3358
4830.038086	3346
4834.461426	3266
4838.884277	3266
4843.307617	3252
4847.730469	3183
4852.153809	3139
4856.576660	3037
4861.000000	2977
4865.423340	2970
4869.846191	3015
4874.269531	3215
4878.692383	3286
4883.115723	3285
4887.538574	3249
4891.961914	3324
4896.384766	3329
4900.808105	3255
4905.230957	3289
4909.654297	3368
4914.077148	3424
4918.500488	3450
4922.923340	3445
4927.346680	3396
4931.770020	3269
4936.192871	3265
4940.616211	3311
4945.039063	3368
4949.462402	3445
4953.885254	3436
4958.308594	3417
4962.731445	3433
4967.154785	3472
4971.577637	3554
4976.000977	3455
4980.423828	3399
4984.847168	3373
4989.270020	3365
4993.693359	3390
4998.116699	3318
5002.539551	3313
5006.962891	3305
5011.385742	3174
5015.809082	3212
5020.231934	3292
5024.655273	3245
5029.078125	3199
5033.501465	3253
5037.924316	3212
5042.347656	3185
5046.770508	3201
5051.193848	3212
5055.616699	3170
5060.040039	3248
5064.463379	3277
5068.886230	3201
5073.309570	3169
5077.732422	3180
5082.155762	3263
5086.578613	3215
5091.001953	3101
5095.424805	3129
5099.848145	3189
5104.270996	3329
5108.694336	3254
5113.117188	3118
5117.540527	3132
5121.963379	3128
5126.386719	3162
5130.810059	3110
5135.232910	3055
5139.656250	3124
5144.079102	3139
5148.502441	3071
5152.925293	3041
5157.348633	3079
5161.771484	3058
5166.194824	3007
5170.617676	2939
5175.041016	3013
5179.463867	3076
5183.887207	3014
5188.310059	2990
5192.733398	3001
5197.156738	2990
5201.579590	2941
5206.002930	2915
5210.425781	2961
5214.849121	2957
5219.271973	2839
5223.695313	2903
5228.118164	2920
5232.541504	2892
5236.964355	2904
5241.387695	2919
5245.810547	2855
5250.233887	2768
5254.656738	2859
5259.080078	2914
5263.503418	2890
5267.926270	2768
5272.349609	2782
5276.772461	2804
5281.195801	2846
5285.618652	2854
5290.041992	2746
5294.464844	2803
5298.888184	2782
5303.311035	2764
5307.734375	2796
5312.157227	2722
5316.580566	2658
5321.003418	2664
5325.426758	2706
5329.850098	2669
5334.272949	2594
5338.696289	2717
5343.119141	2748
5347.542480	2664
5351.965332	2675
5356.388672	2790
5360.811523	2723
5365.234863	2664
5369.657715	2710
5374.081055	2701
5378.503906	2676
5382.927246	2570
5387.350098	2519
5391.773438	2641
5396.196777	2750
5400.619629	2714
5405.042969	2634
5409.465820	2594
5413.889160	2610
5418.312012	2605
5422.735352	2506
5427.158203	2435
5431.581543	2548
5436.004395	2627
5440.427734	2555
5444.850586	2568
5449.273926	2514
5453.696777	2506
5458.120117	2581
5462.543457	2543
5466.966309	2457
5471.389648	2380
5475.812500	2460
5480.235840	2559
5484.658691	2545
5489.082031	2518
5493.504883	2548
5497.928223	2527
5502.351074	2480
5506.774414	2455
5511.197266	2469
5515.620605	2458
5520.043457	2518
5524.466797	2512
5528.890137	2478
5533.312988	2420
5537.736328	2442
5542.159180	2464
5546.582520	2459
5551.005371	2439
5555.428711	2432
5559.851563	2472
5564.274902	2473
5568.697754	2433
5573.121094	2372
5577.543945	2366
5581.967285	2390
5586.390137	2322
5590.813477	2316
5595.236816	2402
5599.659668	2362
5604.083008	2296
5608.505859	2287
5612.929199	2290
5617.352051	2258
5621.775391	2276
5626.198242	2406
5630.621582	2410
5635.044434	2273
5639.467773	2283
5643.890625	2290
5648.313965	2281
5652.736816	2173
5657.160156	2087
5661.583496	2231
5666.006348	2305
5670.429688	2310
5674.852539	2268
5679.275879	2196
5683.698730	2224
5688.122070	2205
5692.544922	2194
5696.968262	2196
5701.391113	2277
5705.814453	2251
5710.237305	2233
5714.660645	2147
5719.083496	2097
5723.506836	2047
5727.930176	2026
5732.353027	2126
5736.776367	2100
5741.199219	2162
5745.622559	2175
5750.045410	2115
5754.468750	2097
5758.891602	2095
5763.314941	2060
5767.737793	2098
5772.161133	2163
5776.583984	2163
5781.007324	2144
5785.430176	2191
5789.853516	2183
5794.276855	2216
5798.699707	2345
5803.123047	2325
5807.545898	2227
5811.969238	2224
5816.392090	2180
5820.815430	2178
5825.238281	2223
5829.661621	2242
5834.084473	2219
5838.507813	2209
5842.930664	2238
5847.354004	2246
5851.776855	2129
5856.200195	2219
5860.623535	2294
5865.046387	2332
5869.469727	2274
5873.892578	2190
5878.315918	2133
5882.738770	2180
5887.162109	2248
5891.584961	2241
5896.008301	2266
5900.431152	2254
5904.854492	2209
5909.277344	2146
5913.700684	2206
5918.123535	2241
5922.546875	2285
5926.970215	2138
5931.393066	2041
5935.816406	2083
5940.239258	2138
5944.662598	2155
5949.085449	2103
5953.508789	2048
5957.931641	2070
5962.354980	2125
5966.777832	2065
5971.201172	1929
5975.624023	2009
5980.047363	2151
5984.470215	2179
5988.893555	2089
5993.316895	2036
5997.739746	1967
6002.163086	2005
6006.585938	2121
6011.009277	2116
6015.432129	2104
6019.855469	2018
6024.278320	2011
6028.701660	2000
6033.124512	2037
6037.547852	2042
6041.970703	1934
6046.394043	1884
6050.816895	1919
6055.240234	1885
6059.663574	1869
6064.086426	1916
6068.509766	1861
6072.932617	1858
6077.355957	1894
6081.778809	1870
6086.202148	1816
6090.625000	1813
6095.048340	1867
6099.471191	1903
6103.894531	1876
6108.317383	1767
6112.740723	1695
6117.163574	1686
6121.586914	1694
6126.009766	1708
6130.433105	1747
6134.856445	1756
6139.279297	1699
6143.702637	1696
6148.125488	1682
6152.548828	1627
6156.971680	1565
6161.395020	1556
6165.817871	1640
6170.241211	1604
6174.664063	1558
6179.087402	1480
6183.510254	1548
6187.933594	1590
6192.356445	1608
6196.779785	1592
6201.203125	1525
6205.625977	1473
6210.049316	1540
6214.472168	1591
6218.895508	1619
6223.318359	1516
6227.741699	1398
6232.164551	1408
6236.587891	1405
6241.010742	1371
6245.434082	1383
6249.856934	1403
6254.280273	1463
6258.703125	1538
6263.126465	1519
6267.549805	1493
6271.972656	1453
6276.395996	1403
6280.818848	1481
6285.242188	1536
6289.665039	1438
6294.088379	1346
6298.511230	1322
6302.934570	1363
6307.357422	1361
6311.780762	1325
6316.203613	1342
6320.626953	1309
6325.049805	1251
6329.473145	1253
6333.896484	1301
6338.319336	1270
6342.742676	1253
6347.165527	1271
6351.588867	1275
6356.011719	1347
6360.435059	1419
6364.857910	1438
6369.281250	1354
6373.704102	1261
6378.127441	1264
6382.550293	1260
6386.973633	1278
6391.396484	1265
6395.819824	1241
6400.243164	1253
6404.666016	1300
6409.089355	1372
6413.512207	1318
6417.935547	1208
6422.358398	1179
6426.781738	1201
6431.204590	1213
6435.627930	1262
6440.050781	1287
6444.474121	1198
6448.896973	1160
6453.320313	1280
6457.743164	1233
6462.166504	1058
6466.589844	1033
6471.012695	1117
6475.436035	1171
6479.858887	1143
6484.282227	1103
6488.705078	1140
6493.128418	1165
6497.551270	1143
6501.974609	1116
6506.397461	1082
6510.820801	1043
6515.243652	1047
6519.666992	1021
6524.089844	1057
6528.513184	1129
6532.936523	1142
6537.359375	1120
6541.782715	1052
6546.205566	1042
6550.628906	1035
6555.051758	1046
6559.475098	1017
6563.897949	998
6568.321289	983
6572.744141	959
6577.167480	959
6581.590332	961
6586.013672	987
6590.436523	952
6594.859863	944
6599.283203	993
6603.706055	1030
6608.129395	1104
6612.552246	1079
6616.975586	1011
6621.398438	1092
6625.821777	1114
6630.244629	1062
6634.667969	1020
6639.090820	1036
6643.514160	1081
6647.937012	1055
6652.360352	1102
6656.783203	1114
6661.206543	1100
6665.629883	1076
6670.052734	1076
6674.476074	1101
6678.898926	1131
6683.322266	1128
6687.745117	1119
6692.168457	1140
6696.591309	1130
6701.014648	1106
6705.437500	1072
6709.860840	1090
6714.283691	986
6718.707031	955
6723.129883	1018
6727.553223	1027
6731.976563	1059
6736.399414	1104
6740.822754	1036
6745.245605	1038
6749.668945	1115
6754.091797	1098
6758.515137	1020
6762.937988	1014
6767.361328	1008
6771.784180	1007
6776.207520	988
6780.630371	978
6785.053711	899
6789.476563	921
6793.899902	1047
6798.323242	1010
6802.746094	993
6807.169434	988
6811.592285	1007
6816.015625	1038
6820.438477	980
6824.861816	1008
6829.284668	1105
6833.708008	1104
6838.130859	1058
6842.554199	969
6846.977051	965
6851.400391	987
6855.823242	980
6860.246582	957
6864.669922	891
6869.092773	870
6873.516113	860
6877.938965	848
6882.362305	857
6886.785156	870
6891.208496	867
6895.631348	910
6900.054688	906
6904.477539	846
6908.900879	830
6913.323730	877
6917.747070	905
6922.169922	885
6926.593262	856
6931.016602	843
6935.439453	880
6939.862793	898
6944.285645	837
6948.708984	819
6953.131836	855
6957.555176	853
6961.978027	808
6966.401367	810
6970.824219	822
6975.247559	870
6979.670410	874
6984.093750	782
6988.516602	715
6992.939941	739
6997.363281	753
7001.786133	724
7006.209473	701
7010.632324	680
7015.055664	729
7019.478516	778
7023.901855	777
7028.324707	769
7032.748047	777
7037.170898	733
7041.594238	673
7046.017090	727
7050.440430	751
7054.863281	708
7059.286621	748
7063.709961	762
7068.132813	723
7072.556152	750
7076.979004	691
7081.402344	636
7085.825195	608
7090.248535	641
7094.671387	679
7099.094727	646
7103.517578	681
7107.940918	712
7112.363770	677
7116.787109	666
7121.209961	686
7125.633301	691
7130.056641	650
7134.479492	657
7138.902832	666
7143.325684	679
7147.749023	631
7152.171875	569
7156.595215	579
7161.018066	594
7165.441406	561
7169.864258	534
7174.287598	565
7178.710449	551
7183.133789	497
7187.556641	493
7191.979980	502
7196.403320	512
7200.826172	558
7205.249512	573
7209.672363	550
7214.095703	527
7218.518555	499
7222.941895	450
7227.364746	437
7231.788086	495
7236.210938	558
7240.634277	571
7245.057129	548
7249.480469	491
7253.903320	434
7258.326660	442
7262.750000	512
7267.172852	501
7271.596191	442
7276.019043	438
7280.442383	442
7284.865234	468
7289.288574	481
7293.711426	469
7298.134766	401
7302.557617	388
7306.980957	386
7311.403809	393
7315.827148	376
7320.250000	382
7324.673340	409
7329.096680	386
7333.519531	413
7337.942871	421
7342.365723	363
7346.789063	335
7351.211914	318
7355.635254	288
7360.058105	291
7364.481445	324
7368.904297	347
7373.327637	349
7377.750488	325
7382.173828	343
7386.596680	316
7391.020020	275
7395.443359	266
7399.866211	293
7404.289551	331
7408.712402	346
7413.135742	349
7417.558594	329
7421.981934	343
7426.404785	336
7430.828125	311
7435.250977	325
7439.674316	344
7444.097168	370
7448.520508	365
7452.943359	395
7457.366699	424
7461.790039	466
7466.212891	445
7470.636230	414
7475.059082	390
7479.482422	440
7483.905273	449
7488.328613	397
7492.751465	391
7497.174805	360
7501.597656	377
7506.020996	407
7510.443848	389
7514.867188	406
7519.290039	430
7523.713379	444
7528.136719	444
7532.559570	433
7536.982910	390
7541.405762	406
7545.829102	424
7550.251953	408
7554.675293	391
7559.098145	394
7563.521484	417
7567.944336	426
7572.367676	428
7576.790527	411
7581.213867	365
7585.636719	345
7590.060059	361
7594.483398	340
7598.906250	296
7603.329590	294
7607.752441	307
7612.175781	305
7616.598633	310
7621.021973	331
7625.444824	320
7629.868164	343
7634.291016	306
7638.714355	251
7643.137207	283
7647.560547	298
7651.983398	332
7656.406738	348
7660.830078	325
7665.252930	300
7669.676270	283
7674.099121	330
7678.522461	315
7682.945313	261
7687.368652	276
7691.791504	315
7696.214844	306
7700.637695	297
7705.061035	317
7709.483887	282
7713.907227	241
7718.330078	248
7722.753418	272
7727.176758	331
7731.599609	377
7736.022949	305
7740.445801	257
7744.869141	252
7749.291992	251
7753.715332	241
7758.138184	264
7762.561523	254
7766.984375	233
7771.407715	235
7775.830566	230
7780.253906	210
7784.676758	240
7789.100098	247
7793.523438	247
7797.946289	242
7802.369629	220
7806.792480	221
7811.215820	234
7815.638672	226
7820.062012	185
7824.484863	198
7828.908203	229
7833.331055	267
7837.754395	286
7842.177246	255
7846.600586	246
7851.023438	240
7855.446777	243
7859.870117	257
7864.292969	295
7868.716309	293
7873.139160	276
7877.562500	275
7881.985352	283
7886.408691	291
7890.831543	284
7895.254883	268
7899.677734	245
7904.101074	266
7908.523926	291
7912.947266	274
7917.370117	252
7921.793457	278
7926.216797	285
7930.639648	309
7935.062988	364
7939.485840	348
7943.909180	321
7948.332031	343
7952.755371	340
7957.178223	341
7961.601563	351
7966.024414	354
7970.447754	335
7974.870605	325
7979.293945	337
7983.716797	345
7988.140137	354
7992.563477	366
7996.986328	360
8001.409668	361
8005.832520	372
8010.255859	360
8014.678711	323
8019.102051	274
8023.524902	285
8027.948242	317
8032.371094	337
8036.794434	355
8041.217285	335
8045.640625	317
8050.063477	318
8054.486816	336
8058.910156	360
8063.333008	358
8067.756348	335
8072.179199	330
8076.602539	331
8081.025391	318
8085.448730	308
8089.871582	328
8094.294922	367
8098.717773	337
8103.141113	313
8107.563965	302
8111.987305	310
8116.410156	310
8120.833496	309
8125.256836	324
8129.679688	328
8134.103027	325
8138.525879	316
8142.949219	313
8147.372070	309
8151.795410	314
8156.218262	285
8160.641602	266
8165.064453	269
8169.487793	259
8173.910645	243
8178.333984	244
8182.756836	257
8187.180176	270
8191.603516	275
8196.026367	259
8200.449219	264
8204.873047	252
8209.295898	246
8213.718750	267
8218.141602	277
8222.565430	256
8226.988281	263
8231.411133	228
8235.833984	203
8240.257813	205
8244.680664	233
8249.103516	242
8253.526367	224
8257.950195	215
8262.373047	216
8266.795898	253
8271.219727	266
8275.642578	263
8280.065430	295
8284.488281	284
8288.912109	272
8293.334961	239
8297.757813	235
8302.180664	228
8306.604492	196
8311.027344	196
8315.450195	227
8319.873047	238
8324.296875	230
8328.719727	222
8333.142578	222
8337.566406	237
8341.989258	248
8346.412109	260
8350.834961	240
8355.258789	224
8359.681641	216
8364.104492	237
8368.527344	267
8372.951172	256
8377.374023	249
8381.796875	256
8386.219727	247
8390.643555	227
8395.066406	216
8399.489258	208
8403.913086	234
8408.335938	266
8412.758789	261
8417.181641	252
8421.605469	267
8426.028320	265
8430.451172	248
8434.874023	235
8439.297852	217
8443.720703	221
8448.143555	241
8452.566406	261
8456.990234	255
8461.413086	255
8465.835938	249
8470.259766	230
8474.682617	250
8479.105469	287
8483.528320	329
8487.952148	289
8492.375000	237
8496.797852	258
8501.220703	278
8505.644531	259
8510.067383	256
8514.490234	246
8518.913086	251
8523.336914	301
8527.759766	277
8532.182617	238
8536.606445	264
8541.029297	281
8545.452148	288
8549.875000	272
8554.298828	249
8558.721680	240
8563.144531	220
8567.567383	243
8571.991211	306
8576.414063	286
8580.836914	266
8585.259766	301
8589.683594	280
8594.106445	252
8598.529297	249
8602.953125	275
8607.375977	257
8611.798828	234
8616.221680	245
8620.645508	282
8625.068359	278
8629.491211	263
8633.914063	278
8638.337891	273
8642.760742	263
8647.183594	264
8651.606445	235
8656.030273	225
8660.453125	254
8664.875977	285
8669.299805	274
8673.722656	259
8678.145508	286
8682.568359	285
8686.992188	251
8691.415039	241
8695.837891	208
8700.260742	213
8704.684570	243
8709.107422	256
8713.530273	237
8717.953125	235
8722.376953	228
8726.799805	226
8731.222656	254
8735.646484	269
8740.069336	252
8744.492188	236
8748.915039	246
8753.338867	256
8757.761719	227
8762.184570	240
8766.607422	275
8771.031250	271
8775.454102	266
8779.876953	266
8784.299805	266
8788.723633	241
8793.146484	206
8797.569336	208
8801.993164	195
8806.416016	178
8810.838867	204
8815.261719	203
8819.685547	208
8824.108398	222
8828.531250	244
8832.954102	251
8837.377930	238
8841.800781	211
8846.223633	219
8850.646484	250
8855.070313	253
8859.493164	236
8863.916016	247
8868.339844	231
8872.762695	230
8877.185547	251
8881.608398	224
8886.032227	198
8890.455078	213
8894.877930	217
8899.300781	226
8903.724609	250
8908.147461	234
8912.570313	203
8916.993164	218
8921.416992	237
8925.839844	235
8930.262695	234
8934.686523	248
8939.109375	231
8943.532227	242
8947.955078	239
8952.378906	246
8956.801758	251
8961.224609	216
8965.647461	220
8970.071289	231
8974.494141	235
8978.916992	227
8983.339844	199
8987.763672	220
8992.186523	211
8996.609375	181
9001.033203	162
9005.456055	171
9009.878906	197
9014.301758	194
9018.725586	216
9023.148438	246
9027.571289	262
9031.994141	246
9036.417969	208
9040.840820	224
9045.263672	237
9049.686523	246
9054.110352	227
9058.533203	243
9062.956055	244
9067.379883	236
9071.802734	231
9076.225586	229
9080.648438	233
9085.072266	235
9089.495117	225
9093.917969	208
9098.340820	203
9102.764648	223
9107.187500	232
9111.610352	236
9116.033203	228
9120.457031	224
9124.879883	239
9129.302734	243
9133.726563	222
9138.149414	206
9142.572266	224
9146.995117	251
9151.418945	244
9155.841797	252
9160.264648	223
9164.687500	228
9169.111328	223
9173.534180	225
9177.957031	236
9182.379883	222
9186.803711	225
9191.226563	238
9195.649414	238
9200.073242	227
9204.496094	227
9208.918945	210
9213.341797	224
9217.765625	252
9222.188477	259
9226.611328	245
9231.034180	235
9235.458008	240
9239.880859	222
9244.303711	266
9248.726563	301
9253.150391	298
9257.573242	308
9261.996094	268
9266.419922	235
9270.842773	224
9275.265625	248
9279.688477	260
9284.112305	239
9288.535156	235
9292.958008	243
9297.380859	229
9301.804688	223
9306.227539	203
9310.650391	218
9315.073242	235
9319.497070	232
9323.919922	225
9328.342773	223
9332.766602	209
9337.189453	230
9341.612305	225
9346.035156	215
9350.458984	243
9354.881836	261
9359.304688	246
9363.727539	226
9368.151367	212
9372.574219	226
9376.997070	249
9381.419922	251
9385.843750	245
9390.266602	259
9394.689453	273
9399.113281	242
9403.536133	201
9407.958984	221
9412.381836	241
9416.805664	253
9421.228516	265
9425.651367	234
9430.074219	229
9434.498047	263
9438.920898	255
9443.343750	246
9447.766602	252
9452.190430	246
9456.613281	266
9461.036133	276
9465.459961	274
9469.882813	244
9474.305664	227
9478.728516	253
9483.152344	247
9487.575195	253
9491.998047	237
9496.420898	235
9500.844727	257
9505.267578	267
9509.690430	236
9514.113281	239
9518.537109	258
9522.959961	248
9527.382813	233
9531.806641	236
9536.229492	241
9540.652344	239
9545.075195	247
9549.499023	267
9553.921875	292
9558.344727	279
9562.767578	229
9567.191406	235
9571.614258	250
9576.037109	254
9580.459961	251
9584.883789	222
9589.306641	224
9593.729492	231
9598.153320	233
9602.576172	271
9606.999023	276
9611.421875	263
9615.845703	262
9620.268555	261
9624.691406	262
9629.114258	263
9633.538086	268
9637.960938	294
9642.383789	265
9646.806641	257
9651.230469	274
9655.653320	253
9660.076172	238
9664.500000	269
9668.922852	273
9673.345703	255
9677.768555	249
9682.192383	230
9686.615234	234
9691.038086	255
9695.460938	238
9699.884766	206
9704.307617	185
9708.730469	221
9713.153320	245
9717.577148	255
9722.000000	223
9726.422852	232
9730.846680	262
9735.269531	264
9739.692383	283
9744.115234	263
9748.539063	217
9752.961914	218
9757.384766	249
9761.807617	258
9766.231445	232
9770.654297	206
9775.077148	228
9779.500000	252
9783.923828	285
9788.346680	254
9792.769531	227
9797.193359	255
9801.616211	267
9806.039063	252
9810.461914	276
9814.885742	281
9819.308594	244
9823.731445	249
9828.154297	289
9832.578125	273
9837.000977	250
9841.423828	251
9845.846680	246
9850.270508	242
9854.693359	238
9859.116211	267
9863.540039	297
9867.962891	284
9872.385742	262
9876.808594	277
9881.232422	320
9885.655273	309
9890.078125	285
9894.500977	255
9898.924805	244
9903.347656	270
9907.770508	284
9912.193359	250
9916.617188	257
9921.040039	246
9925.462891	250
9929.886719	268
9934.309570	265
9938.732422	266
9943.155273	267
9947.579102	278
9952.001953	289
9956.424805	281
9960.847656	255
9965.271484	236
9969.694336	253
9974.117188	250
9978.540039	263
9982.963867	261
9987.386719	269
9991.809570	289
9996.233398	292
10000.656250	292
10005.079102	287
10009.501953	273
10013.925781	248
10018.348633	237
10022.771484	247
10027.194336	281
10031.618164	276
10036.041016	245
10040.463867	234
10044.886719	241
10049.310547	237
10053.733398	261
10058.156250	289
10062.580078	285
10067.002930	242
10071.425781	246
10075.848633	272
10080.272461	251
10084.695313	250
10089.118164	223
10093.541016	212
10097.964844	262
10102.387695	272
10106.810547	261
10111.233398	238
10115.657227	228
10120.080078	270
10124.502930	289
10128.926758	290
10133.349609	283
10137.772461	268
10142.195313	292
10146.619141	287
10151.041992	244
10155.464844	214
10159.887695	213
10164.311523	224
10168.734375	253
10173.157227	276
10177.580078	272
10182.003906	257
10186.426758	277
10190.849609	263
10195.273438	251
10199.696289	257
10204.119141	248
10208.541992	276
10212.965820	243
10217.388672	212
10221.811523	222
10226.234375	247
10230.658203	243
10235.081055	246
10239.503906	269
10243.926758	271
10248.350586	249
10252.773438	254
10257.196289	239
10261.620117	221
10266.042969	223
10270.465820	231
10274.888672	255
10279.312500	284
10283.735352	275
10288.158203	244
10292.581055	250
10297.004883	240
10301.427734	253
10305.850586	275
10310.273438	236
10314.697266	228
10319.120117	235
10323.542969	244
10327.966797	252
10332.389648	275
10336.812500	292
10341.235352	279
10345.659180	241
10350.082031	222
10354.504883	236
10358.927734	270
10363.351563	255
10367.774414	254
10372.197266	284
10376.620117	267
10381.043945	250
10385.466797	244
10389.889648	230
10394.313477	232
10398.736328	222
10403.159180	235
10407.582031	224
10412.005859	211
10416.428711	235
10420.851563	271
10425.274414	287
10429.698242	288
10434.121094	283
10438.543945	260
10442.966797	223
10447.390625	231
10451.813477	255
10456.236328	256
10460.660156	258
10465.083008	275
10469.505859	258
10473.928711	284
10478.352539	267
10482.775391	230
10487.198242	239
10491.621094	253
10496.044922	257
10500.467773	269
10504.890625	271
10509.313477	274
10513.737305	238
10518.160156	207
10522.583008	242
10527.006836	230
10531.429688	233
10535.852539	250
10540.275391	258
10544.699219	247
10549.122070	266
10553.544922	263
10557.967773	259
10562.391602	256
10566.814453	254
10571.237305	238
10575.660156	243
10580.083984	244
10584.506836	250
10588.929688	253
10593.353516	240
10597.776367	226
10602.199219	220
10606.622070	226
10611.045898	235
10615.468750	230
10619.891602	216
10624.314453	230
10628.738281	235
10633.161133	251
10637.583984	243
10642.006836	249
10646.430664	252
10650.853516	258
10655.276367	255
10659.700195	238
10664.123047	258
10668.545898	272
10672.968750	273
10677.392578	251
10681.815430	212
10686.238281	222
10690.661133	240
10695.084961	247
10699.507813	260
10703.930664	270
10708.353516	259
10712.777344	258
10717.200195	264
10721.623047	246
10726.046875	241
10730.469727	246
10734.892578	246
10739.315430	235
10743.739258	227
10748.162109	230
10752.584961	243
10757.007813	239
10761.431641	240
10765.854492	236
10770.277344	241
10774.700195	235
10779.124023	242
10783.546875	248
10787.969727	244
10792.393555	229
10796.816406	211
10801.239258	198
10805.662109	237
10810.085938	229
10814.508789	235
10818.931641	234
10823.354492	208
10827.778320	222
10832.201172	261
10836.624023	252
10841.046875	233
10845.470703	229
10849.893555	249
10854.316406	230
10858.740234	241
10863.163086	265
10867.585938	254
10872.008789	241
10876.432617	259
10880.855469	256
10885.278320	261
10889.701172	261
10894.125000	232
10898.547852	228
10902.970703	257
10907.393555	246
10911.817383	254
10916.240234	266
10920.663086	246
10925.086914	231
10929.509766	243
10933.932617	245
10938.355469	255
10942.779297	261
10947.202148	251
10951.625000	241
10956.047852	231
10960.471680	228
10964.894531	264
10969.317383	250
10973.740234	232
10978.164063	247
10982.586914	249
10987.009766	236
10991.433594	234
10995.856445	231
11000.279297	242
11004.702148	249
11009.125977	286
11013.548828	302
11017.971680	288
11022.394531	272
11026.818359	270
11031.241211	267
11035.664063	257
11040.086914	245
11044.510742	234
11048.933594	222
11053.356445	216
11057.780273	233
11062.203125	255
11066.625977	264
11071.048828	238
11075.472656	225
11079.895508	217
11084.318359	233
11088.741211	251
11093.165039	260
11097.587891	252
11102.010742	244
11106.433594	248
11110.857422	248
11115.280273	248
11119.703125	231
11124.126953	245
11128.549805	258
11132.972656	247
11137.395508	255
11141.819336	265
11146.242188	256
11150.665039	226
11155.087891	208
11159.511719	220
11163.934570	237
11168.357422	228
11172.780273	268
11177.204102	268
11181.626953	218
11186.049805	242
11190.473633	291
11194.896484	285
11199.319336	266
11203.742188	249
11208.166016	268
11212.588867	258
11217.011719	218
11221.434570	208
11225.858398	260
11230.281250	268
11234.704102	244
11239.126953	237
11243.550781	230
11247.973633	246
11252.396484	260
11256.820313	246
11261.243164	217
11265.666016	231
11270.088867	280
11274.512695	241
11278.935547	216
11283.358398	238
11287.781250	232
11292.205078	219
11296.627930	224
11301.050781	228
11305.473633	253
11309.897461	266
11314.320313	243
11318.743164	245
11323.166992	225
11327.589844	217
11332.012695	216
11336.435547	219
11340.859375	226
11345.282227	248
11349.705078	205
11354.127930	193
11358.551758	223
11362.974609	228
11367.397461	248
11371.820313	262
11376.244141	256
11380.666992	222
11385.089844	198
11389.513672	217
11393.936523	229
11398.359375	215
11402.782227	223
11407.206055	221
11411.628906	210
11416.051758	205
11420.474609	207
11424.898438	194
11429.321289	183
11433.744141	185
11438.166992	190
11442.590820	187
11447.013672	183
11451.436523	180
11455.860352	169
11460.283203	145
11464.706055	169
11469.128906	181
11473.552734	150
11477.975586	128
11482.398438	131
11486.821289	116
11491.245117	89
11495.667969	94
11500.090820	85
11504.513672	80
11508.937500	95
11513.360352	93
11517.783203	85
11522.207031	74
11526.629883	80
11531.052734	73
11535.475586	49
11539.899414	50
11544.322266	51
11548.745117	40
11553.167969	33
11557.591797	28
11562.014648	19
11566.437500	39
11570.860352	50
11575.284180	29
11579.707031	25
11584.129883	3
11588.553711	1
11592.976563	0
11597.399414	0
11601.822266	0
11606.246094	0
11610.668945	0
11615.091797	0
11619.514648	0
11623.938477	0
11628.361328	0
11632.784180	0
11637.207031	0
11641.630859	0
11646.053711	0
11650.476563	0
11654.900391	0
11659.323242	0
11663.746094	0
11668.168945	0
11672.592773	0
11677.015625	0
11681.438477	0
11685.861328	0
11690.285156	0
11694.708008	0
11699.130859	0
11703.553711	0
11707.977539	0
11712.400391	0
11716.823242	0
11721.247070	0
11725.669922	0
11730.092773	0
11734.515625	0
11738.939453	0
11743.362305	0
11747.785156	0
11752.208008	0
11756.631836	0
11761.054688	0
11765.477539	0
11769.900391	0
11774.324219	0
11778.747070	0
11783.169922	0
11787.593750	0
11792.016602	0
11796.439453	0
11800.862305	0
11805.286133	0
11809.708984	0
11814.131836	0
11818.554688	0
11822.978516	0
11827.401367	0
11831.824219	0
11836.247070	0
11840.670898	0
11845.093750	0
11849.516602	0
11853.940430	0
11858.363281	0
11862.786133	0
11867.208984	0
11871.632813	0
11876.055664	0
11880.478516	0
11884.901367	0
11889.325195	0
11893.748047	0
11898.170898	0
11902.593750	0
11907.017578	0
11911.440430	0
11915.863281	0
11920.287109	0
11924.709961	0
11929.132813	0
11933.555664	0
11937.979492	0
11942.402344	0
11946.825195	0
11951.248047	0
11955.671875	0
11960.094727	0
11964.517578	0
11968.940430	0
11973.364258	0
11977.787109	0
11982.209961	0
11986.633789	0
11991.056641	0
11995.479492	0
11999.902344	0
12004.326172	0
12008.749023	0
12013.171875	0
12017.594727	0
12022.018555	0
12026.441406	0
12030.864258	0
12035.287109	0
12039.710938	0
12044.133789	0
12048.556641	0
12052.980469	0
12057.403320	0
12061.826172	0
12066.249023	0
12070.672852	0
12075.095703	0
12079.518555	0
12083.941406	0
12088.365234	0
12092.788086	0
12097.210938	0
12101.633789	0
12106.057617	0
12110.480469	0
12114.903320	0
12119.327148	0
12123.750000	0
12128.172852	0
12132.595703	0
12137.019531	0
12141.442383	0
12145.865234	0
12150.288086	0
12154.711914	0
12159.134766	0
12163.557617	0
12167.980469	0
12172.404297	0
12176.827148	0
12181.250000	0
12185.672852	0
12190.096680	0
12194.519531	0
12198.942383	0
12203.366211	0
12207.789063	0
12212.211914	0
12216.634766	0
12221.058594	0
12225.481445	0
12229.904297	0
12234.327148	0
12238.750977	0
12243.173828	0
12247.596680	0
12252.019531	0
12256.443359	0
12260.866211	0
12265.289063	0
12269.712891	0
12274.135742	0
12278.558594	0
12282.981445	0
12287.405273	0
12291.828125	0
12296.250977	0
12300.673828	0
12305.097656	0
12309.520508	0
12313.943359	0
12318.366211	0
12322.790039	0
12327.212891	0
12331.635742	0
12336.059570	0
12340.482422	0
12344.905273	0
12349.328125	0
12353.751953	0
12358.174805	0
12362.597656	0
12367.020508	0
12371.444336	0
12375.867188	0
12380.290039	0
12384.712891	0
12389.136719	0
12393.559570	0
12397.982422	0
12402.406250	0
12406.829102	0
12411.251953	0
12415.674805	0
12420.098633	0
12424.521484	0
12428.944336	0
12433.367188	0
12437.791016	0
12442.213867	0
12446.636719	0
12451.059570	0
12455.483398	0
12459.906250	0
12464.329102	0
12468.752930	0
12473.175781	0
12477.598633	0
12482.021484	0
12486.445313	0
12490.868164	0
12495.291016	0
12499.713867	0
12504.137695	0
12508.560547	0
12512.983398	0
12517.406250	0
12521.830078	0
12526.252930	0
12530.675781	0
12535.099609	0
12539.522461	0
12543.945313	0
12548.368164	0
12552.791992	0
12557.214844	0
12561.637695	0
12566.060547	0
12570.484375	0
12574.907227	0
12579.330078	0
12583.752930	0
12588.176758	0
12592.599609	0
12597.022461	0
12601.446289	0
12605.869141	0
12610.291992	0
12614.714844	0
12619.138672	0
12623.561523	0
12627.984375	0
12632.407227	0
12636.831055	0
12641.253906	0
12645.676758	0
12650.099609	0
12654.523438	0
12658.946289	0
12663.369141	0
12667.792969	0
12672.215820	0
12676.638672	0
12681.061523	0
12685.485352	0
12689.908203	0
12694.331055	0
12698.753906	0
12703.177734	0
12707.600586	0
12712.023438	0
12716.446289	0
12720.870117	0
12725.292969	0
12729.715820	0
12734.139648	0
12738.562500	0
12742.985352	0
12747.408203	0
12751.832031	0
12756.254883	0
12760.677734	0
12765.100586	0
12769.524414	0
12773.947266	0
12778.370117	0
12782.792969	0
12787.216797	0
12791.639648	0
12796.062500	0
12800.486328	0
12804.909180	0
12809.332031	0
12813.754883	0
12818.178711	0
12822.601563	0
12827.024414	0
12831.447266	0
12835.871094	0
12840.293945	0
12844.716797	0
12849.139648	0
12853.563477	0
12857.986328	0
12862.409180	0
12866.833008	0
12871.255859	0
12875.678711	0
12880.101563	0
12884.525391	0
12888.948242	0
12893.371094	0
12897.793945	0
12902.217773	0
12906.640625	0
12911.063477	0
12915.486328	0
12919.910156	0
12924.333008	0
12928.755859	0
12933.179688	0
12937.602539	0
12942.025391	0
12946.448242	0
12950.872070	0
12955.294922	0
12959.717773	0
12964.140625	0
12968.564453	0
