-3982.024658	0
-3977.585449	0
-3973.146240	0
-3968.706787	0
-3964.267578	0
-3959.828369	0
-3955.389160	0
-3950.949707	0
-3946.510498	0
-3942.071289	0
-3937.632080	0
-3933.192627	0
-3928.753418	0
-3924.314209	0
-3919.875000	0
-3915.435547	0
-3910.996338	0
-3906.557129	0
-3902.117920	0
-3897.678467	0
-3893.239258	0
-3888.800049	0
-3884.360840	0
-3879.921387	0
-3875.482178	0
-3871.042969	0
-3866.603760	0
-3862.164307	0
-3857.725098	0
-3853.285889	0
-3848.846680	0
-3844.407227	0
-3839.968018	0
-3835.528809	0
-3831.089600	0
-3826.650146	0
-3822.210938	0
-3817.771729	0
-3813.332520	0
-3808.893066	0
-3804.453857	0
-3800.014648	0
-3795.575439	0
-3791.135986	0
-3786.696777	0
-3782.257568	0
-3777.818359	0
-3773.378906	0
-3768.939697	0
-3764.500488	0
-3760.061279	0
-3755.621826	0
-3751.182617	0
-3746.743408	0
-3742.304199	0
-3737.864746	0
-3733.425537	0
-3728.986328	0
-3724.547119	0
-3720.107666	0
-3715.668457	0
-3711.229248	0
-3706.790039	0
-3702.350586	0
-3697.911377	0
-3693.472168	0
-3689.032959	0
-3684.593506	0
-3680.154297	0
-3675.715088	0
-3671.275879	0
-3666.836426	0
-3662.397217	0
-3657.958008	0
-3653.518799	0
-3649.079346	0
-3644.640137	0
-3640.200928	0
-3635.761719	0
-3631.322266	0
-3626.883057	0
-3622.443848	0
-3618.004639	0
-3613.565186	0
-3609.125977	0
-3604.686768	0
-3600.247559	0
-3595.808105	0
-3591.368896	0
-3586.929688	0
-3582.490479	0
-3578.051025	0
-3573.611816	0
-3569.172607	0
-3564.733398	0
-3560.293945	0
-3555.854736	0
-3551.415527	0
-3546.976318	0
-3542.536865	0
-3538.097656	0
-3533.658447	0
-3529.219238	0
-3524.780029	0
-3520.340576	0
-3515.901367	0
-3511.462158	0
-3507.022949	0
-3502.583496	0
-3498.144287	0
-3493.705078	0
-3489.265869	0
-3484.826416	0
-3480.387207	0
-3475.947998	0
-3471.508789	0
-3467.069336	0
-3462.630127	0
-3458.190918	0
-3453.751709	0
-3449.312256	0
-3444.873047	0
-3440.433838	0
-3435.994629	0
-3431.555176	0
-3427.115967	0
-3422.676758	0
-3418.237549	0
-3413.798096	0
-3409.358887	0
-3404.919678	0
-3400.480469	0
-3396.041016	0
-3391.601807	0
-3387.162598	0
-3382.723389	0
-3378.283936	0
-3373.844727	0
-3369.405518	0
-3364.966309	0
-3360.526855	0
-3356.087646	0
-3351.648438	0
-3347.209229	0
-3342.769775	0
-3338.330566	0
-3333.891357	0
-3329.452148	0
-3325.012695	0
-3320.573486	0
-3316.134277	0
-3311.695068	0
-3307.255615	0
-3302.816406	0
-3298.377197	0
-3293.937988	0
-3289.498535	0
-3285.059326	0
-3280.620117	0
-3276.180908	0
-3271.741455	0
-3267.302246	0
-3262.863037	0
-3258.423828	0
-3253.984375	0
-3249.545166	0
-3245.105957	0
-3240.666748	0
-3236.227295	0
-3231.788086	0
-3227.348877	0
-3222.909668	0
-3218.470215	0
-3214.031006	0
-3209.591797	0
-3205.152588	0
-3200.713135	0
-3196.273926	0
-3191.834717	0
-3187.395508	0
-3182.956055	0
-3178.516846	0
-3174.077637	0
-3169.638428	0
-3165.198975	0
-3160.759766	0
-3156.320557	0
-3151.881348	0
-3147.441895	0
-3143.002686	0
-3138.563477	0
-3134.124268	0
-3129.684814	0
-3125.245605	0
-3120.806396	0
-3116.367188	0
-3111.927734	0
-3107.488525	0
-3103.049316	0
-3098.610107	0
-3094.170654	0
-3089.731445	0
-3085.292236	0
-3080.853027	0
-3076.413818	0
-3071.974365	0
-3067.535156	0
-3063.095947	0
-3058.656738	0
-3054.217285	0
-3049.778076	0
-3045.338867	0
-3040.899658	0
-3036.460205	0
-3032.020996	0
-3027.581787	0
-3023.142578	0
-3018.703125	0
-3014.263916	0
-3009.824707	0
-3005.385498	0
-3000.946045	0
-2996.506836	0
-2992.067627	0
-2987.628418	0
-2983.188965	0
-2978.749756	0
-2974.310547	0
-2969.871338	0
-2965.431885	0
-2960.992676	0
-2956.553467	0
-2952.114258	0
-2947.674805	0
-2943.235596	0
-2938.796387	0
-2934.357178	0
-2929.917725	0
-2925.478516	0
-2921.039307	0
-2916.600098	0
-2912.160645	0
-2907.721436	0
-2903.282227	0
-2898.843018	0
-2894.403564	0
-2889.964355	0
-2885.525146	0
-2881.085938	0
-2876.646484	0
-2872.207275	0
-2867.768066	0
-2863.328857	0
-2858.889404	0
-2854.450195	0
-2850.010986	0
-2845.571777	0
-2841.132324	0
-2836.693115	0
-2832.253906	0
-2827.814697	0
-2823.375244	0
-2818.936035	0
-2814.496826	0
-2810.057617	0
-2805.618164	0
-2801.178955	0
-2796.739746	0
-2792.300537	0
-2787.861084	0
-2783.421875	0
-2778.982666	0
-2774.543457	0
-2770.104004	0
-2765.664795	0
-2761.225586	0
-2756.786377	0
-2752.346924	0
-2747.907715	0
-2743.468506	0
-2739.029297	0
-2734.589844	0
-2730.150635	0
-2725.711426	0
-2721.272217	0
-2716.832764	0
-2712.393555	0
-2707.954346	0
-2703.515137	0
-2699.075684	0
-2694.636475	0
-2690.197266	0
-2685.758057	0
-2681.318604	0
-2676.879395	0
-2672.440186	0
-2668.000977	0
-2663.561523	0
-2659.122314	0
-2654.683105	0
-2650.243896	0
-2645.804688	0
-2641.365234	0
-2636.926025	0
-2632.486816	0
-2628.047607	0
-2623.608154	0
-2619.168945	0
-2614.729736	0
-2610.290527	0
-2605.851074	0
-2601.411865	0
-2596.972656	0
-2592.533447	0
-2588.093994	0
-2583.654785	0
-2579.215576	0
-2574.776367	0
-2570.336914	0
-2565.897705	0
-2561.458496	0
-2557.019287	0
-2552.579834	0
-2548.140625	0
-2543.701416	0
-2539.262207	0
-2534.822754	0
-2530.383545	0
-2525.944336	0
-2521.505127	0
-2517.065674	0
-2512.626465	0
-2508.187256	0
-2503.748047	0
-2499.308594	0
-2494.869385	0
-2490.430176	0
-2485.990967	0
-2481.551514	0
-2477.112305	0
-2472.673096	0
-2468.233887	0
-2463.794434	0
-2459.355225	0
-2454.916016	0
-2450.476807	0
-2446.037354	0
-2441.598145	0
-2437.158936	0
-2432.719727	0
-2428.280273	0
-2423.841064	0
-2419.401855	0
-2414.962646	1
-2410.523193	2
-2406.083984	5
-2401.644775	5
-2397.205566	7
-2392.766113	7
-2388.326904	8
-2383.887695	9
-2379.448486	11
-2375.009033	14
-2370.569824	16
-2366.130615	14
-2361.691406	14
-2357.251953	17
-2352.812744	20
-2348.373535	21
-2343.934326	16
-2339.494873	20
-2335.055664	22
-2330.616455	23
-2326.177246	25
-2321.737793	29
-2317.298584	32
-2312.859375	32
-2308.420166	35
-2303.980713	37
-2299.541504	35
-2295.102295	38
-2290.663086	35
-2286.223633	37
-2281.784424	38
-2277.345215	39
-2272.906006	42
-2268.466553	37
-2264.027344	36
-2259.588135	44
-2255.148926	51
-2250.709473	54
-2246.270264	50
-2241.831055	38
-2237.391846	41
-2232.952393	44
-2228.513184	56
-2224.073975	58
-2219.634766	52
-2215.195313	57
-2210.756104	56
-2206.316895	61
-2201.877686	65
-2197.438477	74
-2192.999023	68
-2188.559814	70
-2184.120605	71
-2179.681396	69
-2175.241943	58
-2170.802734	60
-2166.363525	64
-2161.924316	70
-2157.484863	73
-2153.045654	74
-2148.606445	70
-2144.167236	78
-2139.727783	80
-2135.288574	90
-2130.849365	88
-2126.410156	83
-2121.970703	89
-2117.531494	89
-2113.092285	91
-2108.653076	93
-2104.213623	81
-2099.774414	84
-2095.335205	96
-2090.895996	94
-2086.456543	90
-2082.017334	88
-2077.578125	89
-2073.138916	96
-2068.699463	94
-2064.260254	93
-2059.821045	97
-2055.381836	100
-2050.942383	104
-2046.503174	104
-2042.063965	106
-2037.624634	96
-2033.185425	104
-2028.746094	107
-2024.306885	105
-2019.867554	102
-2015.428345	115
-2010.989014	115
-2006.549805	119
-2002.110474	115
-1997.671265	115
-1993.231934	116
-1988.792725	111
-1984.353394	118
-1979.914185	120
-1975.474854	120
-1971.035645	119
-1966.596313	123
-1962.157104	119
-1957.717773	115
-1953.278564	131
-1948.839233	134
-1944.400024	130
-1939.960693	124
-1935.521484	132
-1931.082153	145
-1926.642944	154
-1922.203613	149
-1917.764404	136
-1913.325073	133
-1908.885864	142
-1904.446533	145
-1900.007324	157
-1895.567993	147
-1891.128784	145
-1886.689453	150
-1882.250244	141
-1877.810913	154
-1873.371704	155
-1868.932373	166
-1864.493164	164
-1860.053833	155
-1855.614624	149
-1851.175293	156
-1846.736084	156
-1842.296753	169
-1837.857544	163
-1833.418213	152
-1828.979004	162
-1824.539673	154
-1820.100464	146
-1815.661133	149
-1811.221924	151
-1806.782593	154
-1802.343384	162
-1797.904053	157
-1793.464844	158
-1789.025513	159
-1784.586304	157
-1780.146973	158
-1775.707764	166
-1771.268433	167
-1766.829224	149
-1762.390015	158
-1757.950684	149
-1753.511475	153
-1749.072144	155
-1744.632935	143
-1740.193604	140
-1735.754395	157
-1731.315063	162
-1726.875854	152
-1722.436523	156
-1717.997314	156
-1713.557983	156
-1709.118774	153
-1704.679443	162
-1700.240234	160
-1695.800903	152
-1691.361694	149
-1686.922363	146
-1682.483154	153
-1678.043823	164
-1673.604614	171
-1669.165283	160
-1664.726074	157
-1660.286743	146
-1655.847534	149
-1651.408203	140
-1646.968994	138
-1642.529663	160
-1638.090454	157
-1633.651123	163
-1629.211914	162
-1624.772583	149
-1620.333374	155
-1615.894043	153
-1611.454834	153
-1607.015503	158
-1602.576294	161
-1598.136963	168
-1593.697754	155
-1589.258423	156
-1584.819214	157
-1580.379883	158
-1575.940674	168
-1571.501343	158
-1567.062134	152
-1562.622803	163
-1558.183594	148
-1553.744263	144
-1549.305054	142
-1544.865723	138
-1540.426514	142
-1535.987183	173
-1531.547974	167
-1527.108643	160
-1522.669434	165
-1518.230103	154
-1513.790894	154
-1509.351563	161
-1504.912354	169
-1500.473022	163
-1496.033813	147
-1491.594482	153
-1487.155273	161
-1482.715942	162
-1478.276733	157
-1473.837402	159
-1469.398193	166
-1464.958862	167
-1460.519653	164
-1456.080322	163
-1451.641113	162
-1447.201782	166
-1442.762573	159
-1438.323242	165
-1433.884033	150
-1429.444702	164
-1425.005493	159
-1420.566162	165
-1416.126953	166
-1411.687622	160
-1407.248413	166
-1402.809082	171
-1398.369873	167
-1393.930542	162
-1389.491333	159
-1385.052002	155
-1380.612793	150
-1376.173462	163
-1371.734253	160
-1367.294922	158
-1362.855713	164
-1358.416382	152
-1353.977173	142
-1349.537842	158
-1345.098633	155
-1340.659302	152
-1336.220093	147
-1331.780762	142
-1327.341553	150
-1322.902344	167
-1318.463013	166
-1314.023804	160
-1309.584473	164
-1305.145264	150
-1300.705933	163
-1296.266724	170
-1291.827393	169
-1287.388184	167
-1282.948853	162
-1278.509644	164
-1274.070313	159
-1269.631104	164
-1265.191772	159
-1260.752563	156
-1256.313232	164
-1251.874023	164
-1247.434692	171
-1242.995483	157
-1238.556152	154
-1234.116943	155
-1229.677612	163
-1225.238403	161
-1220.799072	147
-1216.359863	169
-1211.920532	165
-1207.481323	161
-1203.041992	156
-1198.602783	147
-1194.163452	163
-1189.724243	166
-1185.284912	166
-1180.845703	162
-1176.406372	169
-1171.967163	163
-1167.527832	163
-1163.088623	158
-1158.649292	162
-1154.210083	156
-1149.770752	146
-1145.331543	155
-1140.892212	167
-1136.453003	161
-1132.013672	166
-1127.574463	173
-1123.135132	157
-1118.695923	156
-1114.256592	158
-1109.817383	154
-1105.378052	159
-1100.938843	157
-1096.499512	158
-1092.060303	156
-1087.620972	151
-1083.181763	160
-1078.742432	152
-1074.303223	156
-1069.863892	146
-1065.424683	161
-1060.985352	178
-1056.546143	163
-1052.106812	164
-1047.667603	179
-1043.228271	171
-1038.789063	168
-1034.349731	161
-1029.910522	165
-1025.471191	159
-1021.031982	168
-1016.592712	176
-1012.153442	169
-1007.714172	168
-1003.274902	155
-998.835632	170
-994.396362	167
-989.957092	171
-985.517822	173
-981.078552	183
-976.639282	178
-972.200012	176
-967.760742	180
-963.321472	172
-958.882202	158
-954.442932	175
-950.003662	166
-945.564392	165
-941.125122	170
-936.685852	174
-932.246582	164
-927.807312	164
-923.368042	165
-918.928772	158
-914.489502	166
-910.050232	163
-905.610962	150
-901.171692	150
-896.732422	148
-892.293152	156
-887.853882	158
-883.414612	158
-878.975342	154
-874.536072	163
-870.096802	168
-865.657532	173
-861.218262	178
-856.778992	188
-852.339722	175
-847.900452	166
-843.461182	161
-839.021912	157
-834.582642	176
-830.143372	168
-825.704102	156
-821.264832	169
-816.825562	157
-812.386292	179
-807.947021	186
-803.507751	179
-799.068481	166
-794.629211	173
-790.189941	188
-785.750671	181
-781.311401	168
-776.872131	153
-772.432861	161
-767.993591	157
-763.554321	151
-759.115051	162
-754.675781	170
-750.236511	170
-745.797241	180
-741.357971	177
-736.918701	163
-732.479431	157
-728.040161	156
-723.600891	150
-719.161621	166
-714.722351	170
-710.283081	163
-705.843811	168
-701.404541	158
-696.965271	167
-692.526001	169
-688.086731	170
-683.647461	166
-679.208191	166
-674.768921	181
-670.329651	186
-665.890381	170
-661.451172	166
-657.011902	173
-652.572632	187
-648.133362	169
-643.694092	164
-639.254822	176
-634.815552	162
-630.376282	166
-625.937012	171
-621.497742	182
-617.058472	172
-612.619202	156
-608.179932	168
-603.740662	156
-599.301392	165
-594.862122	177
-590.422852	193
-585.983582	174
-581.544312	167
-577.105042	169
-572.665771	170
-568.226501	178
-563.787231	183
-559.347961	184
-554.908691	172
-550.469421	184
-546.030151	173
-541.590881	164
-537.151611	177
-532.712341	185
-528.273071	173
-523.833801	164
-519.394531	171
-514.955261	190
-510.515991	190
-506.076721	193
-501.637451	178
-497.198181	186
-492.758911	182
-488.319641	182
-483.880371	177
-479.441101	180
-475.001831	174
-470.562561	178
-466.123291	179
-461.684021	190
-457.244751	184
-452.805481	188
-448.366211	200
-443.926941	197
-439.487671	204
-435.048401	198
-430.609131	219
-426.169861	204
-421.730591	193
-417.291321	183
-412.852051	188
-408.412781	192
-403.973511	209
-399.534241	216
-395.094971	216
-390.655701	212
-386.216431	203
-381.777161	186
-377.337891	191
-372.898621	200
-368.459351	194
-364.020081	210
-359.580811	216
-355.141541	217
-350.702271	220
-346.263000	203
-341.823730	221
-337.384460	224
-332.945190	214
-328.505951	214
-324.066681	217
-319.627411	211
-315.188141	214
-310.748871	220
-306.309601	229
-301.870331	234
-297.431061	245
-292.991791	247
-288.552521	264
-284.113251	267
-279.673981	273
-275.234711	253
-270.795441	256
-266.356171	285
-261.916901	292
-257.477631	304
-253.038361	290
-248.599091	310
-244.159821	309
-239.720551	317
-235.281281	327
-230.842010	338
-226.402740	343
-221.963470	365
-217.524200	363
-213.084930	392
-208.645660	419
-204.206390	425
-199.767120	436
-195.327850	450
-190.888580	483
-186.449310	540
-182.010040	562
-177.570770	577
-173.131500	616
-168.692230	662
-164.252975	726
-159.813705	782
-155.374435	825
-150.935165	915
-146.495895	1006
-142.056625	1090
-137.617355	1195
-133.178085	1325
-128.738815	1502
-124.299545	1675
-119.860275	1889
-115.421005	2138
-110.981735	2428
-106.542465	2744
-102.103195	3137
-97.663925	3650
-93.224655	4227
-88.785385	4959
-84.346115	5851
-79.906853	6843
-75.467583	7815
-71.028313	8594
-66.589043	9219
-62.149773	9737
-57.710503	10124
-53.271233	10505
-48.831963	10842
-44.392693	11105
-39.953426	11371
-35.514156	11651
-31.074886	11882
-26.635616	12084
-22.196346	12249
-17.757078	12414
-13.317808	12533
-8.878539	12619
-4.439270	12694
0.000000	12739
4.439270	12767
8.878539	12705
13.317808	12622
17.757078	12514
22.196346	12410
26.635616	12294
31.074886	12182
35.514156	12039
39.953426	11844
44.392693	11634
48.831963	11425
53.271233	11130
57.710503	10764
62.149773	10426
66.589043	10052
71.028313	9570
75.467583	9040
79.906853	8366
84.346115	7399
88.785385	6398
93.224655	5435
97.663925	4632
102.103195	3962
106.542465	3434
110.981735	2996
115.421005	2572
119.860275	2249
124.299545	1977
128.738815	1757
133.178085	1541
137.617355	1371
142.056625	1243
146.495895	1121
150.935165	1023
155.374435	901
159.813705	849
164.252975	792
168.692230	734
173.131500	695
177.570770	641
182.010040	599
186.449310	559
190.888580	536
195.327850	502
199.767120	466
204.206390	445
208.645660	423
213.084930	427
217.524200	414
221.963470	369
226.402740	353
230.842010	333
235.281281	324
239.720551	313
244.159821	321
248.599091	315
253.038361	312
257.477631	295
261.916901	289
266.356171	276
270.795441	263
275.234711	265
279.673981	261
284.113251	260
288.552521	266
292.991791	255
297.431061	249
301.870331	244
306.309601	242
310.748871	245
315.188141	234
319.627411	236
324.066681	242
328.505951	240
332.945190	235
337.384460	223
341.823730	222
346.263000	221
350.702271	224
355.141541	225
359.580811	214
364.020081	222
368.459351	220
372.898621	213
377.337891	213
381.777161	216
386.216431	221
390.655701	217
395.094971	208
399.534241	197
403.973511	202
408.412781	203
412.852051	192
417.291321	217
421.730591	222
426.169861	205
430.609131	203
435.048401	210
439.487671	201
443.926941	197
448.366211	199
452.805481	186
457.244751	190
461.684021	188
466.123291	213
470.562561	214
475.001831	189
479.441101	191
483.880371	193
488.319641	204
492.758911	187
497.198181	200
501.637451	201
506.076721	197
510.515991	185
514.955261	194
519.394531	195
523.833801	211
528.273071	209
532.712341	202
537.151611	202
541.590881	196
546.030151	187
550.469421	166
554.908691	163
559.347961	181
563.787231	181
568.226501	190
572.665771	205
577.105042	193
581.544312	190
585.983582	194
590.422852	194
594.862122	181
599.301392	180
603.740662	177
608.179932	171
612.619202	176
617.058472	194
621.497742	197
625.937012	204
630.376282	181
634.815552	189
639.254822	194
643.694092	185
648.133362	176
652.572632	180
657.011902	181
661.451172	185
665.890381	169
670.329651	168
674.768921	179
679.208191	176
683.647461	173
688.086731	177
692.526001	173
696.965271	190
701.404541	189
705.843811	173
710.283081	179
714.722351	179
719.161621	190
723.600891	202
728.040161	183
732.479431	178
736.918701	176
741.357971	193
745.797241	193
750.236511	192
754.675781	200
759.115051	185
763.554321	187
767.993591	181
772.432861	178
776.872131	182
781.311401	174
785.750671	174
790.189941	172
794.629211	178
799.068481	186
803.507751	181
807.947021	183
812.386292	179
816.825562	177
821.264832	195
825.704102	195
830.143372	185
834.582642	179
839.021912	170
843.461182	172
847.900452	177
852.339722	177
856.778992	177
861.218262	185
865.657532	184
870.096802	180
874.536072	184
878.975342	182
883.414612	173
887.853882	171
892.293152	173
896.732422	180
901.171692	173
905.610962	167
910.050232	168
914.489502	175
918.928772	187
923.368042	183
927.807312	175
932.246582	174
936.685852	175
941.125122	173
945.564392	179
950.003662	171
954.442932	183
958.882202	194
963.321472	193
967.760742	173
972.200012	169
976.639282	180
981.078552	196
985.517822	195
989.957092	193
994.396362	185
998.835632	185
1003.274902	181
1007.714172	186
1012.153442	177
1016.592712	183
1021.031982	187
1025.471191	173
1029.910522	167
1034.349731	168
1038.789063	190
1043.228271	182
1047.667603	186
1052.106812	187
1056.546143	193
1060.985352	192
1065.424683	183
1069.863892	185
1074.303223	198
1078.742432	184
1083.181763	176
1087.620972	182
1092.060303	197
1096.499512	197
1100.938843	177
1105.378052	165
1109.817383	173
1114.256592	177
1118.695923	180
1123.135132	171
1127.574463	174
1132.013672	181
1136.453003	169
1140.892212	174
1145.331543	175
1149.770752	176
1154.210083	199
1158.649292	194
1163.088623	178
1167.527832	177
1171.967163	183
1176.406372	190
1180.845703	190
1185.284912	188
1189.724243	174
1194.163452	176
1198.602783	181
1203.041992	167
1207.481323	181
1211.920532	198
1216.359863	187
1220.799072	181
1225.238403	195
1229.677612	189
1234.116943	179
1238.556152	182
1242.995483	169
1247.434692	186
1251.874023	190
1256.313232	195
1260.752563	198
1265.191772	202
1269.631104	196
1274.070313	196
1278.509644	190
1282.948853	177
1287.388184	178
1291.827393	189
1296.266724	194
1300.705933	178
1305.145264	180
1309.584473	188
1314.023804	191
1318.463013	190
1322.902344	189
1327.341553	191
1331.780762	180
1336.220093	177
1340.659302	177
1345.098633	173
1349.537842	176
1353.977173	192
1358.416382	191
1362.855713	192
1367.294922	177
1371.734253	180
1376.173462	186
1380.612793	181
1385.052002	175
1389.491333	172
1393.930542	184
1398.369873	180
1402.809082	189
1407.248413	180
1411.687622	195
1416.126953	197
1420.566162	187
1425.005493	202
1429.444702	189
1433.884033	190
1438.323242	182
1442.762573	182
1447.201782	175
1451.641113	180
1456.080322	189
1460.519653	185
1464.958862	196
1469.398193	194
1473.837402	195
1478.276733	188
1482.715942	188
1487.155273	192
1491.594482	191
1496.033813	205
1500.473022	204
1504.912354	204
1509.351563	177
1513.790894	182
1518.230103	187
1522.669434	189
1527.108643	175
1531.547974	194
1535.987183	190
1540.426514	178
1544.865723	169
1549.305054	180
1553.744263	182
1558.183594	201
1562.622803	199
1567.062134	192
1571.501343	190
1575.940674	184
1580.379883	179
1584.819214	187
1589.258423	193
1593.697754	195
1598.136963	204
1602.576294	189
1607.015503	194
1611.454834	191
1615.894043	190
1620.333374	194
1624.772583	203
1629.211914	197
1633.651123	198
1638.090454	197
1642.529663	193
1646.968994	186
1651.408203	178
1655.847534	178
1660.286743	186
1664.726074	170
1669.165283	192
1673.604614	202
1678.043823	198
1682.483154	194
1686.922363	186
1691.361694	179
1695.800903	178
1700.240234	195
1704.679443	203
1709.118774	194
1713.557983	179
1717.997314	185
1722.436523	180
1726.875854	176
1731.315063	186
1735.754395	189
1740.193604	190
1744.632935	185
1749.072144	175
1753.511475	194
1757.950684	193
1762.390015	193
1766.829224	193
1771.268433	196
1775.707764	199
1780.146973	205
1784.586304	199
1789.025513	199
1793.464844	192
1797.904053	195
1802.343384	192
1806.782593	193
1811.221924	200
1815.661133	194
1820.100464	197
1824.539673	187
1828.979004	184
1833.418213	197
1837.857544	194
1842.296753	204
1846.736084	209
1851.175293	193
1855.614624	188
1860.053833	190
1864.493164	200
1868.932373	198
1873.371704	202
1877.810913	199
1882.250244	184
1886.689453	185
1891.128784	193
1895.567993	199
1900.007324	188
1904.446533	183
1908.885864	187
1913.325073	190
1917.764404	181
1922.203613	187
1926.642944	190
1931.082153	196
1935.521484	204
1939.960693	184
1944.400024	193
1948.839233	195
1953.278564	199
1957.717773	201
1962.157104	201
1966.596313	191
1971.035645	189
1975.474854	188
1979.914185	187
1984.353394	189
1988.792725	205
1993.231934	194
1997.671265	189
2002.110474	179
2006.549805	189
2010.989014	187
2015.428345	195
2019.867554	187
2024.306885	185
2028.746094	194
2033.185425	205
2037.624634	201
2042.063965	193
2046.503174	186
2050.942383	203
2055.381836	202
2059.821045	191
2064.260254	183
2068.699463	195
2073.138916	204
2077.578125	191
2082.017334	192
2086.456543	188
2090.895996	183
2095.335205	188
2099.774414	197
2104.213623	177
2108.653076	182
2113.092285	204
2117.531494	192
2121.970703	183
2126.410156	197
2130.849365	184
2135.288574	172
2139.727783	192
2144.167236	189
2148.606445	192
2153.045654	184
2157.484863	195
2161.924316	199
2166.363525	189
2170.802734	186
2175.241943	190
2179.681396	181
2184.120605	178
2188.559814	174
2192.999023	175
2197.438477	184
2201.877686	187
2206.316895	186
2210.756104	180
2215.195313	188
2219.634766	194
2224.073975	193
2228.513184	197
2232.952393	195
2237.391846	178
2241.831055	185
2246.270264	192
2250.709473	203
2255.148926	191
2259.588135	199
2264.027344	202
2268.466553	199
2272.906006	195
2277.345215	193
2281.784424	203
2286.223633	216
2290.663086	221
2295.102295	197
2299.541504	196
2303.980713	182
2308.420166	179
2312.859375	197
2317.298584	197
2321.737793	196
2326.177246	201
2330.616455	201
2335.055664	206
2339.494873	200
2343.934326	189
2348.373535	192
2352.812744	194
2357.251953	189
2361.691406	186
2366.130615	183
2370.569824	188
2375.009033	191
2379.448486	189
2383.887695	195
2388.326904	193
2392.766113	205
2397.205566	209
2401.644775	203
2406.083984	184
2410.523193	184
2414.962646	196
2419.401855	190
2423.841064	181
2428.280273	202
2432.719727	190
2437.158936	202
2441.598145	206
2446.037354	202
2450.476807	198
2454.916016	199
2459.355225	204
2463.794434	198
2468.233887	210
2472.673096	212
2477.112305	204
2481.551514	184
2485.990967	180
2490.430176	189
2494.869385	189
2499.308594	197
2503.748047	200
2508.187256	205
2512.626465	201
2517.065674	210
2521.505127	206
2525.944336	195
2530.383545	195
2534.822754	206
2539.262207	200
2543.701416	193
2548.140625	192
2552.579834	188
2557.019287	198
2561.458496	200
2565.897705	195
2570.336914	195
2574.776367	192
2579.215576	186
2583.654785	199
2588.093994	194
2592.533447	199
2596.972656	201
2601.411865	195
2605.851074	192
2610.290527	202
2614.729736	204
2619.168945	194
2623.608154	200
2628.047607	196
2632.486816	187
2636.926025	177
2641.365234	174
2645.804688	212
2650.243896	193
2654.683105	179
2659.122314	176
2663.561523	192
2668.000977	196
2672.440186	204
2676.879395	218
2681.318604	198
2685.758057	184
2690.197266	195
2694.636475	202
2699.075684	197
2703.515137	198
2707.954346	187
2712.393555	190
2716.832764	197
2721.272217	201
2725.711426	194
2730.150635	191
2734.589844	195
2739.029297	195
2743.468506	198
2747.907715	201
2752.346924	195
2756.786377	199
2761.225586	197
2765.664795	192
2770.104004	190
2774.543457	184
2778.982666	195
2783.421875	202
2787.861084	196
2792.300537	202
2796.739746	202
2801.178955	200
2805.618164	195
2810.057617	189
2814.496826	189
2818.936035	189
2823.375244	180
2827.814697	194
2832.253906	190
2836.693115	201
2841.132324	210
2845.571777	203
2850.010986	199
2854.450195	210
2858.889404	217
2863.328857	229
2867.768066	209
2872.207275	208
2876.646484	206
2881.085938	202
2885.525146	202
2889.964355	194
2894.403564	194
2898.843018	186
2903.282227	200
2907.721436	218
2912.160645	214
2916.600098	193
2921.039307	189
2925.478516	202
2929.917725	208
2934.357178	199
2938.796387	204
2943.235596	193
2947.674805	191
2952.114258	197
2956.553467	188
2960.992676	195
2965.431885	213
2969.871338	207
2974.310547	193
2978.749756	195
2983.188965	201
2987.628418	210
2992.067627	206
2996.506836	202
3000.946045	197
3005.385498	205
3009.824707	211
3014.263916	206
3018.703125	192
3023.142578	197
3027.581787	202
3032.020996	206
3036.460205	212
3040.899658	205
3045.338867	197
3049.778076	202
3054.217285	208
3058.656738	205
3063.095947	198
3067.535156	208
3071.974365	204
3076.413818	208
3080.853027	211
3085.292236	205
3089.731445	206
3094.170654	204
3098.610107	206
3103.049316	205
3107.488525	203
3111.927734	195
3116.367188	192
3120.806396	209
3125.245605	207
3129.684814	190
3134.124268	190
3138.563477	194
3143.002686	196
3147.441895	198
3151.881348	198
3156.320557	200
3160.759766	203
3165.198975	204
3169.638428	202
3174.077637	204
3178.516846	185
3182.956055	194
3187.395508	214
3191.834717	197
3196.273926	201
3200.713135	207
3205.152588	194
3209.591797	200
3214.031006	212
3218.470215	205
3222.909668	204
3227.348877	197
3231.788086	198
3236.227295	212
3240.666748	208
3245.105957	200
3249.545166	194
3253.984375	197
3258.423828	212
3262.863037	215
3267.302246	223
3271.741455	210
3276.180908	199
3280.620117	192
3285.059326	204
3289.498535	198
3293.937988	202
3298.377197	206
3302.816406	204
3307.255615	214
3311.695068	203
3316.134277	196
3320.573486	191
3325.012695	201
3329.452148	210
3333.891357	205
3338.330566	205
3342.769775	218
3347.209229	215
3351.648438	205
3356.087646	203
3360.526855	202
3364.966309	210
3369.405518	213
3373.844727	225
3378.283936	206
3382.723389	195
3387.162598	203
3391.601807	202
3396.041016	213
3400.480469	197
3404.919678	199
3409.358887	203
3413.798096	214
3418.237549	209
3422.676758	218
3427.115967	215
3431.555176	222
3435.994629	217
3440.433838	214
3444.873047	213
3449.312256	216
3453.751709	209
3458.190918	211
3462.630127	204
3467.069336	196
3471.508789	209
3475.947998	212
3480.387207	221
3484.826416	222
3489.265869	210
3493.705078	209
3498.144287	185
3502.583496	194
3507.022949	206
3511.462158	214
3515.901367	213
3520.340576	200
3524.780029	204
3529.219238	204
3533.658447	189
3538.097656	191
3542.536865	187
3546.976318	208
3551.415527	222
3555.854736	226
3560.293945	226
3564.733398	212
3569.172607	218
3573.611816	211
3578.051025	210
3582.490479	218
3586.929688	199
3591.368896	224
3595.808105	217
3600.247559	202
3604.686768	203
3609.125977	217
3613.565186	231
3618.004639	230
3622.443848	226
3626.883057	238
3631.322266	222
3635.761719	228
3640.200928	224
3644.640137	229
3649.079346	240
3653.518799	233
3657.958008	248
3662.397217	247
3666.836426	246
3671.275879	233
3675.715088	232
3680.154297	238
3684.593506	243
3689.032959	242
3693.472168	256
3697.911377	243
3702.350586	266
3706.790039	261
3711.229248	262
3715.668457	279
3720.107666	261
3724.547119	267
3728.986328	278
3733.425537	285
3737.864746	286
3742.304199	277
3746.743408	291
3751.182617	307
3755.621826	304
3760.061279	308
3764.500488	325
3768.939697	315
3773.378906	314
3777.818359	318
3782.257568	332
3786.696777	341
3791.135986	361
3795.575439	356
3800.014648	344
3804.453857	339
3808.893066	357
3813.332520	369
3817.771729	366
3822.210938	389
3826.650146	387
3831.089600	386
3835.528809	377
3839.968018	389
3844.407227	406
3848.846680	397
3853.285889	416
3857.725098	426
3862.164307	449
3866.603760	475
3871.042969	494
3875.482178	522
3879.921387	529
3884.360840	540
3888.800049	582
3893.239258	607
3897.678467	643
3902.117920	655
3906.557129	649
3910.996338	659
3915.435547	687
3919.875000	693
3924.314209	702
3928.753418	707
3933.192627	712
3937.632080	711
3942.071289	756
3946.510498	768
3950.949707	759
3955.389160	783
3959.828369	819
3964.267578	876
3968.706787	919
3973.146240	950
3977.585449	990
3982.024658	1071
3986.463867	1155
3990.903076	1221
3995.342529	1293
3999.781738	1343
4004.220947	1341
4008.660156	1367
4013.099609	1410
4017.538818	1459
4021.978027	1512
4026.417236	1518
4030.856689	1540
4035.295898	1567
4039.735107	1584
4044.174316	1577
4048.613770	1582
4053.052979	1623
4057.492188	1653
4061.931396	1629
4066.370850	1640
4070.810059	1654
4075.249268	1668
4079.688477	1678
4084.127930	1710
4088.567139	1722
4093.006348	1695
4097.445801	1677
4101.884766	1659
4106.324219	1678
4110.763672	1725
4115.202637	1712
4119.642090	1696
4124.081055	1707
4128.520508	1698
4132.959961	1701
4137.398926	1709
4141.838379	1702
4146.277832	1690
4150.716797	1691
4155.156250	1670
4159.595215	1670
4164.034668	1694
4168.474121	1701
4172.913086	1700
4177.352539	1726
4181.791992	1726
4186.230957	1722
4190.670410	1769
4195.109375	1804
4199.548828	1804
4203.988281	1793
4208.427246	1784
4212.866699	1819
4217.306152	1855
4221.745117	1879
4226.184570	1880
4230.623535	1875
4235.062988	1890
4239.502441	1887
4243.941406	1895
4248.380859	1885
4252.820313	1923
4257.259277	1939
4261.698730	1908
4266.137695	1892
4270.577148	1909
4275.016602	1921
4279.455566	1930
4283.895020	1913
4288.334473	1886
4292.773438	1892
4297.212891	1937
4301.651855	1960
4306.091309	1946
4310.530762	1953
4314.969727	2007
4319.409180	2044
4323.848633	2046
4328.287598	2050
4332.727051	2076
4337.166016	2099
4341.605469	2114
4346.044922	2127
4350.483887	2183
4354.923340	2235
4359.362793	2260
4363.801758	2262
4368.241211	2251
4372.680176	2262
4377.119629	2263
4381.559082	2279
4385.998047	2293
4390.437500	2320
4394.876953	2341
4399.315918	2348
4403.755371	2352
4408.194336	2356
4412.633789	2386
4417.073242	2372
4421.512207	2358
4425.951660	2365
4430.390625	2386
4434.830078	2410
4439.269531	2421
4443.708496	2449
4448.147949	2440
4452.587402	2451
4457.026367	2456
4461.465820	2501
4465.904785	2542
4470.344238	2555
4474.783691	2562
4479.222656	2546
4483.662109	2510
4488.101563	2519
4492.540527	2547
4496.979980	2566
4501.418945	2569
4505.858398	2596
4510.297852	2597
4514.736816	2576
4519.176270	2582
4523.615723	2594
4528.054688	2602
4532.494141	2618
4536.933105	2619
4541.372559	2607
4545.812012	2603
4550.250977	2600
4554.690430	2604
4559.129883	2615
4563.568848	2640
4568.008301	2650
4572.447266	2636
4576.886719	2657
4581.326172	2699
4585.765137	2704
4590.204590	2747
4594.644043	2766
4599.083008	2768
4603.522461	2779
4607.961426	2826
4612.400879	2860
4616.840332	2857
4621.279297	2875
4625.718750	2904
4630.158203	2922
4634.597168	2938
4639.036621	2981
4643.475586	3048
4647.915039	3103
4652.354492	3099
4656.793457	3117
4661.232910	3172
4665.672363	3177
4670.111328	3186
4674.550781	3274
4678.989746	3338
4683.429199	3392
4687.868652	3441
4692.307617	3471
4696.747070	3521
4701.186523	3596
4705.625488	3695
4710.064941	3734
4714.503906	3805
4718.943359	3848
4723.382813	3921
4727.821777	3988
4732.261230	4039
4736.700684	4152
4741.139648	4267
4745.579102	4315
4750.018066	4362
4754.457520	4398
4758.896973	4476
4763.335938	4553
4767.775391	4626
4772.214844	4718
4776.653809	4810
4781.093262	4912
4785.532227	4941
4789.971680	5004
4794.411133	5086
4798.850098	5099
4803.289551	5137
4807.729004	5203
4812.167969	5235
4816.607422	5283
4821.046387	5288
4825.485840	5309
4829.925293	5323
4834.364258	5327
4838.803711	5374
4843.243164	5436
4847.682129	5427
4852.121582	5425
4856.560547	5429
4861.000000	5458
4865.439453	5488
4869.878418	5458
4874.317871	5449
4878.756836	5470
4883.196289	5483
4887.635742	5459
4892.074707	5471
4896.514160	5520
4900.953613	5554
4905.392578	5548
4909.832031	5566
4914.270996	5594
4918.710449	5595
4923.149902	5572
4927.588867	5592
4932.028320	5568
4936.467773	5576
4940.906738	5625
4945.346191	5660
4949.785156	5657
4954.224609	5607
4958.664063	5587
4963.103027	5633
4967.542480	5652
4971.981934	5662
4976.420898	5633
4980.860352	5603
4985.299316	5569
4989.738770	5548
4994.178223	5570
4998.617188	5549
5003.056641	5539
5007.496094	5571
5011.935059	5550
5016.374512	5538
5020.813477	5526
5025.252930	5515
5029.692383	5496
5034.131348	5493
5038.570801	5477
5043.010254	5471
5047.449219	5471
5051.888672	5475
5056.327637	5469
5060.767090	5488
5065.206543	5473
5069.645508	5461
5074.084961	5494
5078.524414	5532
5082.963379	5479
5087.402832	5411
5091.841797	5381
5096.281250	5417
5100.720703	5405
5105.159668	5371
5109.599121	5345
5114.038574	5406
5118.477539	5398
5122.916992	5324
5127.355957	5264
5131.795410	5219
5136.234863	5200
5140.673828	5162
5145.113281	5124
5149.552734	5122
5153.991699	5111
5158.431152	5051
5162.870117	5012
5167.309570	5029
5171.749023	5001
5176.187988	4904
5180.627441	4912
5185.066895	4929
5189.505859	4894
5193.945313	4888
5198.384277	4913
5202.823730	4878
5207.263184	4855
5211.702148	4811
5216.141602	4779
5220.581055	4784
5225.020020	4801
5229.459473	4784
5233.898438	4770
5238.337891	4782
5242.777344	4792
5247.216309	4759
5251.655762	4727
5256.095215	4782
5260.534180	4771
5264.973633	4750
5269.412598	4747
5273.852051	4768
5278.291504	4788
5282.730469	4780
5287.169922	4768
5291.609375	4765
5296.048340	4771
5300.487793	4759
5304.926758	4704
5309.366211	4708
5313.805664	4728
5318.244629	4703
5322.684082	4711
5327.123047	4757
5331.562500	4752
5336.001953	4688
5340.440918	4671
5344.880371	4678
5349.319824	4673
5353.758789	4666
5358.198242	4715
5362.637207	4734
5367.076660	4689
5371.516113	4703
5375.955078	4678
5380.394531	4651
5384.833984	4664
5389.272949	4647
5393.712402	4624
5398.151367	4631
5402.590820	4634
5407.030273	4627
5411.469238	4545
5415.908691	4525
5420.348145	4519
5424.787109	4545
5429.226563	4545
5433.665527	4530
5438.104980	4481
5442.544434	4463
5446.983398	4483
5451.422852	4499
5455.862305	4501
5460.301270	4491
5464.740723	4536
5469.179688	4498
5473.619141	4444
5478.058594	4442
5482.497559	4491
5486.937012	4482
5491.376465	4464
5495.815430	4456
5500.254883	4472
5504.693848	4438
5509.133301	4458
5513.572754	4420
5518.011719	4354
5522.451172	4352
5526.890625	4337
5531.329590	4361
5535.769043	4398
5540.208008	4382
5544.647461	4353
5549.086914	4317
5553.525879	4310
5557.965332	4338
5562.404785	4313
5566.843750	4305
5571.283203	4293
5575.722168	4306
5580.161621	4309
5584.601074	4277
5589.040039	4252
5593.479492	4224
5597.918945	4186
5602.357910	4202
5606.797363	4185
5611.236328	4167
5615.675781	4157
5620.115234	4209
5624.554199	4232
5628.993652	4230
5633.433105	4203
5637.872070	4177
5642.311523	4144
5646.750488	4158
5651.189941	4136
5655.629395	4112
5660.068359	4043
5664.507813	4046
5668.947266	4123
5673.386230	4140
5677.825684	4114
5682.264648	4127
5686.704102	4119
5691.143555	4080
5695.582520	4022
5700.021973	4007
5704.461426	4057
5708.900391	4074
5713.339844	4127
5717.778809	4080
5722.218262	4028
5726.657715	4030
5731.096680	4060
5735.536133	4055
5739.975586	4016
5744.414551	4034
5748.854004	4037
5753.292969	4047
5757.732422	4060
5762.171875	4064
5766.610840	4101
5771.050293	4106
5775.489258	4125
5779.928711	4146
5784.368164	4148
5788.807129	4176
5793.246582	4202
5797.686035	4219
5802.125000	4265
5806.564453	4276
5811.003418	4277
5815.442871	4293
5819.882324	4347
5824.321289	4378
5828.760742	4389
5833.200195	4349
5837.639160	4357
5842.078613	4338
5846.517578	4338
5850.957031	4372
5855.396484	4352
5859.835449	4387
5864.274902	4383
5868.714355	4349
5873.153320	4376
5877.592773	4364
5882.031738	4327
5886.471191	4326
5890.910645	4300
5895.349609	4288
5899.789063	4271
5904.228516	4317
5908.667480	4265
5913.106934	4209
5917.545898	4230
5921.985352	4220
5926.424805	4224
5930.863770	4232
5935.303223	4169
5939.742676	4135
5944.181641	4121
5948.621094	4090
5953.060059	4110
5957.499512	4097
5961.938965	4060
5966.377930	4024
5970.817383	4026
5975.256836	3983
5979.695801	3961
5984.135254	3985
5988.574219	3984
5993.013672	3932
5997.453125	3970
6001.892090	3895
6006.331543	3809
6010.770996	3832
6015.209961	3845
6019.649414	3834
6024.088379	3790
6028.527832	3773
6032.967285	3722
6037.406250	3725
6041.845703	3723
6046.285156	3672
6050.724121	3658
6055.163574	3631
6059.602539	3600
6064.041992	3597
6068.481445	3523
6072.920410	3463
6077.359863	3450
6081.799316	3441
6086.238281	3434
6090.677734	3437
6095.116699	3382
6099.556152	3348
6103.995605	3321
6108.434570	3256
6112.874023	3226
6117.313477	3238
6121.752441	3241
6126.191895	3238
6130.630859	3155
6135.070313	3132
6139.509766	3157
6143.948730	3126
6148.388184	3097
6152.827637	3095
6157.266602	3064
6161.706055	3077
6166.145020	3054
6170.584473	3045
6175.023926	3029
6179.462891	2961
6183.902344	2922
6188.341309	2912
6192.780762	2909
6197.220215	2911
6201.659180	2881
6206.098633	2892
6210.538086	2900
6214.977051	2864
6219.416504	2852
6223.855469	2876
6228.294922	2854
6232.734375	2817
6237.173340	2766
6241.612793	2752
6246.052246	2758
6250.491211	2756
6254.930664	2728
6259.369629	2762
6263.809082	2763
6268.248535	2720
6272.687500	2709
6277.126953	2713
6281.566406	2673
6286.005371	2704
6290.444824	2720
6294.883789	2656
6299.323242	2647
6303.762695	2681
6308.201660	2691
6312.641113	2661
6317.080566	2651
6321.519531	2650
6325.958984	2613
6330.397949	2603
6334.837402	2610
6339.276855	2643
6343.715820	2655
6348.155273	2662
6352.594727	2668
6357.033691	2609
6361.473145	2572
6365.912109	2602
6370.351563	2621
6374.791016	2623
6379.229980	2598
6383.669434	2576
6388.108887	2569
6392.547852	2599
6396.987305	2584
6401.426270	2604
6405.865723	2611
6410.305176	2618
6414.744141	2613
6419.183594	2577
6423.623047	2583
6428.062012	2559
6432.501465	2566
6436.940430	2599
6441.379883	2620
6445.819336	2579
6450.258301	2554
6454.697754	2544
6459.137207	2533
6463.576172	2569
6468.015625	2559
6472.454590	2510
6476.894043	2515
6481.333496	2510
6485.772461	2471
6490.211914	2505
6494.651367	2551
6499.090332	2529
6503.529785	2528
6507.968750	2533
6512.408203	2499
6516.847656	2465
6521.286621	2477
6525.726074	2486
6530.165527	2508
6534.604492	2511
6539.043945	2474
6543.482910	2447
6547.922363	2460
6552.361816	2493
6556.800781	2491
6561.240234	2485
6565.679688	2483
6570.118652	2479
6574.558105	2486
6578.997070	2493
6583.436523	2456
6587.875977	2469
6592.314941	2466
6596.754395	2472
6601.193848	2508
6605.632813	2525
6610.072266	2499
6614.511230	2463
6618.950684	2503
6623.390137	2542
6627.829102	2547
6632.268555	2520
6636.707520	2571
6641.146973	2604
6645.586426	2599
6650.025391	2565
6654.464844	2536
6658.904297	2583
6663.343262	2614
6667.782715	2614
6672.221680	2634
6676.661133	2639
6681.100586	2652
6685.539551	2652
6689.979004	2652
6694.418457	2612
6698.857422	2628
6703.296875	2650
6707.735840	2653
6712.175293	2642
6716.614746	2682
6721.053711	2648
6725.493164	2630
6729.932617	2663
6734.371582	2640
6738.811035	2606
6743.250000	2633
6747.689453	2649
6752.128906	2673
6756.567871	2654
6761.007324	2700
6765.446777	2739
6769.885742	2715
6774.325195	2712
6778.764160	2697
6783.203613	2698
6787.643066	2702
6792.082031	2698
6796.521484	2693
6800.960938	2724
6805.399902	2717
6809.839355	2717
6814.278320	2712
6818.717773	2713
6823.157227	2720
6827.596191	2692
6832.035645	2681
6836.475098	2680
6840.914063	2637
6845.353516	2641
6849.792480	2662
6854.231934	2608
6858.671387	2552
6863.110352	2549
6867.549805	2559
6871.989258	2564
6876.428223	2572
6880.867676	2597
6885.306641	2565
6889.746094	2533
6894.185547	2565
6898.624512	2576
6903.063965	2581
6907.503418	2589
6911.942383	2603
6916.381836	2587
6920.820801	2556
6925.260254	2594
6929.699707	2621
6934.138672	2592
6938.578125	2615
6943.017578	2636
6947.456543	2713
6951.895996	2682
6956.334961	2684
6960.774414	2715
6965.213867	2695
6969.652832	2715
6974.092285	2681
6978.531738	2654
6982.970703	2667
6987.410156	2687
6991.849121	2683
6996.288574	2739
7000.728027	2737
7005.166992	2680
7009.606445	2694
7014.045898	2741
7018.484863	2781
7022.924316	2789
7027.363281	2788
7031.802734	2764
7036.242188	2757
7040.681152	2793
7045.120605	2825
7049.560059	2805
7053.999023	2764
7058.438477	2749
7062.877441	2776
7067.316895	2824
7071.756348	2792
7076.195313	2781
7080.634766	2777
7085.073730	2752
7089.513184	2750
7093.952637	2793
7098.391602	2818
7102.831055	2782
7107.270508	2763
7111.709473	2763
7116.148926	2761
7120.587891	2684
7125.027344	2686
7129.466797	2669
7133.905762	2655
7138.345215	2623
7142.784668	2650
7147.223633	2620
7151.663086	2580
7156.102051	2560
7160.541504	2527
7164.980957	2562
7169.419922	2532
7173.859375	2476
7178.298828	2468
7182.737793	2466
7187.177246	2471
7191.616211	2423
7196.055664	2436
7200.495117	2453
7204.934082	2457
7209.373535	2442
7213.812988	2371
7218.251953	2347
7222.691406	2315
7227.130371	2318
7231.569824	2300
7236.009277	2235
7240.448242	2261
7244.887695	2256
7249.327148	2234
7253.766113	2209
7258.205566	2200
7262.644531	2174
7267.083984	2187
7271.523438	2149
7275.962402	2152
7280.401855	2175
7284.841309	2168
7289.280273	2145
7293.719727	2132
7298.158691	2165
7302.598145	2139
7307.037598	2118
7311.476563	2156
7315.916016	2134
7320.355469	2103
7324.794434	2136
7329.233887	2151
7333.672852	2172
7338.112305	2161
7342.551758	2118
7346.990723	2107
7351.430176	2121
7355.869629	2132
7360.308594	2143
7364.748047	2162
7369.187012	2178
7373.626465	2150
7378.065918	2127
7382.504883	2107
7386.944336	2119
7391.383789	2092
7395.822754	2085
7400.262207	2099
7404.701172	2093
7409.140625	2082
7413.580078	2090
7418.019043	2050
7422.458496	2059
7426.897949	2088
7431.336914	2035
7435.776367	2023
7440.215332	2052
7444.654785	2036
7449.094238	2024
7453.533203	2017
7457.972656	2012
7462.412109	2007
7466.851074	1975
7471.290527	1951
7475.729492	1962
7480.168945	1985
7484.608398	1998
7489.047363	1954
7493.486816	1901
7497.926270	1909
7502.365234	1915
7506.804688	1869
7511.243652	1866
7515.683105	1853
7520.122559	1841
7524.561523	1854
7529.000977	1829
7533.439941	1798
7537.879395	1763
7542.318848	1728
7546.757813	1711
7551.197266	1696
7555.636719	1693
7560.075684	1681
7564.515137	1594
7568.954102	1541
7573.393555	1545
7577.833008	1512
7582.271973	1505
7586.711426	1511
7591.150879	1465
7595.589844	1384
7600.029297	1363
7604.468262	1364
7608.907715	1317
7613.347168	1268
7617.786133	1276
7622.225586	1289
7626.665039	1260
7631.104004	1242
7635.543457	1212
7639.982422	1214
7644.421875	1228
7648.861328	1212
7653.300293	1196
7657.739746	1233
7662.179199	1217
7666.618164	1237
7671.057617	1228
7675.496582	1183
7679.936035	1193
7684.375488	1186
7688.814453	1183
7693.253906	1188
7697.693359	1201
7702.132324	1187
7706.571777	1172
7711.010742	1174
7715.450195	1180
7719.889648	1147
7724.328613	1157
7728.768066	1194
7733.207520	1210
7737.646484	1179
7742.085938	1165
7746.524902	1134
7750.964355	1125
7755.403809	1124
7759.842773	1128
7764.282227	1122
7768.721680	1095
7773.160645	1058
7777.600098	1065
7782.039063	1075
7786.478516	1080
7790.917969	1073
7795.356934	1048
7799.796387	1024
7804.235840	1029
7808.674805	1041
7813.114258	1045
7817.553223	1008
7821.992676	988
7826.432129	992
7830.871094	992
7835.310547	1000
7839.750000	958
7844.188965	936
7848.628418	920
7853.067383	906
7857.506836	909
7861.946289	901
7866.385254	897
7870.824707	885
7875.264160	873
7879.703125	894
7884.142578	902
7888.581543	864
7893.020996	867
7897.460449	870
7901.899414	835
7906.338867	830
7910.778320	820
7915.217285	803
7919.656738	808
7924.095703	827
7928.535156	832
7932.974609	844
7937.413574	840
7941.853027	823
7946.292480	816
7950.731445	837
7955.170898	832
7959.609863	824
7964.049316	827
7968.488770	808
7972.927734	823
7977.367188	822
7981.806152	825
7986.245605	820
7990.685059	809
7995.124023	806
7999.563477	791
8004.002930	803
8008.441895	817
8012.881348	814
8017.320313	804
8021.759766	780
8026.199219	800
8030.638184	811
8035.077637	805
8039.517090	815
8043.956055	801
8048.395508	785
8052.834473	796
8057.273926	772
8061.713379	778
8066.152344	751
8070.591797	767
8075.031250	757
8079.470215	767
8083.909668	753
8088.348633	714
8092.788086	726
8097.227539	706
8101.666504	689
8106.105957	728
8110.545410	717
8114.984375	712
8119.423828	692
8123.862793	677
8128.302246	643
8132.741699	641
8137.180664	655
8141.620117	679
8146.059570	666
8150.498535	650
8154.937988	618
8159.376953	608
8163.816406	618
8168.255859	629
8172.694824	618
8177.134277	591
8181.573730	566
8186.012695	566
8190.452148	556
8194.891602	574
8199.331055	568
8203.769531	554
8208.208984	556
8212.648438	556
8217.087891	549
8221.527344	526
8225.965820	526
8230.405273	535
8234.844727	523
8239.284180	530
8243.723633	540
8248.162109	524
8252.601563	512
8257.041016	514
8261.480469	496
8265.919922	480
8270.359375	479
8274.797852	477
8279.237305	487
8283.676758	492
8288.116211	486
8292.555664	482
8296.994141	497
8301.433594	518
8305.873047	522
8310.312500	511
8314.751953	504
8319.190430	512
8323.629883	506
8328.069336	494
8332.508789	506
8336.948242	538
8341.387695	510
8345.826172	501
8350.265625	507
8354.705078	530
8359.144531	543
8363.583984	540
8368.022461	536
8372.461914	528
8376.901367	521
8381.340820	534
8385.780273	536
8390.218750	549
8394.658203	562
8399.097656	542
8403.537109	551
8407.976563	538
8412.415039	528
8416.854492	537
8421.293945	547
8425.733398	570
8430.172852	571
8434.612305	572
8439.050781	559
8443.490234	565
8447.929688	590
8452.369141	592
8456.808594	581
8461.247070	587
8465.686523	577
8470.125977	584
8474.565430	576
8479.004883	587
8483.443359	585
8487.882813	579
8492.322266	561
8496.761719	558
8501.201172	589
8505.640625	594
8510.079102	577
8514.518555	566
8518.958008	571
8523.397461	598
8527.836914	583
8532.275391	573
8536.714844	558
8541.154297	557
8545.593750	569
8550.033203	573
8554.471680	572
8558.911133	590
8563.350586	567
8567.790039	558
8572.229492	578
8576.668945	573
8581.107422	563
8585.546875	560
8589.986328	570
8594.425781	576
8598.865234	547
8603.303711	513
8607.743164	525
8612.182617	554
8616.622070	537
8621.061523	527
8625.500000	521
8629.939453	537
8634.378906	549
8638.818359	512
8643.257813	504
8647.697266	509
8652.135742	498
8656.575195	494
8661.014648	496
8665.454102	503
8669.893555	508
8674.332031	502
8678.771484	488
8683.210938	448
8687.650391	438
8692.089844	448
8696.528320	462
8700.967773	436
8705.407227	426
8709.846680	451
8714.286133	449
8718.725586	433
8723.164063	406
8727.603516	418
8732.042969	408
8736.482422	383
8740.921875	388
8745.360352	378
8749.799805	382
8754.239258	389
8758.678711	381
8763.118164	350
8767.556641	353
8771.996094	364
8776.435547	357
8780.875000	349
8785.314453	346
8789.753906	351
8794.192383	347
8798.631836	340
8803.071289	343
8807.510742	330
8811.950195	324
8816.388672	334
8820.828125	336
8825.267578	320
8829.707031	310
8834.146484	310
8838.584961	303
8843.024414	303
8847.463867	305
8851.903320	296
8856.342773	293
8860.781250	299
8865.220703	294
8869.660156	287
8874.099609	300
8878.539063	284
8882.978516	273
8887.416992	270
8891.856445	276
8896.295898	278
8900.735352	279
8905.174805	273
8909.613281	286
8914.052734	280
8918.492188	288
8922.931641	281
8927.371094	271
8931.809570	259
8936.249023	251
8940.688477	246
8945.127930	253
8949.567383	253
8954.006836	273
8958.445313	271
8962.884766	260
8967.324219	266
8971.763672	263
8976.203125	268
8980.641602	258
8985.081055	245
8989.520508	256
8993.959961	244
8998.399414	251
9002.837891	252
9007.277344	265
9011.716797	266
9016.156250	275
9020.595703	254
9025.035156	248
9029.473633	279
9033.913086	271
9038.352539	269
9042.791992	259
9047.231445	253
9051.669922	251
9056.109375	261
9060.548828	286
9064.988281	279
9069.427734	280
9073.866211	269
9078.305664	259
9082.745117	259
9087.184570	250
9091.624023	256
9096.063477	247
9100.501953	253
9104.941406	261
9109.380859	272
9113.820313	266
9118.259766	276
9122.698242	282
9127.137695	271
9131.577148	263
9136.016602	257
9140.456055	252
9144.894531	254
9149.333984	264
9153.773438	267
9158.212891	256
9162.652344	253
9167.091797	262
9171.530273	266
9175.969727	263
9180.409180	255
9184.848633	254
9189.288086	264
9193.726563	247
9198.166016	259
9202.605469	263
9207.044922	255
9211.484375	266
9215.922852	260
9220.362305	253
9224.801758	260
9229.241211	261
9233.680664	251
9238.120117	242
9242.558594	251
9246.998047	255
9251.437500	252
9255.876953	264
9260.316406	262
9264.754883	256
9269.194336	253
9273.633789	223
9278.073242	230
9282.512695	256
9286.951172	247
9291.390625	253
9295.830078	246
9300.269531	234
9304.708984	237
9309.147461	236
9313.586914	257
9318.026367	268
9322.465820	263
9326.905273	234
9331.344727	221
9335.783203	235
9340.222656	241
9344.662109	232
9349.101563	232
9353.541016	239
9357.979492	246
9362.418945	249
9366.858398	258
9371.297852	262
9375.737305	247
9380.175781	241
9384.615234	236
9389.054688	226
9393.494141	227
9397.933594	232
9402.373047	248
9406.811523	261
9411.250977	247
9415.690430	233
9420.129883	241
9424.569336	248
9429.007813	243
9433.447266	244
9437.886719	242
9442.326172	237
9446.765625	248
9451.204102	245
9455.643555	251
9460.083008	248
9464.522461	239
9468.961914	228
9473.401367	222
9477.839844	225
9482.279297	224
9486.718750	224
9491.158203	222
9495.597656	209
9500.036133	228
9504.475586	242
9508.915039	240
9513.354492	231
9517.793945	236
9522.232422	236
9526.671875	245
9531.111328	231
9535.550781	238
9539.990234	251
9544.429688	242
9548.868164	250
9553.307617	256
9557.747070	258
9562.186523	257
9566.625977	255
9571.064453	254
9575.503906	247
9579.943359	248
9584.382813	255
9588.822266	274
9593.260742	264
9597.700195	266
9602.139648	256
9606.579102	257
9611.018555	243
9615.458008	248
9619.896484	262
9624.335938	260
9628.775391	251
9633.214844	250
9637.654297	263
9642.092773	259
9646.532227	264
9650.971680	264
9655.411133	259
9659.850586	263
9664.289063	262
9668.728516	269
9673.167969	266
9677.607422	251
9682.046875	252
9686.486328	266
9690.924805	269
9695.364258	265
9699.803711	258
9704.243164	260
9708.682617	266
9713.121094	265
9717.560547	259
9722.000000	255
9726.439453	260
9730.878906	268
9735.317383	264
9739.756836	262
9744.196289	269
9748.635742	245
9753.075195	256
9757.513672	272
9761.953125	268
9766.392578	276
9770.832031	274
9775.271484	267
9779.710938	275
9784.149414	280
9788.588867	282
9793.028320	282
9797.467773	286
9801.907227	278
9806.345703	283
9810.785156	282
9815.224609	277
9819.664063	282
9824.103516	274
9828.541992	272
9832.981445	278
9837.420898	293
9841.860352	294
9846.299805	287
9850.739258	271
9855.177734	270
9859.617188	278
9864.056641	278
9868.496094	263
9872.935547	254
9877.374023	270
9881.813477	257
9886.252930	261
9890.692383	261
9895.131836	294
9899.570313	307
9904.009766	290
9908.449219	281
9912.888672	263
9917.328125	257
9921.767578	282
9926.206055	278
9930.645508	261
9935.084961	263
9939.524414	284
9943.963867	287
9948.402344	287
9952.841797	275
9957.281250	266
9961.720703	277
9966.160156	274
9970.598633	266
9975.038086	266
9979.477539	256
9983.916992	270
9988.356445	267
9992.795898	273
9997.234375	283
10001.673828	277
10006.113281	271
10010.552734	277
10014.992188	290
10019.430664	272
10023.870117	253
10028.309570	242
10032.749023	257
10037.188477	278
10041.626953	286
10046.066406	268
10050.505859	264
10054.945313	285
10059.384766	286
10063.824219	284
10068.262695	290
10072.702148	272
10077.141602	268
10081.581055	260
10086.020508	276
10090.458984	280
10094.898438	270
10099.337891	273
10103.777344	277
10108.216797	264
10112.655273	254
10117.094727	259
10121.534180	283
10125.973633	269
10130.413086	268
10134.852539	275
10139.291016	264
10143.730469	262
10148.169922	260
10152.609375	269
10157.048828	272
10161.487305	270
10165.926758	254
10170.366211	265
10174.805664	274
10179.245117	282
10183.683594	273
10188.123047	274
10192.562500	276
10197.001953	277
10201.441406	272
10205.879883	273
10210.319336	273
10214.758789	271
10219.198242	262
10223.637695	268
10228.077148	282
10232.515625	269
10236.955078	266
10241.394531	273
10245.833984	248
10250.273438	241
10254.711914	250
10259.151367	254
10263.590820	258
10268.030273	267
10272.469727	248
10276.908203	249
10281.347656	248
10285.787109	260
10290.226563	258
10294.666016	254
10299.105469	261
10303.543945	260
10307.983398	254
10312.422852	260
10316.862305	258
10321.301758	260
10325.740234	258
10330.179688	266
10334.619141	267
10339.058594	262
10343.498047	261
10347.936523	254
10352.375977	267
10356.815430	244
10361.254883	250
10365.694336	253
10370.133789	243
10374.572266	254
10379.011719	266
10383.451172	270
10387.890625	254
10392.330078	242
10396.768555	238
10401.208008	243
10405.647461	247
10410.086914	245
10414.526367	255
10418.964844	250
10423.404297	241
10427.843750	241
10432.283203	243
10436.722656	258
10441.162109	255
10445.600586	247
10450.040039	240
10454.479492	258
10458.918945	245
10463.358398	241
10467.796875	269
10472.236328	262
10476.675781	239
10481.115234	253
10485.554688	249
10489.993164	247
10494.432617	242
10498.872070	236
10503.311523	234
10507.750977	245
10512.190430	250
10516.628906	260
10521.068359	262
10525.507813	252
10529.947266	250
10534.386719	242
10538.825195	252
10543.264648	248
10547.704102	258
10552.143555	260
10556.583008	258
10561.021484	258
10565.460938	256
10569.900391	251
10574.339844	255
10578.779297	256
10583.218750	266
10587.657227	256
10592.096680	254
10596.536133	252
10600.975586	251
10605.415039	244
10609.853516	248
10614.292969	254
10618.732422	257
10623.171875	248
10627.611328	246
10632.049805	261
10636.489258	257
10640.928711	249
10645.368164	246
10649.807617	242
10654.246094	240
10658.685547	252
10663.125000	246
10667.564453	226
10672.003906	237
10676.443359	247
10680.881836	256
10685.321289	245
10689.760742	242
10694.200195	259
10698.639648	256
10703.078125	261
10707.517578	266
10711.957031	266
10716.396484	258
10720.835938	246
10725.274414	249
10729.713867	244
10734.153320	255
10738.592773	257
10743.032227	258
10747.471680	247
10751.910156	243
10756.349609	231
10760.789063	233
10765.228516	234
10769.667969	241
10774.106445	242
10778.545898	239
10782.985352	231
10787.424805	229
10791.864258	228
10796.302734	236
10800.742188	218
10805.181641	213
10809.621094	217
10814.060547	226
10818.500000	214
10822.938477	203
10827.377930	202
10831.817383	217
10836.256836	207
10840.696289	195
10845.134766	207
10849.574219	205
10854.013672	200
10858.453125	206
10862.892578	207
10867.331055	196
10871.770508	198
10876.209961	194
10880.649414	189
10885.088867	198
10889.528320	206
10893.966797	200
10898.406250	184
10902.845703	188
10907.285156	200
10911.724609	170
10916.163086	170
10920.602539	172
10925.041992	170
10929.481445	162
10933.920898	159
10938.359375	141
10942.798828	139
10947.238281	139
10951.677734	131
10956.117188	133
10960.556641	125
10964.995117	122
10969.434570	118
10973.874023	111
10978.313477	109
10982.752930	105
10987.191406	96
10991.630859	83
10996.070313	85
11000.509766	86
11004.949219	78
11009.387695	92
11013.827148	85
11018.266602	76
11022.706055	73
11027.145508	71
11031.584961	66
11036.023438	69
11040.462891	72
11044.902344	64
11049.341797	61
11053.781250	54
11058.219727	57
11062.659180	54
11067.098633	53
11071.538086	49
11075.977539	49
11080.416016	40
11084.855469	47
11089.294922	49
11093.734375	45
11098.173828	49
11102.612305	44
11107.051758	40
11111.491211	43
11115.930664	45
11120.370117	42
11124.809570	43
11129.248047	43
11133.687500	37
11138.126953	40
11142.566406	31
11147.005859	30
11151.444336	33
11155.883789	27
11160.323242	26
11164.762695	32
11169.202148	32
11173.640625	23
11178.080078	24
11182.519531	24
11186.958984	18
11191.398438	17
11195.837891	14
11200.276367	14
11204.715820	14
11209.155273	15
11213.594727	12
11218.034180	9
11222.472656	10
11226.912109	9
11231.351563	9
11235.791016	6
11240.230469	5
11244.668945	2
11249.108398	4
11253.547852	4
11257.987305	2
11262.426758	0
11266.866211	0
11271.304688	0
11275.744141	0
11280.183594	0
11284.623047	0
11289.062500	0
11293.500977	0
11297.940430	0
11302.379883	0
11306.819336	0
11311.258789	0
11315.697266	0
11320.136719	0
11324.576172	0
11329.015625	0
11333.455078	0
11337.894531	0
11342.333008	0
11346.772461	0
11351.211914	0
11355.651367	0
11360.090820	0
11364.529297	0
11368.968750	0
11373.408203	0
11377.847656	0
11382.287109	0
11386.725586	0
11391.165039	0
11395.604492	0
11400.043945	0
11404.483398	0
11408.922852	0
11413.361328	0
11417.800781	0
11422.240234	0
11426.679688	0
11431.119141	0
11435.557617	0
11439.997070	0
11444.436523	0
11448.875977	0
11453.315430	0
11457.753906	0
11462.193359	0
11466.632813	0
11471.072266	0
11475.511719	0
11479.951172	0
11484.389648	0
11488.829102	0
11493.268555	0
11497.708008	0
11502.147461	0
11506.585938	0
11511.025391	0
11515.464844	0
11519.904297	0
11524.343750	0
11528.782227	0
11533.221680	0
11537.661133	0
11542.100586	0
11546.540039	0
11550.978516	0
11555.417969	0
11559.857422	0
11564.296875	0
11568.736328	0
11573.175781	0
11577.614258	0
11582.053711	0
11586.493164	0
11590.932617	0
11595.372070	0
11599.810547	0
11604.250000	0
11608.689453	0
11613.128906	0
11617.568359	0
11622.006836	0
11626.446289	0
11630.885742	0
11635.325195	0
11639.764648	0
11644.204102	0
11648.642578	0
11653.082031	0
11657.521484	0
11661.960938	0
11666.400391	0
11670.838867	0
11675.278320	0
11679.717773	0
11684.157227	0
11688.596680	0
11693.035156	0
11697.474609	0
11701.914063	0
11706.353516	0
11710.792969	0
11715.232422	0
11719.670898	0
11724.110352	0
11728.549805	0
11732.989258	0
11737.428711	0
11741.867188	0
11746.306641	0
11750.746094	0
11755.185547	0
11759.625000	0
11764.063477	0
11768.502930	0
11772.942383	0
11777.381836	0
11781.821289	0
11786.260742	0
11790.699219	0
11795.138672	0
11799.578125	0
11804.017578	0
11808.457031	0
11812.895508	0
11817.334961	0
11821.774414	0
11826.213867	0
11830.653320	0
11835.091797	0
11839.531250	0
11843.970703	0
11848.410156	0
11852.849609	0
11857.289063	0
11861.727539	0
11866.166992	0
11870.606445	0
11875.045898	0
11879.485352	0
11883.923828	0
11888.363281	0
11892.802734	0
11897.242188	0
11901.681641	0
11906.120117	0
11910.559570	0
11914.999023	0
11919.438477	0
11923.877930	0
11928.317383	0
11932.755859	0
11937.195313	0
11941.634766	0
11946.074219	0
11950.513672	0
11954.952148	0
11959.391602	0
11963.831055	0
11968.270508	0
11972.709961	0
11977.148438	0
11981.587891	0
11986.027344	0
11990.466797	0
11994.906250	0
11999.344727	0
12003.784180	0
12008.223633	0
12012.663086	0
12017.102539	0
12021.541992	0
12025.980469	0
12030.419922	0
12034.859375	0
12039.298828	0
12043.738281	0
12048.176758	0
12052.616211	0
12057.055664	0
12061.495117	0
12065.934570	0
12070.373047	0
12074.812500	0
12079.251953	0
12083.691406	0
12088.130859	0
12092.570313	0
12097.008789	0
12101.448242	0
12105.887695	0
12110.327148	0
12114.766602	0
12119.205078	0
12123.644531	0
12128.083984	0
12132.523438	0
12136.962891	0
12141.401367	0
12145.840820	0
12150.280273	0
12154.719727	0
12159.159180	0
12163.598633	0
12168.037109	0
12172.476563	0
12176.916016	0
12181.355469	0
12185.794922	0
12190.233398	0
12194.672852	0
12199.112305	0
12203.551758	0
12207.991211	0
12212.429688	0
12216.869141	0
12221.308594	0
12225.748047	0
12230.187500	0
12234.626953	0
12239.065430	0
12243.504883	0
12247.944336	0
12252.383789	0
12256.823242	0
12261.261719	0
12265.701172	0
12270.140625	0
12274.580078	0
12279.019531	0
12283.458008	0
12287.897461	0
12292.336914	0
12296.776367	0
12301.215820	0
12305.655273	0
12310.093750	0
12314.533203	0
12318.972656	0
12323.412109	0
12327.851563	0
12332.290039	0
12336.729492	0
12341.168945	0
12345.608398	0
12350.047852	0
12354.486328	0
12358.925781	0
12363.365234	0
12367.804688	0
12372.244141	0
12376.682617	0
12381.122070	0
12385.561523	0
12390.000977	0
12394.440430	0
12398.879883	0
12403.318359	0
12407.757813	0
12412.197266	0
12416.636719	0
12421.076172	0
12425.514648	0
12429.954102	0
12434.393555	0
12438.833008	0
12443.272461	0
12447.710938	0
12452.150391	0
12456.589844	0
12461.029297	0
12465.468750	0
12469.908203	0
12474.346680	0
12478.786133	0
12483.225586	0
12487.665039	0
12492.104492	0
12496.542969	0
12500.982422	0
12505.421875	0
12509.861328	0
12514.300781	0
12518.739258	0
12523.178711	0
12527.618164	0
12532.057617	0
12536.497070	0
12540.936523	0
12545.375000	0
12549.814453	0
12554.253906	0
12558.693359	0
12563.132813	0
12567.571289	0
12572.010742	0
12576.450195	0
12580.889648	0
12585.329102	0
12589.767578	0
12594.207031	0
12598.646484	0
12603.085938	0
12607.525391	0
12611.964844	0
12616.403320	0
12620.842773	0
12625.282227	0
12629.721680	0
12634.161133	0
12638.599609	0
12643.039063	0
12647.478516	0
12651.917969	0
12656.357422	0
12660.795898	0
12665.235352	0
12669.674805	0
12674.114258	0
12678.553711	0
12682.993164	0
12687.431641	0
12691.871094	0
12696.310547	0
12700.750000	0
12705.189453	0
12709.627930	0
12714.067383	0
12718.506836	0
12722.946289	0
12727.385742	0
12731.824219	0
12736.263672	0
12740.703125	0
12745.142578	0
12749.582031	0
12754.021484	0
12758.459961	0
12762.899414	0
12767.338867	0
12771.778320	0
12776.217773	0
12780.656250	0
12785.095703	0
12789.535156	0
12793.974609	0
12798.414063	0
12802.852539	0
12807.291992	0
12811.731445	0
12816.170898	0
12820.610352	0
12825.048828	0
12829.488281	0
12833.927734	0
12838.367188	0
12842.806641	0
12847.246094	0
12851.684570	0
12856.124023	0
12860.563477	0
12865.002930	0
12869.442383	0
12873.880859	0
12878.320313	0
12882.759766	0
12887.199219	0
12891.638672	0
12896.077148	0
12900.516602	0
12904.956055	0
12909.395508	0
12913.834961	0
12918.274414	0
12922.712891	0
12927.152344	0
12931.591797	0
12936.031250	0
12940.470703	0
12944.909180	0
12949.348633	0
12953.788086	0
12958.227539	0
12962.666992	0
12967.105469	0
12971.544922	0
12975.984375	0
12980.423828	0
12984.863281	0
12989.302734	0
12993.741211	0
12998.180664	0
13002.620117	0
13007.059570	0
13011.499023	0
13015.937500	0
13020.376953	0
13024.816406	0
13029.255859	0
13033.695313	0
13038.133789	0
13042.573242	0
13047.012695	0
13051.452148	0
13055.891602	0
13060.331055	0
