-2821.909912	0
-2817.479980	0
-2813.049805	0
-2808.619873	0
-2804.189941	0
-2799.760010	0
-2795.329834	0
-2790.899902	0
-2786.469971	0
-2782.039795	0
-2777.609863	0
-2773.179932	0
-2768.750000	0
-2764.319824	0
-2759.889893	0
-2755.459961	0
-2751.029785	0
-2746.599854	0
-2742.169922	0
-2737.739990	0
-2733.309814	0
-2728.879883	0
-2724.449951	0
-2720.019775	0
-2715.589844	0
-2711.159912	0
-2706.729980	0
-2702.299805	0
-2697.869873	0
-2693.439941	0
-2689.010010	0
-2684.579834	0
-2680.149902	0
-2675.719971	0
-2671.289795	0
-2666.859863	0
-2662.429932	0
-2658.000000	0
-2653.569824	0
-2649.139893	0
-2644.709961	0
-2640.279785	0
-2635.849854	0
-2631.419922	0
-2626.989990	0
-2622.559814	0
-2618.129883	0
-2613.699951	0
-2609.270020	0
-2604.839844	0
-2600.409912	0
-2595.979980	0
-2591.549805	0
-2587.119873	0
-2582.689941	0
-2578.260010	0
-2573.829834	0
-2569.399902	0
-2564.969971	0
-2560.539795	0
-2556.109863	0
-2551.679932	0
-2547.250000	0
-2542.819824	0
-2538.389893	0
-2533.959961	0
-2529.529785	0
-2525.099854	0
-2520.669922	0
-2516.239990	0
-2511.809814	0
-2507.379883	0
-2502.949951	0
-2498.520020	0
-2494.089844	0
-2489.659912	0
-2485.229980	0
-2480.799805	0
-2476.369873	0
-2471.939941	0
-2467.510010	0
-2463.079834	0
-2458.649902	0
-2454.219971	0
-2449.789795	0
-2445.359863	0
-2440.929932	0
-2436.500000	0
-2432.069824	0
-2427.639893	0
-2423.209961	0
-2418.779785	0
-2414.349854	0
-2409.919922	0
-2405.489990	0
-2401.059814	0
-2396.629883	0
-2392.199951	0
-2387.770020	0
-2383.339844	0
-2378.909912	0
-2374.479980	0
-2370.049805	0
-2365.619873	0
-2361.189941	0
-2356.760010	0
-2352.329834	0
-2347.899902	0
-2343.469971	0
-2339.039795	0
-2334.609863	0
-2330.179932	0
-2325.750000	0
-2321.319824	0
-2316.889893	0
-2312.459961	0
-2308.030029	0
-2303.599854	0
-2299.169922	0
-2294.739990	2
-2290.309814	3
-2285.879883	5
-2281.449951	7
-2277.020020	6
-2272.589844	9
-2268.159912	11
-2263.729980	11
-2259.299805	10
-2254.869873	12
-2250.439941	12
-2246.010010	13
-2241.579834	16
-2237.149902	17
-2232.719971	16
-2228.289795	19
-2223.859863	22
-2219.429932	27
-2215.000000	29
-2210.569824	28
-2206.139893	27
-2201.709961	27
-2197.280029	30
-2192.849854	29
-2188.419922	32
-2183.989990	23
-2179.559814	30
-2175.129883	32
-2170.699951	35
-2166.270020	39
-2161.839844	42
-2157.409912	40
-2152.979980	36
-2148.549805	43
-2144.119873	46
-2139.689941	52
-2135.260010	57
-2130.829834	46
-2126.399902	50
-2121.969971	48
-2117.540039	48
-2113.109863	47
-2108.679932	51
-2104.250000	50
-2099.819824	45
-2095.389893	52
-2090.959961	57
-2086.530029	57
-2082.099854	60
-2077.669922	58
-2073.239990	62
-2068.809814	66
-2064.379883	77
-2059.949951	73
-2055.520020	65
-2051.089844	72
-2046.659912	60
-2042.229980	68
-2037.799927	84
-2033.369873	79
-2028.939941	83
-2024.509888	85
-2020.079956	83
-2015.649902	77
-2011.219971	83
-2006.789917	78
-2002.359863	81
-1997.929932	77
-1993.499878	89
-1989.069946	82
-1984.639893	94
-1980.209961	91
-1975.779907	100
-1971.349976	99
-1966.919922	103
-1962.489868	97
-1958.059937	92
-1953.629883	90
-1949.199951	94
-1944.769897	94
-1940.339966	96
-1935.909912	100
-1931.479980	93
-1927.049927	101
-1922.619873	112
-1918.189941	115
-1913.759888	106
-1909.329956	105
-1904.899902	97
-1900.469971	105
-1896.039917	113
-1891.609985	118
-1887.179932	127
-1882.749878	115
-1878.319946	122
-1873.889893	111
-1869.459961	114
-1865.029907	119
-1860.599976	122
-1856.169922	120
-1851.739868	118
-1847.309937	120
-1842.879883	124
-1838.449951	128
-1834.019897	134
-1829.589966	132
-1825.159912	129
-1820.729980	144
-1816.299927	144
-1811.869873	136
-1807.439941	136
-1803.009888	137
-1798.579956	139
-1794.149902	140
-1789.719971	133
-1785.289917	145
-1780.859985	147
-1776.429932	142
-1771.999878	146
-1767.569946	146
-1763.139893	149
-1758.709961	144
-1754.279907	146
-1749.849976	158
-1745.419922	149
-1740.989990	158
-1736.559937	167
-1732.129883	162
-1727.699951	165
-1723.269897	165
-1718.839966	159
-1714.409912	161
-1709.979980	164
-1705.549927	174
-1701.119873	159
-1696.689941	166
-1692.259888	158
-1687.829956	157
-1683.399902	149
-1678.969971	153
-1674.539917	158
-1670.109985	170
-1665.679932	174
-1661.249878	164
-1656.819946	159
-1652.389893	158
-1647.959961	157
-1643.529907	179
-1639.099976	173
-1634.669922	175
-1630.239990	173
-1625.809937	168
-1621.379883	141
-1616.949951	157
-1612.519897	156
-1608.089966	162
-1603.659912	161
-1599.229980	165
-1594.799927	172
-1590.369995	165
-1585.939941	152
-1581.509888	166
-1577.079956	162
-1572.649902	165
-1568.219971	167
-1563.789917	161
-1559.359985	164
-1554.929932	183
-1550.500000	190
-1546.069946	181
-1541.639893	162
-1537.209961	163
-1532.779907	164
-1528.349976	145
-1523.919922	148
-1519.489990	172
-1515.059937	166
-1510.629883	174
-1506.199951	181
-1501.769897	168
-1497.339966	158
-1492.909912	163
-1488.479980	170
-1484.049927	168
-1479.619995	168
-1475.189941	177
-1470.759888	174
-1466.329956	170
-1461.899902	163
-1457.469971	168
-1453.039917	165
-1448.609985	162
-1444.179932	167
-1439.750000	166
-1435.319946	175
-1430.889893	160
-1426.459961	163
-1422.029907	164
-1417.599976	170
-1413.169922	177
-1408.739990	167
-1404.309937	156
-1399.880005	163
-1395.449951	162
-1391.019897	169
-1386.589966	181
-1382.159912	168
-1377.729980	160
-1373.299927	166
-1368.869995	168
-1364.439941	160
-1360.009888	155
-1355.579956	158
-1351.149902	167
-1346.719971	172
-1342.289917	177
-1337.859985	165
-1333.429932	157
-1329.000000	159
-1324.569946	175
-1320.139893	175
-1315.709961	180
-1311.279907	179
-1306.849976	173
-1302.419922	160
-1297.989990	176
-1293.559937	174
-1289.130005	173
-1284.699951	171
-1280.269897	167
-1275.839966	164
-1271.409912	163
-1266.979980	178
-1262.549927	179
-1258.119995	179
-1253.689941	161
-1249.260010	155
-1244.829956	167
-1240.399902	183
-1235.969971	161
-1231.539917	155
-1227.109985	162
-1222.679932	180
-1218.250000	178
-1213.819946	177
-1209.389893	175
-1204.959961	179
-1200.529907	172
-1196.099976	165
-1191.669922	164
-1187.239990	173
-1182.809937	175
-1178.380005	170
-1173.949951	179
-1169.519897	168
-1165.089966	161
-1160.659912	160
-1156.229980	166
-1151.799927	167
-1147.369995	174
-1142.939941	171
-1138.510010	160
-1134.079956	171
-1129.649902	177
-1125.219971	161
-1120.789917	175
-1116.359985	191
-1111.929932	176
-1107.500000	169
-1103.069946	167
-1098.640015	160
-1094.209961	160
-1089.779907	162
-1085.349976	158
-1080.919922	163
-1076.489990	182
-1072.059937	184
-1067.630005	181
-1063.199951	170
-1058.770020	172
-1054.339966	165
-1049.909912	160
-1045.479980	158
-1041.049927	166
-1036.619995	163
-1032.189941	170
-1027.760010	176
-1023.329956	179
-1018.899963	170
-1014.469971	176
-1010.039978	167
-1005.609985	170
-1001.179932	170
-996.749939	171
-992.319946	162
-987.889954	166
-983.459961	165
-979.029968	160
-974.599976	149
-970.169983	153
-965.739990	150
-961.309937	179
-956.879944	180
-952.449951	175
-948.019958	169
-943.589966	159
-939.159973	168
-934.729980	175
-930.299988	178
-925.869934	181
-921.439941	184
-917.009949	182
-912.579956	172
-908.149963	179
-903.719971	181
-899.289978	174
-894.859985	170
-890.429993	195
-885.999939	176
-881.569946	182
-877.139954	183
-872.709961	182
-868.279968	168
-863.849976	164
-859.419983	177
-854.989990	177
-850.559937	176
-846.129944	160
-841.699951	169
-837.269958	169
-832.839966	169
-828.409973	183
-823.979980	177
-819.549988	168
-815.119995	175
-810.689941	180
-806.259949	182
-801.829956	172
-797.399963	180
-792.969971	153
-788.539978	153
-784.109985	174
-779.679993	175
-775.250000	163
-770.819946	161
-766.389954	157
-761.959961	166
-757.529968	163
-753.099976	181
-748.669983	191
-744.239990	185
-739.809998	179
-735.379944	172
-730.949951	172
-726.519958	180
-722.089966	182
-717.659973	182
-713.229980	179
-708.799988	177
-704.369995	180
-699.940002	179
-695.509949	175
-691.079956	172
-686.649963	169
-682.219971	182
-677.789978	183
-673.359985	177
-668.929993	185
-664.500000	184
-660.069946	183
-655.639954	186
-651.209961	180
-646.779968	181
-642.349976	171
-637.919983	183
-633.489990	182
-629.059998	180
-624.630005	181
-620.199951	181
-615.769958	172
-611.339966	179
-606.909973	173
-602.479980	183
-598.049988	192
-593.619995	189
-589.190002	189
-584.759949	190
-580.329956	189
-575.899963	182
-571.469971	172
-567.039978	173
-562.609985	174
-558.179993	182
-553.750000	183
-549.320007	190
-544.889954	193
-540.459961	203
-536.029968	193
-531.599976	168
-527.169983	182
-522.739990	182
-518.309998	193
-513.880005	187
-509.449982	186
-505.019989	191
-500.589966	193
-496.159973	189
-491.729980	193
-487.299988	177
-482.869995	162
-478.439972	168
-474.009979	184
-469.579987	185
-465.149994	184
-460.719971	175
-456.289978	181
-451.859985	196
-447.429993	178
-442.999969	172
-438.569977	189
-434.139984	197
-429.709991	184
-425.279968	174
-420.849976	185
-416.419983	196
-411.989990	200
-407.559998	199
-403.129974	199
-398.699982	210
-394.269989	176
-389.839996	179
-385.409973	185
-380.979980	186
-376.549988	188
-372.119995	194
-367.689972	187
-363.259979	185
-358.829987	177
-354.399994	191
-349.970001	202
-345.539978	208
-341.109985	195
-336.679993	198
-332.250000	205
-327.819977	202
-323.389984	205
-318.959991	198
-314.529999	186
-310.099976	200
-305.669983	199
-301.239990	203
-296.809998	204
-292.379974	200
-287.949982	218
-283.519989	215
-279.089996	208
-274.660004	207
-270.229980	215
-265.799988	218
-261.369995	207
-256.940002	214
-252.509995	237
-248.079987	236
-243.649994	230
-239.219986	222
-234.789993	227
-230.359985	233
-225.929993	254
-221.499985	254
-217.069992	251
-212.639984	256
-208.209991	280
-203.779999	298
-199.349991	291
-194.919998	305
-190.489990	305
-186.059998	303
-181.629990	313
-177.199997	334
-172.769989	363
-168.339996	364
-163.909988	363
-159.479996	397
-155.049988	437
-150.619995	434
-146.189987	452
-141.759995	495
-137.330002	524
-132.899994	547
-128.470001	593
-124.039993	635
-119.609993	700
-115.179993	782
-110.749992	858
-106.319992	921
-101.889999	1050
-97.459999	1153
-93.029999	1291
-88.599998	1501
-84.169998	1687
-79.739998	1931
-75.309998	2271
-70.879997	2721
-66.449997	3178
-62.019997	3760
-57.589996	4543
-53.159996	5301
-48.730000	5972
-44.299999	6490
-39.869999	6857
-35.439999	7210
-31.009998	7549
-26.579998	7807
-22.150000	7997
-17.719999	8114
-13.289999	8223
-8.860000	8281
-4.430000	8291
0.000000	8293
4.430000	8219
8.860000	8081
13.289999	7956
17.719999	7803
22.150000	7648
26.579998	7458
31.009998	7212
35.439999	6983
39.869999	6694
44.299999	6249
48.730000	5813
53.159996	5241
57.589996	4400
62.019997	3627
66.449997	3015
70.879997	2495
75.309998	2089
79.739998	1787
84.169998	1550
88.599998	1371
93.029999	1192
97.459999	1066
101.889999	933
106.319992	820
110.749992	739
115.179993	684
119.609993	629
124.039993	589
128.470001	528
132.899994	505
137.330002	467
141.759995	450
146.189987	442
150.619995	414
155.049988	368
159.479996	364
163.909988	348
168.339996	349
172.769989	334
177.199997	311
181.629990	294
186.059998	300
190.489990	304
194.919998	293
199.349991	266
203.779999	261
208.209991	269
212.639984	257
217.069992	248
221.499985	238
225.929993	256
230.359985	252
234.789993	226
239.219986	221
243.649994	230
248.079987	230
252.509995	220
256.940002	221
261.369995	213
265.799988	211
270.229980	204
274.660004	209
279.089996	212
283.519989	214
287.949982	217
292.379974	200
296.809998	202
301.239990	207
305.669983	209
310.099976	211
314.529999	212
318.959991	205
323.389984	214
327.819977	201
332.250000	205
336.679993	214
341.109985	207
345.539978	193
349.970001	196
354.399994	196
358.829987	202
363.259979	183
367.689972	206
372.119995	201
376.549988	194
380.979980	205
385.409973	186
389.839996	182
394.269989	196
398.699982	205
403.129974	195
407.559998	202
411.989990	211
416.419983	197
420.849976	191
425.279968	187
429.709991	187
434.139984	182
438.569977	198
442.999969	200
447.429993	211
451.859985	197
456.289978	213
460.719971	195
465.149994	185
469.579987	202
474.009979	212
478.439972	206
482.869995	205
487.299988	199
491.729980	194
496.159973	200
500.589966	191
505.019989	183
509.449982	187
513.880005	197
518.309998	193
522.739990	182
527.169983	195
531.599976	191
536.029968	202
540.459961	189
544.889954	182
549.320007	186
553.750000	185
558.179993	194
562.609985	197
567.039978	185
571.469971	181
575.899963	190
580.329956	182
584.759949	184
589.190002	197
593.619995	200
598.049988	190
602.479980	192
606.909973	197
611.339966	183
615.769958	182
620.199951	189
624.630005	207
629.059998	202
633.489990	192
637.919983	200
642.349976	185
646.779968	186
651.209961	185
655.639954	184
660.069946	186
664.500000	184
668.929993	189
673.359985	196
677.789978	192
682.219971	184
686.649963	182
691.079956	190
695.509949	184
699.940002	194
704.369995	194
708.799988	181
713.229980	195
717.659973	204
722.089966	177
726.519958	182
730.949951	191
735.379944	193
739.809998	197
744.239990	189
748.669983	195
753.099976	187
757.529968	192
761.959961	194
766.389954	184
770.819946	185
775.250000	189
779.679993	189
784.109985	181
788.539978	185
792.969971	199
797.399963	188
801.829956	185
806.259949	193
810.689941	191
815.119995	182
819.549988	186
823.979980	183
828.409973	184
832.839966	182
837.269958	196
841.699951	193
846.129944	191
850.559937	193
854.989990	193
859.419983	198
863.849976	190
868.279968	186
872.709961	172
877.139954	186
881.569946	193
885.999939	180
890.429993	176
894.859985	189
899.289978	191
903.719971	200
908.149963	206
912.579956	197
917.009949	201
921.439941	186
925.869934	182
930.299988	193
934.729980	211
939.159973	198
943.589966	183
948.019958	185
952.449951	200
956.879944	201
961.309937	189
965.739990	188
970.169983	195
974.599976	191
979.029968	179
983.459961	188
987.889954	187
992.319946	197
996.749939	204
1001.179932	185
1005.609985	199
1010.039978	205
1014.469971	193
1018.899963	200
1023.329956	201
1027.760010	201
1032.189941	196
1036.619995	191
1041.049927	197
1045.479980	208
1049.909912	209
1054.339966	203
1058.770020	202
1063.199951	191
1067.630005	181
1072.059937	192
1076.489990	192
1080.919922	192
1085.349976	188
1089.779907	202
1094.209961	189
1098.640015	188
1103.069946	184
1107.500000	190
1111.929932	194
1116.359985	200
1120.789917	191
1125.219971	183
1129.649902	187
1134.079956	186
1138.510010	190
1142.939941	200
1147.369995	198
1151.799927	186
1156.229980	189
1160.659912	184
1165.089966	188
1169.519897	199
1173.949951	172
1178.380005	185
1182.809937	184
1187.239990	190
1191.669922	201
1196.099976	192
1200.529907	172
1204.959961	178
1209.389893	191
1213.819946	192
1218.250000	181
1222.679932	194
1227.109985	214
1231.539917	214
1235.969971	197
1240.399902	196
1244.829956	207
1249.260010	194
1253.689941	191
1258.119995	181
1262.549927	186
1266.979980	185
1271.409912	201
1275.839966	213
1280.269897	201
1284.699951	201
1289.130005	203
1293.559937	196
1297.989990	192
1302.419922	190
1306.849976	192
1311.279907	186
1315.709961	195
1320.139893	199
1324.569946	189
1329.000000	186
1333.429932	191
1337.859985	197
1342.289917	203
1346.719971	211
1351.149902	203
1355.579956	200
1360.009888	179
1364.439941	181
1368.869995	191
1373.299927	180
1377.729980	181
1382.159912	186
1386.589966	187
1391.019897	191
1395.449951	189
1399.880005	192
1404.309937	198
1408.739990	201
1413.169922	186
1417.599976	184
1422.029907	189
1426.459961	197
1430.889893	189
1435.319946	175
1439.750000	191
1444.179932	190
1448.609985	192
1453.039917	199
1457.469971	189
1461.899902	182
1466.329956	190
1470.759888	183
1475.189941	191
1479.619995	213
1484.049927	202
1488.479980	197
1492.909912	199
1497.339966	207
1501.769897	198
1506.199951	200
1510.629883	205
1515.059937	218
1519.489990	193
1523.919922	188
1528.349976	195
1532.779907	193
1537.209961	191
1541.639893	195
1546.069946	191
1550.500000	185
1554.929932	196
1559.359985	206
1563.789917	199
1568.219971	202
1572.649902	195
1577.079956	191
1581.509888	193
1585.939941	212
1590.369995	202
1594.799927	196
1599.229980	198
1603.659912	202
1608.089966	188
1612.519897	198
1616.949951	190
1621.379883	193
1625.809937	205
1630.239990	199
1634.669922	187
1639.099976	207
1643.529907	212
1647.959961	205
1652.389893	210
1656.819946	203
1661.249878	192
1665.679932	192
1670.109985	191
1674.539917	194
1678.969971	202
1683.399902	191
1687.829956	190
1692.259888	187
1696.689941	188
1701.119873	197
1705.549927	190
1709.979980	195
1714.409912	202
1718.839966	200
1723.269897	200
1727.699951	193
1732.129883	184
1736.559937	193
1740.989990	198
1745.419922	196
1749.849976	196
1754.279907	214
1758.709961	215
1763.139893	190
1767.569946	189
1771.999878	203
1776.429932	196
1780.859985	186
1785.289917	194
1789.719971	205
1794.149902	207
1798.579956	211
1803.009888	206
1807.439941	206
1811.869873	205
1816.299927	205
1820.729980	190
1825.159912	180
1829.589966	191
1834.019897	207
1838.449951	194
1842.879883	195
1847.309937	202
1851.739868	186
1856.169922	198
1860.599976	191
1865.029907	195
1869.459961	196
1873.889893	198
1878.319946	209
1882.749878	200
1887.179932	188
1891.609985	197
1896.039917	197
1900.469971	198
1904.899902	196
1909.329956	206
1913.759888	198
1918.189941	184
1922.619873	202
1927.049927	206
1931.479980	204
1935.909912	202
1940.339966	198
1944.769897	206
1949.199951	209
1953.629883	201
1958.059937	189
1962.489868	191
1966.919922	204
1971.349976	203
1975.779907	200
1980.209961	213
1984.639893	203
1989.069946	206
1993.499878	216
1997.929932	220
2002.359863	219
2006.789917	201
2011.219971	204
2015.649902	211
2020.079956	198
2024.509888	206
2028.939941	199
2033.369873	191
2037.799927	187
2042.229980	197
2046.659912	199
2051.089844	213
2055.520020	207
2059.949951	204
2064.379883	198
2068.809814	205
2073.239990	215
2077.669922	211
2082.099854	203
2086.530029	207
2090.959961	209
2095.389893	209
2099.819824	210
2104.250000	220
2108.679932	229
2113.109863	220
2117.540039	211
2121.969971	213
2126.399902	207
2130.829834	203
2135.260010	225
2139.689941	213
2144.119873	201
2148.549805	210
2152.979980	224
2157.409912	216
2161.839844	218
2166.270020	220
2170.699951	195
2175.129883	200
2179.559814	206
2183.989990	203
2188.419922	195
2192.849854	213
2197.280029	221
2201.709961	205
2206.139893	211
2210.569824	204
2215.000000	209
2219.429932	196
2223.859863	198
2228.289795	202
2232.719971	214
2237.149902	230
2241.579834	220
2246.010010	221
2250.439941	224
2254.869873	223
2259.299805	208
2263.729980	209
2268.159912	199
2272.589844	205
2277.020020	220
2281.449951	209
2285.879883	201
2290.309814	207
2294.739990	221
2299.169922	210
2303.599854	202
2308.030029	202
2312.459961	207
2316.889893	205
2321.319824	205
2325.750000	211
2330.179932	208
2334.609863	213
2339.039795	221
2343.469971	222
2347.899902	211
2352.329834	196
2356.760010	199
2361.189941	217
2365.619873	216
2370.049805	207
2374.479980	208
2378.909912	205
2383.339844	206
2387.770020	204
2392.199951	214
2396.629883	201
2401.059814	205
2405.489990	205
2409.919922	205
2414.349854	210
2418.779785	205
2423.209961	217
2427.639893	208
2432.069824	207
2436.500000	202
2440.929932	203
2445.359863	209
2449.789795	196
2454.219971	212
2458.649902	215
2463.079834	217
2467.510010	217
2471.939941	203
2476.369873	210
2480.799805	198
2485.229980	214
2489.659912	225
2494.089844	225
2498.520020	210
2502.949951	190
2507.379883	197
2511.809814	205
2516.239990	217
2520.669922	218
2525.099854	224
2529.529785	214
2533.959961	214
2538.389893	201
2542.819824	220
2547.250000	216
2551.679932	207
2556.109863	208
2560.539795	219
2564.969971	218
2569.399902	216
2573.829834	212
2578.260010	211
2582.689941	229
2587.119873	236
2591.549805	222
2595.979980	217
2600.409912	222
2604.839844	214
2609.270020	214
2613.699951	207
2618.129883	224
2622.559814	225
2626.989990	225
2631.419922	225
2635.849854	213
2640.279785	199
2644.709961	197
2649.139893	193
2653.569824	202
2658.000000	212
2662.429932	207
2666.859863	225
2671.289795	234
2675.719971	221
2680.149902	203
2684.579834	201
2689.010010	205
2693.439941	199
2697.869873	194
2702.299805	202
2706.729980	207
2711.159912	218
2715.589844	204
2720.019775	211
2724.449951	202
2728.879883	204
2733.309814	221
2737.739990	219
2742.169922	203
2746.599854	206
2751.029785	205
2755.459961	210
2759.889893	230
2764.319824	219
2768.750000	202
2773.179932	197
2777.609863	214
2782.039795	223
2786.469971	227
2790.899902	231
2795.329834	230
2799.760010	224
2804.189941	221
2808.619873	199
2813.049805	208
2817.479980	223
2821.909912	221
2826.339844	217
2830.769775	226
2835.199951	209
2839.629883	196
2844.059814	206
2848.489990	205
2852.919922	218
2857.349854	230
2861.779785	230
2866.209961	210
2870.639893	209
2875.069824	232
2879.500000	220
2883.929932	212
2888.359863	209
2892.789795	217
2897.219971	225
2901.649902	221
2906.079834	220
2910.509766	214
2914.939941	211
2919.369873	211
2923.799805	220
2928.229980	220
2932.659912	225
2937.089844	215
2941.519775	205
2945.949951	216
2950.379883	221
2954.809814	219
2959.239990	210
2963.669922	203
2968.099854	205
2972.529785	196
2976.959961	225
2981.389893	218
2985.819824	215
2990.250000	210
2994.679932	211
2999.109863	201
3003.539795	203
3007.969971	217
3012.399902	227
3016.829834	222
3021.259766	214
3025.689941	212
3030.119873	198
3034.549805	214
3038.979980	219
3043.409912	222
3047.839844	211
3052.269775	229
3056.699951	240
3061.129883	238
3065.559814	217
3069.989990	218
3074.419922	222
3078.849854	208
3083.279785	197
3087.709961	212
3092.139893	220
3096.569824	221
3101.000000	209
3105.429932	206
3109.859863	210
3114.289795	216
3118.719971	209
3123.149902	220
3127.579834	229
3132.009766	212
3136.439941	213
3140.869873	212
3145.299805	203
3149.729980	207
3154.159912	206
3158.589844	221
3163.019775	222
3167.449951	211
3171.879883	224
3176.309814	230
3180.739990	227
3185.169922	227
3189.599854	210
3194.029785	213
3198.459961	217
3202.889893	212
3207.319824	224
3211.749756	216
3216.179932	208
3220.609863	218
3225.039795	220
3229.469971	227
3233.899902	213
3238.329834	222
3242.759766	218
3247.189941	223
3251.619873	230
3256.049805	243
3260.479980	214
3264.909912	205
3269.339844	214
3273.769775	227
3278.199951	220
3282.629883	221
3287.059814	203
3291.489990	203
3295.919922	226
3300.349854	219
3304.779785	212
3309.209961	220
3313.639893	222
3318.069824	217
3322.499756	227
3326.929932	223
3331.359863	223
3335.789795	224
3340.219971	212
3344.649902	206
3349.079834	219
3353.509766	217
3357.939941	221
3362.369873	226
3366.799805	241
3371.229980	225
3375.659912	215
3380.089844	214
3384.519775	222
3388.949951	230
3393.379883	233
3397.809814	233
3402.239746	220
3406.669922	212
3411.099854	207
3415.529785	222
3419.959961	230
3424.389893	230
3428.819824	225
3433.249756	243
3437.679932	231
3442.109863	218
3446.539795	231
3450.969971	236
3455.399902	231
3459.829834	236
3464.259766	246
3468.689941	228
3473.119873	235
3477.549805	231
3481.979980	234
3486.409912	216
3490.839844	225
3495.269775	242
3499.699951	246
3504.129883	237
3508.559814	242
3512.989746	249
3517.419922	245
3521.849854	231
3526.279785	238
3530.709961	261
3535.139893	253
3539.569824	235
3543.999756	221
3548.429932	229
3552.859863	255
3557.289795	262
3561.719971	252
3566.149902	253
3570.579834	245
3575.009766	228
3579.439941	238
3583.869873	256
3588.299805	265
3592.729980	263
3597.159912	262
3601.589844	278
3606.019775	271
3610.449951	274
3614.879883	269
3619.309814	279
3623.739746	267
3628.169922	276
3632.599854	296
3637.029785	299
3641.459961	292
3645.889893	297
3650.319824	307
3654.749756	306
3659.179932	310
3663.609863	326
3668.039795	337
3672.469971	326
3676.899902	340
3681.329834	338
3685.759766	350
3690.189941	372
3694.619873	372
3699.049805	359
3703.479736	376
3707.909912	390
3712.339844	385
3716.769775	410
3721.199951	442
3725.629883	453
3730.059814	459
3734.489746	479
3738.919922	482
3743.349854	490
3747.779785	511
3752.209961	524
3756.639893	523
3761.069824	538
3765.499756	564
3769.929932	594
3774.359863	588
3778.789795	596
3783.219971	630
3787.649902	654
3792.079834	680
3796.509766	717
3800.939941	778
3805.369873	791
3809.799805	795
3814.229736	833
3818.659912	902
3823.089844	952
3827.519775	1012
3831.949951	1085
3836.379883	1139
3840.809814	1133
3845.239746	1140
3849.669922	1212
3854.099854	1268
3858.529785	1320
3862.959961	1383
3867.389893	1434
3871.819824	1452
3876.249756	1477
3880.679932	1563
3885.109863	1647
3889.539795	1659
3893.969971	1681
3898.399902	1729
3902.829834	1775
3907.259766	1817
3911.689941	1877
3916.119873	1938
3920.549805	2006
3924.979736	2043
3929.409912	2066
3933.839844	2102
3938.269775	2161
3942.699951	2184
3947.129883	2229
3951.559814	2216
3955.989746	2169
3960.419922	2189
3964.849854	2197
3969.279785	2224
3973.709961	2239
3978.139893	2236
3982.569824	2263
3986.999756	2291
3991.429932	2281
3995.859863	2304
4000.289795	2317
4004.719727	2311
4009.149902	2293
4013.579834	2301
4018.009766	2337
4022.439941	2324
4026.869873	2318
4031.299805	2307
4035.729736	2293
4040.159912	2321
4044.589844	2318
4049.019775	2281
4053.449951	2295
4057.879883	2299
4062.309814	2313
4066.739746	2304
4071.169922	2281
4075.599854	2288
4080.029785	2309
4084.459961	2291
4088.889893	2262
4093.319824	2251
4097.750000	2268
4102.179688	2249
4106.609863	2206
4111.040039	2222
4115.469727	2216
4119.899902	2181
4124.330078	2172
4128.759766	2193
4133.189941	2216
4137.619629	2183
4142.049805	2212
4146.479980	2233
4150.909668	2200
4155.339844	2190
4159.770020	2202
4164.199707	2210
4168.629883	2251
4173.060059	2223
4177.489746	2180
4181.919922	2169
4186.349609	2189
4190.779785	2166
4195.209961	2163
4199.639648	2162
4204.069824	2141
4208.500000	2133
4212.929688	2104
4217.359863	2107
4221.790039	2123
4226.219727	2092
4230.649902	2065
4235.080078	2096
4239.509766	2097
4243.939941	2113
4248.369629	2118
4252.799805	2089
4257.229980	2069
4261.659668	2071
4266.089844	2051
4270.520020	2050
4274.949707	2042
4279.379883	2002
4283.810059	2014
4288.239746	2010
4292.669922	1965
4297.099609	1996
4301.529785	1998
4305.959961	1990
4310.389648	2006
4314.819824	1986
4319.250000	1990
4323.679688	1977
4328.109863	1975
4332.540039	1998
4336.969727	1995
4341.399902	1987
4345.829590	2023
4350.259766	2008
4354.689941	2013
4359.119629	2027
4363.549805	2021
4367.979980	2032
4372.409668	2040
4376.839844	2034
4381.270020	2078
4385.699707	2098
4390.129883	2083
4394.560059	2078
4398.989746	2094
4403.419922	2072
4407.849609	2054
4412.279785	2069
4416.709961	2099
4421.139648	2148
4425.569824	2182
4430.000000	2171
4434.429688	2154
4438.859863	2155
4443.290039	2181
4447.719727	2152
4452.149902	2148
4456.579590	2181
4461.009766	2200
4465.439941	2158
4469.869629	2127
4474.299805	2150
4478.729980	2143
4483.159668	2156
4487.589844	2157
4492.020020	2139
4496.449707	2153
4500.879883	2148
4505.310059	2160
4509.739746	2134
4514.169922	2105
4518.599609	2131
4523.029785	2125
4527.459961	2112
4531.889648	2081
4536.319824	2078
4540.750000	2066
4545.179688	2074
4549.609863	2086
4554.040039	2121
4558.469727	2119
4562.899902	2076
4567.329590	2069
4571.759766	2073
4576.189941	2115
4580.619629	2122
4585.049805	2124
4589.479980	2113
4593.909668	2131
4598.339844	2164
4602.770020	2206
4607.199707	2203
4611.629883	2195
4616.060059	2188
4620.489746	2206
4624.919922	2252
4629.349609	2264
4633.779785	2266
4638.209961	2280
4642.639648	2349
4647.069824	2377
4651.500000	2407
4655.929688	2436
4660.359863	2451
4664.790039	2481
4669.219727	2525
4673.649902	2581
4678.079590	2641
4682.509766	2682
4686.939941	2773
4691.369629	2829
4695.799805	2823
4700.229980	2837
4704.659668	2910
4709.089844	2952
4713.520020	2982
4717.949707	3002
4722.379883	3030
4726.810059	3100
4731.239746	3180
4735.669922	3156
4740.099609	3150
4744.529785	3159
4748.959961	3201
4753.389648	3277
4757.819824	3265
4762.250000	3288
4766.679688	3325
4771.109863	3325
4775.540039	3373
4779.969727	3374
4784.399902	3358
4788.829590	3384
4793.259766	3455
4797.689941	3481
4802.119629	3483
4806.549805	3458
4810.979980	3492
4815.409668	3510
4819.839844	3487
4824.270020	3487
4828.699707	3520
4833.129883	3532
4837.559570	3535
4841.989746	3569
4846.419922	3543
4850.849609	3545
4855.279785	3550
4859.709961	3531
4864.139648	3531
4868.569824	3527
4873.000000	3535
4877.429688	3559
4881.859863	3554
4886.290039	3552
4890.719727	3550
4895.149902	3574
4899.579590	3576
4904.009766	3540
4908.439941	3528
4912.869629	3563
4917.299805	3543
4921.729980	3521
4926.159668	3557
4930.589844	3585
4935.020020	3589
4939.449707	3562
4943.879883	3516
4948.309570	3540
4952.739746	3573
4957.169922	3574
4961.599609	3546
4966.029785	3519
4970.459961	3546
4974.889648	3553
4979.319824	3526
4983.750000	3533
4988.179688	3546
4992.609863	3562
4997.040039	3533
5001.469727	3474
5005.899902	3506
5010.329590	3507
5014.759766	3438
5019.189941	3459
5023.619629	3492
5028.049805	3497
5032.479980	3439
5036.909668	3419
5041.339844	3448
5045.770020	3446
5050.199707	3450
5054.629883	3437
5059.059570	3427
5063.489746	3440
5067.919922	3440
5072.349609	3421
5076.779785	3384
5081.209961	3364
5085.639648	3365
5090.069824	3402
5094.500000	3375
5098.929688	3345
5103.359863	3350
5107.790039	3337
5112.219727	3332
5116.649902	3348
5121.079590	3334
5125.509766	3314
5129.939941	3308
5134.369629	3313
5138.799805	3299
5143.229980	3280
5147.659668	3262
5152.089844	3243
5156.520020	3263
5160.949707	3290
5165.379883	3248
5169.809570	3219
5174.239746	3234
5178.669922	3221
5183.099609	3235
5187.529785	3242
5191.959961	3236
5196.389648	3203
5200.819824	3163
5205.250000	3144
5209.679688	3163
5214.109863	3157
5218.540039	3087
5222.969727	3068
5227.399902	3105
5231.829590	3100
5236.259766	3071
5240.689941	3053
5245.119629	3103
5249.549805	3105
5253.979980	3129
5258.409668	3142
5262.839844	3080
5267.270020	3066
5271.699707	3042
5276.129883	3007
5280.559570	2993
5284.989746	2979
5289.419922	3038
5293.849609	3030
5298.279785	2981
5302.709961	2964
5307.139648	2969
5311.569824	2953
5316.000000	2942
5320.429688	2972
5324.859863	2978
5329.289551	2956
5333.719727	2925
5338.149902	2877
5342.579590	2871
5347.009766	2854
5351.439941	2863
5355.869629	2873
5360.299805	2878
5364.729980	2882
5369.159668	2877
5373.589844	2838
5378.020020	2815
5382.449707	2838
5386.879883	2837
5391.309570	2800
5395.739746	2778
5400.169922	2774
5404.599609	2791
5409.029785	2783
5413.459961	2758
5417.889648	2741
5422.319824	2733
5426.750000	2699
5431.179688	2718
5435.609863	2747
5440.039551	2708
5444.469727	2703
5448.899902	2718
5453.329590	2698
5457.759766	2704
5462.189941	2677
5466.619629	2672
5471.049805	2696
5475.479980	2698
5479.909668	2683
5484.339844	2638
5488.770020	2637
5493.199707	2642
5497.629883	2644
5502.059570	2631
5506.489746	2634
5510.919922	2620
5515.349609	2604
5519.779785	2600
5524.209961	2594
5528.639648	2567
5533.069824	2577
5537.500000	2586
5541.929688	2576
5546.359863	2535
5550.789551	2516
5555.219727	2539
5559.649902	2527
5564.079590	2534
5568.509766	2526
5572.939941	2482
5577.369629	2525
5581.799805	2528
5586.229980	2488
5590.659668	2465
5595.089844	2457
5599.520020	2429
5603.949707	2403
5608.379883	2447
5612.809570	2497
5617.239746	2487
5621.669922	2453
5626.099609	2450
5630.529785	2447
5634.959961	2427
5639.389648	2421
5643.819824	2434
5648.250000	2428
5652.679688	2410
5657.109863	2426
5661.539551	2387
5665.969727	2358
5670.399902	2336
5674.829590	2338
5679.259766	2354
5683.689941	2346
5688.119629	2358
5692.549805	2366
5696.979980	2362
5701.409668	2338
5705.839844	2321
5710.270020	2312
5714.699707	2280
5719.129883	2291
5723.559570	2315
5727.989746	2296
5732.419922	2262
5736.849609	2259
5741.279785	2298
5745.709961	2296
5750.139648	2292
5754.569824	2260
5759.000000	2258
5763.429688	2277
5767.859863	2275
5772.289551	2298
5776.719727	2327
5781.149902	2348
5785.579590	2364
5790.009766	2356
5794.439941	2362
5798.869629	2387
5803.299805	2440
5807.729980	2446
5812.159668	2415
5816.589844	2397
5821.019531	2411
5825.449707	2407
5829.879883	2413
5834.309570	2386
5838.739746	2414
5843.169922	2452
5847.599609	2466
5852.029785	2445
5856.459961	2421
5860.889648	2417
5865.319824	2430
5869.750000	2425
5874.179688	2408
5878.609863	2381
5883.039551	2389
5887.469727	2416
5891.899902	2408
5896.329590	2385
5900.759766	2362
5905.189941	2380
5909.619629	2371
5914.049805	2357
5918.479980	2337
5922.909668	2346
5927.339844	2368
5931.769531	2356
5936.199707	2325
5940.629883	2301
5945.059570	2295
5949.489746	2294
5953.919922	2312
5958.349609	2325
5962.779785	2299
5967.209961	2269
5971.639648	2295
5976.069824	2259
5980.500000	2230
5984.929688	2260
5989.359863	2260
5993.789551	2214
5998.219727	2181
6002.649902	2183
6007.079590	2200
6011.509766	2206
6015.939941	2208
6020.369629	2173
6024.799805	2136
6029.229980	2130
6033.659668	2111
6038.089844	2111
6042.519531	2089
6046.949707	2047
6051.379883	2008
6055.809570	1982
6060.239746	1957
6064.669922	1992
6069.099609	2011
6073.529785	1963
6077.959961	1969
6082.389648	1930
6086.819824	1882
6091.250000	1891
6095.679688	1901
6100.109863	1896
6104.539551	1875
6108.969727	1850
6113.399902	1807
6117.829590	1741
6122.259766	1807
6126.689941	1824
6131.119629	1771
6135.549805	1773
6139.979980	1763
6144.409668	1746
6148.839844	1752
6153.269531	1752
6157.699707	1753
6162.129883	1745
6166.559570	1685
6170.989746	1679
6175.419922	1658
6179.849609	1643
6184.279785	1654
6188.709961	1653
6193.139648	1629
6197.569824	1647
6202.000000	1617
6206.429688	1573
6210.859863	1600
6215.289551	1585
6219.719727	1567
6224.149902	1559
6228.579590	1590
6233.009766	1583
6237.439941	1572
6241.869629	1539
6246.299805	1523
6250.729980	1516
6255.159668	1535
6259.589844	1537
6264.019531	1540
6268.449707	1529
6272.879883	1478
6277.309570	1488
6281.739746	1493
6286.169922	1484
6290.599609	1476
6295.029785	1468
6299.459961	1457
6303.889648	1455
6308.319824	1453
6312.749512	1451
6317.179688	1479
6321.609863	1481
6326.039551	1471
6330.469727	1422
6334.899902	1441
6339.329590	1469
6343.759766	1455
6348.189941	1442
6352.619629	1451
6357.049805	1444
6361.479980	1432
6365.909668	1434
6370.339844	1430
6374.769531	1445
6379.199707	1437
6383.629883	1425
6388.059570	1415
6392.489746	1424
6396.919922	1413
6401.349609	1404
6405.779785	1396
6410.209961	1403
6414.639648	1396
6419.069824	1404
6423.499512	1378
6427.929688	1363
6432.359863	1374
6436.789551	1397
6441.219727	1393
6445.649902	1393
6450.079590	1383
6454.509766	1355
6458.939941	1360
6463.369629	1356
6467.799805	1361
6472.229980	1364
6476.659668	1347
6481.089844	1333
6485.519531	1354
6489.949707	1357
6494.379883	1316
6498.809570	1330
6503.239746	1354
6507.669922	1371
6512.099609	1349
6516.529785	1343
6520.959961	1360
6525.389648	1354
6529.819824	1323
6534.249512	1329
6538.679688	1330
6543.109863	1308
6547.539551	1325
6551.969727	1333
6556.399902	1305
6560.829590	1324
6565.259766	1328
6569.689941	1343
6574.119629	1341
6578.549805	1335
6582.979980	1358
6587.409668	1369
6591.839844	1342
6596.269531	1332
6600.699707	1344
6605.129883	1287
6609.559570	1294
6613.989746	1317
6618.419922	1317
6622.849609	1331
6627.279785	1363
6631.709961	1376
6636.139648	1370
6640.569824	1347
6644.999512	1343
6649.429688	1303
6653.859863	1303
6658.289551	1324
6662.719727	1343
6667.149902	1332
6671.579590	1329
6676.009766	1304
6680.439941	1306
6684.869629	1315
6689.299805	1334
6693.729980	1343
6698.159668	1352
6702.589844	1387
6707.019531	1370
6711.449707	1326
6715.879883	1340
6720.309570	1335
6724.739746	1314
6729.169922	1359
6733.599609	1369
6738.029785	1354
6742.459961	1343
6746.889648	1356
6751.319824	1351
6755.749512	1361
6760.179688	1357
6764.609863	1333
6769.039551	1325
6773.469727	1367
6777.899902	1371
6782.329590	1373
6786.759766	1373
6791.189941	1371
6795.619629	1369
6800.049805	1364
6804.479492	1350
6808.909668	1328
6813.339844	1320
6817.769531	1339
6822.199707	1350
6826.629883	1352
6831.059570	1313
6835.489746	1325
6839.919922	1304
6844.349609	1299
6848.779785	1276
6853.209961	1241
6857.639648	1209
6862.069824	1216
6866.499512	1261
6870.929688	1231
6875.359863	1193
6879.789551	1228
6884.219727	1236
6888.649902	1226
6893.079590	1255
6897.509766	1279
6901.939941	1325
6906.369629	1322
6910.799805	1288
6915.229492	1277
6919.659668	1305
6924.089844	1333
6928.519531	1337
6932.949707	1361
6937.379883	1355
6941.809570	1342
6946.239746	1337
6950.669922	1335
6955.099609	1376
6959.529785	1368
6963.959961	1353
6968.389648	1384
6972.819824	1363
6977.249512	1338
6981.679688	1353
6986.109863	1382
6990.539551	1386
6994.969727	1383
6999.399902	1350
7003.829590	1366
7008.259766	1375
7012.689941	1358
7017.119629	1333
7021.549805	1340
7025.979492	1381
7030.409668	1351
7034.839844	1376
7039.269531	1394
7043.699707	1390
7048.129883	1376
7052.559570	1342
7056.989746	1355
7061.419922	1354
7065.849609	1339
7070.279785	1356
7074.709961	1360
7079.139648	1343
7083.569824	1335
7087.999512	1309
7092.429688	1346
7096.859863	1371
7101.289551	1348
7105.719727	1309
7110.149902	1318
7114.579590	1324
7119.009766	1306
7123.439941	1288
7127.869629	1270
7132.299805	1234
7136.729492	1233
7141.159668	1256
7145.589844	1230
7150.019531	1212
7154.449707	1227
7158.879883	1226
7163.309570	1219
7167.739746	1209
7172.169922	1183
7176.599609	1179
7181.029785	1154
7185.459961	1171
7189.889648	1188
7194.319824	1128
7198.749512	1135
7203.179688	1151
7207.609863	1138
7212.039551	1123
7216.469727	1135
7220.899902	1095
7225.329590	1095
7229.759766	1107
7234.189941	1075
7238.619629	1089
7243.049805	1084
7247.479492	1055
7251.909668	1044
7256.339844	1085
7260.769531	1097
7265.199707	1073
7269.629883	1059
7274.059570	1058
7278.489746	1057
7282.919922	1027
7287.349609	1028
7291.779785	1046
7296.209961	1050
7300.639648	1030
7305.069824	1029
7309.499512	1039
7313.929688	1010
7318.359863	1007
7322.789551	1005
7327.219727	1025
7331.649902	1012
7336.079590	1014
7340.509766	1020
7344.939941	998
7349.369629	1006
7353.799805	1011
7358.229492	995
7362.659668	967
7367.089844	973
7371.519531	989
7375.949707	963
7380.379883	964
7384.809570	958
7389.239746	973
7393.669922	986
7398.099609	973
7402.529785	966
7406.959473	969
7411.389648	973
7415.819824	921
7420.249512	900
7424.679688	931
7429.109863	898
7433.539551	881
7437.969727	921
7442.399902	907
7446.829590	918
7451.259766	906
7455.689941	873
7460.119629	855
7464.549805	853
7468.979492	861
7473.409668	858
7477.839844	872
7482.269531	852
7486.699707	840
7491.129883	840
7495.559570	830
7499.989746	821
7504.419922	807
7508.849609	791
7513.279785	780
7517.709473	772
7522.139648	788
7526.569824	800
7530.999512	766
7535.429688	740
7539.859863	743
7544.289551	743
7548.719727	723
7553.149902	724
7557.579590	697
7562.009766	658
7566.439941	613
7570.869629	584
7575.299805	580
7579.729492	577
7584.159668	537
7588.589844	520
7593.019531	510
7597.449707	517
7601.879883	521
7606.309570	497
7610.739746	473
7615.169922	492
7619.599609	500
7624.029785	513
7628.459473	526
7632.889648	533
7637.319824	529
7641.749512	539
7646.179688	551
7650.609863	551
7655.039551	543
7659.469727	521
7663.899902	540
7668.329590	555
7672.759766	569
7677.189941	567
7681.619629	558
7686.049805	544
7690.479492	526
7694.909668	515
7699.339844	531
7703.769531	554
7708.199707	565
7712.629883	551
7717.059570	525
7721.489746	515
7725.919922	520
7730.349609	543
7734.779785	521
7739.209473	510
7743.639648	516
7748.069824	511
7752.499512	503
7756.929688	511
7761.359863	490
7765.789551	488
7770.219727	498
7774.649902	476
7779.079590	479
7783.509766	470
7787.939941	467
7792.369629	456
7796.799805	447
7801.229492	438
7805.659668	434
7810.089844	446
7814.519531	427
7818.949707	437
7823.379883	432
7827.809570	404
7832.239746	413
7836.669922	418
7841.099609	425
7845.529785	415
7849.959473	404
7854.389648	403
7858.819824	410
7863.249512	407
7867.679688	382
7872.109863	384
7876.539551	394
7880.969727	391
7885.399902	395
7889.829590	381
7894.259766	382
7898.689453	395
7903.119629	411
7907.549805	407
7911.979492	399
7916.409668	391
7920.839844	396
7925.269531	428
7929.699707	418
7934.129883	415
7938.559570	418
7942.989746	429
7947.419922	396
7951.849609	409
7956.279785	413
7960.709473	404
7965.139648	412
7969.569824	410
7973.999512	409
7978.429688	408
7982.859863	396
7987.289551	397
7991.719727	414
7996.149902	407
8000.579590	423
8005.009766	425
8009.439453	399
8013.869629	398
8018.299805	409
8022.729492	407
8027.159668	413
8031.589844	403
8036.019531	389
8040.449707	397
8044.879883	389
8049.309570	381
8053.739746	369
8058.169922	391
8062.599609	424
8067.029785	418
8071.459473	384
8075.889648	386
8080.319824	383
8084.749512	375
8089.179688	345
8093.609863	375
8098.039551	368
8102.469727	364
8106.899902	375
8111.329590	370
8115.759766	341
8120.189453	336
8124.619629	329
8129.049805	331
8133.479492	345
8137.909668	337
8142.339844	324
8146.769531	307
8151.199707	305
8155.629883	306
8160.059570	310
8164.489746	317
8168.919922	311
8173.349609	318
8177.779785	315
8182.209473	299
8186.639648	311
8191.069824	300
8195.500000	296
8199.929688	295
8204.359375	286
8208.790039	301
8213.219727	300
8217.649414	294
8222.080078	291
8226.509766	296
8230.939453	296
8235.370117	287
8239.799805	308
8244.229492	299
8248.660156	293
8253.089844	326
8257.519531	331
8261.949219	309
8266.379883	297
8270.809570	318
8275.239258	316
8279.669922	321
8284.099609	326
8288.529297	321
8292.959961	298
8297.389648	307
8301.819336	326
8306.250000	316
8310.679688	309
8315.109375	299
8319.540039	307
8323.969727	318
8328.399414	327
8332.830078	344
8337.259766	339
8341.689453	337
8346.120117	330
8350.549805	327
8354.979492	326
8359.410156	328
8363.839844	337
8368.269531	346
8372.699219	326
8377.129883	328
8381.559570	314
8385.989258	311
8390.419922	320
8394.849609	322
8399.279297	330
8403.709961	363
8408.139648	346
8412.569336	346
8417.000000	357
8421.429688	359
8425.859375	359
8430.290039	347
8434.719727	336
8439.149414	332
8443.580078	349
8448.009766	351
8452.439453	333
8456.870117	332
8461.299805	335
8465.729492	329
8470.160156	336
8474.589844	334
8479.019531	339
8483.449219	360
8487.879883	367
8492.309570	352
8496.739258	346
8501.169922	343
8505.599609	336
8510.029297	329
8514.459961	325
8518.889648	320
8523.319336	319
8527.750000	334
8532.179688	334
8536.609375	321
8541.040039	314
8545.469727	312
8549.899414	323
8554.330078	331
8558.759766	319
8563.189453	319
8567.620117	306
8572.049805	301
8576.479492	305
8580.909180	294
8585.339844	291
8589.769531	296
8594.199219	294
8598.629883	302
8603.059570	304
8607.489258	292
8611.919922	296
8616.349609	289
8620.779297	287
8625.209961	296
8629.639648	289
8634.069336	295
8638.500000	283
8642.929688	273
8647.359375	272
8651.790039	272
8656.219727	269
8660.649414	290
8665.080078	285
8669.509766	290
8673.939453	270
8678.370117	274
8682.799805	265
8687.229492	267
8691.659180	259
8696.089844	249
8700.519531	255
8704.949219	252
8709.379883	254
8713.809570	238
8718.239258	248
8722.669922	255
8727.099609	253
8731.529297	242
8735.959961	234
8740.389648	250
8744.819336	251
8749.250000	236
8753.679688	230
8758.109375	240
8762.540039	249
8766.969727	232
8771.399414	233
8775.830078	234
8780.259766	235
8784.689453	243
8789.120117	235
8793.549805	223
8797.979492	214
8802.409180	222
8806.839844	217
8811.269531	232
8815.699219	241
8820.129883	230
8824.559570	233
8828.989258	242
8833.419922	238
8837.849609	223
8842.279297	216
8846.709961	227
8851.139648	218
8855.569336	217
8860.000000	223
8864.429688	229
8868.859375	232
8873.290039	241
8877.719727	224
8882.149414	214
8886.580078	208
8891.009766	211
8895.439453	229
8899.870117	234
8904.299805	226
8908.729492	222
8913.159180	214
8917.589844	225
8922.019531	232
8926.449219	224
8930.879883	214
8935.309570	217
8939.739258	235
8944.169922	235
8948.599609	220
8953.029297	235
8957.459961	226
8961.889648	219
8966.319336	229
8970.750000	214
8975.179688	222
8979.609375	220
8984.040039	225
8988.469727	227
8992.899414	233
8997.330078	240
9001.759766	247
9006.189453	232
9010.620117	232
9015.049805	228
9019.479492	230
9023.909180	232
9028.339844	230
9032.769531	234
9037.199219	228
9041.629883	220
9046.059570	223
9050.489258	224
9054.919922	221
9059.349609	228
9063.779297	221
9068.209961	240
9072.639648	246
9077.069336	231
9081.500000	240
9085.929688	237
9090.359375	224
9094.790039	230
9099.219727	241
9103.649414	230
9108.080078	226
9112.509766	217
9116.939453	224
9121.370117	226
9125.799805	216
9130.229492	210
9134.659180	221
9139.089844	240
9143.519531	237
9147.949219	219
9152.379883	229
9156.809570	230
9161.239258	223
9165.669922	227
9170.099609	236
9174.529297	226
9178.959961	224
9183.389648	229
9187.819336	214
9192.250000	218
9196.679688	212
9201.109375	210
9205.540039	224
9209.969727	216
9214.399414	221
9218.830078	213
9223.259766	228
9227.689453	222
9232.120117	234
9236.549805	229
9240.979492	236
9245.409180	231
9249.839844	237
9254.269531	230
9258.699219	229
9263.129883	232
9267.559570	231
9271.989258	217
9276.419922	214
9280.849609	213
9285.279297	221
9289.709961	220
9294.139648	222
9298.569336	219
9303.000000	216
9307.429688	219
9311.859375	232
9316.290039	229
9320.719727	227
9325.149414	233
9329.580078	231
9334.009766	242
9338.439453	222
9342.870117	224
9347.299805	230
9351.729492	222
9356.159180	231
9360.589844	230
9365.019531	227
9369.449219	231
9373.879883	231
9378.309570	219
9382.739258	212
9387.169922	224
9391.599609	234
9396.029297	229
9400.459961	223
9404.889648	225
9409.319336	221
9413.750000	218
9418.179688	213
9422.609375	225
9427.040039	228
9431.469727	228
9435.899414	216
9440.330078	209
9444.759766	212
9449.189453	223
9453.620117	222
9458.049805	230
9462.479492	228
9466.909180	241
9471.339844	248
9475.769531	244
9480.199219	241
9484.629883	239
9489.059570	232
9493.489258	233
9497.919922	234
9502.349609	253
9506.779297	256
9511.209961	245
9515.639648	243
9520.069336	249
9524.500000	242
9528.929688	228
9533.359375	233
9537.790039	232
9542.219727	247
9546.649414	246
9551.080078	241
9555.509766	230
9559.939453	227
9564.370117	229
9568.799805	223
9573.229492	231
9577.659180	246
9582.089844	241
9586.519531	225
9590.949219	219
9595.379883	231
9599.809570	246
9604.239258	252
9608.669922	237
9613.099609	249
9617.529297	264
9621.959961	245
9626.389648	235
9630.819336	259
9635.250000	263
9639.679688	259
9644.109375	245
9648.540039	232
9652.969727	232
9657.399414	255
9661.830078	253
9666.259766	244
9670.689453	245
9675.119141	239
9679.549805	246
9683.979492	248
9688.409180	255
9692.839844	259
9697.269531	259
9701.699219	268
9706.129883	270
9710.559570	257
9714.989258	247
9719.419922	245
9723.849609	251
9728.279297	242
9732.709961	247
9737.139648	251
9741.569336	255
9746.000000	229
9750.429688	253
9754.859375	265
9759.290039	263
9763.719727	260
9768.149414	267
9772.580078	251
9777.009766	240
9781.439453	252
9785.869141	257
9790.299805	266
9794.729492	259
9799.159180	260
9803.589844	262
9808.019531	253
9812.449219	264
9816.879883	258
9821.309570	253
9825.739258	245
9830.169922	259
9834.599609	249
9839.029297	252
9843.459961	265
9847.889648	270
9852.319336	269
9856.750000	248
9861.179688	254
9865.609375	244
9870.040039	225
9874.469727	245
9878.899414	256
9883.330078	251
9887.759766	257
9892.189453	266
9896.619141	259
9901.049805	272
9905.479492	268
9909.909180	258
9914.339844	252
9918.769531	256
9923.199219	253
9927.629883	249
9932.059570	247
9936.489258	251
9940.919922	250
9945.349609	247
9949.779297	264
9954.209961	272
9958.639648	274
9963.069336	262
9967.500000	259
9971.929688	272
9976.359375	272
9980.790039	264
9985.219727	264
9989.649414	261
9994.080078	257
9998.509766	243
10002.939453	238
10007.369141	245
10011.799805	263
10016.229492	261
10020.659180	257
10025.089844	263
10029.519531	255
10033.949219	246
10038.379883	259
10042.809570	261
10047.239258	264
10051.669922	245
10056.099609	247
10060.529297	256
10064.959961	248
10069.389648	249
10073.819336	250
10078.250000	248
10082.679688	254
10087.109375	257
10091.540039	253
10095.969727	246
10100.399414	248
10104.830078	256
10109.259766	258
10113.689453	258
10118.119141	258
10122.549805	249
10126.979492	246
10131.409180	247
10135.839844	249
10140.269531	225
10144.699219	233
10149.129883	249
10153.559570	242
10157.989258	260
10162.419922	250
10166.849609	249
10171.279297	237
10175.709961	237
10180.139648	238
10184.569336	250
10189.000000	245
10193.429688	253
10197.859375	261
10202.290039	245
10206.719727	249
10211.149414	262
10215.580078	244
10220.009766	247
10224.439453	244
10228.869141	247
10233.299805	246
10237.729492	247
10242.159180	245
10246.589844	247
10251.019531	245
10255.449219	240
10259.879883	250
10264.309570	258
10268.739258	264
10273.169922	263
10277.599609	244
10282.029297	244
10286.459961	236
10290.889648	244
10295.319336	251
10299.750000	255
10304.179688	263
10308.609375	257
10313.040039	251
10317.469727	255
10321.899414	257
10326.330078	248
10330.759766	253
10335.189453	252
10339.619141	242
10344.049805	242
10348.479492	249
10352.909180	253
10357.339844	241
10361.769531	236
10366.199219	243
10370.629883	245
10375.059570	239
10379.489258	242
10383.919922	236
10388.349609	245
10392.779297	236
10397.209961	229
10401.639648	233
10406.069336	248
10410.500000	251
10414.929688	227
10419.359375	237
10423.790039	242
10428.219727	239
10432.649414	247
10437.080078	248
10441.509766	261
10445.939453	243
10450.369141	241
10454.799805	235
10459.229492	234
10463.659180	235
10468.089844	237
10472.519531	238
10476.949219	237
10481.379883	232
10485.809570	242
10490.239258	235
10494.669922	242
10499.099609	244
10503.529297	244
10507.959961	245
10512.389648	239
10516.819336	245
10521.250000	251
10525.679688	240
10530.109375	243
10534.540039	243
10538.969727	231
10543.399414	237
10547.830078	233
10552.259766	245
10556.689453	237
10561.119141	226
10565.549805	228
10569.979492	243
10574.409180	238
10578.839844	231
10583.269531	243
10587.699219	246
10592.129883	238
10596.559570	237
10600.989258	238
10605.419922	245
10609.849609	246
10614.279297	233
10618.709961	234
10623.139648	238
10627.569336	250
10632.000000	253
10636.429688	246
10640.859375	254
10645.290039	249
10649.719727	251
10654.149414	247
10658.579102	245
10663.009766	234
10667.439453	226
10671.869141	245
10676.299805	258
10680.729492	253
10685.159180	261
10689.589844	243
10694.019531	246
10698.449219	237
10702.879883	250
10707.309570	234
10711.739258	241
10716.169922	240
10720.599609	226
10725.029297	229
10729.459961	251
10733.889648	236
10738.319336	233
10742.750000	240
10747.179688	236
10751.609375	228
10756.040039	222
10760.469727	240
10764.899414	235
10769.329102	239
10773.759766	224
10778.189453	228
10782.619141	242
10787.049805	242
10791.479492	242
10795.909180	234
10800.339844	233
10804.769531	241
10809.199219	240
10813.629883	239
10818.059570	234
10822.489258	222
10826.919922	237
10831.349609	248
10835.779297	229
10840.209961	224
10844.639648	228
10849.069336	224
10853.500000	237
10857.929688	253
10862.359375	238
10866.790039	227
10871.219727	238
10875.649414	247
10880.079102	243
10884.509766	225
10888.939453	239
10893.369141	250
10897.799805	236
10902.229492	233
10906.659180	239
10911.089844	229
10915.519531	224
10919.949219	221
10924.379883	227
10928.809570	239
10933.239258	233
10937.669922	234
10942.099609	232
10946.529297	231
10950.959961	243
10955.389648	234
10959.819336	236
10964.250000	233
10968.679688	220
10973.109375	228
10977.540039	244
10981.969727	242
10986.399414	243
10990.829102	221
10995.259766	220
10999.689453	226
11004.119141	249
11008.549805	247
11012.979492	238
11017.409180	226
11021.839844	219
11026.269531	242
11030.699219	234
11035.129883	226
11039.559570	220
11043.989258	227
11048.419922	232
11052.849609	236
11057.279297	217
11061.709961	191
11066.139648	194
11070.569336	206
11075.000000	219
11079.429688	208
11083.859375	209
11088.290039	205
11092.719727	209
11097.149414	227
11101.579102	216
11106.009766	199
11110.439453	192
11114.869141	191
11119.299805	202
11123.729492	203
11128.159180	203
11132.589844	184
11137.019531	179
11141.449219	198
11145.879883	208
11150.309570	191
11154.739258	192
11159.169922	177
11163.599609	178
11168.029297	181
11172.459961	174
11176.889648	171
11181.319336	178
11185.750000	172
11190.179688	167
11194.609375	157
11199.040039	159
11203.469727	154
11207.899414	155
11212.329102	150
11216.759766	149
11221.189453	147
11225.619141	145
11230.049805	154
11234.479492	141
11238.909180	133
11243.339844	118
11247.769531	119
11252.199219	107
11256.629883	106
11261.059570	114
11265.489258	104
11269.919922	107
11274.349609	93
11278.779297	87
11283.209961	86
11287.639648	80
11292.069336	87
11296.500000	86
11300.929688	76
11305.359375	74
11309.790039	73
11314.219727	78
11318.649414	84
11323.079102	82
11327.509766	83
11331.939453	79
11336.369141	72
11340.799805	73
11345.229492	72
11349.659180	57
11354.089844	60
11358.519531	63
11362.949219	59
11367.379883	49
11371.809570	52
11376.239258	60
11380.669922	57
11385.099609	55
11389.529297	63
11393.959961	52
11398.389648	43
11402.819336	50
11407.250000	48
11411.679688	46
11416.109375	42
11420.540039	40
11424.969727	46
11429.399414	44
11433.829102	43
11438.259766	47
11442.689453	43
11447.119141	49
11451.549805	45
11455.979492	38
11460.409180	34
11464.839844	35
11469.269531	34
11473.699219	30
11478.129883	24
11482.559570	23
11486.989258	24
11491.419922	27
11495.849609	23
11500.279297	22
11504.709961	21
11509.139648	17
11513.569336	19
11518.000000	20
11522.429688	21
11526.859375	21
11531.290039	18
11535.719727	17
11540.149414	18
11544.579102	14
11549.009766	10
11553.439453	9
11557.869141	8
11562.299805	6
11566.729492	5
11571.159180	4
11575.589844	4
11580.019531	2
11584.449219	2
11588.879883	0
11593.309570	0
11597.739258	0
11602.169922	0
11606.599609	0
11611.029297	0
11615.459961	0
11619.889648	0
11624.319336	0
11628.750000	0
11633.179688	0
11637.609375	0
11642.039063	0
11646.469727	0
11650.899414	0
11655.329102	0
11659.759766	0
11664.189453	0
11668.619141	0
11673.049805	0
11677.479492	0
11681.909180	0
11686.339844	0
11690.769531	0
11695.199219	0
11699.629883	0
11704.059570	0
11708.489258	0
11712.919922	0
11717.349609	0
11721.779297	0
11726.209961	0
11730.639648	0
11735.069336	0
11739.500000	0
11743.929688	0
11748.359375	0
11752.789063	0
11757.219727	0
11761.649414	0
11766.079102	0
11770.509766	0
11774.939453	0
11779.369141	0
11783.799805	0
11788.229492	0
11792.659180	0
11797.089844	0
11801.519531	0
11805.949219	0
11810.379883	0
11814.809570	0
11819.239258	0
11823.669922	0
11828.099609	0
11832.529297	0
11836.959961	0
11841.389648	0
11845.819336	0
11850.250000	0
11854.679688	0
11859.109375	0
11863.539063	0
11867.969727	0
11872.399414	0
11876.829102	0
11881.259766	0
11885.689453	0
11890.119141	0
11894.549805	0
11898.979492	0
11903.409180	0
11907.839844	0
11912.269531	0
11916.699219	0
11921.129883	0
11925.559570	0
11929.989258	0
11934.419922	0
11938.849609	0
11943.279297	0
11947.709961	0
11952.139648	0
11956.569336	0
11961.000000	0
11965.429688	0
11969.859375	0
11974.289063	0
11978.719727	0
11983.149414	0
11987.579102	0
11992.009766	0
11996.439453	0
12000.869141	0
12005.299805	0
12009.729492	0
12014.159180	0
12018.589844	0
12023.019531	0
12027.449219	0
12031.879883	0
12036.309570	0
12040.739258	0
12045.169922	0
12049.599609	0
12054.029297	0
12058.459961	0
12062.889648	0
12067.319336	0
12071.750000	0
12076.179688	0
12080.609375	0
12085.039063	0
12089.469727	0
12093.899414	0
12098.329102	0
12102.759766	0
12107.189453	0
12111.619141	0
12116.049805	0
12120.479492	0
12124.909180	0
12129.339844	0
12133.769531	0
12138.199219	0
12142.629883	0
12147.059570	0
12151.489258	0
12155.919922	0
12160.349609	0
12164.779297	0
12169.209961	0
12173.639648	0
12178.069336	0
12182.500000	0
12186.929688	0
12191.359375	0
12195.789063	0
12200.219727	0
12204.649414	0
12209.079102	0
12213.509766	0
12217.939453	0
12222.369141	0
12226.799805	0
12231.229492	0
12235.659180	0
12240.089844	0
12244.519531	0
12248.949219	0
12253.379883	0
12257.809570	0
12262.239258	0
12266.669922	0
12271.099609	0
12275.529297	0
12279.959961	0
12284.389648	0
12288.819336	0
12293.250000	0
12297.679688	0
12302.109375	0
12306.539063	0
12310.969727	0
12315.399414	0
12319.829102	0
12324.259766	0
12328.689453	0
12333.119141	0
12337.549805	0
12341.979492	0
12346.409180	0
12350.839844	0
12355.269531	0
12359.699219	0
12364.129883	0
12368.559570	0
12372.989258	0
12377.419922	0
12381.849609	0
12386.279297	0
12390.709961	0
12395.139648	0
12399.569336	0
12404.000000	0
12408.429688	0
12412.859375	0
12417.289063	0
12421.719727	0
12426.149414	0
12430.579102	0
12435.009766	0
12439.439453	0
12443.869141	0
12448.299805	0
12452.729492	0
12457.159180	0
12461.589844	0
12466.019531	0
12470.449219	0
12474.879883	0
12479.309570	0
12483.739258	0
12488.169922	0
12492.599609	0
12497.029297	0
12501.459961	0
12505.889648	0
12510.319336	0
12514.750000	0
12519.179688	0
12523.609375	0
12528.039063	0
12532.469727	0
12536.899414	0
12541.329102	0
12545.759766	0
12550.189453	0
12554.619141	0
12559.049805	0
12563.479492	0
12567.909180	0
12572.339844	0
12576.769531	0
12581.199219	0
12585.629883	0
12590.059570	0
12594.489258	0
12598.919922	0
12603.349609	0
12607.779297	0
12612.209961	0
12616.639648	0
12621.069336	0
12625.499023	0
12629.929688	0
12634.359375	0
12638.789063	0
12643.219727	0
12647.649414	0
12652.079102	0
12656.509766	0
12660.939453	0
12665.369141	0
12669.799805	0
12674.229492	0
12678.659180	0
12683.089844	0
12687.519531	0
12691.949219	0
12696.379883	0
12700.809570	0
12705.239258	0
12709.669922	0
12714.099609	0
12718.529297	0
12722.959961	0
12727.389648	0
12731.819336	0
12736.249023	0
12740.679688	0
12745.109375	0
12749.539063	0
12753.969727	0
12758.399414	0
12762.829102	0
12767.259766	0
12771.689453	0
12776.119141	0
12780.549805	0
12784.979492	0
12789.409180	0
12793.839844	0
12798.269531	0
12802.699219	0
12807.129883	0
12811.559570	0
12815.989258	0
12820.419922	0
12824.849609	0
12829.279297	0
12833.709961	0
12838.139648	0
12842.569336	0
12846.999023	0
12851.429688	0
12855.859375	0
12860.289063	0
12864.719727	0
12869.149414	0
12873.579102	0
12878.009766	0
12882.439453	0
12886.869141	0
12891.299805	0
12895.729492	0
12900.159180	0
12904.589844	0
12909.019531	0
12913.449219	0
12917.879883	0
12922.309570	0
12926.739258	0
12931.169922	0
12935.599609	0
12940.029297	0
12944.459961	0
12948.889648	0
12953.319336	0
12957.749023	0
12962.179688	0
12966.609375	0
12971.039063	0
12975.469727	0
12979.899414	0
12984.329102	0
12988.759766	0
12993.189453	0
12997.619141	0
13002.049805	0
13006.479492	0
13010.909180	0
13015.339844	0
13019.769531	0
13024.199219	0
13028.629883	0
13033.059570	0
13037.489258	0
13041.919922	0
13046.349609	0
13050.779297	0
13055.209961	0
13059.639648	0
13064.069336	0
13068.499023	0
13072.929688	0
13077.359375	0
13081.789063	0
13086.219727	0
13090.649414	0
13095.079102	0
13099.509766	0
13103.939453	0
13108.369141	0
13112.799805	0
13117.229492	0
13121.659180	0
13126.089844	0
13130.519531	0
13134.949219	0
13139.379883	0
13143.809570	0
13148.239258	0
13152.669922	0
13157.099609	0
13161.529297	0
13165.959961	0
13170.389648	0
13174.819336	0
13179.249023	0
13183.679688	0
13188.109375	0
13192.539063	0
13196.969727	0
13201.399414	0
13205.829102	0
13210.259766	0
13214.689453	0
13219.119141	0
13223.549805	0
13227.979492	0
13232.409180	0
13236.839844	0
13241.269531	0
13245.699219	0
13250.129883	0
13254.559570	0
13258.989258	0
13263.419922	0
13267.849609	0
13272.279297	0
13276.709961	0
13281.139648	0
13285.569336	0
13289.999023	0
13294.429688	0
13298.859375	0
13303.289063	0
13307.719727	0
13312.149414	0
13316.579102	0
13321.009766	0
13325.439453	0
13329.869141	0
13334.299805	0
13338.729492	0
13343.159180	0
13347.589844	0
13352.019531	0
13356.449219	0
13360.879883	0
13365.309570	0
13369.739258	0
13374.169922	0
13378.599609	0
13383.029297	0
13387.459961	0
13391.889648	0
13396.319336	0
13400.749023	0
13405.179688	0
13409.609375	0
13414.039063	0
13418.469727	0
13422.899414	0
13427.329102	0
13431.759766	0
13436.189453	0
13440.619141	0
13445.049805	0
13449.479492	0
13453.909180	0
13458.339844	0
13462.769531	0
13467.199219	0
13471.629883	0
13476.059570	0
13480.489258	0
13484.919922	0
13489.349609	0
13493.779297	0
13498.209961	0
13502.639648	0
13507.069336	0
13511.499023	0
13515.929688	0
13520.359375	0
13524.789063	0
13529.219727	0
13533.649414	0
13538.079102	0
13542.509766	0
13546.939453	0
13551.369141	0
13555.799805	0
13560.229492	0
13564.659180	0
13569.089844	0
13573.519531	0
13577.949219	0
13582.379883	0
13586.809570	0
13591.239258	0
13595.669922	0
13600.099609	0
13604.529297	0
13608.958984	0
13613.389648	0
13617.819336	0
13622.249023	0
13626.679688	0
13631.109375	0
13635.539063	0
13639.969727	0
13644.399414	0
13648.829102	0
13653.259766	0
13657.689453	0
13662.119141	0
13666.549805	0
13670.979492	0
13675.409180	0
13679.839844	0
13684.269531	0
13688.699219	0
13693.129883	0
13697.559570	0
13701.989258	0
13706.419922	0
13710.849609	0
13715.279297	0
13719.708984	0
13724.139648	0
13728.569336	0
13732.999023	0
13737.429688	0
13741.859375	0
13746.289063	0
13750.719727	0
13755.149414	0
13759.579102	0
13764.009766	0
13768.439453	0
13772.869141	0
13777.299805	0
13781.729492	0
13786.159180	0
13790.589844	0
13795.019531	0
13799.449219	0
13803.879883	0
13808.309570	0
13812.739258	0
13817.169922	0
13821.599609	0
13826.029297	0
13830.458984	0
13834.889648	0
13839.319336	0
13843.749023	0
13848.179688	0
13852.609375	0
13857.039063	0
13861.469727	0
13865.899414	0
13870.329102	0
13874.759766	0
13879.189453	0
13883.619141	0
13888.049805	0
13892.479492	0
13896.909180	0
13901.339844	0
13905.769531	0
13910.199219	0
13914.629883	0
13919.059570	0
13923.489258	0
13927.919922	0
13932.349609	0
13936.779297	0
13941.208984	0
13945.639648	0
13950.069336	0
13954.499023	0
13958.929688	0
13963.359375	0
13967.789063	0
13972.219727	0
13976.649414	0
13981.079102	0
13985.509766	0
13989.939453	0
13994.369141	0
13998.799805	0
14003.229492	0
14007.659180	0
14012.089844	0
14016.519531	0
14020.949219	0
14025.379883	0
14029.809570	0
14034.239258	0
14038.669922	0
14043.099609	0
14047.529297	0
14051.958984	0
14056.389648	0
14060.819336	0
14065.249023	0
14069.679688	0
14074.109375	0
14078.539063	0
14082.969727	0
14087.399414	0
14091.829102	0
14096.259766	0
14100.689453	0
14105.119141	0
14109.549805	0
14113.979492	0
14118.409180	0
14122.839844	0
14127.269531	0
14131.699219	0
14136.129883	0
14140.559570	0
14144.989258	0
14149.419922	0
14153.849609	0
14158.279297	0
14162.708984	0
14167.139648	0
14171.569336	0
14175.999023	0
14180.429688	0
14184.859375	0
