-4448.147949	0
-4443.708496	0
-4439.269531	0
-4434.830078	0
-4430.390625	0
-4425.951660	0
-4421.512207	0
-4417.073242	0
-4412.633789	0
-4408.194336	0
-4403.755371	0
-4399.315918	0
-4394.876953	0
-4390.437500	0
-4385.998047	0
-4381.559082	0
-4377.119629	0
-4372.680176	0
-4368.241211	0
-4363.801758	0
-4359.362793	0
-4354.923340	0
-4350.483887	0
-4346.044922	0
-4341.605469	0
-4337.166016	0
-4332.727051	0
-4328.287598	0
-4323.848633	0
-4319.409180	0
-4314.969727	0
-4310.530762	0
-4306.091309	0
-4301.651855	0
-4297.212891	0
-4292.773438	0
-4288.334473	0
-4283.895020	0
-4279.455566	0
-4275.016602	0
-4270.577148	0
-4266.137695	0
-4261.698730	0
-4257.259277	0
-4252.820313	0
-4248.380859	0
-4243.941406	0
-4239.502441	0
-4235.062988	0
-4230.623535	0
-4226.184570	0
-4221.745117	0
-4217.306152	0
-4212.866699	0
-4208.427246	0
-4203.988281	0
-4199.548828	0
-4195.109375	0
-4190.670410	0
-4186.230957	0
-4181.791992	0
-4177.352539	0
-4172.913086	0
-4168.474121	0
-4164.034668	0
-4159.595215	0
-4155.156250	0
-4150.716797	0
-4146.277832	0
-4141.838379	0
-4137.398926	0
-4132.959961	0
-4128.520508	0
-4124.081055	0
-4119.642090	0
-4115.202637	0
-4110.763672	0
-4106.324219	0
-4101.884766	0
-4097.445801	0
-4093.006348	0
-4088.567139	0
-4084.127930	0
-4079.688477	0
-4075.249268	0
-4070.810059	0
-4066.370850	0
-4061.931396	0
-4057.492188	0
-4053.052979	0
-4048.613770	0
-4044.174316	0
-4039.735107	0
-4035.295898	0
-4030.856689	0
-4026.417236	0
-4021.978027	0
-4017.538818	0
-4013.099609	0
-4008.660156	0
-4004.220947	0
-3999.781738	0
-3995.342529	0
-3990.903076	0
-3986.463867	0
-3982.024658	0
-3977.585449	0
-3973.146240	0
-3968.706787	0
-3964.267578	0
-3959.828369	0
-3955.389160	0
-3950.949707	0
-3946.510498	0
-3942.071289	0
-3937.632080	0
-3933.192627	0
-3928.753418	0
-3924.314209	0
-3919.875000	0
-3915.435547	0
-3910.996338	0
-3906.557129	0
-3902.117920	0
-3897.678467	0
-3893.239258	0
-3888.800049	0
-3884.360840	0
-3879.921387	0
-3875.482178	0
-3871.042969	0
-3866.603760	0
-3862.164307	0
-3857.725098	0
-3853.285889	0
-3848.846680	0
-3844.407227	0
-3839.968018	0
-3835.528809	0
-3831.089600	0
-3826.650146	0
-3822.210938	0
-3817.771729	0
-3813.332520	0
-3808.893066	0
-3804.453857	0
-3800.014648	0
-3795.575439	0
-3791.135986	0
-3786.696777	0
-3782.257568	0
-3777.818359	0
-3773.378906	0
-3768.939697	0
-3764.500488	0
-3760.061279	0
-3755.621826	0
-3751.182617	0
-3746.743408	0
-3742.304199	0
-3737.864746	0
-3733.425537	0
-3728.986328	0
-3724.547119	0
-3720.107666	0
-3715.668457	0
-3711.229248	0
-3706.790039	0
-3702.350586	0
-3697.911377	0
-3693.472168	0
-3689.032959	0
-3684.593506	0
-3680.154297	0
-3675.715088	0
-3671.275879	0
-3666.836426	0
-3662.397217	0
-3657.958008	0
-3653.518799	0
-3649.079346	0
-3644.640137	0
-3640.200928	0
-3635.761719	0
-3631.322266	0
-3626.883057	0
-3622.443848	0
-3618.004639	0
-3613.565186	0
-3609.125977	0
-3604.686768	0
-3600.247559	0
-3595.808105	0
-3591.368896	0
-3586.929688	0
-3582.490479	0
-3578.051025	0
-3573.611816	0
-3569.172607	0
-3564.733398	0
-3560.293945	0
-3555.854736	0
-3551.415527	0
-3546.976318	0
-3542.536865	0
-3538.097656	0
-3533.658447	0
-3529.219238	0
-3524.780029	0
-3520.340576	0
-3515.901367	0
-3511.462158	0
-3507.022949	0
-3502.583496	0
-3498.144287	0
-3493.705078	0
-3489.265869	0
-3484.826416	0
-3480.387207	0
-3475.947998	0
-3471.508789	0
-3467.069336	0
-3462.630127	0
-3458.190918	0
-3453.751709	0
-3449.312256	0
-3444.873047	0
-3440.433838	0
-3435.994629	0
-3431.555176	0
-3427.115967	0
-3422.676758	0
-3418.237549	0
-3413.798096	0
-3409.358887	0
-3404.919678	0
-3400.480469	0
-3396.041016	0
-3391.601807	0
-3387.162598	0
-3382.723389	0
-3378.283936	0
-3373.844727	0
-3369.405518	0
-3364.966309	0
-3360.526855	0
-3356.087646	0
-3351.648438	0
-3347.209229	0
-3342.769775	0
-3338.330566	0
-3333.891357	0
-3329.452148	0
-3325.012695	0
-3320.573486	0
-3316.134277	0
-3311.695068	0
-3307.255615	0
-3302.816406	0
-3298.377197	0
-3293.937988	0
-3289.498535	0
-3285.059326	0
-3280.620117	0
-3276.180908	0
-3271.741455	0
-3267.302246	0
-3262.863037	0
-3258.423828	0
-3253.984375	0
-3249.545166	0
-3245.105957	0
-3240.666748	0
-3236.227295	0
-3231.788086	0
-3227.348877	0
-3222.909668	0
-3218.470215	0
-3214.031006	0
-3209.591797	0
-3205.152588	0
-3200.713135	0
-3196.273926	0
-3191.834717	0
-3187.395508	0
-3182.956055	0
-3178.516846	0
-3174.077637	0
-3169.638428	0
-3165.198975	0
-3160.759766	0
-3156.320557	0
-3151.881348	0
-3147.441895	0
-3143.002686	0
-3138.563477	0
-3134.124268	0
-3129.684814	0
-3125.245605	0
-3120.806396	0
-3116.367188	0
-3111.927734	0
-3107.488525	0
-3103.049316	0
-3098.610107	0
-3094.170654	0
-3089.731445	0
-3085.292236	0
-3080.853027	0
-3076.413818	0
-3071.974365	0
-3067.535156	0
-3063.095947	0
-3058.656738	0
-3054.217285	0
-3049.778076	0
-3045.338867	0
-3040.899658	0
-3036.460205	0
-3032.020996	0
-3027.581787	0
-3023.142578	0
-3018.703125	0
-3014.263916	0
-3009.824707	0
-3005.385498	0
-3000.946045	0
-2996.506836	0
-2992.067627	0
-2987.628418	0
-2983.188965	0
-2978.749756	0
-2974.310547	0
-2969.871338	0
-2965.431885	0
-2960.992676	0
-2956.553467	0
-2952.114258	0
-2947.674805	0
-2943.235596	0
-2938.796387	0
-2934.357178	0
-2929.917725	0
-2925.478516	0
-2921.039307	0
-2916.600098	0
-2912.160645	0
-2907.721436	0
-2903.282227	0
-2898.843018	0
-2894.403564	0
-2889.964355	0
-2885.525146	0
-2881.085938	0
-2876.646484	0
-2872.207275	2
-2867.768066	7
-2863.328857	9
-2858.889404	11
-2854.450195	13
-2850.010986	15
-2845.571777	19
-2841.132324	22
-2836.693115	21
-2832.253906	16
-2827.814697	19
-2823.375244	18
-2818.936035	29
-2814.496826	35
-2810.057617	36
-2805.618164	36
-2801.178955	30
-2796.739746	32
-2792.300537	37
-2787.861084	35
-2783.421875	42
-2778.982666	50
-2774.543457	44
-2770.104004	44
-2765.664795	46
-2761.225586	43
-2756.786377	48
-2752.346924	53
-2747.907715	55
-2743.468506	55
-2739.029297	59
-2734.589844	58
-2730.150635	59
-2725.711426	73
-2721.272217	80
-2716.832764	71
-2712.393555	72
-2707.954346	76
-2703.515137	70
-2699.075684	74
-2694.636475	70
-2690.197266	68
-2685.758057	73
-2681.318604	82
-2676.879395	94
-2672.440186	90
-2668.000977	85
-2663.561523	88
-2659.122314	106
-2654.683105	114
-2650.243896	109
-2645.804688	99
-2641.365234	96
-2636.926025	102
-2632.486816	101
-2628.047607	108
-2623.608154	114
-2619.168945	114
-2614.729736	112
-2610.290527	118
-2605.851074	119
-2601.411865	128
-2596.972656	136
-2592.533447	133
-2588.093994	140
-2583.654785	144
-2579.215576	147
-2574.776367	135
-2570.336914	144
-2565.897705	133
-2561.458496	131
-2557.019287	141
-2552.579834	144
-2548.140625	138
-2543.701416	144
-2539.262207	145
-2534.822754	148
-2530.383545	147
-2525.944336	168
-2521.505127	173
-2517.065674	153
-2512.626465	148
-2508.187256	152
-2503.748047	153
-2499.308594	160
-2494.869385	181
-2490.430176	177
-2485.990967	154
-2481.551514	166
-2477.112305	182
-2472.673096	184
-2468.233887	183
-2463.794434	172
-2459.355225	163
-2454.916016	150
-2450.476807	152
-2446.037354	166
-2441.598145	181
-2437.158936	177
-2432.719727	169
-2428.280273	181
-2423.841064	186
-2419.401855	180
-2414.962646	188
-2410.523193	186
-2406.083984	193
-2401.644775	193
-2397.205566	176
-2392.766113	167
-2388.326904	160
-2383.887695	171
-2379.448486	178
-2375.009033	174
-2370.569824	165
-2366.130615	170
-2361.691406	174
-2357.251953	162
-2352.812744	172
-2348.373535	167
-2343.934326	160
-2339.494873	188
-2335.055664	190
-2330.616455	174
-2326.177246	171
-2321.737793	182
-2317.298584	177
-2312.859375	177
-2308.420166	176
-2303.980713	164
-2299.541504	171
-2295.102295	158
-2290.663086	156
-2286.223633	181
-2281.784424	175
-2277.345215	186
-2272.906006	172
-2268.466553	168
-2264.027344	166
-2259.588135	176
-2255.148926	178
-2250.709473	163
-2246.270264	177
-2241.831055	183
-2237.391846	178
-2232.952393	174
-2228.513184	175
-2224.073975	176
-2219.634766	179
-2215.195313	179
-2210.756104	197
-2206.316895	183
-2201.877686	178
-2197.438477	167
-2192.999023	162
-2188.559814	156
-2184.120605	164
-2179.681396	173
-2175.241943	176
-2170.802734	183
-2166.363525	181
-2161.924316	190
-2157.484863	178
-2153.045654	168
-2148.606445	165
-2144.167236	166
-2139.727783	174
-2135.288574	175
-2130.849365	170
-2126.410156	162
-2121.970703	178
-2117.531494	191
-2113.092285	202
-2108.653076	193
-2104.213623	173
-2099.774414	164
-2095.335205	169
-2090.895996	184
-2086.456543	178
-2082.017334	172
-2077.578125	167
-2073.138916	175
-2068.699463	190
-2064.260254	191
-2059.821045	159
-2055.381836	150
-2050.942383	160
-2046.503174	168
-2042.063965	196
-2037.624634	216
-2033.185425	183
-2028.746094	166
-2024.306885	169
-2019.867554	176
-2015.428345	179
-2010.989014	186
-2006.549805	172
-2002.110474	167
-1997.671265	176
-1993.231934	186
-1988.792725	188
-1984.353394	193
-1979.914185	182
-1975.474854	176
-1971.035645	167
-1966.596313	170
-1962.157104	169
-1957.717773	167
-1953.278564	179
-1948.839233	175
-1944.400024	172
-1939.960693	182
-1935.521484	179
-1931.082153	175
-1926.642944	176
-1922.203613	159
-1917.764404	156
-1913.325073	166
-1908.885864	157
-1904.446533	158
-1900.007324	171
-1895.567993	165
-1891.128784	173
-1886.689453	185
-1882.250244	172
-1877.810913	170
-1873.371704	171
-1868.932373	174
-1864.493164	175
-1860.053833	168
-1855.614624	162
-1851.175293	177
-1846.736084	174
-1842.296753	167
-1837.857544	168
-1833.418213	171
-1828.979004	176
-1824.539673	167
-1820.100464	173
-1815.661133	179
-1811.221924	178
-1806.782593	190
-1802.343384	184
-1797.904053	170
-1793.464844	163
-1789.025513	159
-1784.586304	166
-1780.146973	166
-1775.707764	166
-1771.268433	172
-1766.829224	169
-1762.390015	160
-1757.950684	171
-1753.511475	176
-1749.072144	179
-1744.632935	188
-1740.193604	182
-1735.754395	166
-1731.315063	173
-1726.875854	183
-1722.436523	202
-1717.997314	194
-1713.557983	164
-1709.118774	166
-1704.679443	177
-1700.240234	169
-1695.800903	173
-1691.361694	176
-1686.922363	173
-1682.483154	178
-1678.043823	187
-1673.604614	175
-1669.165283	174
-1664.726074	174
-1660.286743	183
-1655.847534	188
-1651.408203	178
-1646.968994	183
-1642.529663	175
-1638.090454	180
-1633.651123	178
-1629.211914	164
-1624.772583	176
-1620.333374	174
-1615.894043	189
-1611.454834	167
-1607.015503	178
-1602.576294	194
-1598.136963	187
-1593.697754	185
-1589.258423	185
-1584.819214	181
-1580.379883	188
-1575.940674	195
-1571.501343	186
-1567.062134	166
-1562.622803	160
-1558.183594	166
-1553.744263	186
-1549.305054	178
-1544.865723	169
-1540.426514	183
-1535.987183	176
-1531.547974	169
-1527.108643	171
-1522.669434	183
-1518.230103	197
-1513.790894	205
-1509.351563	181
-1504.912354	172
-1500.473022	183
-1496.033813	191
-1491.594482	190
-1487.155273	171
-1482.715942	168
-1478.276733	166
-1473.837402	169
-1469.398193	167
-1464.958862	157
-1460.519653	156
-1456.080322	156
-1451.641113	167
-1447.201782	171
-1442.762573	183
-1438.323242	196
-1433.884033	188
-1429.444702	171
-1425.005493	190
-1420.566162	203
-1416.126953	182
-1411.687622	175
-1407.248413	176
-1402.809082	188
-1398.369873	186
-1393.930542	187
-1389.491333	175
-1385.052002	183
-1380.612793	194
-1376.173462	186
-1371.734253	178
-1367.294922	179
-1362.855713	182
-1358.416382	167
-1353.977173	163
-1349.537842	155
-1345.098633	168
-1340.659302	185
-1336.220093	183
-1331.780762	174
-1327.341553	177
-1322.902344	165
-1318.463013	156
-1314.023804	145
-1309.584473	170
-1305.145264	181
-1300.705933	180
-1296.266724	173
-1291.827393	161
-1287.388184	170
-1282.948853	178
-1278.509644	176
-1274.070313	166
-1269.631104	156
-1265.191772	162
-1260.752563	174
-1256.313232	174
-1251.874023	176
-1247.434692	175
-1242.995483	180
-1238.556152	183
-1234.116943	182
-1229.677612	181
-1225.238403	177
-1220.799072	162
-1216.359863	174
-1211.920532	171
-1207.481323	174
-1203.041992	185
-1198.602783	194
-1194.163452	176
-1189.724243	175
-1185.284912	168
-1180.845703	177
-1176.406372	176
-1171.967163	164
-1167.527832	172
-1163.088623	168
-1158.649292	151
-1154.210083	147
-1149.770752	173
-1145.331543	173
-1140.892212	165
-1136.453003	157
-1132.013672	163
-1127.574463	192
-1123.135132	195
-1118.695923	170
-1114.256592	163
-1109.817383	172
-1105.378052	176
-1100.938843	180
-1096.499512	189
-1092.060303	186
-1087.620972	185
-1083.181763	175
-1078.742432	171
-1074.303223	170
-1069.863892	181
-1065.424683	177
-1060.985352	176
-1056.546143	192
-1052.106812	192
-1047.667603	175
-1043.228271	180
-1038.789063	173
-1034.349731	169
-1029.910522	193
-1025.471191	207
-1021.031982	192
-1016.592712	175
-1012.153442	179
-1007.714172	186
-1003.274902	178
-998.835632	183
-994.396362	168
-989.957092	159
-985.517822	177
-981.078552	190
-976.639282	182
-972.200012	168
-967.760742	163
-963.321472	169
-958.882202	178
-954.442932	193
-950.003662	183
-945.564392	181
-941.125122	180
-936.685852	178
-932.246582	182
-927.807312	169
-923.368042	162
-918.928772	165
-914.489502	172
-910.050232	185
-905.610962	194
-901.171692	204
-896.732422	213
-892.293152	192
-887.853882	175
-883.414612	170
-878.975342	168
-874.536072	157
-870.096802	154
-865.657532	149
-861.218262	164
-856.778992	165
-852.339722	173
-847.900452	172
-843.461182	193
-839.021912	199
-834.582642	198
-830.143372	195
-825.704102	184
-821.264832	182
-816.825562	179
-812.386292	175
-807.947021	175
-803.507751	166
-799.068481	167
-794.629211	171
-790.189941	178
-785.750671	179
-781.311401	164
-776.872131	171
-772.432861	190
-767.993591	188
-763.554321	192
-759.115051	187
-754.675781	171
-750.236511	164
-745.797241	179
-741.357971	180
-736.918701	162
-732.479431	163
-728.040161	184
-723.600891	172
-719.161621	170
-714.722351	178
-710.283081	183
-705.843811	190
-701.404541	193
-696.965271	178
-692.526001	173
-688.086731	185
-683.647461	181
-679.208191	184
-674.768921	175
-670.329651	164
-665.890381	183
-661.451172	189
-657.011902	184
-652.572632	184
-648.133362	171
-643.694092	172
-639.254822	179
-634.815552	172
-630.376282	164
-625.937012	173
-621.497742	182
-617.058472	194
-612.619202	184
-608.179932	154
-603.740662	159
-599.301392	171
-594.862122	184
-590.422852	187
-585.983582	184
-581.544312	158
-577.105042	157
-572.665771	160
-568.226501	163
-563.787231	164
-559.347961	155
-554.908691	154
-550.469421	154
-546.030151	179
-541.590881	180
-537.151611	160
-532.712341	166
-528.273071	168
-523.833801	176
-519.394531	177
-514.955261	183
-510.515991	168
-506.076721	170
-501.637451	186
-497.198181	179
-492.758911	178
-488.319641	175
-483.880371	178
-479.441101	160
-475.001831	184
-470.562561	183
-466.123291	179
-461.684021	177
-457.244751	188
-452.805481	195
-448.366211	178
-443.926941	174
-439.487671	177
-435.048401	165
-430.609131	160
-426.169861	168
-421.730591	189
-417.291321	191
-412.852051	195
-408.412781	177
-403.973511	152
-399.534241	172
-395.094971	188
-390.655701	186
-386.216431	175
-381.777161	165
-377.337891	173
-372.898621	167
-368.459351	172
-364.020081	176
-359.580811	173
-355.141541	186
-350.702271	188
-346.263000	196
-341.823730	196
-337.384460	187
-332.945190	178
-328.505951	171
-324.066681	179
-319.627411	178
-315.188141	190
-310.748871	195
-306.309601	198
-301.870331	207
-297.431061	186
-292.991791	178
-288.552521	176
-284.113251	181
-279.673981	180
-275.234711	176
-270.795441	165
-266.356171	173
-261.916901	188
-257.477631	210
-253.038361	201
-248.599091	187
-244.159821	186
-239.720551	186
-235.281281	191
-230.842010	200
-226.402740	188
-221.963470	182
-217.524200	203
-213.084930	219
-208.645660	207
-204.206390	174
-199.767120	171
-195.327850	199
-190.888580	197
-186.449310	188
-182.010040	207
-177.570770	205
-173.131500	195
-168.692230	199
-164.252975	217
-159.813705	239
-155.374435	237
-150.935165	219
-146.495895	217
-142.056625	228
-137.617355	248
-133.178085	258
-128.738815	274
-124.299545	287
-119.860275	271
-115.421005	267
-110.981735	279
-106.542465	276
-102.103195	292
-97.663925	353
-93.224655	389
-88.785385	408
-84.346115	446
-79.906853	508
-75.467583	543
-71.028313	624
-66.589043	734
-62.149773	859
-57.710503	1029
-53.271233	1280
-48.831963	1618
-44.392693	2058
-39.953426	2600
-35.514156	3299
-31.074886	4062
-26.635616	4577
-22.196346	4992
-17.757078	5254
-13.317808	5464
-8.878539	5623
-4.439270	5794
0.000000	5935
4.439270	5910
8.878539	5903
13.317808	5872
17.757078	5745
22.196346	5500
26.635616	5230
31.074886	4903
35.514156	4543
39.953426	4078
44.392693	3366
48.831963	2738
53.271233	2111
57.710503	1629
62.149773	1293
66.589043	1040
71.028313	878
75.467583	752
79.906853	673
84.346115	589
88.785385	493
93.224655	432
97.663925	384
102.103195	359
106.542465	348
110.981735	334
115.421005	313
119.860275	290
124.299545	241
128.738815	252
133.178085	236
137.617355	224
142.056625	242
146.495895	223
150.935165	227
155.374435	238
159.813705	222
164.252975	210
168.692230	217
173.131500	209
177.570770	216
182.010040	214
186.449310	198
190.888580	196
195.327850	198
199.767120	191
204.206390	178
208.645660	179
213.084930	199
217.524200	202
221.963470	196
226.402740	198
230.842010	187
235.281281	196
239.720551	188
244.159821	197
248.599091	195
253.038361	190
257.477631	197
261.916901	211
266.356171	189
270.795441	179
275.234711	182
279.673981	163
284.113251	168
288.552521	169
292.991791	166
297.431061	170
301.870331	176
306.309601	166
310.748871	171
315.188141	174
319.627411	180
324.066681	190
328.505951	192
332.945190	188
337.384460	160
341.823730	152
346.263000	174
350.702271	203
355.141541	190
359.580811	185
364.020081	184
368.459351	200
372.898621	180
377.337891	180
381.777161	195
386.216431	193
390.655701	191
395.094971	184
399.534241	182
403.973511	177
408.412781	179
412.852051	170
417.291321	169
421.730591	172
426.169861	177
430.609131	173
435.048401	181
439.487671	185
443.926941	193
448.366211	211
452.805481	185
457.244751	170
461.684021	184
466.123291	171
470.562561	179
475.001831	186
479.441101	182
483.880371	189
488.319641	198
492.758911	185
497.198181	176
501.637451	193
506.076721	189
510.515991	184
514.955261	184
519.394531	176
523.833801	172
528.273071	175
532.712341	171
537.151611	182
541.590881	187
546.030151	193
550.469421	190
554.908691	185
559.347961	173
563.787231	172
568.226501	191
572.665771	188
577.105042	171
581.544312	167
585.983582	163
590.422852	163
594.862122	181
599.301392	187
603.740662	183
608.179932	171
612.619202	175
617.058472	176
621.497742	186
625.937012	178
630.376282	163
634.815552	181
639.254822	198
643.694092	203
648.133362	187
652.572632	179
657.011902	193
661.451172	183
665.890381	177
670.329651	178
674.768921	162
679.208191	166
683.647461	182
688.086731	182
692.526001	186
696.965271	174
701.404541	178
705.843811	188
710.283081	175
714.722351	166
719.161621	166
723.600891	173
728.040161	185
732.479431	194
736.918701	182
741.357971	165
745.797241	193
750.236511	192
754.675781	185
759.115051	172
763.554321	171
767.993591	202
772.432861	192
776.872131	179
781.311401	179
785.750671	172
790.189941	171
794.629211	172
799.068481	164
803.507751	166
807.947021	174
812.386292	176
816.825562	173
821.264832	187
825.704102	186
830.143372	181
834.582642	192
839.021912	172
843.461182	174
847.900452	189
852.339722	185
856.778992	176
861.218262	175
865.657532	180
870.096802	178
874.536072	166
878.975342	168
883.414612	168
887.853882	179
892.293152	186
896.732422	179
901.171692	186
905.610962	175
910.050232	167
914.489502	172
918.928772	165
923.368042	174
927.807312	183
932.246582	172
936.685852	174
941.125122	173
945.564392	178
950.003662	183
954.442932	199
958.882202	185
963.321472	156
967.760742	164
972.200012	171
976.639282	175
981.078552	175
985.517822	179
989.957092	177
994.396362	174
998.835632	166
1003.274902	184
1007.714172	185
1012.153442	171
1016.592712	181
1021.031982	190
1025.471191	193
1029.910522	167
1034.349731	150
1038.789063	166
1043.228271	173
1047.667603	180
1052.106812	182
1056.546143	168
1060.985352	180
1065.424683	175
1069.863892	170
1074.303223	177
1078.742432	182
1083.181763	175
1087.620972	179
1092.060303	173
1096.499512	170
1100.938843	179
1105.378052	186
1109.817383	174
1114.256592	174
1118.695923	185
1123.135132	181
1127.574463	191
1132.013672	191
1136.453003	204
1140.892212	199
1145.331543	180
1149.770752	171
1154.210083	173
1158.649292	158
1163.088623	163
1167.527832	178
1171.967163	175
1176.406372	164
1180.845703	178
1185.284912	173
1189.724243	159
1194.163452	166
1198.602783	175
1203.041992	161
1207.481323	177
1211.920532	208
1216.359863	205
1220.799072	193
1225.238403	178
1229.677612	183
1234.116943	188
1238.556152	191
1242.995483	212
1247.434692	190
1251.874023	177
1256.313232	177
1260.752563	186
1265.191772	183
1269.631104	182
1274.070313	188
1278.509644	187
1282.948853	178
1287.388184	183
1291.827393	171
1296.266724	170
1300.705933	170
1305.145264	187
1309.584473	195
1314.023804	162
1318.463013	155
1322.902344	167
1327.341553	172
1331.780762	183
1336.220093	185
1340.659302	170
1345.098633	175
1349.537842	178
1353.977173	173
1358.416382	171
1362.855713	184
1367.294922	178
1371.734253	185
1376.173462	185
1380.612793	166
1385.052002	162
1389.491333	167
1393.930542	187
1398.369873	182
1402.809082	173
1407.248413	170
1411.687622	173
1416.126953	184
1420.566162	172
1425.005493	160
1429.444702	170
1433.884033	171
1438.323242	177
1442.762573	163
1447.201782	172
1451.641113	188
1456.080322	186
1460.519653	164
1464.958862	167
1469.398193	172
1473.837402	182
1478.276733	166
1482.715942	170
1487.155273	170
1491.594482	189
1496.033813	173
1500.473022	154
1504.912354	172
1509.351563	193
1513.790894	191
1518.230103	195
1522.669434	188
1527.108643	187
1531.547974	201
1535.987183	183
1540.426514	181
1544.865723	179
1549.305054	162
1553.744263	173
1558.183594	184
1562.622803	182
1567.062134	184
1571.501343	179
1575.940674	176
1580.379883	171
1584.819214	176
1589.258423	175
1593.697754	193
1598.136963	203
1602.576294	198
1607.015503	194
1611.454834	191
1615.894043	175
1620.333374	169
1624.772583	186
1629.211914	188
1633.651123	197
1638.090454	186
1642.529663	181
1646.968994	170
1651.408203	179
1655.847534	185
1660.286743	188
1664.726074	194
1669.165283	182
1673.604614	174
1678.043823	180
1682.483154	171
1686.922363	177
1691.361694	197
1695.800903	201
1700.240234	191
1704.679443	178
1709.118774	174
1713.557983	170
1717.997314	166
1722.436523	157
1726.875854	171
1731.315063	180
1735.754395	184
1740.193604	168
1744.632935	180
1749.072144	176
1753.511475	176
1757.950684	187
1762.390015	187
1766.829224	186
1771.268433	178
1775.707764	187
1780.146973	192
1784.586304	195
1789.025513	186
1793.464844	190
1797.904053	185
1802.343384	155
1806.782593	155
1811.221924	188
1815.661133	202
1820.100464	197
1824.539673	196
1828.979004	205
1833.418213	205
1837.857544	193
1842.296753	180
1846.736084	180
1851.175293	186
1855.614624	195
1860.053833	199
1864.493164	206
1868.932373	190
1873.371704	182
1877.810913	194
1882.250244	194
1886.689453	192
1891.128784	189
1895.567993	181
1900.007324	184
1904.446533	183
1908.885864	186
1913.325073	190
1917.764404	223
1922.203613	200
1926.642944	186
1931.082153	173
1935.521484	180
1939.960693	179
1944.400024	183
1948.839233	182
1953.278564	165
1957.717773	175
1962.157104	184
1966.596313	187
1971.035645	190
1975.474854	186
1979.914185	196
1984.353394	191
1988.792725	182
1993.231934	172
1997.671265	177
2002.110474	182
2006.549805	184
2010.989014	192
2015.428345	181
2019.867554	178
2024.306885	173
2028.746094	153
2033.185425	162
2037.624634	162
2042.063965	165
2046.503174	163
2050.942383	169
2055.381836	166
2059.821045	175
2064.260254	172
2068.699463	171
2073.138916	186
2077.578125	189
2082.017334	169
2086.456543	187
2090.895996	180
2095.335205	196
2099.774414	197
2104.213623	191
2108.653076	183
2113.092285	176
2117.531494	171
2121.970703	181
2126.410156	185
2130.849365	191
2135.288574	182
2139.727783	170
2144.167236	174
2148.606445	182
2153.045654	186
2157.484863	188
2161.924316	194
2166.363525	193
2170.802734	192
2175.241943	198
2179.681396	181
2184.120605	172
2188.559814	186
2192.999023	191
2197.438477	186
2201.877686	179
2206.316895	168
2210.756104	192
2215.195313	192
2219.634766	199
2224.073975	191
2228.513184	178
2232.952393	172
2237.391846	184
2241.831055	197
2246.270264	186
2250.709473	176
2255.148926	186
2259.588135	191
2264.027344	193
2268.466553	188
2272.906006	191
2277.345215	200
2281.784424	170
2286.223633	173
2290.663086	178
2295.102295	191
2299.541504	184
2303.980713	188
2308.420166	187
2312.859375	189
2317.298584	184
2321.737793	181
2326.177246	174
2330.616455	192
2335.055664	199
2339.494873	211
2343.934326	198
2348.373535	187
2352.812744	177
2357.251953	168
2361.691406	172
2366.130615	193
2370.569824	192
2375.009033	175
2379.448486	177
2383.887695	189
2388.326904	178
2392.766113	178
2397.205566	193
2401.644775	193
2406.083984	183
2410.523193	199
2414.962646	214
2419.401855	200
2423.841064	164
2428.280273	164
2432.719727	171
2437.158936	204
2441.598145	207
2446.037354	187
2450.476807	192
2454.916016	201
2459.355225	196
2463.794434	209
2468.233887	189
2472.673096	189
2477.112305	201
2481.551514	210
2485.990967	212
2490.430176	196
2494.869385	204
2499.308594	196
2503.748047	190
2508.187256	200
2512.626465	201
2517.065674	198
2521.505127	188
2525.944336	188
2530.383545	187
2534.822754	201
2539.262207	195
2543.701416	188
2548.140625	199
2552.579834	201
2557.019287	198
2561.458496	176
2565.897705	181
2570.336914	173
2574.776367	164
2579.215576	175
2583.654785	162
2588.093994	177
2592.533447	184
2596.972656	179
2601.411865	176
2605.851074	184
2610.290527	195
2614.729736	168
2619.168945	176
2623.608154	181
2628.047607	177
2632.486816	175
2636.926025	190
2641.365234	192
2645.804688	178
2650.243896	178
2654.683105	182
2659.122314	174
2663.561523	168
2668.000977	172
2672.440186	181
2676.879395	173
2681.318604	185
2685.758057	193
2690.197266	190
2694.636475	186
2699.075684	187
2703.515137	183
2707.954346	177
2712.393555	189
2716.832764	193
2721.272217	198
2725.711426	191
2730.150635	185
2734.589844	181
2739.029297	195
2743.468506	195
2747.907715	174
2752.346924	174
2756.786377	175
2761.225586	178
2765.664795	176
2770.104004	183
2774.543457	185
2778.982666	181
2783.421875	174
2787.861084	178
2792.300537	178
2796.739746	171
2801.178955	188
2805.618164	195
2810.057617	188
2814.496826	187
2818.936035	208
2823.375244	202
2827.814697	190
2832.253906	192
2836.693115	209
2841.132324	209
2845.571777	201
2850.010986	203
2854.450195	204
2858.889404	224
2863.328857	208
2867.768066	189
2872.207275	187
2876.646484	163
2881.085938	184
2885.525146	199
2889.964355	190
2894.403564	192
2898.843018	209
2903.282227	198
2907.721436	173
2912.160645	179
2916.600098	195
2921.039307	192
2925.478516	178
2929.917725	180
2934.357178	186
2938.796387	191
2943.235596	211
2947.674805	205
2952.114258	197
2956.553467	201
2960.992676	196
2965.431885	188
2969.871338	183
2974.310547	186
2978.749756	206
2983.188965	206
2987.628418	195
2992.067627	185
2996.506836	191
3000.946045	195
3005.385498	194
3009.824707	169
3014.263916	182
3018.703125	182
3023.142578	184
3027.581787	190
3032.020996	175
3036.460205	169
3040.899658	199
3045.338867	205
3049.778076	192
3054.217285	204
3058.656738	188
3063.095947	197
3067.535156	190
3071.974365	192
3076.413818	188
3080.853027	183
3085.292236	178
3089.731445	174
3094.170654	174
3098.610107	189
3103.049316	189
3107.488525	199
3111.927734	192
3116.367188	185
3120.806396	173
3125.245605	183
3129.684814	183
3134.124268	196
3138.563477	198
3143.002686	183
3147.441895	213
3151.881348	222
3156.320557	199
3160.759766	166
3165.198975	169
3169.638428	173
3174.077637	178
3178.516846	171
3182.956055	160
3187.395508	179
3191.834717	196
3196.273926	196
3200.713135	183
3205.152588	168
3209.591797	156
3214.031006	194
3218.470215	207
3222.909668	186
3227.348877	166
3231.788086	168
3236.227295	184
3240.666748	197
3245.105957	210
3249.545166	191
3253.984375	173
3258.423828	177
3262.863037	196
3267.302246	212
3271.741455	217
3276.180908	208
3280.620117	202
3285.059326	177
3289.498535	150
3293.937988	172
3298.377197	201
3302.816406	202
3307.255615	201
3311.695068	197
3316.134277	192
3320.573486	191
3325.012695	183
3329.452148	176
3333.891357	190
3338.330566	186
3342.769775	193
3347.209229	195
3351.648438	182
3356.087646	174
3360.526855	181
3364.966309	190
3369.405518	188
3373.844727	162
3378.283936	163
3382.723389	174
3387.162598	176
3391.601807	183
3396.041016	172
3400.480469	172
3404.919678	185
3409.358887	172
3413.798096	158
3418.237549	169
3422.676758	186
3427.115967	180
3431.555176	163
3435.994629	168
3440.433838	188
3444.873047	179
3449.312256	185
3453.751709	178
3458.190918	185
3462.630127	194
3467.069336	187
3471.508789	177
3475.947998	193
3480.387207	202
3484.826416	203
3489.265869	173
3493.705078	181
3498.144287	196
3502.583496	193
3507.022949	189
3511.462158	194
3515.901367	205
3520.340576	215
3524.780029	217
3529.219238	186
3533.658447	187
3538.097656	201
3542.536865	207
3546.976318	214
3551.415527	199
3555.854736	176
3560.293945	200
3564.733398	211
3569.172607	207
3573.611816	195
3578.051025	195
3582.490479	199
3586.929688	208
3591.368896	229
3595.808105	229
3600.247559	223
3604.686768	218
3609.125977	204
3613.565186	202
3618.004639	196
3622.443848	214
3626.883057	226
3631.322266	240
3635.761719	217
3640.200928	202
3644.640137	203
3649.079346	192
3653.518799	193
3657.958008	200
3662.397217	213
3666.836426	202
3671.275879	219
3675.715088	240
3680.154297	230
3684.593506	219
3689.032959	237
3693.472168	254
3697.911377	237
3702.350586	227
3706.790039	232
3711.229248	228
3715.668457	223
3720.107666	236
3724.547119	270
3728.986328	281
3733.425537	294
3737.864746	291
3742.304199	272
3746.743408	284
3751.182617	307
3755.621826	311
3760.061279	332
3764.500488	322
3768.939697	334
3773.378906	346
3777.818359	366
3782.257568	360
3786.696777	372
3791.135986	413
3795.575439	411
3800.014648	400
3804.453857	425
3808.893066	449
3813.332520	448
3817.771729	467
3822.210938	494
3826.650146	522
3831.089600	534
3835.528809	529
3839.968018	582
3844.407227	598
3848.846680	614
3853.285889	686
3857.725098	694
3862.164307	646
3866.603760	641
3871.042969	681
3875.482178	741
3879.921387	771
3884.360840	768
3888.800049	776
3893.239258	836
3897.678467	854
3902.117920	862
3906.557129	882
3910.996338	920
3915.435547	936
3919.875000	974
3924.314209	1003
3928.753418	1027
3933.192627	1049
3937.632080	993
3942.071289	970
3946.510498	966
3950.949707	944
3955.389160	897
3959.828369	920
3964.267578	983
3968.706787	983
3973.146240	998
3977.585449	1065
3982.024658	1091
3986.463867	1140
3990.903076	1192
3995.342529	1200
3999.781738	1213
4004.220947	1307
4008.660156	1399
4013.099609	1403
4017.538818	1399
4021.978027	1395
4026.417236	1394
4030.856689	1428
4035.295898	1384
4039.735107	1407
4044.174316	1449
4048.613770	1460
4053.052979	1460
4057.492188	1395
4061.931396	1342
4066.370850	1306
4070.810059	1314
4075.249268	1362
4079.688477	1284
4084.127930	1186
4088.567139	1149
4093.006348	1162
4097.445801	1135
4101.884766	1132
4106.324219	1185
4110.763672	1219
4115.202637	1208
4119.642090	1260
4124.081055	1306
4128.520508	1274
4132.959961	1310
4137.398926	1389
4141.838379	1428
4146.277832	1460
4150.716797	1478
4155.156250	1462
4159.595215	1522
4164.034668	1519
4168.474121	1488
4172.913086	1470
4177.352539	1470
4181.791992	1482
4186.230957	1483
4190.670410	1491
4195.109375	1498
4199.548828	1505
4203.988281	1478
4208.427246	1430
4212.866699	1424
4217.306152	1468
4221.745117	1522
4226.184570	1525
4230.623535	1502
4235.062988	1510
4239.502441	1505
4243.941406	1496
4248.380859	1464
4252.820313	1394
4257.259277	1381
4261.698730	1448
4266.137695	1449
4270.577148	1426
4275.016602	1409
4279.455566	1385
4283.895020	1354
4288.334473	1374
4292.773438	1374
4297.212891	1314
4301.651855	1305
4306.091309	1356
4310.530762	1292
4314.969727	1236
4319.409180	1254
4323.848633	1253
4328.287598	1282
4332.727051	1286
4337.166016	1262
4341.605469	1235
4346.044922	1198
4350.483887	1202
4354.923340	1205
4359.362793	1251
4363.801758	1299
4368.241211	1282
4372.680176	1296
4377.119629	1370
4381.559082	1407
4385.998047	1420
4390.437500	1398
4394.876953	1459
4399.315918	1507
4403.755371	1464
4408.194336	1467
4412.633789	1469
4417.073242	1448
4421.512207	1456
4425.951660	1467
4430.390625	1491
4434.830078	1510
4439.269531	1494
4443.708496	1443
4448.147949	1430
4452.587402	1455
4457.026367	1466
4461.465820	1478
4465.904785	1504
4470.344238	1462
4474.783691	1419
4479.222656	1453
4483.662109	1503
4488.101563	1514
4492.540527	1517
4496.979980	1487
4501.418945	1509
4505.858398	1531
4510.297852	1469
4514.736816	1432
4519.176270	1458
4523.615723	1471
4528.054688	1422
4532.494141	1388
4536.933105	1395
4541.372559	1416
4545.812012	1452
4550.250977	1494
4554.690430	1471
4559.129883	1466
4563.568848	1434
4568.008301	1424
4572.447266	1491
4576.886719	1511
4581.326172	1485
4585.765137	1459
4590.204590	1413
4594.644043	1416
4599.083008	1517
4603.522461	1527
4607.961426	1492
4612.400879	1548
4616.840332	1543
4621.279297	1487
4625.718750	1508
4630.158203	1555
4634.597168	1534
4639.036621	1534
4643.475586	1552
4647.915039	1556
4652.354492	1579
4656.793457	1619
4661.232910	1677
4665.672363	1685
4670.111328	1642
4674.550781	1654
4678.989746	1687
4683.429199	1665
4687.868652	1640
4692.307617	1718
4696.747070	1743
4701.186523	1769
4705.625488	1829
4710.064941	1868
4714.503906	1892
4718.943359	1907
4723.382813	1897
4727.821777	1884
4732.261230	1962
4736.700684	1981
4741.139648	1959
4745.579102	1947
4750.018066	1967
4754.457520	2066
4758.896973	2102
4763.335938	2089
4767.775391	2088
4772.214844	2176
4776.653809	2215
4781.093262	2180
4785.532227	2141
4789.971680	2118
4794.411133	2140
4798.850098	2187
4803.289551	2200
4807.729004	2216
4812.167969	2154
4816.607422	2201
4821.046387	2231
4825.485840	2192
4829.925293	2203
4834.364258	2195
4838.803711	2166
4843.243164	2153
4847.682129	2057
4852.121582	1942
4856.560547	1916
4861.000000	1901
4865.439453	1976
4869.878418	2023
4874.317871	2035
4878.756836	1969
4883.196289	1896
4887.635742	1977
4892.074707	2037
4896.514160	2021
4900.953613	2051
4905.392578	2130
4909.832031	2217
4914.270996	2212
4918.710449	2205
4923.149902	2224
4927.588867	2274
4932.028320	2278
4936.467773	2271
4940.906738	2267
4945.346191	2270
4949.785156	2274
4954.224609	2282
4958.664063	2267
4963.103027	2321
4967.542480	2338
4971.981934	2245
4976.420898	2228
4980.860352	2289
4985.299316	2294
4989.738770	2311
4994.178223	2361
4998.617188	2267
5003.056641	2197
5007.496094	2215
5011.935059	2268
5016.374512	2279
5020.813477	2257
5025.252930	2217
5029.692383	2162
5034.131348	2136
5038.570801	2156
5043.010254	2197
5047.449219	2191
5051.888672	2142
5056.327637	2113
5060.767090	2135
5065.206543	2134
5069.645508	2064
5074.084961	2078
5078.524414	2110
5082.963379	2076
5087.402832	2052
5091.841797	2078
5096.281250	2089
5100.720703	2145
5105.159668	2150
5109.599121	2118
5114.038574	2127
5118.477539	2117
5122.916992	2088
5127.355957	2050
5131.795410	2013
5136.234863	2092
5140.673828	2124
5145.113281	2078
5149.552734	2053
5153.991699	1978
5158.431152	1963
5162.870117	1994
5167.309570	1994
5171.749023	1966
5176.187988	1943
5180.627441	1982
5185.066895	1987
5189.505859	1929
5193.945313	1881
5198.384277	1866
5202.823730	1879
5207.263184	1804
5211.702148	1773
5216.141602	1780
5220.581055	1815
5225.020020	1770
5229.459473	1758
5233.898438	1819
5238.337891	1860
5242.777344	1839
5247.216309	1795
5251.655762	1755
5256.095215	1732
5260.534180	1754
5264.973633	1768
5269.412598	1733
5273.852051	1754
5278.291504	1746
5282.730469	1698
5287.169922	1646
5291.609375	1679
5296.048340	1709
5300.487793	1678
5304.926758	1706
5309.366211	1762
5313.805664	1766
5318.244629	1753
5322.684082	1721
5327.123047	1717
5331.562500	1678
5336.001953	1670
5340.440918	1685
5344.880371	1671
5349.319824	1660
5353.758789	1675
5358.198242	1636
5362.637207	1629
5367.076660	1631
5371.516113	1644
5375.955078	1662
5380.394531	1637
5384.833984	1558
5389.272949	1581
5393.712402	1617
5398.151367	1618
5402.590820	1620
5407.030273	1579
5411.469238	1560
5415.908691	1594
5420.348145	1550
5424.787109	1504
5429.226563	1477
5433.665527	1559
5438.104980	1582
5442.544434	1580
5446.983398	1580
5451.422852	1520
5455.862305	1492
5460.301270	1505
5464.740723	1512
5469.179688	1513
5473.619141	1489
5478.058594	1450
5482.497559	1471
5486.937012	1489
5491.376465	1471
5495.815430	1507
5500.254883	1503
5504.693848	1541
5509.133301	1520
5513.572754	1459
5518.011719	1436
5522.451172	1422
5526.890625	1435
5531.329590	1456
5535.769043	1491
5540.208008	1437
5544.647461	1401
5549.086914	1394
5553.525879	1436
5557.965332	1441
5562.404785	1429
5566.843750	1435
5571.283203	1390
5575.722168	1403
5580.161621	1404
5584.601074	1403
5589.040039	1339
5593.479492	1360
5597.918945	1359
5602.357910	1343
5606.797363	1375
5611.236328	1348
5615.675781	1284
5620.115234	1328
5624.554199	1348
5628.993652	1282
5633.433105	1279
5637.872070	1310
5642.311523	1294
5646.750488	1251
5651.189941	1275
5655.629395	1321
5660.068359	1329
5664.507813	1324
5668.947266	1301
5673.386230	1296
5677.825684	1308
5682.264648	1284
5686.704102	1245
5691.143555	1187
5695.582520	1229
5700.021973	1247
5704.461426	1270
5708.900391	1233
5713.339844	1224
5717.778809	1267
5722.218262	1258
5726.657715	1219
5731.096680	1205
5735.536133	1239
5739.975586	1181
5744.414551	1185
5748.854004	1180
5753.292969	1247
5757.732422	1293
5762.171875	1265
5766.610840	1203
5771.050293	1235
5775.489258	1274
5779.928711	1230
5784.368164	1229
5788.807129	1224
5793.246582	1232
5797.686035	1199
5802.125000	1228
5806.564453	1267
5811.003418	1255
5815.442871	1258
5819.882324	1246
5824.321289	1264
5828.760742	1230
5833.200195	1251
5837.639160	1231
5842.078613	1206
5846.517578	1260
5850.957031	1285
5855.396484	1253
5859.835449	1201
5864.274902	1214
5868.714355	1277
5873.153320	1244
5877.592773	1218
5882.031738	1227
5886.471191	1232
5890.910645	1206
5895.349609	1178
5899.789063	1217
5904.228516	1242
5908.667480	1239
5913.106934	1221
5917.545898	1180
5921.985352	1173
5926.424805	1155
5930.863770	1166
5935.303223	1178
5939.742676	1206
5944.181641	1206
5948.621094	1231
5953.060059	1187
5957.499512	1118
5961.938965	1120
5966.377930	1159
5970.817383	1165
5975.256836	1165
5979.695801	1144
5984.135254	1124
5988.574219	1107
5993.013672	1061
5997.453125	1105
6001.892090	1143
6006.331543	1075
6010.770996	1043
6015.209961	1087
6019.649414	1110
6024.088379	1056
6028.527832	1033
6032.967285	1022
6037.406250	1034
6041.845703	1045
6046.285156	1054
6050.724121	1045
6055.163574	1021
6059.602539	1004
6064.041992	1042
6068.481445	1062
6072.920410	970
6077.359863	958
6081.799316	962
6086.238281	939
6090.677734	918
6095.116699	923
6099.556152	904
6103.995605	950
6108.434570	984
6112.874023	953
6117.313477	935
6121.752441	946
6126.191895	932
6130.630859	920
6135.070313	879
6139.509766	868
6143.948730	878
6148.388184	898
6152.827637	896
6157.266602	886
6161.706055	885
6166.145020	866
6170.584473	842
6175.023926	881
6179.462891	921
6183.902344	899
6188.341309	829
6192.780762	792
6197.220215	802
6201.659180	782
6206.098633	767
6210.538086	807
6214.977051	819
6219.416504	817
6223.855469	803
6228.294922	785
6232.734375	766
6237.173340	771
6241.612793	769
6246.052246	741
6250.491211	736
6254.930664	744
6259.369629	756
6263.809082	757
6268.248535	763
6272.687500	736
6277.126953	699
6281.566406	703
6286.005371	721
6290.444824	723
6294.883789	717
6299.323242	738
6303.762695	765
6308.201660	763
6312.641113	731
6317.080566	735
6321.519531	718
6325.958984	691
6330.397949	697
6334.837402	722
6339.276855	713
6343.715820	689
6348.155273	723
6352.594727	751
6357.033691	747
6361.473145	713
6365.912109	694
6370.351563	729
6374.791016	695
6379.229980	643
6383.669434	677
6388.108887	707
6392.547852	684
6396.987305	716
6401.426270	715
6405.865723	703
6410.305176	694
6414.744141	649
6419.183594	653
6423.623047	660
6428.062012	637
6432.501465	654
6436.940430	713
6441.379883	708
6445.819336	614
6450.258301	629
6454.697754	657
6459.137207	655
6463.576172	660
6468.015625	652
6472.454590	630
6476.894043	651
6481.333496	660
6485.772461	657
6490.211914	648
6494.651367	668
6499.090332	648
6503.529785	598
6507.968750	601
6512.408203	629
6516.847656	613
6521.286621	581
6525.726074	591
6530.165527	597
6534.604492	591
6539.043945	629
6543.482910	616
6547.922363	582
6552.361816	586
6556.800781	599
6561.240234	594
6565.679688	564
6570.118652	522
6574.558105	524
6578.997070	548
6583.436523	548
6587.875977	537
6592.314941	569
6596.754395	562
6601.193848	523
6605.632813	511
6610.072266	525
6614.511230	546
6618.950684	554
6623.390137	534
6627.829102	515
6632.268555	530
6636.707520	551
6641.146973	582
6645.586426	608
6650.025391	617
6654.464844	608
6658.904297	573
6663.343262	575
6667.782715	595
6672.221680	596
6676.661133	564
6681.100586	576
6685.539551	590
6689.979004	585
6694.418457	596
6698.857422	604
6703.296875	606
6707.735840	601
6712.175293	587
6716.614746	582
6721.053711	592
6725.493164	590
6729.932617	570
6734.371582	570
6738.811035	570
6743.250000	567
6747.689453	538
6752.128906	535
6756.567871	578
6761.007324	602
6765.446777	553
6769.885742	552
6774.325195	573
6778.764160	560
6783.203613	546
6787.643066	523
6792.082031	553
6796.521484	532
6800.960938	516
6805.399902	548
6809.839355	544
6814.278320	538
6818.717773	528
6823.157227	531
6827.596191	546
6832.035645	538
6836.475098	521
6840.914063	525
6845.353516	522
6849.792480	535
6854.231934	578
6858.671387	524
6863.110352	497
6867.549805	507
6871.989258	493
6876.428223	506
6880.867676	551
6885.306641	550
6889.746094	511
6894.185547	492
6898.624512	520
6903.063965	482
6907.503418	460
6911.942383	480
6916.381836	496
6920.820801	514
6925.260254	513
6929.699707	474
6934.138672	474
6938.578125	479
6943.017578	479
6947.456543	498
6951.895996	502
6956.334961	470
6960.774414	448
6965.213867	461
6969.652832	469
6974.092285	471
6978.531738	461
6982.970703	466
6987.410156	449
6991.849121	436
6996.288574	432
7000.728027	428
7005.166992	424
7009.606445	461
7014.045898	449
7018.484863	405
7022.924316	430
7027.363281	416
7031.802734	418
7036.242188	406
7040.681152	422
7045.120605	415
7049.560059	398
7053.999023	392
7058.438477	416
7062.877441	413
7067.316895	419
7071.756348	412
7076.195313	409
7080.634766	428
7085.073730	413
7089.513184	415
7093.952637	433
7098.391602	424
7102.831055	425
7107.270508	405
7111.709473	366
7116.148926	379
7120.587891	408
7125.027344	398
7129.466797	407
7133.905762	435
7138.345215	432
7142.784668	403
7147.223633	374
7151.663086	382
7156.102051	394
7160.541504	368
7164.980957	344
7169.419922	368
7173.859375	384
7178.298828	369
7182.737793	345
7187.177246	346
7191.616211	345
7196.055664	351
7200.495117	335
7204.934082	337
7209.373535	326
7213.812988	320
7218.251953	339
7222.691406	354
7227.130371	355
7231.569824	327
7236.009277	315
7240.448242	306
7244.887695	311
7249.327148	332
7253.766113	323
7258.205566	301
7262.644531	315
7267.083984	328
7271.523438	331
7275.962402	345
7280.401855	333
7284.841309	316
7289.280273	281
7293.719727	278
7298.158691	276
7302.598145	288
7307.037598	283
7311.476563	274
7315.916016	260
7320.355469	273
7324.794434	290
7329.233887	278
7333.672852	267
7338.112305	265
7342.551758	272
7346.990723	270
7351.430176	258
7355.869629	269
7360.308594	257
7364.748047	233
7369.187012	239
7373.626465	246
7378.065918	225
7382.504883	241
7386.944336	260
7391.383789	248
7395.822754	243
7400.262207	250
7404.701172	243
7409.140625	236
7413.580078	238
7418.019043	234
7422.458496	226
7426.897949	219
7431.336914	237
7435.776367	249
7440.215332	256
7444.654785	264
7449.094238	228
7453.533203	239
7457.972656	271
7462.412109	256
7466.851074	240
7471.290527	261
7475.729492	300
7480.168945	292
7484.608398	275
7489.047363	259
7493.486816	252
7497.926270	263
7502.365234	267
7506.804688	274
7511.243652	273
7515.683105	259
7520.122559	277
7524.561523	272
7529.000977	285
7533.439941	288
7537.879395	285
7542.318848	288
7546.757813	266
7551.197266	266
7555.636719	267
7560.075684	290
7564.515137	301
7568.954102	275
7573.393555	275
7577.833008	288
7582.271973	289
7586.711426	257
7591.150879	236
7595.589844	235
7600.029297	245
7604.468262	263
7608.907715	259
7613.347168	277
7617.786133	260
7622.225586	259
7626.665039	281
7631.104004	270
7635.543457	232
7639.982422	223
7644.421875	237
7648.861328	256
7653.300293	238
7657.739746	214
7662.179199	210
7666.618164	212
7671.057617	221
7675.496582	224
7679.936035	210
7684.375488	222
7688.814453	227
7693.253906	224
7697.693359	220
7702.132324	237
7706.571777	233
7711.010742	224
7715.450195	218
7719.889648	219
7724.328613	221
7728.768066	215
7733.207520	198
7737.646484	207
7742.085938	237
7746.524902	231
7750.964355	205
7755.403809	201
7759.842773	226
7764.282227	235
7768.721680	226
7773.160645	215
7777.600098	213
7782.039063	214
7786.478516	199
7790.917969	203
7795.356934	190
7799.796387	183
7804.235840	186
7808.674805	195
7813.114258	205
7817.553223	206
7821.992676	211
7826.432129	210
7830.871094	193
7835.310547	193
7839.750000	196
7844.188965	208
7848.628418	201
7853.067383	193
7857.506836	193
7861.946289	197
7866.385254	192
7870.824707	204
7875.264160	205
7879.703125	196
7884.142578	211
7888.581543	214
7893.020996	202
7897.460449	203
7901.899414	204
7906.338867	200
7910.778320	212
7915.217285	234
7919.656738	231
7924.095703	234
7928.535156	234
7932.974609	228
7937.413574	218
7941.853027	226
7946.292480	224
7950.731445	214
7955.170898	213
7959.609863	225
7964.049316	236
7968.488770	251
7972.927734	252
7977.367188	230
7981.806152	223
7986.245605	219
7990.685059	234
7995.124023	242
7999.563477	241
8004.002930	234
8008.441895	253
8012.881348	252
8017.320313	256
8021.759766	262
8026.199219	250
8030.638184	246
8035.077637	248
8039.517090	245
8043.956055	252
8048.395508	260
8052.834473	246
8057.273926	236
8061.713379	240
8066.152344	254
8070.591797	244
8075.031250	236
8079.470215	225
8083.909668	234
8088.348633	236
8092.788086	226
8097.227539	234
8101.666504	230
8106.105957	232
8110.545410	222
8114.984375	218
8119.423828	228
8123.862793	247
8128.302246	244
8132.741699	222
8137.180664	227
8141.620117	238
8146.059570	229
8150.498535	222
8154.937988	222
8159.376953	216
8163.816406	206
8168.255859	219
8172.694824	237
8177.134277	257
8181.573730	243
8186.012695	208
8190.452148	203
8194.891602	238
8199.331055	229
8203.769531	209
8208.208984	215
8212.648438	213
8217.087891	211
8221.527344	222
8225.965820	224
8230.405273	210
8234.844727	197
8239.284180	198
8243.723633	192
8248.162109	202
8252.601563	217
8257.041016	205
8261.480469	185
8265.919922	189
8270.359375	201
8274.797852	206
8279.237305	205
8283.676758	215
8288.116211	249
8292.555664	229
8296.994141	199
8301.433594	200
8305.873047	207
8310.312500	192
8314.751953	203
8319.190430	224
8323.629883	210
8328.069336	211
8332.508789	196
8336.948242	206
8341.387695	203
8345.826172	200
8350.265625	213
8354.705078	195
8359.144531	179
8363.583984	182
8368.022461	190
8372.461914	193
8376.901367	181
8381.340820	189
8385.780273	188
8390.218750	200
8394.658203	214
8399.097656	223
8403.537109	205
8407.976563	198
8412.415039	209
8416.854492	197
8421.293945	196
8425.733398	196
8430.172852	192
8434.612305	192
8439.050781	215
8443.490234	210
8447.929688	190
8452.369141	190
8456.808594	199
8461.247070	203
8465.686523	210
8470.125977	194
8474.565430	194
8479.004883	195
8483.443359	201
8487.882813	201
8492.322266	197
8496.761719	210
8501.201172	223
8505.640625	228
8510.079102	217
8514.518555	224
8518.958008	236
8523.397461	212
8527.836914	198
8532.275391	219
8536.714844	223
8541.154297	226
8545.593750	209
8550.033203	198
8554.471680	212
8558.911133	224
8563.350586	232
8567.790039	224
8572.229492	196
8576.668945	208
8581.107422	220
8585.546875	198
8589.986328	211
8594.425781	217
8598.865234	207
8603.303711	204
8607.743164	213
8612.182617	223
8616.622070	222
8621.061523	222
8625.500000	201
8629.939453	201
8634.378906	229
8638.818359	227
8643.257813	217
8647.697266	207
8652.135742	209
8656.575195	213
8661.014648	207
8665.454102	203
8669.893555	203
8674.332031	199
8678.771484	189
8683.210938	195
8687.650391	209
8692.089844	211
8696.528320	212
8700.967773	221
8705.407227	216
8709.846680	209
8714.286133	212
8718.725586	216
8723.164063	212
8727.603516	205
8732.042969	211
8736.482422	202
8740.921875	191
8745.360352	181
8749.799805	187
8754.239258	184
8758.678711	190
8763.118164	202
8767.556641	203
8771.996094	192
8776.435547	196
8780.875000	201
8785.314453	205
8789.753906	210
8794.192383	216
8798.631836	215
8803.071289	195
8807.510742	198
8811.950195	207
8816.388672	206
8820.828125	198
8825.267578	185
8829.707031	177
8834.146484	197
8838.584961	207
8843.024414	207
8847.463867	208
8851.903320	201
8856.342773	189
8860.781250	184
8865.220703	188
8869.660156	198
8874.099609	194
8878.539063	193
8882.978516	175
8887.416992	180
8891.856445	196
8896.295898	197
8900.735352	215
8905.174805	211
8909.613281	189
8914.052734	188
8918.492188	186
8922.931641	197
8927.371094	185
8931.809570	187
8936.249023	166
8940.688477	193
8945.127930	195
8949.567383	193
8954.006836	211
8958.445313	198
8962.884766	198
8967.324219	175
8971.763672	172
8976.203125	190
8980.641602	188
8985.081055	199
8989.520508	208
8993.959961	202
8998.399414	189
9002.837891	196
9007.277344	179
9011.716797	179
9016.156250	194
9020.595703	189
9025.035156	186
9029.473633	192
9033.913086	200
9038.352539	197
9042.791992	183
9047.231445	185
9051.669922	183
9056.109375	176
9060.548828	188
9064.988281	189
9069.427734	191
9073.866211	202
9078.305664	193
9082.745117	198
9087.184570	197
9091.624023	198
9096.063477	200
9100.501953	217
9104.941406	206
9109.380859	176
9113.820313	178
9118.259766	196
9122.698242	204
9127.137695	185
9131.577148	182
9136.016602	188
9140.456055	197
9144.894531	193
9149.333984	205
9153.773438	227
9158.212891	207
9162.652344	202
9167.091797	196
9171.530273	176
9175.969727	182
9180.409180	204
9184.848633	191
9189.288086	189
9193.726563	196
9198.166016	200
9202.605469	198
9207.044922	193
9211.484375	204
9215.922852	187
9220.362305	190
9224.801758	212
9229.241211	196
9233.680664	200
9238.120117	206
9242.558594	208
9246.998047	202
9251.437500	192
9255.876953	194
9260.316406	189
9264.754883	180
9269.194336	185
9273.633789	215
9278.073242	220
9282.512695	206
9286.951172	207
9291.390625	196
9295.830078	169
9300.269531	174
9304.708984	208
9309.147461	204
9313.586914	217
9318.026367	243
9322.465820	204
9326.905273	193
9331.344727	195
9335.783203	184
9340.222656	184
9344.662109	183
9349.101563	173
9353.541016	179
9357.979492	198
9362.418945	185
9366.858398	175
9371.297852	210
9375.737305	204
9380.175781	195
9384.615234	209
9389.054688	197
9393.494141	182
9397.933594	192
9402.373047	198
9406.811523	220
9411.250977	209
9415.690430	197
9420.129883	192
9424.569336	203
9429.007813	195
9433.447266	195
9437.886719	199
9442.326172	193
9446.765625	177
9451.204102	182
9455.643555	190
9460.083008	206
9464.522461	202
9468.961914	217
9473.401367	203
9477.839844	173
9482.279297	168
9486.718750	182
9491.158203	201
9495.597656	200
9500.036133	204
9504.475586	193
9508.915039	179
9513.354492	171
9517.793945	188
9522.232422	205
9526.671875	205
9531.111328	196
9535.550781	194
9539.990234	211
9544.429688	208
9548.868164	208
9553.307617	208
9557.747070	191
9562.186523	194
9566.625977	197
9571.064453	195
9575.503906	188
9579.943359	205
9584.382813	218
9588.822266	211
9593.260742	220
9597.700195	222
9602.139648	203
9606.579102	201
9611.018555	204
9615.458008	209
9619.896484	208
9624.335938	218
9628.775391	225
9633.214844	211
9637.654297	209
9642.092773	201
9646.532227	189
9650.971680	203
9655.411133	208
9659.850586	191
9664.289063	196
9668.728516	209
9673.167969	209
9677.607422	209
9682.046875	202
9686.486328	195
9690.924805	201
9695.364258	203
9699.803711	216
9704.243164	206
9708.682617	195
9713.121094	197
9717.560547	195
9722.000000	184
9726.439453	173
9730.878906	176
9735.317383	188
9739.756836	204
9744.196289	208
9748.635742	218
9753.075195	212
9757.513672	196
9761.953125	184
9766.392578	165
9770.832031	167
9775.271484	194
9779.710938	209
9784.149414	191
9788.588867	181
9793.028320	192
9797.467773	201
9801.907227	213
9806.345703	225
9810.785156	209
9815.224609	185
9819.664063	200
9824.103516	210
9828.541992	199
9832.981445	187
9837.420898	181
9841.860352	186
9846.299805	191
9850.739258	200
9855.177734	202
9859.617188	184
9864.056641	202
9868.496094	208
9872.935547	199
9877.374023	218
9881.813477	200
9886.252930	190
9890.692383	201
9895.131836	193
9899.570313	187
9904.009766	185
9908.449219	194
9912.888672	203
9917.328125	229
9921.767578	209
9926.206055	192
9930.645508	195
9935.084961	190
9939.524414	189
9943.963867	197
9948.402344	192
9952.841797	185
9957.281250	201
9961.720703	213
9966.160156	208
9970.598633	212
9975.038086	210
9979.477539	201
9983.916992	205
9988.356445	213
9992.795898	203
9997.234375	196
10001.673828	197
10006.113281	200
10010.552734	205
10014.992188	206
10019.430664	214
10023.870117	214
10028.309570	215
10032.749023	214
10037.188477	205
10041.626953	211
10046.066406	215
10050.505859	214
10054.945313	209
10059.384766	197
10063.824219	215
10068.262695	219
10072.702148	205
10077.141602	192
10081.581055	191
10086.020508	193
10090.458984	193
10094.898438	199
10099.337891	197
10103.777344	218
10108.216797	227
10112.655273	220
10117.094727	192
10121.534180	195
10125.973633	215
10130.413086	207
10134.852539	199
10139.291016	205
10143.730469	211
10148.169922	207
10152.609375	209
10157.048828	208
10161.487305	187
10165.926758	179
10170.366211	203
10174.805664	197
10179.245117	188
10183.683594	195
10188.123047	194
10192.562500	193
10197.001953	183
10201.441406	177
10205.879883	201
10210.319336	208
10214.758789	188
10219.198242	180
10223.637695	195
10228.077148	201
10232.515625	214
10236.955078	210
10241.394531	207
10245.833984	216
10250.273438	220
10254.711914	215
10259.151367	205
10263.590820	208
10268.030273	192
10272.469727	194
10276.908203	201
10281.347656	204
10285.787109	220
10290.226563	207
10294.666016	221
10299.105469	222
10303.543945	182
10307.983398	179
10312.422852	203
10316.862305	206
10321.301758	211
10325.740234	208
10330.179688	190
10334.619141	209
10339.058594	196
10343.498047	196
10347.936523	186
10352.375977	197
10356.815430	226
10361.254883	210
10365.694336	193
10370.133789	190
10374.572266	194
10379.011719	209
10383.451172	210
10387.890625	206
10392.330078	217
10396.768555	215
10401.208008	218
10405.647461	213
10410.086914	201
10414.526367	201
10418.964844	192
10423.404297	181
10427.843750	191
10432.283203	203
10436.722656	206
10441.162109	199
10445.600586	190
10450.040039	197
10454.479492	225
10458.918945	207
10463.358398	204
10467.796875	195
10472.236328	184
10476.675781	173
10481.115234	190
10485.554688	201
10489.993164	204
10494.432617	191
10498.872070	199
10503.311523	211
10507.750977	215
10512.190430	207
10516.628906	183
10521.068359	188
10525.507813	197
10529.947266	206
10534.386719	213
10538.825195	206
10543.264648	221
10547.704102	228
10552.143555	204
10556.583008	200
10561.021484	202
10565.460938	198
10569.900391	189
10574.339844	203
10578.779297	209
10583.218750	195
10587.657227	192
10592.096680	185
10596.536133	186
10600.975586	205
10605.415039	220
10609.853516	196
10614.292969	172
10618.732422	189
10623.171875	177
10627.611328	197
10632.049805	200
10636.489258	218
10640.928711	210
10645.368164	202
10649.807617	197
10654.246094	201
10658.685547	204
10663.125000	200
10667.564453	211
10672.003906	218
10676.443359	215
10680.881836	219
10685.321289	189
10689.760742	184
10694.200195	200
10698.639648	205
10703.078125	217
10707.517578	202
10711.957031	209
10716.396484	214
10720.835938	207
10725.274414	185
10729.713867	184
10734.153320	210
10738.592773	213
10743.032227	207
10747.471680	194
10751.910156	195
10756.349609	207
10760.789063	210
10765.228516	188
10769.667969	184
10774.106445	190
10778.545898	199
10782.985352	202
10787.424805	216
10791.864258	211
10796.302734	189
10800.742188	188
10805.181641	201
10809.621094	196
10814.060547	214
10818.500000	218
10822.938477	197
10827.377930	206
10831.817383	199
10836.256836	200
10840.696289	192
10845.134766	199
10849.574219	202
10854.013672	187
10858.453125	181
10862.892578	168
10867.331055	188
10871.770508	203
10876.209961	184
10880.649414	184
10885.088867	206
10889.528320	210
10893.966797	206
10898.406250	214
10902.845703	220
10907.285156	193
10911.724609	191
10916.163086	184
10920.602539	206
10925.041992	215
10929.481445	215
10933.920898	206
10938.359375	179
10942.798828	200
10947.238281	206
10951.677734	195
10956.117188	202
10960.556641	196
10964.995117	172
10969.434570	190
10973.874023	213
10978.313477	205
10982.752930	204
10987.191406	194
10991.630859	205
10996.070313	209
11000.509766	191
11004.949219	180
11009.387695	193
11013.827148	208
11018.266602	204
11022.706055	205
11027.145508	193
11031.584961	191
11036.023438	205
11040.462891	193
11044.902344	190
11049.341797	216
11053.781250	231
11058.219727	205
11062.659180	204
11067.098633	196
11071.538086	175
11075.977539	179
11080.416016	181
11084.855469	174
11089.294922	191
11093.734375	206
11098.173828	210
11102.612305	203
11107.051758	203
11111.491211	190
11115.930664	187
11120.370117	182
11124.809570	191
11129.248047	207
11133.687500	206
11138.126953	205
11142.566406	209
11147.005859	225
11151.444336	233
11155.883789	209
11160.323242	192
11164.762695	215
11169.202148	221
11173.640625	210
11178.080078	200
11182.519531	186
11186.958984	187
11191.398438	194
11195.837891	207
11200.276367	193
11204.715820	195
11209.155273	218
11213.594727	194
11218.034180	169
11222.472656	187
11226.912109	193
11231.351563	200
11235.791016	197
11240.230469	183
11244.668945	189
11249.108398	221
11253.547852	231
11257.987305	216
11262.426758	204
11266.866211	206
11271.304688	198
11275.744141	202
11280.183594	210
11284.623047	220
11289.062500	199
11293.500977	179
11297.940430	175
11302.379883	184
11306.819336	196
11311.258789	192
11315.697266	191
11320.136719	179
11324.576172	191
11329.015625	193
11333.455078	196
11337.894531	194
11342.333008	198
11346.772461	187
11351.211914	180
11355.651367	183
11360.090820	187
11364.529297	199
11368.968750	195
11373.408203	206
11377.847656	199
11382.287109	186
11386.725586	188
11391.165039	203
11395.604492	202
11400.043945	195
11404.483398	199
11408.922852	189
11413.361328	194
11417.800781	183
11422.240234	176
11426.679688	177
11431.119141	202
11435.557617	200
11439.997070	201
11444.436523	199
11448.875977	215
11453.315430	208
11457.753906	184
11462.193359	177
11466.632813	179
11471.072266	164
11475.511719	171
11479.951172	181
11484.389648	192
11488.829102	174
11493.268555	172
11497.708008	163
11502.147461	170
11506.585938	172
11511.025391	154
11515.464844	158
11519.904297	160
11524.343750	157
11528.782227	145
11533.221680	159
11537.661133	158
11542.100586	144
11546.540039	130
11550.978516	142
11555.417969	147
11559.857422	144
11564.296875	137
11568.736328	129
11573.175781	133
11577.614258	138
11582.053711	131
11586.493164	126
11590.932617	122
11595.372070	125
11599.810547	127
11604.250000	127
11608.689453	123
11613.128906	115
11617.568359	120
11622.006836	105
11626.446289	102
11630.885742	102
11635.325195	82
11639.764648	97
11644.204102	107
11648.642578	98
11653.082031	89
11657.521484	88
11661.960938	86
11666.400391	79
11670.838867	70
11675.278320	58
11679.717773	60
11684.157227	57
11688.596680	61
11693.035156	67
11697.474609	57
11701.914063	56
11706.353516	65
11710.792969	59
11715.232422	56
11719.670898	56
11724.110352	56
11728.549805	58
11732.989258	43
11737.428711	38
11741.867188	46
11746.306641	39
11750.746094	33
11755.185547	37
11759.625000	40
11764.063477	36
11768.502930	34
11772.942383	34
11777.381836	30
11781.821289	24
11786.260742	22
11790.699219	21
11795.138672	19
11799.578125	17
11804.017578	24
11808.457031	25
11812.895508	20
11817.334961	12
11821.774414	7
11826.213867	5
11830.653320	4
11835.091797	2
11839.531250	0
11843.970703	0
11848.410156	0
11852.849609	0
11857.289063	0
11861.727539	0
11866.166992	0
11870.606445	0
11875.045898	0
11879.485352	0
11883.923828	0
11888.363281	0
11892.802734	0
11897.242188	0
11901.681641	0
11906.120117	0
11910.559570	0
11914.999023	0
11919.438477	0
11923.877930	0
11928.317383	0
11932.755859	0
11937.195313	0
11941.634766	0
11946.074219	0
11950.513672	0
11954.952148	0
11959.391602	0
11963.831055	0
11968.270508	0
11972.709961	0
11977.148438	0
11981.587891	0
11986.027344	0
11990.466797	0
11994.906250	0
11999.344727	0
12003.784180	0
12008.223633	0
12012.663086	0
12017.102539	0
12021.541992	0
12025.980469	0
12030.419922	0
12034.859375	0
12039.298828	0
12043.738281	0
12048.176758	0
12052.616211	0
12057.055664	0
12061.495117	0
12065.934570	0
12070.373047	0
12074.812500	0
12079.251953	0
12083.691406	0
12088.130859	0
12092.570313	0
12097.008789	0
12101.448242	0
12105.887695	0
12110.327148	0
12114.766602	0
12119.205078	0
12123.644531	0
12128.083984	0
12132.523438	0
12136.962891	0
12141.401367	0
12145.840820	0
12150.280273	0
12154.719727	0
12159.159180	0
12163.598633	0
12168.037109	0
12172.476563	0
12176.916016	0
12181.355469	0
12185.794922	0
12190.233398	0
12194.672852	0
12199.112305	0
12203.551758	0
12207.991211	0
12212.429688	0
12216.869141	0
12221.308594	0
12225.748047	0
12230.187500	0
12234.626953	0
12239.065430	0
12243.504883	0
12247.944336	0
12252.383789	0
12256.823242	0
12261.261719	0
12265.701172	0
12270.140625	0
12274.580078	0
12279.019531	0
12283.458008	0
12287.897461	0
12292.336914	0
12296.776367	0
12301.215820	0
12305.655273	0
12310.093750	0
12314.533203	0
12318.972656	0
12323.412109	0
12327.851563	0
12332.290039	0
12336.729492	0
12341.168945	0
12345.608398	0
12350.047852	0
12354.486328	0
12358.925781	0
12363.365234	0
12367.804688	0
12372.244141	0
12376.682617	0
12381.122070	0
12385.561523	0
12390.000977	0
12394.440430	0
12398.879883	0
12403.318359	0
12407.757813	0
12412.197266	0
12416.636719	0
12421.076172	0
12425.514648	0
12429.954102	0
12434.393555	0
12438.833008	0
12443.272461	0
12447.710938	0
12452.150391	0
12456.589844	0
12461.029297	0
12465.468750	0
12469.908203	0
12474.346680	0
12478.786133	0
12483.225586	0
12487.665039	0
12492.104492	0
12496.542969	0
12500.982422	0
12505.421875	0
12509.861328	0
12514.300781	0
12518.739258	0
12523.178711	0
12527.618164	0
12532.057617	0
12536.497070	0
12540.936523	0
12545.375000	0
12549.814453	0
12554.253906	0
12558.693359	0
12563.132813	0
12567.571289	0
12572.010742	0
12576.450195	0
12580.889648	0
12585.329102	0
12589.767578	0
12594.207031	0
