-4317.451660	0
-4313.032715	0
-4308.613770	0
-4304.194336	0
-4299.775391	0
-4295.356445	0
-4290.937500	0
-4286.518066	0
-4282.099121	0
-4277.680176	0
-4273.260742	0
-4268.841797	0
-4264.422852	0
-4260.003418	0
-4255.584473	0
-4251.165527	0
-4246.746582	0
-4242.327148	0
-4237.908203	0
-4233.489258	0
-4229.069824	0
-4224.650879	0
-4220.231934	0
-4215.812500	0
-4211.393555	0
-4206.974609	0
-4202.555664	0
-4198.136230	0
-4193.717285	0
-4189.298340	0
-4184.878906	0
-4180.459961	0
-4176.041016	0
-4171.621582	0
-4167.202637	0
-4162.783691	0
-4158.364746	0
-4153.945313	0
-4149.526367	0
-4145.107422	0
-4140.687988	0
-4136.269043	0
-4131.850098	0
-4127.431152	0
-4123.011719	0
-4118.592773	0
-4114.173828	0
-4109.754395	0
-4105.335449	0
-4100.916504	0
-4096.497070	0
-4092.078125	0
-4087.659180	0
-4083.239990	0
-4078.820801	0
-4074.401855	0
-4069.982666	0
-4065.563721	0
-4061.144531	0
-4056.725342	0
-4052.306396	0
-4047.887207	0
-4043.468262	0
-4039.049072	0
-4034.629883	0
-4030.210938	0
-4025.791748	0
-4021.372803	0
-4016.953613	0
-4012.534424	0
-4008.115479	0
-4003.696289	0
-3999.277344	0
-3994.858154	0
-3990.439209	0
-3986.020020	0
-3981.600830	0
-3977.181885	0
-3972.762695	0
-3968.343750	0
-3963.924561	0
-3959.505371	0
-3955.086426	0
-3950.667236	0
-3946.248291	0
-3941.829102	0
-3937.409912	0
-3932.990967	0
-3928.571777	0
-3924.152832	0
-3919.733643	0
-3915.314453	0
-3910.895508	0
-3906.476318	0
-3902.057373	0
-3897.638184	0
-3893.218994	0
-3888.800049	0
-3884.380859	0
-3879.961914	0
-3875.542725	0
-3871.123535	0
-3866.704590	0
-3862.285400	0
-3857.866455	0
-3853.447266	0
-3849.028076	0
-3844.609131	0
-3840.189941	0
-3835.770996	0
-3831.351807	0
-3826.932617	0
-3822.513672	0
-3818.094482	0
-3813.675537	0
-3809.256348	0
-3804.837158	0
-3800.418213	0
-3795.999023	0
-3791.580078	0
-3787.160889	0
-3782.741699	0
-3778.322754	0
-3773.903564	0
-3769.484619	0
-3765.065430	0
-3760.646484	0
-3756.227295	0
-3751.808105	0
-3747.389160	0
-3742.969971	0
-3738.551025	0
-3734.131836	0
-3729.712646	0
-3725.293701	0
-3720.874512	0
-3716.455566	0
-3712.036377	0
-3707.617188	0
-3703.198242	0
-3698.779053	0
-3694.360107	0
-3689.940918	0
-3685.521729	0
-3681.102783	0
-3676.683594	0
-3672.264648	0
-3667.845459	0
-3663.426270	0
-3659.007324	0
-3654.588135	0
-3650.169189	0
-3645.750000	0
-3641.330811	0
-3636.911865	0
-3632.492676	0
-3628.073730	0
-3623.654541	0
-3619.235352	0
-3614.816406	0
-3610.397217	0
-3605.978271	0
-3601.559082	0
-3597.139893	0
-3592.720947	0
-3588.301758	0
-3583.882813	0
-3579.463623	0
-3575.044434	0
-3570.625488	0
-3566.206299	0
-3561.787354	0
-3557.368164	0
-3552.948975	0
-3548.530029	0
-3544.110840	0
-3539.691895	0
-3535.272705	0
-3530.853516	0
-3526.434570	0
-3522.015381	0
-3517.596436	0
-3513.177246	0
-3508.758301	0
-3504.339111	0
-3499.919922	0
-3495.500977	0
-3491.081787	0
-3486.662842	0
-3482.243652	0
-3477.824463	0
-3473.405518	0
-3468.986328	0
-3464.567383	0
-3460.148193	0
-3455.729004	0
-3451.310059	0
-3446.890869	0
-3442.471924	0
-3438.052734	0
-3433.633545	0
-3429.214600	0
-3424.795410	0
-3420.376465	0
-3415.957275	0
-3411.538086	0
-3407.119141	0
-3402.699951	0
-3398.281006	0
-3393.861816	0
-3389.442627	0
-3385.023682	0
-3380.604492	0
-3376.185547	0
-3371.766357	0
-3367.347168	0
-3362.928223	0
-3358.509033	0
-3354.090088	0
-3349.670898	0
-3345.251709	0
-3340.832764	0
-3336.413574	1
-3331.994629	2
-3327.575439	7
-3323.156250	6
-3318.737305	6
-3314.318115	10
-3309.899170	8
-3305.479980	4
-3301.060791	8
-3296.641846	12
-3292.222656	14
-3287.803711	9
-3283.384521	12
-3278.965576	13
-3274.546387	15
-3270.127197	18
-3265.708252	21
-3261.289063	14
-3256.870117	14
-3252.450928	16
-3248.031738	16
-3243.612793	20
-3239.193604	26
-3234.774658	25
-3230.355469	27
-3225.936279	25
-3221.517334	25
-3217.098145	25
-3212.679199	25
-3208.260010	29
-3203.840820	37
-3199.421875	30
-3195.002686	25
-3190.583740	28
-3186.164551	29
-3181.745361	29
-3177.326416	32
-3172.907227	35
-3168.488281	31
-3164.069092	34
-3159.649902	44
-3155.230957	43
-3150.811768	43
-3146.392822	38
-3141.973633	34
-3137.554443	29
-3133.135498	33
-3128.716309	38
-3124.297363	47
-3119.878174	54
-3115.458984	55
-3111.040039	51
-3106.620850	44
-3102.201904	38
-3097.782715	40
-3093.363525	42
-3088.944580	38
-3084.525391	41
-3080.106445	55
-3075.687256	60
-3071.268066	55
-3066.849121	53
-3062.429932	57
-3058.010986	56
-3053.591797	56
-3049.172607	50
-3044.753662	56
-3040.334473	65
-3035.915527	66
-3031.496338	57
-3027.077393	57
-3022.658203	58
-3018.239014	55
-3013.820068	64
-3009.400879	61
-3004.981934	61
-3000.562744	68
-2996.143555	65
-2991.724609	66
-2987.305420	73
-2982.886475	70
-2978.467285	75
-2974.048096	81
-2969.629150	78
-2965.209961	65
-2960.791016	81
-2956.371826	84
-2951.952637	82
-2947.533691	77
-2943.114502	72
-2938.695557	89
-2934.276367	84
-2929.857178	68
-2925.438232	70
-2921.019043	82
-2916.600098	90
-2912.180908	80
-2907.761719	78
-2903.342773	88
-2898.923584	89
-2894.504639	87
-2890.085449	94
-2885.666260	96
-2881.247314	89
-2876.828125	87
-2872.409180	83
-2867.989990	91
-2863.570801	100
-2859.151855	107
-2854.732666	92
-2850.313721	87
-2845.894531	97
-2841.475342	105
-2837.056396	94
-2832.637207	96
-2828.218262	93
-2823.799072	101
-2819.379883	117
-2814.960938	112
-2810.541748	114
-2806.122803	118
-2801.703613	117
-2797.284424	98
-2792.865479	99
-2788.446289	109
-2784.027344	114
-2779.608154	107
-2775.189209	112
-2770.770020	108
-2766.350830	117
-2761.931885	111
-2757.512695	106
-2753.093750	125
-2748.674561	118
-2744.255371	116
-2739.836426	122
-2735.417236	128
-2730.998291	121
-2726.579102	112
-2722.159912	121
-2717.740967	114
-2713.321777	121
-2708.902832	126
-2704.483643	118
-2700.064453	118
-2695.645508	132
-2691.226318	139
-2686.807373	134
-2682.388184	127
-2677.968994	136
-2673.550049	140
-2669.130859	128
-2664.711914	135
-2660.292725	133
-2655.873535	122
-2651.454590	142
-2647.035400	143
-2642.616455	135
-2638.197266	140
-2633.778076	134
-2629.359131	141
-2624.939941	140
-2620.520996	150
-2616.101807	140
-2611.682617	140
-2607.263672	144
-2602.844482	121
-2598.425537	137
-2594.006348	158
-2589.587158	148
-2585.168213	149
-2580.749023	143
-2576.330078	148
-2571.910889	155
-2567.491699	158
-2563.072754	160
-2558.653564	161
-2554.234619	167
-2549.815430	166
-2545.396484	180
-2540.977295	166
-2536.558105	164
-2532.139160	181
-2527.719971	164
-2523.301025	155
-2518.881836	158
-2514.462646	156
-2510.043701	160
-2505.624512	175
-2501.205566	172
-2496.786377	168
-2492.367188	159
-2487.948242	149
-2483.529053	174
-2479.110107	182
-2474.690918	176
-2470.271729	172
-2465.852783	153
-2461.433594	162
-2457.014648	177
-2452.595459	177
-2448.176270	186
-2443.757324	183
-2439.338135	186
-2434.919189	178
-2430.500000	177
-2426.080811	180
-2421.661865	160
-2417.242676	186
-2412.823730	179
-2408.404541	185
-2403.985352	176
-2399.566406	169
-2395.147217	187
-2390.728271	185
-2386.309082	174
-2381.889893	193
-2377.470947	190
-2373.051758	204
-2368.632813	192
-2364.213623	170
-2359.794434	176
-2355.375488	188
-2350.956299	189
-2346.537354	179
-2342.118164	176
-2337.698975	171
-2333.280029	191
-2328.860840	209
-2324.441895	216
-2320.022705	211
-2315.603516	191
-2311.184570	203
-2306.765381	196
-2302.346436	189
-2297.927246	179
-2293.508301	183
-2289.089111	181
-2284.669922	165
-2280.250977	182
-2275.831787	180
-2271.412842	177
-2266.993652	176
-2262.574463	169
-2258.155518	173
-2253.736328	175
-2249.317383	186
-2244.898193	200
-2240.479004	194
-2236.060059	206
-2231.640869	200
-2227.221924	175
-2222.802734	189
-2218.383545	197
-2213.964600	183
-2209.545410	186
-2205.126465	190
-2200.707275	193
-2196.288086	176
-2191.869141	186
-2187.449951	186
-2183.031006	171
-2178.611816	179
-2174.192627	195
-2169.773682	185
-2165.354492	176
-2160.935547	179
-2156.516357	159
-2152.097168	178
-2147.678223	184
-2143.259033	183
-2138.840088	183
-2134.420898	196
-2130.001709	184
-2125.582764	168
-2121.163574	172
-2116.744629	176
-2112.325439	187
-2107.906250	197
-2103.487305	191
-2099.068115	184
-2094.649170	185
-2090.229980	189
-2085.810791	177
-2081.391846	174
-2076.972656	195
-2072.553711	192
-2068.134521	184
-2063.715576	196
-2059.296387	178
-2054.877197	170
-2050.458252	180
-2046.039063	185
-2041.619995	176
-2037.200928	192
-2032.781860	197
-2028.362671	209
-2023.943604	186
-2019.524536	182
-2015.105469	179
-2010.686401	182
-2006.267212	203
-2001.848145	186
-1997.429077	197
-1993.010010	206
-1988.590942	201
-1984.171875	200
-1979.752686	179
-1975.333618	177
-1970.914551	166
-1966.495483	171
-1962.076416	171
-1957.657227	189
-1953.238159	190
-1948.819092	185
-1944.400024	184
-1939.980957	199
-1935.561768	193
-1931.142700	181
-1926.723633	177
-1922.304565	173
-1917.885498	161
-1913.466309	173
-1909.047241	172
-1904.628174	171
-1900.209106	158
-1895.790039	170
-1891.370850	186
-1886.951782	202
-1882.532715	199
-1878.113647	194
-1873.694580	188
-1869.275513	167
-1864.856323	156
-1860.437256	177
-1856.018188	190
-1851.599121	205
-1847.180054	179
-1842.760864	177
-1838.341797	185
-1833.922729	184
-1829.503662	186
-1825.084595	189
-1820.665405	201
-1816.246338	186
-1811.827271	193
-1807.408203	191
-1802.989136	195
-1798.569946	199
-1794.150879	188
-1789.731812	203
-1785.312744	202
-1780.893677	213
-1776.474487	194
-1772.055420	192
-1767.636353	180
-1763.217285	179
-1758.798218	190
-1754.379150	190
-1749.959961	187
-1745.540894	182
-1741.121826	182
-1736.702759	186
-1732.283691	176
-1727.864502	190
-1723.445435	194
-1719.026367	188
-1714.607300	191
-1710.188232	197
-1705.769043	197
-1701.349976	187
-1696.930908	172
-1692.511841	191
-1688.092773	202
-1683.673584	207
-1679.254517	183
-1674.835449	160
-1670.416382	178
-1665.997314	208
-1661.578125	205
-1657.159058	182
-1652.739990	179
-1648.320923	188
-1643.901855	190
-1639.482788	185
-1635.063599	189
-1630.644531	172
-1626.225464	199
-1621.806396	198
-1617.387329	207
-1612.968140	185
-1608.549072	182
-1604.130005	190
-1599.710938	197
-1595.291870	190
-1590.872681	176
-1586.453613	189
-1582.034546	195
-1577.615479	186
-1573.196411	166
-1568.777222	188
-1564.358154	194
-1559.939087	181
-1555.520020	181
-1551.100952	193
-1546.681763	173
-1542.262695	189
-1537.843628	206
-1533.424561	201
-1529.005493	176
-1524.586304	206
-1520.167236	194
-1515.748169	192
-1511.329102	207
-1506.910034	196
-1502.490967	187
-1498.071777	191
-1493.652710	205
-1489.233643	196
-1484.814575	205
-1480.395508	194
-1475.976318	194
-1471.557251	220
-1467.138184	200
-1462.719116	194
-1458.300049	192
-1453.880859	206
-1449.461792	206
-1445.042725	186
-1440.623657	175
-1436.204590	191
-1431.785400	198
-1427.366333	185
-1422.947266	181
-1418.528198	171
-1414.109131	189
-1409.689941	181
-1405.270874	193
-1400.851807	197
-1396.432739	186
-1392.013672	193
-1387.594604	202
-1383.175415	178
-1378.756348	171
-1374.337280	176
-1369.918213	181
-1365.499146	177
-1361.079956	193
-1356.660889	186
-1352.241821	180
-1347.822754	172
-1343.403687	175
-1338.984497	188
-1334.565430	179
-1330.146362	190
-1325.727295	191
-1321.308228	191
-1316.889038	199
-1312.469971	184
-1308.050903	188
-1303.631836	204
-1299.212769	198
-1294.793579	190
-1290.374512	184
-1285.955444	184
-1281.536377	187
-1277.117310	204
-1272.698242	190
-1268.279053	181
-1263.859985	184
-1259.440918	201
-1255.021851	197
-1250.602783	178
-1246.183594	197
-1241.764526	189
-1237.345459	179
-1232.926392	173
-1228.507324	185
-1224.088135	182
-1219.669067	192
-1215.250000	192
-1210.830933	170
-1206.411865	165
-1201.992676	186
-1197.573608	180
-1193.154541	176
-1188.735474	184
-1184.316406	185
-1179.897217	171
-1175.478149	180
-1171.059082	182
-1166.640015	187
-1162.220947	180
-1157.801758	191
-1153.382690	191
-1148.963623	191
-1144.544556	197
-1140.125488	195
-1135.706421	197
-1131.287231	194
-1126.868164	183
-1122.449097	176
-1118.030029	188
-1113.610962	203
-1109.191772	206
-1104.772705	192
-1100.353638	177
-1095.934570	195
-1091.515503	200
-1087.096313	190
-1082.677246	194
-1078.258179	189
-1073.839111	181
-1069.420044	200
-1065.000854	194
-1060.581787	189
-1056.162720	184
-1051.743652	173
-1047.324585	176
-1042.905396	193
-1038.486328	200
-1034.067261	200
-1029.648193	182
-1025.229126	166
-1020.809998	180
-1016.390930	193
-1011.971802	186
-1007.552734	188
-1003.133606	198
-998.714539	207
-994.295471	217
-989.876343	197
-985.457275	195
-981.038208	200
-976.619080	206
-972.200012	193
-967.780884	200
-963.361816	194
-958.942749	197
-954.523621	183
-950.104553	188
-945.685425	176
-941.266357	177
-936.847290	183
-932.428162	203
-928.009094	199
-923.590027	188
-919.170898	187
-914.751831	199
-910.332703	198
-905.913635	182
-901.494568	179
-897.075439	181
-892.656372	188
-888.237244	179
-883.818176	187
-879.399109	190
-874.979980	179
-870.560913	176
-866.141846	186
-861.722717	161
-857.303650	179
-852.884521	190
-848.465454	194
-844.046387	197
-839.627258	182
-835.208191	187
-830.789063	191
-826.369995	190
-821.950928	182
-817.531799	197
-813.112732	198
-808.693665	200
-804.274536	191
-799.855469	188
-795.436340	193
-791.017273	202
-786.598206	184
-782.179077	184
-777.760010	200
-773.340881	187
-768.921814	186
-764.502747	192
-760.083618	186
-755.664551	203
-751.245483	216
-746.826355	210
-742.407288	208
-737.988159	194
-733.569092	190
-729.150024	189
-724.730896	198
-720.311829	191
-715.892700	187
-711.473633	188
-707.054565	199
-702.635437	194
-698.216370	197
-693.797302	191
-689.378174	194
-684.959106	185
-680.539978	201
-676.120911	193
-671.701843	186
-667.282715	187
-662.863647	197
-658.444519	191
-654.025452	204
-649.606384	198
-645.187256	183
-640.768188	188
-636.349121	209
-631.929993	190
-627.510925	188
-623.091797	202
-618.672729	195
-614.253662	202
-609.834534	200
-605.415466	187
-600.996338	194
-596.577271	212
-592.158203	202
-587.739075	187
-583.320007	195
-578.900879	178
-574.481812	179
-570.062744	193
-565.643616	208
-561.224548	201
-556.805481	200
-552.386353	190
-547.967285	204
-543.548157	206
-539.129089	218
-534.710022	216
-530.290894	199
-525.871826	189
-521.452698	188
-517.033630	185
-512.614563	200
-508.195465	207
-503.776367	205
-499.357269	216
-494.938171	210
-490.519104	207
-486.100006	218
-481.680908	202
-477.261810	213
-472.842712	200
-468.423645	195
-464.004547	194
-459.585449	208
-455.166351	222
-450.747284	225
-446.328186	202
-441.909088	219
-437.489990	216
-433.070923	192
-428.651825	183
-424.232727	198
-419.813629	204
-415.394531	212
-410.975464	218
-406.556366	222
-402.137268	204
-397.718170	191
-393.299103	195
-388.880005	198
-384.460907	204
-380.041809	201
-375.622742	187
-371.203644	202
-366.784546	199
-362.365448	209
-357.946350	203
-353.527283	212
-349.108185	203
-344.689087	217
-340.269989	223
-335.850922	219
-331.431824	213
-327.012726	215
-322.593628	201
-318.174561	214
-313.755463	218
-309.336365	225
-304.917267	215
-300.498169	211
-296.079102	229
-291.660004	214
-287.240906	203
-282.821808	221
-278.402740	233
-273.983643	223
-269.564545	246
-265.145447	229
-260.726349	217
-256.307281	201
-251.888184	198
-247.469086	211
-243.050003	227
-238.630905	226
-234.211823	240
-229.792725	247
-225.373642	246
-220.954544	240
-216.535461	236
-212.116364	231
-207.697266	245
-203.278183	253
-198.859085	237
-194.440002	242
-190.020905	254
-185.601822	252
-181.182724	258
-176.763641	262
-172.344543	267
-167.925461	270
-163.506363	256
-159.087280	261
-154.668182	272
-150.249084	289
-145.830002	296
-141.410904	306
-136.991821	308
-132.572723	304
-128.153641	320
-123.734543	317
-119.315453	327
-114.896362	350
-110.477272	367
-106.058182	387
-101.639091	406
-97.220001	427
-92.800911	464
-88.381821	530
-83.962730	576
-79.543640	640
-75.124542	713
-70.705452	811
-66.286362	885
-61.867271	991
-57.448181	1191
-53.029091	1423
-48.610001	1704
-44.190910	2124
-39.771820	2755
-35.352726	3494
-30.933636	4145
-26.514545	4666
-22.095455	5015
-17.676363	5474
-13.257273	6033
-8.838181	6432
-4.419091	6606
0.000000	6645
4.419091	6603
8.838181	6545
13.257273	6431
17.676363	6352
22.095455	6217
26.514545	6028
30.933636	5826
35.352726	5469
39.771820	5004
44.190910	4493
48.610001	3832
53.029091	3216
57.448181	2651
61.867271	2138
66.286362	1798
70.705452	1499
75.124542	1242
79.543640	1037
83.962730	860
88.381821	725
92.800911	665
97.220001	617
101.639091	558
106.058182	502
110.477272	462
114.896362	454
119.315453	442
123.734543	411
128.153641	386
132.572723	385
136.991821	352
141.410904	331
145.830002	325
150.249084	307
154.668182	311
159.087280	312
163.506363	319
167.925461	294
172.344543	279
176.763641	277
181.182724	273
185.601822	272
190.020905	248
194.440002	233
198.859085	243
203.278183	251
207.697266	237
212.116364	238
216.535461	228
220.954544	228
225.373642	231
229.792725	230
234.211823	222
238.630905	233
243.050003	249
247.469086	256
251.888184	227
256.307281	225
260.726349	234
265.145447	225
269.564545	218
273.983643	222
278.402740	242
282.821808	242
287.240906	226
291.660004	216
296.079102	220
300.498169	232
304.917267	215
309.336365	202
313.755463	215
318.174561	207
322.593628	206
327.012726	211
331.431824	193
335.850922	209
340.269989	222
344.689087	204
349.108185	216
353.527283	211
357.946350	208
362.365448	210
366.784546	212
371.203644	210
375.622742	206
380.041809	205
384.460907	222
388.880005	225
393.299103	210
397.718170	200
402.137268	201
406.556366	206
410.975464	203
415.394531	208
419.813629	200
424.232727	210
428.651825	205
433.070923	196
437.489990	219
441.909088	209
446.328186	211
450.747284	204
455.166351	186
459.585449	214
464.004547	215
468.423645	208
472.842712	209
477.261810	223
481.680908	225
486.100006	228
490.519104	216
494.938171	198
499.357269	203
503.776367	207
508.195465	193
512.614563	202
517.033630	202
521.452698	209
525.871826	187
530.290894	211
534.710022	226
539.129089	226
543.548157	215
547.967285	222
552.386353	223
556.805481	214
561.224548	212
565.643616	206
570.062744	218
574.481812	218
578.900879	206
583.320007	207
587.739075	216
592.158203	215
596.577271	197
600.996338	198
605.415466	205
609.834534	208
614.253662	210
618.672729	207
623.091797	234
627.510925	225
631.929993	211
636.349121	207
640.768188	197
645.187256	204
649.606384	185
654.025452	191
658.444519	208
662.863647	228
667.282715	228
671.701843	189
676.120911	190
680.539978	206
684.959106	220
689.378174	215
693.797302	210
698.216370	222
702.635437	215
707.054565	201
711.473633	203
715.892700	191
720.311829	203
724.730896	219
729.150024	224
733.569092	220
737.988159	187
742.407288	209
746.826355	195
751.245483	192
755.664551	197
760.083618	192
764.502747	204
768.921814	204
773.340881	193
777.760010	182
782.179077	197
786.598206	193
791.017273	204
795.436340	203
799.855469	224
804.274536	210
808.693665	207
813.112732	208
817.531799	206
821.950928	207
826.369995	208
830.789063	206
835.208191	208
839.627258	202
844.046387	197
848.465454	204
852.884521	221
857.303650	196
861.722717	192
866.141846	199
870.560913	190
874.979980	199
879.399109	195
883.818176	200
888.237244	213
892.656372	214
897.075439	211
901.494568	206
905.913635	214
910.332703	202
914.751831	195
919.170898	197
923.590027	204
928.009094	211
932.428162	214
936.847290	209
941.266357	216
945.685425	211
950.104553	201
954.523621	201
958.942749	215
963.361816	220
967.780884	210
972.200012	210
976.619080	202
981.038208	189
985.457275	211
989.876343	212
994.295471	210
998.714539	185
1003.133606	201
1007.552734	199
1011.971802	194
1016.390930	211
1020.809998	219
1025.229126	198
1029.648193	205
1034.067261	210
1038.486328	216
1042.905396	198
1047.324585	209
1051.743652	197
1056.162720	192
1060.581787	189
1065.000854	203
1069.420044	202
1073.839111	202
1078.258179	192
1082.677246	199
1087.096313	220
1091.515503	209
1095.934570	186
1100.353638	198
1104.772705	219
1109.191772	214
1113.610962	220
1118.030029	213
1122.449097	203
1126.868164	199
1131.287231	199
1135.706421	174
1140.125488	199
1144.544556	209
1148.963623	210
1153.382690	216
1157.801758	216
1162.220947	224
1166.640015	201
1171.059082	201
1175.478149	205
1179.897217	210
1184.316406	201
1188.735474	221
1193.154541	206
1197.573608	204
1201.992676	195
1206.411865	178
1210.830933	200
1215.250000	211
1219.669067	196
1224.088135	193
1228.507324	186
1232.926392	174
1237.345459	190
1241.764526	203
1246.183594	209
1250.602783	214
1255.021851	205
1259.440918	187
1263.859985	194
1268.279053	207
1272.698242	206
1277.117310	201
1281.536377	207
1285.955444	211
1290.374512	189
1294.793579	192
1299.212769	206
1303.631836	216
1308.050903	209
1312.469971	187
1316.889038	188
1321.308228	199
1325.727295	214
1330.146362	204
1334.565430	200
1338.984497	212
1343.403687	224
1347.822754	214
1352.241821	212
1356.660889	227
1361.079956	210
1365.499146	215
1369.918213	205
1374.337280	203
1378.756348	210
1383.175415	202
1387.594604	213
1392.013672	216
1396.432739	220
1400.851807	205
1405.270874	206
1409.689941	211
1414.109131	209
1418.528198	195
1422.947266	205
1427.366333	219
1431.785400	209
1436.204590	207
1440.623657	211
1445.042725	222
1449.461792	212
1453.880859	205
1458.300049	199
1462.719116	206
1467.138184	206
1471.557251	212
1475.976318	220
1480.395508	203
1484.814575	210
1489.233643	227
1493.652710	220
1498.071777	202
1502.490967	217
1506.910034	208
1511.329102	198
1515.748169	211
1520.167236	197
1524.586304	197
1529.005493	198
1533.424561	219
1537.843628	216
1542.262695	205
1546.681763	220
1551.100952	240
1555.520020	229
1559.939087	220
1564.358154	202
1568.777222	209
1573.196411	210
1577.615479	218
1582.034546	221
1586.453613	209
1590.872681	206
1595.291870	196
1599.710938	201
1604.130005	223
1608.549072	208
1612.968140	220
1617.387329	226
1621.806396	197
1626.225464	188
1630.644531	200
1635.063599	214
1639.482788	205
1643.901855	208
1648.320923	209
1652.739990	220
1657.159058	221
1661.578125	221
1665.997314	235
1670.416382	225
1674.835449	207
1679.254517	197
1683.673584	210
1688.092773	217
1692.511841	219
1696.930908	219
1701.349976	207
1705.769043	227
1710.188232	221
1714.607300	217
1719.026367	213
1723.445435	210
1727.864502	225
1732.283691	215
1736.702759	217
1741.121826	216
1745.540894	221
1749.959961	209
1754.379150	200
1758.798218	212
1763.217285	222
1767.636353	217
1772.055420	223
1776.474487	226
1780.893677	213
1785.312744	203
1789.731812	214
1794.150879	218
1798.569946	225
1802.989136	211
1807.408203	213
1811.827271	211
1816.246338	208
1820.665405	217
1825.084595	217
1829.503662	226
1833.922729	211
1838.341797	196
1842.760864	218
1847.180054	217
1851.599121	206
1856.018188	205
1860.437256	224
1864.856323	224
1869.275513	220
1873.694580	226
1878.113647	224
1882.532715	223
1886.951782	223
1891.370850	205
1895.790039	193
1900.209106	185
1904.628174	208
1909.047241	224
1913.466309	226
1917.885498	225
1922.304565	213
1926.723633	222
1931.142700	224
1935.561768	213
1939.980957	211
1944.400024	233
1948.819092	208
1953.238159	203
1957.657227	203
1962.076416	221
1966.495483	219
1970.914551	215
1975.333618	207
1979.752686	215
1984.171875	225
1988.590942	225
1993.010010	219
1997.429077	212
2001.848145	204
2006.267212	208
2010.686401	219
2015.105469	218
2019.524536	232
2023.943604	223
2028.362671	215
2032.781860	221
2037.200928	228
2041.619995	222
2046.039063	223
2050.458252	213
2054.877197	222
2059.296387	219
2063.715576	208
2068.134521	204
2072.553711	210
2076.972656	225
2081.391846	226
2085.810791	221
2090.229980	230
2094.649170	223
2099.068115	207
2103.487305	230
2107.906250	235
2112.325439	246
2116.744629	240
2121.163574	206
2125.582764	217
2130.001709	220
2134.420898	222
2138.840088	224
2143.259033	220
2147.678223	230
2152.097168	229
2156.516357	226
2160.935547	217
2165.354492	198
2169.773682	203
2174.192627	206
2178.611816	200
2183.031006	215
2187.449951	221
2191.869141	229
2196.288086	225
2200.707275	222
2205.126465	206
2209.545410	213
2213.964600	213
2218.383545	224
2222.802734	234
2227.221924	221
2231.640869	206
2236.060059	208
2240.479004	203
2244.898193	226
2249.317383	214
2253.736328	210
2258.155518	232
2262.574463	248
2266.993652	222
2271.412842	222
2275.831787	239
2280.250977	241
2284.669922	247
2289.089111	220
2293.508301	206
2297.927246	218
2302.346436	210
2306.765381	219
2311.184570	244
2315.603516	228
2320.022705	223
2324.441895	244
2328.860840	235
2333.280029	219
2337.698975	223
2342.118164	202
2346.537354	188
2350.956299	191
2355.375488	205
2359.794434	225
2364.213623	217
2368.632813	215
2373.051758	215
2377.470947	212
2381.889893	239
2386.309082	245
2390.728271	206
2395.147217	203
2399.566406	226
2403.985352	220
2408.404541	228
2412.823730	227
2417.242676	232
2421.661865	213
2426.080811	211
2430.500000	199
2434.919189	209
2439.338135	214
2443.757324	211
2448.176270	224
2452.595459	225
2457.014648	210
2461.433594	206
2465.852783	219
2470.271729	222
2474.690918	223
2479.110107	236
2483.529053	217
2487.948242	207
2492.367188	214
2496.786377	208
2501.205566	229
2505.624512	234
2510.043701	228
2514.462646	222
2518.881836	227
2523.301025	233
2527.719971	227
2532.139160	237
2536.558105	224
2540.977295	219
2545.396484	223
2549.815430	212
2554.234619	202
2558.653564	217
2563.072754	225
2567.491699	210
2571.910889	219
2576.330078	216
2580.749023	228
2585.168213	216
2589.587158	210
2594.006348	194
2598.425537	221
2602.844482	230
2607.263672	221
2611.682617	228
2616.101807	228
2620.520996	215
2624.939941	212
2629.359131	226
2633.778076	224
2638.197266	220
2642.616455	234
2647.035400	229
2651.454590	227
2655.873535	209
2660.292725	225
2664.711914	215
2669.130859	211
2673.550049	217
2677.968994	228
2682.388184	223
2686.807373	237
2691.226318	232
2695.645508	246
2700.064453	240
2704.483643	245
2708.902832	239
2713.321777	233
2717.740967	243
2722.159912	246
2726.579102	247
2730.998291	229
2735.417236	230
2739.836426	232
2744.255371	224
2748.674561	234
2753.093750	231
2757.512695	228
2761.931885	234
2766.350830	231
2770.770020	222
2775.189209	237
2779.608154	232
2784.027344	231
2788.446289	224
2792.865479	219
2797.284424	232
2801.703613	224
2806.122803	230
2810.541748	230
2814.960938	216
2819.379883	218
2823.799072	218
2828.218262	207
2832.637207	226
2837.056396	233
2841.475342	227
2845.894531	225
2850.313721	220
2854.732666	231
2859.151855	220
2863.570801	210
2867.989990	207
2872.409180	228
2876.828125	222
2881.247314	235
2885.666260	236
2890.085449	234
2894.504639	263
2898.923584	236
2903.342773	225
2907.761719	215
2912.180908	214
2916.600098	217
2921.019043	220
2925.438232	214
2929.857178	228
2934.276367	225
2938.695557	217
2943.114502	218
2947.533691	209
2951.952637	223
2956.371826	213
2960.791016	203
2965.209961	197
2969.629150	208
2974.048096	201
2978.467285	213
2982.886475	218
2987.305420	224
2991.724609	227
2996.143555	223
3000.562744	228
3004.981934	232
3009.400879	216
3013.820068	207
3018.239014	214
3022.658203	231
3027.077393	244
3031.496338	238
3035.915527	232
3040.334473	239
3044.753662	229
3049.172607	219
3053.591797	228
3058.010986	247
3062.429932	234
3066.849121	215
3071.268066	199
3075.687256	227
3080.106445	217
3084.525391	215
3088.944580	219
3093.363525	220
3097.782715	221
3102.201904	227
3106.620850	229
3111.040039	249
3115.458984	249
3119.878174	243
3124.297363	248
3128.716309	239
3133.135498	234
3137.554443	211
3141.973633	220
3146.392822	219
3150.811768	224
3155.230957	222
3159.649902	233
3164.069092	237
3168.488281	238
3172.907227	218
3177.326416	220
3181.745361	238
3186.164551	241
3190.583740	242
3195.002686	235
3199.421875	228
3203.840820	245
3208.260010	234
3212.679199	227
3217.098145	246
3221.517334	233
3225.936279	224
3230.355469	214
3234.774658	234
3239.193604	241
3243.612793	244
3248.031738	238
3252.450928	223
3256.870117	220
3261.289063	221
3265.708252	248
3270.127197	244
3274.546387	234
3278.965576	233
3283.384521	236
3287.803711	234
3292.222656	215
3296.641846	216
3301.060791	214
3305.479980	208
3309.899170	226
3314.318115	220
3318.737305	237
3323.156250	233
3327.575439	226
3331.994629	225
3336.413574	231
3340.832764	232
3345.251709	248
3349.670898	249
3354.090088	245
3358.509033	245
3362.928223	239
3367.347168	234
3371.766357	241
3376.185547	244
3380.604492	252
3385.023682	253
3389.442627	254
3393.861816	263
3398.281006	253
3402.699951	245
3407.119141	242
3411.538086	238
3415.957275	244
3420.376465	244
3424.795410	261
3429.214600	264
3433.633545	262
3438.052734	246
3442.471924	239
3446.890869	214
3451.310059	231
3455.729004	263
3460.148193	251
3464.567383	260
3468.986328	259
3473.405518	275
3477.824463	286
3482.243652	279
3486.662842	273
3491.081787	277
3495.500977	268
3499.919922	298
3504.339111	295
3508.758301	291
3513.177246	283
3517.596436	284
3522.015381	271
3526.434570	263
3530.853516	288
3535.272705	293
3539.691895	299
3544.110840	306
3548.530029	302
3552.948975	295
3557.368164	307
3561.787354	312
3566.206299	315
3570.625488	334
3575.044434	330
3579.463623	367
3583.882813	361
3588.301758	339
3592.720947	346
3597.139893	351
3601.559082	344
3605.978271	371
3610.397217	385
3614.816406	394
3619.235352	407
3623.654541	407
3628.073730	395
3632.492676	399
3636.911865	425
3641.330811	443
3645.750000	461
3650.169189	481
3654.588135	491
3659.007324	495
3663.426270	488
3667.845459	480
3672.264648	482
3676.683594	513
3681.102783	552
3685.521729	563
3689.940918	582
3694.360107	625
3698.779053	633
3703.198242	656
3707.617188	673
3712.036377	712
3716.455566	740
3720.874512	793
3725.293701	790
3729.712646	796
3734.131836	841
3738.551025	881
3742.969971	899
3747.389160	915
3751.808105	964
3756.227295	1019
3760.646484	1054
3765.065430	1139
3769.484619	1199
3773.903564	1224
3778.322754	1292
3782.741699	1353
3787.160889	1382
3791.580078	1437
3795.999023	1509
3800.418213	1609
3804.837158	1650
3809.256348	1676
3813.675537	1711
3818.094482	1820
3822.513672	1969
3826.932617	2065
3831.351807	2069
3835.770996	2133
3840.189941	2199
3844.609131	2212
3849.028076	2214
3853.447266	2299
3857.866455	2348
3862.285400	2403
3866.704590	2484
3871.123535	2475
3875.542725	2515
3879.961914	2581
3884.380859	2584
3888.800049	2691
3893.218994	2725
3897.638184	2739
3902.057373	2725
3906.476318	2746
3910.895508	2783
3915.314453	2839
3919.733643	2877
3924.152832	2876
3928.571777	2907
3932.990967	2847
3937.409912	2814
3941.829102	2797
3946.248291	2771
3950.667236	2816
3955.086426	2878
3959.505371	2871
3963.924561	2910
3968.343750	2918
3972.762695	2876
3977.181885	2929
3981.600830	2972
3986.020020	2980
3990.439209	2946
3994.858154	2920
3999.277344	2937
4003.696289	2966
4008.115479	2931
4012.534424	2910
4016.953613	2913
4021.372803	2902
4025.791748	2904
4030.210938	2942
4034.629883	2887
4039.049072	2888
4043.468262	2927
4047.887207	2916
4052.306396	2882
4056.725342	2821
4061.144531	2780
4065.563721	2776
4069.982666	2757
4074.401855	2762
4078.820801	2699
4083.239990	2683
4087.659180	2680
4092.078125	2671
4096.497070	2682
4100.916504	2680
4105.335449	2709
4109.754395	2697
4114.173828	2676
4118.592773	2664
4123.011719	2661
4127.431152	2630
4131.850098	2630
4136.269043	2696
4140.687988	2652
4145.107422	2638
4149.526367	2629
4153.945313	2616
4158.364746	2627
4162.783691	2597
4167.202637	2545
4171.621582	2527
4176.041016	2509
4180.459961	2480
4184.878906	2522
4189.298340	2507
4193.717285	2491
4198.136230	2484
4202.555664	2483
4206.974609	2466
4211.393555	2432
4215.812500	2387
4220.231934	2329
4224.650879	2380
4229.069824	2383
4233.489258	2325
4237.908203	2292
4242.327148	2281
4246.746582	2270
4251.165527	2249
4255.584473	2203
4260.003418	2192
4264.422852	2181
4268.841797	2153
4273.260742	2196
4277.680176	2216
4282.099121	2167
4286.518066	2163
4290.937500	2177
4295.356445	2150
4299.775391	2126
4304.194336	2101
4308.613770	2067
4313.032715	2072
4317.451660	2105
4321.871094	2079
4326.290039	2065
4330.708984	2075
4335.128418	2067
4339.547363	2108
4343.966309	2120
4348.385254	2154
4352.804688	2167
4357.223633	2124
4361.642578	2110
4366.062012	2209
4370.480957	2223
4374.899902	2184
4379.318848	2186
4383.738281	2188
4388.157227	2224
4392.576172	2234
4396.995605	2232
4401.414551	2247
4405.833496	2235
4410.252930	2187
4414.671875	2205
4419.090820	2226
4423.509766	2221
4427.929199	2213
4432.348145	2179
4436.767090	2146
4441.186523	2178
4445.605469	2187
4450.024414	2158
4454.443848	2103
4458.862793	2082
4463.281738	2081
4467.700684	2130
4472.120117	2155
4476.539063	2121
4480.958008	2117
4485.377441	2126
4489.796387	2126
4494.215332	2081
4498.634766	2048
4503.053711	2023
4507.472656	2031
4511.891602	2051
4516.311035	2059
4520.729980	2027
4525.148926	1993
4529.568359	1990
4533.987305	1965
4538.406250	1966
4542.825684	1990
4547.244629	2008
4551.663574	2002
4556.082520	1958
4560.501953	1996
4564.920898	2011
4569.339844	2031
4573.759277	2006
4578.178223	1957
4582.597168	1969
4587.016602	1999
4591.435547	2031
4595.854492	2091
4600.273438	2108
4604.692871	2111
4609.111816	2117
4613.530762	2133
4617.950195	2164
4622.369141	2191
4626.788086	2198
4631.207031	2207
4635.626465	2233
4640.045410	2225
4644.464355	2228
4648.883789	2271
4653.302734	2338
4657.721680	2379
4662.141113	2383
4666.560059	2403
4670.979004	2406
4675.397949	2361
4679.817383	2386
4684.236328	2447
4688.655273	2445
4693.074707	2498
4697.493652	2551
4701.912598	2552
4706.332031	2561
4710.750977	2550
4715.169922	2553
4719.588867	2596
4724.008301	2610
4728.427246	2663
4732.846191	2675
4737.265625	2624
4741.684570	2649
4746.103516	2664
4750.522949	2694
4754.941895	2705
4759.360840	2691
4763.779785	2707
4768.199219	2717
4772.618164	2729
4777.037109	2716
4781.456543	2701
4785.875488	2720
4790.294434	2773
4794.713867	2793
4799.132813	2740
4803.551758	2762
4807.970703	2776
4812.390137	2763
4816.809082	2751
4821.228027	2762
4825.647461	2737
4830.066406	2709
4834.485352	2720
4838.904785	2663
4843.323730	2639
4847.742676	2670
4852.161621	2653
4856.581055	2648
4861.000000	2613
4865.418945	2657
4869.838379	2668
4874.257324	2620
4878.676270	2620
4883.095215	2651
4887.514648	2644
4891.933594	2683
4896.352539	2691
4900.771973	2637
4905.190918	2635
4909.609863	2673
4914.029297	2676
4918.448242	2675
4922.867188	2649
4927.286133	2639
4931.705566	2638
4936.124512	2646
4940.543457	2689
4944.962891	2695
4949.381836	2648
4953.800781	2646
4958.220215	2653
4962.639160	2644
4967.058105	2642
4971.477051	2625
4975.896484	2592
4980.315430	2560
4984.734375	2578
4989.153809	2578
4993.572754	2570
4997.991699	2565
5002.411133	2577
5006.830078	2593
5011.249023	2556
5015.667969	2534
5020.087402	2524
5024.506348	2503
5028.925293	2519
5033.344727	2510
5037.763672	2485
5042.182617	2487
5046.602051	2486
5051.020996	2538
5055.439941	2518
5059.858887	2474
5064.278320	2464
5068.697266	2438
5073.116211	2427
5077.535645	2422
5081.954590	2413
5086.373535	2416
5090.792969	2406
5095.211914	2424
5099.630859	2398
5104.049805	2342
5108.469238	2327
5112.888184	2341
5117.307129	2359
5121.726563	2351
5126.145508	2359
5130.564453	2323
5134.983398	2314
5139.402832	2340
5143.821777	2308
5148.240723	2300
5152.660156	2346
5157.079102	2364
5161.498047	2338
5165.917480	2317
5170.336426	2290
5174.755371	2262
5179.174316	2257
5183.593750	2256
5188.012695	2253
5192.431641	2321
5196.851074	2340
5201.270020	2307
5205.688965	2307
5210.108398	2258
5214.527344	2254
5218.946289	2273
5223.365234	2227
5227.784668	2226
5232.203613	2247
5236.622559	2238
5241.041992	2207
5245.460938	2203
5249.879883	2209
5254.299316	2204
5258.718262	2209
5263.137207	2200
5267.556152	2188
5271.975586	2188
5276.394531	2189
5280.813477	2183
5285.232910	2152
5289.651855	2136
5294.070801	2121
5298.490234	2129
5302.909180	2152
5307.328125	2123
5311.747070	2121
5316.166504	2086
5320.585449	2078
5325.004395	2082
5329.423828	2068
5333.842773	2097
5338.261719	2109
5342.681152	2090
5347.100098	2105
5351.519043	2089
5355.937988	2056
5360.357422	2039
5364.776367	2020
5369.195313	2040
5373.614746	2069
5378.033691	2074
5382.452637	2063
5386.871582	2064
5391.291016	2007
5395.709961	1981
5400.128906	1991
5404.548340	1986
5408.967285	1969
5413.386230	1965
5417.805664	1987
5422.224609	1999
5426.643555	1968
5431.062500	1940
5435.481934	1918
5439.900879	1935
5444.319824	1927
5448.739258	1902
5453.158203	1886
5457.577148	1924
5461.996582	1944
5466.415527	1949
5470.834473	1932
5475.253418	1911
5479.672852	1931
5484.091797	1926
5488.510742	1902
5492.930176	1872
5497.349121	1873
5501.768066	1850
5506.187500	1812
5510.606445	1853
5515.025391	1880
5519.444336	1863
5523.863770	1837
5528.282715	1845
5532.701660	1837
5537.121094	1824
5541.540039	1812
5545.958984	1819
5550.378418	1817
5554.797363	1812
5559.216309	1822
5563.635254	1820
5568.054688	1788
5572.473633	1793
5576.892578	1794
5581.312012	1799
5585.730957	1798
5590.149902	1760
5594.568848	1774
5598.988281	1767
5603.407227	1796
5607.826172	1769
5612.245605	1733
5616.664551	1729
5621.083496	1706
5625.502930	1695
5629.921875	1698
5634.340820	1686
5638.759766	1718
5643.179199	1727
5647.598145	1731
5652.017090	1725
5656.436523	1679
5660.855469	1658
5665.274414	1649
5669.693848	1628
5674.112793	1654
5678.531738	1654
5682.950684	1633
5687.370117	1646
5691.789063	1659
5696.208008	1641
5700.627441	1626
5705.046387	1616
5709.465332	1601
5713.884766	1592
5718.303711	1628
5722.722656	1630
5727.141602	1609
5731.561035	1595
5735.979980	1602
5740.398926	1620
5744.818359	1620
5749.237305	1609
5753.656250	1654
5758.075684	1641
5762.494629	1612
5766.913574	1653
5771.332520	1653
5775.751953	1655
5780.170898	1635
5784.589844	1642
5789.009277	1649
5793.428223	1674
5797.847168	1690
5802.266602	1685
5806.685547	1697
5811.104492	1718
5815.523438	1685
5819.942871	1707
5824.361816	1733
5828.780762	1729
5833.200195	1689
5837.619141	1666
5842.038086	1683
5846.457031	1693
5850.876465	1684
5855.295410	1659
5859.714355	1642
5864.133789	1638
5868.552734	1647
5872.971680	1648
5877.391113	1686
5881.810059	1702
5886.229004	1637
5890.647949	1621
5895.067383	1623
5899.486328	1614
5903.905273	1624
5908.324707	1645
5912.743652	1630
5917.162598	1602
5921.582031	1609
5926.000977	1626
5930.419922	1601
5934.838867	1601
5939.258301	1581
5943.677246	1589
5948.096191	1597
5952.515625	1598
5956.934570	1575
5961.353516	1592
5965.772949	1585
5970.191895	1537
5974.610840	1504
5979.029785	1522
5983.449219	1518
5987.868164	1515
5992.287109	1474
5996.706543	1481
6001.125488	1456
6005.544434	1424
6009.963867	1420
6014.382813	1412
6018.801758	1433
6023.220703	1427
6027.640137	1395
6032.059082	1373
6036.478027	1377
6040.897461	1398
6045.316406	1398
6049.735352	1378
6054.154785	1371
6058.573730	1353
6062.992676	1328
6067.411621	1301
6071.831055	1290
6076.250000	1304
6080.668945	1315
6085.088379	1302
6089.507324	1251
6093.926270	1231
6098.345215	1270
6102.764648	1249
6107.183594	1228
6111.602539	1229
6116.021973	1193
6120.440918	1221
6124.859863	1239
6129.279297	1228
6133.698242	1209
6138.117188	1181
6142.536133	1179
6146.955566	1169
6151.374512	1165
6155.793457	1152
6160.212891	1106
6164.631836	1104
6169.050781	1124
6173.470215	1148
6177.889160	1151
6182.308105	1133
6186.727051	1108
6191.146484	1089
6195.565430	1099
6199.984375	1103
6204.403809	1096
6208.822754	1073
6213.241699	1060
6217.661133	1075
6222.080078	1079
6226.499023	1054
6230.917969	1038
6235.337402	1009
6239.756348	1007
6244.175293	1018
6248.594727	1054
6253.013672	1008
6257.432617	999
6261.852051	1020
6266.270996	1019
6270.689941	1023
6275.108887	1020
6279.528320	983
6283.947266	968
6288.366211	980
6292.785645	974
6297.204590	951
6301.623535	936
6306.042969	926
6310.461914	939
6314.880859	941
6319.299805	992
6323.719238	951
6328.138184	958
6332.557129	969
6336.976563	967
6341.395508	961
6345.814453	965
6350.233398	937
6354.652832	933
6359.071777	962
6363.490723	932
6367.910156	888
6372.329102	952
6376.748047	989
6381.167480	952
6385.586426	954
6390.005371	949
6394.424316	933
6398.843750	934
6403.262695	923
6407.681641	925
6412.101074	926
6416.520020	911
6420.938965	921
6425.358398	951
6429.777344	918
6434.196289	906
6438.615234	922
6443.034668	898
6447.453613	876
6451.872559	865
6456.291992	885
6460.710938	907
6465.129883	919
6469.549316	915
6473.968262	882
6478.387207	868
6482.806152	888
6487.225586	894
6491.644531	899
6496.063477	874
6500.482910	877
6504.901855	876
6509.320801	868
6513.740234	879
6518.159180	874
6522.578125	867
6526.997070	877
6531.416504	858
6535.835449	838
6540.254395	816
6544.673828	807
6549.092773	804
6553.511719	812
6557.931152	812
6562.350098	820
6566.769043	818
6571.187988	809
6575.607422	817
6580.026367	816
6584.445313	829
6588.864746	844
6593.283691	835
6597.702637	822
6602.121582	843
6606.541016	842
6610.959961	830
6615.378906	848
6619.798340	842
6624.217285	829
6628.636230	851
6633.055664	827
6637.474609	827
6641.893555	841
6646.312500	855
6650.731934	843
6655.150879	813
6659.569824	789
6663.989258	796
6668.408203	817
6672.827148	839
6677.246582	858
6681.665527	860
6686.084473	858
6690.503418	822
6694.922852	832
6699.341797	839
6703.760742	811
6708.180176	837
6712.599121	844
6717.018066	816
6721.437500	831
6725.856445	827
6730.275391	825
6734.694336	849
6739.113770	860
6743.532715	851
6747.951660	848
6752.371094	837
6756.790039	832
6761.208984	873
6765.628418	849
6770.047363	841
6774.466309	839
6778.885254	833
6783.304688	822
6787.723633	842
6792.142578	865
6796.562012	861
6800.980957	849
6805.399902	835
6809.818848	830
6814.238281	847
6818.657227	867
6823.076172	843
6827.495605	834
6831.914551	861
6836.333496	861
6840.752930	822
6845.171875	827
6849.590820	795
6854.009766	771
6858.429199	759
6862.848145	744
6867.267090	740
6871.686523	742
6876.105469	755
6880.524414	777
6884.943848	793
6889.362793	781
6893.781738	763
6898.200684	763
6902.620117	782
6907.039063	809
6911.458008	779
6915.877441	788
6920.296387	810
6924.715332	802
6929.134766	802
6933.553711	806
6937.972656	815
6942.391602	831
6946.811035	834
6951.229980	819
6955.648926	797
6960.068359	811
6964.487305	823
6968.906250	819
6973.325684	820
6977.744629	825
6982.163574	811
6986.582520	801
6991.001953	812
6995.420898	818
6999.839844	823
7004.259277	838
7008.678223	826
7013.097168	796
7017.516602	821
7021.935547	791
7026.354492	793
7030.773438	825
7035.192871	828
7039.611816	801
7044.030762	786
7048.450195	775
7052.869141	782
7057.288086	777
7061.707031	779
7066.126465	798
7070.545410	828
7074.964355	814
7079.383789	768
7083.802734	790
7088.221680	793
7092.641113	795
7097.060059	770
7101.479004	763
7105.897949	765
7110.317383	771
7114.736328	768
7119.155273	760
7123.574707	767
7127.993652	749
7132.412598	743
7136.832031	766
7141.250977	771
7145.669922	773
7150.088867	749
7154.508301	754
7158.927246	735
7163.346191	732
7167.765625	740
7172.184570	699
7176.603516	689
7181.022949	718
7185.441895	695
7189.860840	698
7194.279785	692
7198.699219	667
7203.118164	685
7207.537109	686
7211.956543	725
7216.375488	706
7220.794434	676
7225.213867	655
7229.632813	658
7234.051758	680
7238.470703	681
7242.890137	666
7247.309082	658
7251.728027	644
7256.147461	630
7260.566406	637
7264.985352	656
7269.404785	655
7273.823730	625
7278.242676	627
7282.661621	629
7287.081055	628
7291.500000	648
7295.918945	651
7300.338379	617
7304.757324	613
7309.176270	613
7313.595215	637
7318.014648	637
7322.433594	635
7326.852539	628
7331.271973	609
7335.690918	614
7340.109863	633
7344.529297	634
7348.948242	626
7353.367188	648
7357.786133	616
7362.205566	598
7366.624512	622
7371.043457	601
7375.462891	598
7379.881836	615
7384.300781	595
7388.720215	580
7393.139160	577
7397.558105	562
7401.977051	581
7406.396484	598
7410.815430	613
7415.234375	582
7419.653809	572
7424.072754	546
7428.491699	574
7432.911133	592
7437.330078	551
7441.749023	569
7446.167969	578
7450.587402	566
7455.006348	567
7459.425293	574
7463.844727	556
7468.263672	526
7472.682617	532
7477.102051	553
7481.520996	542
7485.939941	536
7490.358887	540
7494.778320	512
7499.197266	492
7503.616211	495
7508.035645	508
7512.454590	498
7516.873535	523
7521.292969	539
7525.711914	526
7530.130859	472
7534.549805	488
7538.969238	498
7543.388184	506
7547.807129	467
7552.226563	439
7556.645508	454
7561.064453	448
7565.483398	448
7569.902832	436
7574.321777	420
7578.740723	366
7583.160156	354
7587.579102	357
7591.998047	357
7596.417480	360
7600.836426	357
7605.255371	361
7609.674316	341
7614.093750	340
7618.512695	344
7622.931641	357
7627.351074	349
7631.770020	357
7636.188965	352
7640.608398	351
7645.027344	364
7649.446289	383
7653.865234	397
7658.284668	389
7662.703613	403
7667.122559	380
7671.541992	390
7675.960938	376
7680.379883	389
7684.799316	402
7689.218262	402
7693.637207	385
7698.056152	403
7702.475586	387
7706.894531	372
7711.313477	369
7715.732910	391
7720.151855	386
7724.570801	364
7728.990234	375
7733.409180	397
7737.828125	392
7742.247070	379
7746.666504	388
7751.085449	369
7755.504395	377
7759.923828	365
7764.342773	371
7768.761719	375
7773.181152	371
7777.600098	370
7782.019043	356
7786.437988	332
7790.857422	353
7795.276367	368
7799.695313	355
7804.114746	338
7808.533691	340
7812.952637	339
7817.371582	336
7821.791016	347
7826.209961	340
7830.628906	317
7835.048340	307
7839.467285	297
7843.886230	296
7848.305664	300
7852.724609	315
7857.143555	304
7861.562500	309
7865.981934	296
7870.400879	281
7874.819824	252
7879.239258	268
7883.658203	289
7888.077148	296
7892.496582	272
7896.915527	262
7901.334473	256
7905.753418	277
7910.172852	270
7914.591797	289
7919.010742	276
7923.430176	265
7927.849121	275
7932.268066	271
7936.687500	290
7941.106445	299
7945.525391	289
7949.944336	294
7954.363770	310
7958.782715	308
7963.201660	289
7967.621094	293
7972.040039	302
7976.458984	297
7980.878418	317
7985.297363	334
7989.716309	327
7994.135254	326
7998.554688	327
8002.973633	309
8007.392578	291
8011.812012	311
8016.230957	312
8020.649902	291
8025.068848	313
8029.488281	328
8033.907227	342
8038.326172	323
8042.745605	292
8047.164551	311
8051.583496	304
8056.002930	307
8060.421875	296
8064.840820	320
8069.259766	320
8073.679199	318
8078.098145	305
8082.517090	308
8086.936523	290
8091.355469	276
8095.774414	287
8100.193848	295
8104.612793	284
8109.031738	299
8113.450684	303
8117.870117	280
8122.289063	290
8126.708008	287
8131.127441	298
8135.546387	294
8139.965332	284
8144.384766	274
8148.803711	276
8153.222656	274
8157.641602	273
8162.061035	276
8166.479980	269
8170.898926	258
8175.318359	274
8179.737305	285
8184.156250	263
8188.575684	260
8192.994141	262
8197.414063	272
8201.833008	265
8206.251953	271
8210.670898	257
8215.089844	242
8219.508789	226
8223.927734	252
8228.347656	260
8232.766602	251
8237.185547	241
8241.604492	243
8246.023438	232
8250.442383	236
8254.862305	244
8259.281250	251
8263.700195	262
8268.119141	266
8272.538086	252
8276.957031	235
8281.375977	247
8285.795898	248
8290.214844	245
8294.633789	239
8299.052734	243
8303.471680	236
8307.890625	249
8312.309570	272
8316.729492	281
8321.148438	260
8325.567383	245
8329.986328	233
8334.405273	233
8338.824219	244
8343.243164	247
8347.663086	247
8352.082031	244
8356.500977	262
8360.919922	276
8365.338867	244
8369.757813	246
8374.177734	246
8378.596680	257
8383.015625	280
8387.434570	268
8391.853516	271
8396.272461	287
8400.691406	276
8405.111328	284
8409.530273	275
8413.949219	272
8418.368164	277
8422.787109	294
8427.206055	290
8431.625000	266
8436.044922	276
8440.463867	286
8444.882813	278
8449.301758	287
8453.720703	292
8458.139648	290
8462.559570	304
8466.978516	285
8471.397461	287
8475.816406	294
8480.235352	297
8484.654297	286
8489.073242	282
8493.493164	304
8497.912109	291
8502.331055	281
8506.750000	268
8511.168945	270
8515.587891	280
8520.006836	282
8524.426758	295
8528.845703	285
8533.264648	279
8537.683594	282
8542.102539	265
8546.521484	264
8550.940430	290
8555.360352	289
8559.779297	274
8564.198242	264
8568.617188	270
8573.036133	290
8577.455078	273
8581.875000	274
8586.293945	256
8590.712891	255
8595.131836	244
8599.550781	250
8603.969727	254
8608.388672	244
8612.808594	250
8617.227539	240
8621.646484	253
8626.065430	266
8630.484375	267
8634.903320	269
8639.322266	268
8643.742188	258
8648.161133	268
8652.580078	270
8656.999023	277
8661.417969	268
8665.836914	269
8670.256836	257
8674.675781	242
8679.094727	252
8683.513672	257
8687.932617	264
8692.351563	266
8696.770508	248
8701.190430	232
8705.609375	228
8710.028320	247
8714.447266	257
8718.866211	242
8723.285156	219
8727.704102	250
8732.124023	271
8736.542969	234
8740.961914	265
8745.380859	263
8749.799805	246
8754.218750	234
8758.637695	248
8763.057617	266
8767.476563	247
8771.895508	251
8776.314453	233
8780.733398	219
8785.152344	214
8789.572266	223
8793.991211	256
8798.410156	255
8802.829102	250
8807.248047	241
8811.666992	243
8816.085938	250
8820.505859	235
8824.924805	221
8829.343750	235
8833.762695	239
8838.181641	214
8842.600586	224
8847.019531	219
8851.439453	220
8855.858398	217
8860.277344	220
8864.696289	227
8869.115234	244
8873.534180	249
8877.954102	235
8882.373047	255
8886.791992	237
8891.210938	236
8895.629883	246
8900.048828	234
8904.467773	221
8908.887695	221
8913.306641	227
8917.725586	235
8922.144531	230
8926.563477	229
8930.982422	247
8935.401367	248
8939.821289	245
8944.240234	229
8948.659180	237
8953.078125	248
8957.497070	244
8961.916016	238
8966.335938	240
8970.754883	239
8975.173828	241
8979.592773	240
8984.011719	246
8988.430664	244
8992.849609	245
8997.269531	238
9001.688477	244
9006.107422	241
9010.526367	236
9014.945313	235
9019.364258	249
9023.783203	227
9028.203125	239
9032.622070	242
9037.041016	237
9041.459961	222
9045.878906	230
9050.297852	235
9054.716797	225
9059.136719	234
9063.555664	239
9067.974609	222
9072.393555	226
9076.812500	246
9081.231445	250
9085.651367	246
9090.070313	232
9094.489258	228
9098.908203	249
9103.327148	263
9107.746094	254
9112.165039	244
9116.584961	240
9121.003906	259
9125.422852	245
9129.841797	239
9134.260742	240
9138.679688	233
9143.098633	233
9147.518555	238
9151.937500	239
9156.356445	252
9160.775391	246
9165.194336	227
9169.613281	237
9174.033203	249
9178.452148	249
9182.871094	237
9187.290039	228
9191.708984	231
9196.127930	248
9200.546875	265
9204.966797	247
9209.385742	241
9213.804688	227
9218.223633	228
9222.642578	237
9227.061523	240
9231.480469	245
9235.900391	242
9240.319336	235
9244.738281	245
9249.157227	255
9253.576172	241
9257.995117	230
9262.414063	241
9266.833984	243
9271.252930	255
9275.671875	246
9280.090820	241
9284.509766	257
9288.928711	238
9293.348633	223
9297.767578	241
9302.186523	256
9306.605469	256
9311.024414	252
9315.443359	239
9319.862305	234
9324.282227	254
9328.701172	251
9333.120117	217
9337.539063	225
9341.958008	218
9346.376953	236
9350.795898	240
9355.215820	248
9359.634766	235
9364.053711	226
9368.472656	234
9372.891602	234
9377.310547	255
9381.730469	252
9386.149414	251
9390.568359	245
9394.987305	267
9399.406250	261
9403.825195	257
9408.244141	248
9412.664063	271
9417.083008	270
9421.501953	243
9425.920898	247
9430.339844	255
9434.758789	245
9439.177734	249
9443.597656	253
9448.016602	235
9452.435547	255
9456.854492	257
9461.273438	262
9465.692383	262
9470.112305	260
9474.531250	251
9478.950195	262
9483.369141	267
9487.788086	244
9492.207031	253
9496.625977	272
9501.045898	279
9505.464844	245
9509.883789	265
9514.302734	280
9518.721680	275
9523.140625	269
9527.559570	254
9531.979492	255
9536.398438	261
9540.817383	258
9545.236328	247
9549.655273	261
9554.074219	265
9558.493164	271
9562.913086	257
9567.332031	268
9571.750977	260
9576.169922	257
9580.588867	260
9585.007813	274
9589.427734	261
9593.846680	249
9598.265625	255
9602.684570	272
9607.103516	276
9611.522461	282
9615.941406	277
9620.361328	284
9624.780273	266
9629.199219	274
9633.618164	264
9638.037109	241
9642.456055	247
9646.875000	260
9651.294922	263
9655.713867	251
9660.132813	254
9664.551758	269
9668.970703	274
9673.389648	266
9677.809570	288
9682.228516	285
9686.647461	247
9691.066406	244
9695.485352	253
9699.904297	254
9704.323242	249
9708.743164	267
9713.162109	264
9717.581055	264
9722.000000	264
9726.418945	267
9730.837891	271
9735.256836	253
9739.676758	277
9744.095703	288
9748.514648	272
9752.933594	266
9757.352539	255
9761.771484	252
9766.190430	259
9770.610352	261
9775.029297	274
9779.448242	281
9783.867188	278
9788.286133	277
9792.705078	268
9797.125000	263
9801.543945	251
9805.962891	274
9810.381836	277
9814.800781	268
9819.219727	266
9823.638672	270
9828.058594	262
9832.477539	250
9836.896484	246
9841.315430	245
9845.734375	252
9850.153320	264
9854.572266	269
9858.992188	249
9863.411133	257
9867.830078	249
9872.249023	255
9876.667969	261
9881.086914	262
9885.506836	253
9889.925781	254
9894.344727	255
9898.763672	241
9903.182617	241
9907.601563	231
9912.020508	235
9916.440430	245
9920.859375	252
9925.278320	228
9929.697266	229
9934.116211	240
9938.535156	226
9942.954102	237
9947.374023	241
9951.792969	242
9956.211914	234
9960.630859	227
9965.049805	217
9969.468750	216
9973.887695	224
9978.307617	218
9982.726563	226
9987.145508	231
9991.564453	222
9995.983398	226
10000.402344	228
10004.822266	226
10009.241211	240
10013.660156	218
10018.079102	217
10022.498047	232
10026.916992	224
10031.335938	203
10035.755859	195
10040.174805	193
10044.593750	196
10049.012695	215
10053.431641	208
10057.850586	218
10062.269531	219
10066.689453	218
10071.108398	209
10075.527344	211
10079.946289	183
10084.365234	190
10088.784180	201
10093.204102	200
10097.623047	195
10102.041992	194
10106.460938	195
10110.879883	197
10115.298828	197
10119.717773	189
10124.137695	188
10128.556641	189
10132.975586	204
10137.394531	195
10141.813477	191
10146.232422	180
10150.651367	187
10155.071289	182
10159.490234	196
10163.909180	190
10168.328125	162
10172.747070	163
10177.166016	175
10181.585938	176
10186.004883	180
10190.423828	171
10194.842773	162
10199.261719	176
10203.680664	183
10208.099609	183
10212.519531	178
10216.938477	178
10221.357422	178
10225.776367	192
10230.195313	179
10234.614258	161
10239.033203	162
10243.453125	162
10247.872070	160
10252.291016	161
10256.709961	186
10261.128906	172
10265.547852	170
10269.966797	175
10274.386719	161
10278.805664	160
10283.224609	162
10287.643555	169
10292.062500	176
10296.481445	184
10300.901367	169
10305.320313	153
10309.739258	157
10314.158203	141
10318.577148	124
10322.996094	121
10327.415039	124
10331.834961	126
10336.253906	112
10340.672852	105
10345.091797	92
10349.510742	86
10353.929688	84
10358.348633	76
10362.768555	74
10367.187500	77
10371.606445	80
10376.025391	71
10380.444336	61
10384.863281	64
10389.283203	68
10393.702148	71
10398.121094	74
10402.540039	75
10406.958984	72
10411.377930	70
10415.796875	73
10420.216797	64
10424.635742	64
10429.054688	52
10433.473633	59
10437.892578	58
10442.311523	62
10446.730469	64
10451.150391	61
10455.569336	51
10459.988281	56
10464.407227	58
10468.826172	50
10473.245117	58
10477.664063	65
10482.083984	64
10486.502930	55
10490.921875	53
10495.340820	48
10499.759766	39
10504.178711	46
10508.598633	57
10513.017578	54
10517.436523	47
10521.855469	44
10526.274414	45
10530.693359	44
10535.112305	31
10539.532227	43
10543.951172	51
10548.370117	46
10552.789063	40
10557.208008	41
10561.626953	42
10566.045898	33
10570.465820	41
10574.884766	41
10579.303711	37
10583.722656	38
10588.141602	37
10592.560547	36
10596.980469	36
10601.399414	38
10605.818359	29
10610.237305	26
10614.656250	24
10619.075195	23
10623.494141	27
10627.914063	34
10632.333008	27
10636.751953	22
10641.170898	21
10645.589844	19
10650.008789	19
10654.427734	16
10658.847656	15
10663.266602	19
10667.685547	17
10672.104492	17
10676.523438	12
10680.942383	9
10685.362305	11
10689.781250	13
10694.200195	11
10698.619141	9
10703.038086	9
10707.457031	13
10711.875977	11
10716.295898	8
10720.714844	6
10725.133789	7
10729.552734	4
10733.971680	7
10738.390625	6
10742.809570	4
10747.229492	3
10751.648438	2
10756.067383	1
10760.486328	0
10764.905273	0
10769.324219	0
10773.743164	0
10778.163086	0
10782.582031	0
10787.000977	0
10791.419922	0
10795.838867	0
10800.257813	0
10804.677734	0
10809.096680	0
10813.515625	0
10817.934570	0
10822.353516	0
10826.772461	0
10831.191406	0
10835.611328	0
10840.030273	0
10844.449219	0
10848.868164	0
10853.287109	0
10857.706055	0
10862.125000	0
10866.544922	0
10870.963867	0
10875.382813	0
10879.801758	0
10884.220703	0
10888.639648	0
10893.059570	0
10897.478516	0
10901.897461	0
10906.316406	0
10910.735352	0
10915.154297	0
10919.573242	0
10923.993164	0
10928.412109	0
10932.831055	0
10937.250000	0
10941.668945	0
10946.087891	0
10950.506836	0
10954.926758	0
10959.345703	0
10963.764648	0
10968.183594	0
10972.602539	0
10977.021484	0
10981.440430	0
10985.860352	0
10990.279297	0
10994.698242	0
10999.117188	0
11003.536133	0
11007.955078	0
11012.375000	0
11016.793945	0
11021.212891	0
11025.631836	0
11030.050781	0
11034.469727	0
11038.888672	0
11043.308594	0
11047.727539	0
11052.146484	0
11056.565430	0
11060.984375	0
11065.403320	0
11069.822266	0
11074.242188	0
11078.661133	0
11083.080078	0
11087.499023	0
11091.917969	0
11096.336914	0
11100.756836	0
11105.175781	0
11109.594727	0
11114.013672	0
11118.432617	0
11122.851563	0
11127.270508	0
11131.690430	0
11136.109375	0
11140.528320	0
11144.947266	0
11149.366211	0
11153.785156	0
11158.204102	0
11162.624023	0
11167.042969	0
11171.461914	0
11175.880859	0
11180.299805	0
11184.718750	0
11189.137695	0
11193.557617	0
11197.976563	0
11202.395508	0
11206.814453	0
11211.233398	0
11215.652344	0
11220.072266	0
11224.491211	0
11228.910156	0
11233.329102	0
11237.748047	0
11242.166992	0
11246.585938	0
11251.005859	0
11255.424805	0
11259.843750	0
11264.262695	0
11268.681641	0
11273.100586	0
11277.519531	0
11281.939453	0
11286.358398	0
11290.777344	0
11295.196289	0
11299.615234	0
11304.034180	0
11308.454102	0
11312.873047	0
11317.291992	0
11321.710938	0
11326.129883	0
11330.548828	0
11334.967773	0
11339.387695	0
11343.806641	0
11348.225586	0
11352.644531	0
11357.063477	0
11361.482422	0
11365.901367	0
11370.321289	0
11374.740234	0
11379.159180	0
11383.578125	0
11387.997070	0
11392.416016	0
11396.835938	0
11401.254883	0
11405.673828	0
11410.092773	0
11414.511719	0
11418.930664	0
11423.349609	0
11427.769531	0
11432.188477	0
11436.607422	0
11441.026367	0
11445.445313	0
11449.864258	0
11454.283203	0
11458.703125	0
11463.122070	0
11467.541016	0
11471.959961	0
11476.378906	0
11480.797852	0
11485.216797	0
11489.636719	0
11494.055664	0
11498.474609	0
11502.893555	0
11507.312500	0
11511.731445	0
11516.151367	0
11520.570313	0
11524.989258	0
11529.408203	0
11533.827148	0
11538.246094	0
11542.665039	0
11547.084961	0
11551.503906	0
11555.922852	0
11560.341797	0
11564.760742	0
11569.179688	0
11573.598633	0
11578.018555	0
11582.437500	0
11586.856445	0
11591.275391	0
11595.694336	0
11600.113281	0
11604.533203	0
11608.952148	0
11613.371094	0
11617.790039	0
11622.208984	0
11626.627930	0
11631.046875	0
11635.466797	0
11639.885742	0
11644.304688	0
11648.723633	0
11653.142578	0
11657.561523	0
11661.980469	0
11666.400391	0
11670.819336	0
11675.238281	0
11679.657227	0
11684.076172	0
11688.495117	0
11692.914063	0
11697.333984	0
11701.752930	0
11706.171875	0
11710.590820	0
11715.009766	0
11719.428711	0
11723.848633	0
11728.267578	0
11732.686523	0
11737.105469	0
11741.524414	0
11745.943359	0
11750.362305	0
11754.782227	0
11759.201172	0
11763.620117	0
11768.039063	0
11772.458008	0
11776.876953	0
11781.295898	0
11785.715820	0
11790.134766	0
11794.553711	0
11798.972656	0
11803.391602	0
11807.810547	0
11812.230469	0
11816.649414	0
11821.068359	0
11825.487305	0
11829.906250	0
11834.325195	0
11838.744141	0
11843.164063	0
11847.583008	0
11852.001953	0
11856.420898	0
11860.839844	0
11865.258789	0
11869.677734	0
11874.097656	0
11878.516602	0
11882.935547	0
11887.354492	0
11891.773438	0
11896.192383	0
11900.612305	0
11905.031250	0
11909.450195	0
11913.869141	0
11918.288086	0
11922.707031	0
11927.125977	0
11931.545898	0
11935.964844	0
11940.383789	0
11944.802734	0
11949.221680	0
11953.640625	0
11958.059570	0
11962.479492	0
11966.898438	0
11971.317383	0
11975.736328	0
11980.155273	0
11984.574219	0
11988.993164	0
11993.413086	0
11997.832031	0
12002.250977	0
12006.669922	0
12011.088867	0
12015.507813	0
12019.927734	0
12024.346680	0
12028.765625	0
12033.184570	0
12037.603516	0
12042.022461	0
12046.441406	0
12050.861328	0
12055.280273	0
12059.699219	0
12064.118164	0
12068.537109	0
12072.956055	0
12077.375000	0
12081.794922	0
12086.213867	0
12090.632813	0
12095.051758	0
12099.470703	0
12103.889648	0
12108.309570	0
12112.728516	0
12117.147461	0
12121.566406	0
12125.985352	0
12130.404297	0
12134.823242	0
12139.243164	0
12143.662109	0
12148.081055	0
12152.500000	0
12156.918945	0
12161.337891	0
12165.756836	0
12170.176758	0
12174.595703	0
12179.014648	0
12183.433594	0
12187.852539	0
12192.271484	0
12196.690430	0
12201.110352	0
12205.529297	0
12209.948242	0
12214.367188	0
12218.786133	0
12223.205078	0
12227.625000	0
12232.043945	0
12236.462891	0
12240.881836	0
12245.300781	0
12249.719727	0
12254.138672	0
12258.558594	0
12262.977539	0
12267.396484	0
12271.815430	0
12276.234375	0
12280.653320	0
12285.072266	0
12289.492188	0
12293.911133	0
12298.330078	0
12302.749023	0
12307.167969	0
12311.586914	0
12316.006836	0
12320.425781	0
12324.844727	0
12329.263672	0
12333.682617	0
12338.101563	0
12342.520508	0
12346.940430	0
12351.359375	0
12355.778320	0
12360.197266	0
12364.616211	0
12369.035156	0
12373.454102	0
12377.874023	0
12382.292969	0
12386.711914	0
12391.130859	0
12395.549805	0
12399.968750	0
12404.387695	0
12408.807617	0
12413.226563	0
12417.645508	0
12422.064453	0
12426.483398	0
12430.902344	0
12435.322266	0
12439.741211	0
12444.160156	0
12448.579102	0
12452.998047	0
12457.416992	0
12461.835938	0
12466.255859	0
12470.674805	0
12475.093750	0
12479.512695	0
12483.931641	0
12488.350586	0
12492.769531	0
12497.189453	0
12501.608398	0
12506.027344	0
12510.446289	0
12514.865234	0
12519.284180	0
12523.704102	0
12528.123047	0
12532.541992	0
12536.960938	0
12541.379883	0
12545.798828	0
12550.217773	0
12554.637695	0
12559.056641	0
12563.475586	0
12567.894531	0
12572.313477	0
12576.732422	0
12581.151367	0
12585.571289	0
12589.990234	0
12594.409180	0
12598.828125	0
12603.247070	0
12607.666016	0
12612.085938	0
12616.504883	0
12620.923828	0
12625.342773	0
12629.761719	0
12634.180664	0
12638.599609	0
12643.019531	0
12647.438477	0
