-1944.800049	0
-1940.400024	0
-1936.000000	0
-1931.600098	0
-1927.200073	0
-1922.800049	0
-1918.400024	0
-1914.000000	0
-1909.600098	0
-1905.200073	0
-1900.800049	0
-1896.400024	0
-1892.000000	0
-1887.600098	0
-1883.200073	0
-1878.800049	0
-1874.400024	0
-1870.000000	0
-1865.600098	0
-1861.200073	0
-1856.800049	0
-1852.400024	0
-1848.000000	0
-1843.600098	0
-1839.200073	0
-1834.800049	0
-1830.400024	0
-1826.000000	0
-1821.600098	0
-1817.200073	0
-1812.800049	0
-1808.400024	0
-1804.000000	0
-1799.600098	0
-1795.200073	0
-1790.800049	0
-1786.400024	0
-1782.000000	0
-1777.600098	0
-1773.200073	0
-1768.800049	0
-1764.400024	0
-1760.000000	0
-1755.600098	0
-1751.200073	0
-1746.800049	0
-1742.400024	0
-1738.000000	0
-1733.600098	0
-1729.200073	0
-1724.800049	0
-1720.400024	0
-1716.000000	0
-1711.600098	0
-1707.200073	0
-1702.800049	0
-1698.400024	0
-1694.000000	0
-1689.600098	0
-1685.200073	0
-1680.800049	0
-1676.400024	0
-1672.000000	0
-1667.599976	0
-1663.200073	0
-1658.800049	0
-1654.400024	0
-1650.000000	0
-1645.599976	0
-1641.200073	0
-1636.800049	0
-1632.400024	0
-1628.000000	0
-1623.599976	0
-1619.200073	0
-1614.800049	0
-1610.400024	0
-1606.000000	0
-1601.599976	0
-1597.200073	0
-1592.800049	0
-1588.400024	0
-1584.000000	0
-1579.599976	0
-1575.200073	0
-1570.800049	0
-1566.400024	0
-1562.000000	0
-1557.599976	0
-1553.200073	0
-1548.800049	0
-1544.400024	0
-1540.000000	0
-1535.599976	0
-1531.200073	0
-1526.800049	0
-1522.400024	0
-1518.000000	0
-1513.599976	0
-1509.200073	0
-1504.800049	0
-1500.400024	0
-1496.000000	0
-1491.599976	0
-1487.200073	0
-1482.800049	0
-1478.400024	0
-1474.000000	0
-1469.599976	0
-1465.200073	0
-1460.800049	0
-1456.400024	0
-1452.000000	0
-1447.599976	0
-1443.200073	0
-1438.800049	0
-1434.400024	0
-1430.000000	0
-1425.599976	0
-1421.200073	0
-1416.800049	4
-1412.400024	4
-1408.000000	8
-1403.599976	15
-1399.200073	27
-1394.800049	27
-1390.400024	22
-1386.000000	23
-1381.599976	37
-1377.200073	48
-1372.800049	47
-1368.400024	51
-1364.000000	46
-1359.599976	60
-1355.200073	65
-1350.800049	63
-1346.400024	59
-1342.000000	67
-1337.599976	70
-1333.200073	78
-1328.800049	88
-1324.400024	90
-1320.000000	88
-1315.599976	91
-1311.200073	105
-1306.800049	119
-1302.400024	118
-1298.000000	111
-1293.599976	106
-1289.200073	108
-1284.800049	129
-1280.400024	162
-1276.000000	156
-1271.599976	124
-1267.200073	122
-1262.800049	148
-1258.400024	173
-1254.000000	198
-1249.599976	173
-1245.200073	164
-1240.800049	154
-1236.400024	158
-1232.000000	151
-1227.599976	176
-1223.200073	154
-1218.800049	160
-1214.400024	177
-1210.000000	192
-1205.599976	180
-1201.200073	184
-1196.800049	187
-1192.400024	198
-1188.000000	224
-1183.599976	215
-1179.200073	218
-1174.800049	202
-1170.400024	239
-1166.000000	257
-1161.599976	255
-1157.200073	234
-1152.800049	237
-1148.400024	252
-1144.000000	245
-1139.599976	254
-1135.200073	258
-1130.800049	258
-1126.400024	275
-1122.000000	283
-1117.599976	274
-1113.200073	270
-1108.800049	279
-1104.400024	286
-1100.000000	288
-1095.599976	313
-1091.200073	285
-1086.800049	296
-1082.400024	309
-1078.000000	308
-1073.599976	313
-1069.200073	288
-1064.800049	278
-1060.400024	317
-1056.000000	319
-1051.599976	333
-1047.200073	361
-1042.800049	333
-1038.400024	353
-1034.000000	388
-1029.599976	434
-1025.200073	409
-1020.800049	400
-1016.400024	399
-1012.000000	387
-1007.600037	397
-1003.200012	386
-998.800049	365
-994.400024	370
-990.000000	383
-985.600037	391
-981.200012	399
-976.800049	406
-972.400024	404
-968.000000	381
-963.600037	365
-959.200012	413
-954.800049	444
-950.400024	443
-946.000000	421
-941.600037	397
-937.200012	415
-932.800049	405
-928.400024	398
-924.000000	443
-919.600037	449
-915.200012	425
-910.800049	435
-906.400024	450
-902.000000	423
-897.600037	407
-893.200012	412
-888.800049	402
-884.400024	422
-880.000000	427
-875.600037	436
-871.200012	411
-866.800049	387
-862.400024	414
-858.000000	463
-853.600037	448
-849.200012	420
-844.800049	418
-840.400024	442
-836.000000	472
-831.600037	437
-827.200012	415
-822.799988	448
-818.400024	494
-814.000000	483
-809.600037	453
-805.200012	444
-800.799988	408
-796.400024	401
-792.000000	390
-787.600037	401
-783.200012	437
-778.799988	462
-774.400024	458
-770.000000	428
-765.600037	398
-761.200012	409
-756.799988	424
-752.400024	414
-748.000000	409
-743.600037	427
-739.200012	405
-734.799988	397
-730.400024	414
-726.000000	374
-721.600037	390
-717.200012	432
-712.799988	431
-708.400024	417
-704.000000	458
-699.600037	443
-695.200012	401
-690.799988	421
-686.400024	450
-682.000000	427
-677.600037	422
-673.200012	459
-668.799988	434
-664.400024	423
-660.000000	398
-655.600037	422
-651.200012	449
-646.799988	462
-642.400024	465
-638.000000	456
-633.600037	434
-629.200012	450
-624.799988	456
-620.400024	449
-616.000000	489
-611.600037	492
-607.200012	433
-602.799988	397
-598.400024	414
-594.000000	425
-589.600037	451
-585.200012	436
-580.799988	416
-576.400024	434
-572.000000	416
-567.600037	409
-563.200012	432
-558.799988	455
-554.400024	445
-550.000000	417
-545.600037	417
-541.200012	464
-536.799988	504
-532.400024	504
-528.000000	482
-523.600037	474
-519.200012	461
-514.799988	461
-510.400024	472
-506.000000	459
-501.600006	438
-497.200012	431
-492.800018	462
-488.400024	484
-484.000000	464
-479.600006	451
-475.200012	459
-470.800018	446
-466.400024	462
-462.000000	447
-457.600006	473
-453.200012	480
-448.800018	455
-444.400024	469
-440.000000	486
-435.600006	460
-431.200012	438
-426.800018	463
-422.400024	488
-418.000000	480
-413.600006	467
-409.200012	459
-404.800018	471
-400.399994	476
-396.000000	465
-391.600006	471
-387.200012	499
-382.800018	495
-378.399994	498
-374.000000	535
-369.600006	518
-365.200012	526
-360.800018	540
-356.399994	492
-352.000000	506
-347.600006	548
-343.200012	522
-338.800018	487
-334.399994	509
-330.000000	522
-325.600006	508
-321.200012	539
-316.800018	565
-312.399994	567
-308.000000	557
-303.600006	549
-299.200012	541
-294.800018	537
-290.399994	591
-286.000000	624
-281.600006	582
-277.200012	594
-272.800018	617
-268.399994	630
-264.000000	655
-259.600006	641
-255.200012	631
-250.800003	703
-246.400009	728
-242.000000	699
-237.600006	666
-233.200012	639
-228.800003	579
-224.400009	624
-220.000000	723
-215.600006	786
-211.200012	832
-206.800003	846
-202.400009	817
-198.000000	800
-193.600006	831
-189.199997	916
-184.800003	991
-180.400009	1025
-176.000000	1043
-171.600006	1103
-167.199997	1194
-162.800003	1222
-158.400009	1259
-154.000000	1238
-149.600006	1487
-145.199997	1752
-140.800003	1823
-136.400009	1874
-132.000000	1935
-127.600006	2145
-123.200005	2479
-118.800003	2725
-114.400002	2943
-110.000000	3312
-105.600006	3742
-101.200005	4178
-96.800003	4726
-92.400002	5371
-88.000000	6040
-83.599998	6738
-79.200005	7480
-74.800003	8011
-70.400002	8562
-66.000000	8986
-61.600002	9300
-57.200001	9729
-52.800003	9970
-48.400002	10052
-44.000000	10215
-39.600002	10412
-35.200001	10667
-30.800001	10780
-26.400002	10798
-22.000000	10840
-17.600000	10989
-13.200001	10987
-8.800000	10952
-4.400000	11023
0.000000	11075
4.400000	11060
8.800000	11006
13.200001	10716
17.600000	10341
22.000000	10073
26.400002	9933
30.800001	9801
35.200001	9493
39.600002	9109
44.000000	8681
48.400002	8191
52.800003	7624
57.200001	7082
61.600002	6454
66.000000	5511
70.400002	4769
74.800003	4254
79.200005	3808
83.599998	3419
88.000000	2925
92.400002	2660
96.800003	2440
101.200005	2272
105.600006	2133
110.000000	1874
114.400002	1675
118.800003	1494
123.200005	1426
127.600006	1385
132.000000	1316
136.400009	1227
140.800003	1142
145.199997	1123
149.600006	1005
154.000000	948
158.400009	942
162.800003	927
167.199997	879
171.600006	842
176.000000	804
180.400009	830
184.800003	834
189.199997	786
193.600006	748
198.000000	675
202.400009	675
206.800003	674
211.200012	683
215.600006	659
220.000000	675
224.400009	668
228.800003	666
233.200012	694
237.600006	670
242.000000	624
246.400009	567
250.800003	546
255.200012	538
259.600006	535
264.000000	551
268.399994	526
272.800018	530
277.200012	550
281.600006	583
286.000000	588
290.399994	563
294.800018	563
299.200012	540
303.600006	556
308.000000	581
312.399994	583
316.800018	528
321.200012	490
325.600006	488
330.000000	508
334.399994	519
338.800018	540
343.200012	521
347.600006	519
352.000000	512
356.399994	505
360.800018	487
365.200012	496
369.600006	522
374.000000	516
378.399994	501
382.800018	503
387.200012	502
391.600006	495
396.000000	529
400.399994	553
404.800018	540
409.200012	525
413.600006	495
418.000000	479
422.400024	522
426.800018	492
431.200012	460
435.600006	463
440.000000	499
444.400024	476
448.800018	476
453.200012	495
457.600006	453
462.000000	423
466.400024	467
470.800018	477
475.200012	480
479.600006	484
484.000000	493
488.400024	491
492.800018	480
497.200012	481
501.600006	447
506.000000	425
510.400024	435
514.799988	455
519.200012	464
523.600037	491
528.000000	504
532.400024	495
536.799988	493
541.200012	464
545.600037	458
550.000000	470
554.400024	448
558.799988	468
563.200012	491
567.600037	492
572.000000	445
576.400024	470
580.799988	494
585.200012	469
589.600037	435
594.000000	446
598.400024	448
602.799988	477
607.200012	451
611.600037	434
616.000000	500
620.400024	489
624.799988	487
629.200012	472
633.600037	448
638.000000	453
642.400024	487
646.799988	515
651.200012	468
655.600037	459
660.000000	487
664.400024	471
668.799988	458
673.200012	490
677.600037	525
682.000000	529
686.400024	509
690.799988	498
695.200012	547
699.600037	529
704.000000	469
708.400024	448
712.799988	465
717.200012	464
721.600037	457
726.000000	465
730.400024	482
734.799988	488
739.200012	445
743.600037	446
748.000000	505
752.400024	501
756.799988	494
761.200012	484
765.600037	454
770.000000	493
774.400024	530
778.799988	543
783.200012	498
787.600037	453
792.000000	473
796.400024	483
800.799988	445
805.200012	459
809.600037	482
814.000000	490
818.400024	466
822.799988	425
827.200012	413
831.600037	426
836.000000	452
840.400024	499
844.800049	491
849.200012	494
853.600037	510
858.000000	514
862.400024	505
866.800049	482
871.200012	462
875.600037	471
880.000000	471
884.400024	444
888.800049	451
893.200012	458
897.600037	452
902.000000	470
906.400024	505
910.800049	494
915.200012	483
919.600037	477
924.000000	475
928.400024	484
932.800049	484
937.200012	495
941.600037	444
946.000000	420
950.400024	447
954.800049	453
959.200012	452
963.600037	451
968.000000	446
972.400024	430
976.800049	405
981.200012	420
985.600037	428
990.000000	457
994.400024	468
998.800049	480
1003.200012	504
1007.600037	472
1012.000000	442
1016.400024	449
1020.800049	443
1025.200073	468
1029.599976	505
1034.000000	525
1038.400024	480
1042.800049	481
1047.200073	462
1051.599976	448
1056.000000	451
1060.400024	472
1064.800049	474
1069.200073	515
1073.599976	486
1078.000000	473
1082.400024	481
1086.800049	475
1091.200073	458
1095.599976	429
1100.000000	437
1104.400024	455
1108.800049	491
1113.200073	491
1117.599976	494
1122.000000	475
1126.400024	477
1130.800049	503
1135.200073	499
1139.599976	479
1144.000000	455
1148.400024	424
1152.800049	468
1157.200073	523
1161.599976	498
1166.000000	500
1170.400024	520
1174.800049	511
1179.200073	494
1183.599976	482
1188.000000	492
1192.400024	502
1196.800049	512
1201.200073	496
1205.599976	471
1210.000000	490
1214.400024	506
1218.800049	497
1223.200073	498
1227.599976	499
1232.000000	509
1236.400024	510
1240.800049	520
1245.200073	485
1249.599976	428
1254.000000	433
1258.400024	471
1262.800049	494
1267.200073	496
1271.599976	490
1276.000000	478
1280.400024	476
1284.800049	482
1289.200073	480
1293.599976	480
1298.000000	479
1302.400024	481
1306.800049	488
1311.200073	470
1315.599976	468
1320.000000	487
1324.400024	453
1328.800049	454
1333.200073	479
1337.599976	481
1342.000000	472
1346.400024	469
1350.800049	487
1355.200073	475
1359.599976	467
1364.000000	489
1368.400024	477
1372.800049	473
1377.200073	492
1381.599976	495
1386.000000	508
1390.400024	481
1394.800049	470
1399.200073	469
1403.599976	463
1408.000000	451
1412.400024	445
1416.800049	459
1421.200073	476
1425.599976	452
1430.000000	476
1434.400024	484
1438.800049	455
1443.200073	464
1447.599976	482
1452.000000	492
1456.400024	474
1460.800049	493
1465.200073	507
1469.599976	494
1474.000000	524
1478.400024	507
1482.800049	454
1487.200073	465
1491.599976	486
1496.000000	447
1500.400024	423
1504.800049	500
1509.200073	531
1513.599976	549
1518.000000	522
1522.400024	486
1526.800049	464
1531.200073	434
1535.599976	435
1540.000000	505
1544.400024	547
1548.800049	525
1553.200073	486
1557.599976	452
1562.000000	428
1566.400024	420
1570.800049	430
1575.200073	466
1579.599976	485
1584.000000	479
1588.400024	488
1592.800049	486
1597.200073	491
1601.599976	458
1606.000000	469
1610.400024	510
1614.800049	512
1619.200073	474
1623.599976	438
1628.000000	474
1632.400024	502
1636.800049	511
1641.200073	498
1645.599976	469
1650.000000	498
1654.400024	493
1658.800049	474
1663.200073	480
1667.599976	482
1672.000000	522
1676.400024	521
1680.800049	485
1685.200073	499
1689.600098	480
1694.000000	497
1698.400024	499
1702.800049	498
1707.200073	503
1711.600098	530
1716.000000	504
1720.400024	454
1724.800049	450
1729.200073	445
1733.600098	478
1738.000000	527
1742.400024	486
1746.800049	515
1751.200073	506
1755.600098	474
1760.000000	478
1764.400024	472
1768.800049	488
1773.200073	472
1777.600098	520
1782.000000	495
1786.400024	428
1790.800049	446
1795.200073	491
1799.600098	509
1804.000000	485
1808.400024	470
1812.800049	461
1817.200073	477
1821.600098	506
1826.000000	528
1830.400024	523
1834.800049	548
1839.200073	521
1843.600098	495
1848.000000	477
1852.400024	477
1856.800049	484
1861.200073	502
1865.600098	470
1870.000000	458
1874.400024	489
1878.800049	483
1883.200073	500
1887.600098	523
1892.000000	516
1896.400024	536
1900.800049	523
1905.200073	437
1909.600098	428
1914.000000	493
1918.400024	529
1922.800049	536
1927.200073	529
1931.600098	473
1936.000000	464
1940.400024	504
1944.800049	515
1949.200073	501
1953.600098	459
1958.000000	455
1962.400024	472
1966.800049	498
1971.200073	499
1975.600098	501
1980.000000	521
1984.400024	510
1988.800049	462
1993.200073	434
1997.600098	468
2002.000000	531
2006.400024	529
2010.800049	534
2015.200073	526
2019.600098	475
2024.000000	503
2028.400024	543
2032.800049	535
2037.200073	519
2041.600098	547
2046.000000	507
2050.400146	489
2054.800049	499
2059.199951	482
2063.600098	476
2068.000000	461
2072.400146	465
2076.800049	479
2081.199951	500
2085.600098	514
2090.000000	490
2094.400146	472
2098.800049	495
2103.199951	489
2107.600098	480
2112.000000	475
2116.400146	496
2120.800049	519
2125.199951	510
2129.600098	503
2134.000000	496
2138.400146	514
2142.800049	508
2147.199951	449
2151.600098	446
2156.000000	483
2160.400146	494
2164.800049	496
2169.199951	515
2173.600098	482
2178.000000	489
2182.400146	524
2186.800049	549
2191.199951	536
2195.600098	540
2200.000000	541
2204.400146	539
2208.800049	516
2213.199951	540
2217.600098	517
2222.000000	466
2226.400146	490
2230.800049	540
2235.199951	538
2239.600098	509
2244.000000	496
2248.400146	478
2252.800049	477
2257.199951	505
2261.600098	524
2266.000000	552
2270.400146	523
2274.800049	517
2279.199951	519
2283.600098	501
2288.000000	513
2292.400146	531
2296.800049	536
2301.199951	560
2305.600098	578
2310.000000	547
2314.400146	507
2318.800049	487
2323.199951	474
2327.600098	456
2332.000000	467
2336.400146	505
2340.800049	534
2345.199951	510
2349.600098	478
2354.000000	505
2358.400146	511
2362.800049	528
2367.199951	508
2371.600098	467
2376.000000	457
2380.400146	483
2384.800049	539
2389.199951	539
2393.600098	528
2398.000000	563
2402.400146	539
2406.800049	505
2411.199951	506
2415.600098	526
2420.000000	484
2424.400146	449
2428.800049	474
2433.199951	498
2437.600098	508
2442.000000	508
2446.400146	495
2450.800049	492
2455.199951	510
2459.600098	516
2464.000000	531
2468.400146	544
2472.800049	523
2477.199951	505
2481.600098	519
2486.000000	500
2490.400146	481
2494.800049	481
2499.199951	515
2503.600098	525
2508.000000	515
2512.400146	539
2516.800049	529
2521.199951	519
2525.600098	479
2530.000000	491
2534.400146	501
2538.800049	518
2543.199951	529
2547.600098	502
2552.000000	535
2556.400146	552
2560.800049	517
2565.199951	516
2569.600098	533
2574.000000	516
2578.400146	470
2582.800049	494
2587.199951	506
2591.600098	468
2596.000000	493
2600.400146	512
2604.800049	510
2609.199951	543
2613.600098	534
2618.000000	481
2622.400146	495
2626.800049	509
2631.199951	539
2635.600098	561
2640.000000	537
2644.400146	504
2648.800049	488
2653.199951	536
2657.600098	527
2662.000000	492
2666.400146	479
2670.800049	501
2675.199951	525
2679.600098	484
2684.000000	476
2688.400146	497
2692.800049	476
2697.199951	461
2701.600098	480
2706.000000	492
2710.400146	469
2714.800049	458
2719.199951	504
2723.600098	547
2728.000000	552
2732.400146	548
2736.800049	540
2741.199951	534
2745.600098	566
2750.000000	597
2754.400146	587
2758.800049	557
2763.199951	536
2767.600098	563
2772.000000	593
2776.400146	549
2780.800049	527
2785.199951	560
2789.600098	566
2794.000000	555
2798.400146	505
2802.800049	454
2807.199951	477
2811.600098	516
2816.000000	482
2820.400146	473
2824.800049	522
2829.199951	558
2833.600098	577
2838.000000	566
2842.400146	556
2846.800049	564
2851.199951	496
2855.600098	478
2860.000000	527
2864.400146	514
2868.800049	545
2873.199951	543
2877.600098	502
2882.000000	447
2886.400146	462
2890.800049	521
2895.199951	524
2899.600098	552
2904.000000	555
2908.400146	489
2912.800049	479
2917.199951	508
2921.600098	526
2926.000000	534
2930.400146	549
2934.800049	555
2939.199951	525
2943.600098	480
2948.000000	468
2952.400146	526
2956.800049	529
2961.199951	505
2965.600098	489
2970.000000	534
2974.400146	542
2978.800049	520
2983.199951	519
2987.600098	519
2992.000000	517
2996.400146	503
3000.800049	493
3005.199951	488
3009.600098	511
3014.000000	527
3018.400146	552
3022.800049	526
3027.199951	524
3031.600098	503
3036.000000	495
3040.400146	520
3044.800049	536
3049.199951	526
3053.600098	529
3058.000000	516
3062.400146	532
3066.800049	545
3071.199951	558
3075.600098	587
3080.000000	567
3084.400146	527
3088.800049	518
3093.199951	497
3097.600098	489
3102.000000	492
3106.400146	480
3110.800049	512
3115.199951	558
3119.600098	589
3124.000000	590
3128.400146	548
3132.800049	516
3137.199951	567
3141.600098	600
3146.000000	534
3150.400146	517
3154.800049	543
3159.199951	526
3163.600098	513
3168.000000	570
3172.400146	602
3176.800049	533
3181.199951	526
3185.600098	548
3190.000000	539
3194.400146	511
3198.800049	509
3203.199951	527
3207.600098	483
3212.000000	482
3216.400146	516
3220.800049	516
3225.199951	522
3229.600098	503
3234.000000	520
3238.400146	546
3242.800049	545
3247.199951	520
3251.600098	489
3256.000000	510
3260.400146	543
3264.800049	576
3269.199951	534
3273.600098	506
3278.000000	554
3282.400146	516
3286.800049	470
3291.199951	516
3295.600098	547
3300.000000	536
3304.400146	509
3308.800049	499
3313.199951	561
3317.600098	572
3322.000000	492
3326.400146	455
3330.800049	490
3335.199951	525
3339.600098	512
3344.000000	472
3348.400146	494
3352.800049	577
3357.199951	561
3361.600098	511
3366.000000	537
3370.400146	542
3374.800049	510
3379.200195	517
3383.600098	509
3388.000000	523
3392.400146	524
3396.800049	500
3401.200195	513
3405.600098	550
3410.000000	536
3414.400146	541
3418.800049	533
3423.200195	515
3427.600098	499
3432.000000	517
3436.400146	539
3440.800049	523
3445.200195	511
3449.600098	520
3454.000000	514
3458.400146	530
3462.800049	524
3467.200195	527
3471.600098	551
3476.000000	524
3480.400146	521
3484.800049	534
3489.200195	535
3493.600098	531
3498.000000	538
3502.400146	556
3506.800049	558
3511.200195	584
3515.600098	592
3520.000000	567
3524.400146	576
3528.800049	525
3533.200195	501
3537.600098	556
3542.000000	564
3546.400146	552
3550.800049	575
3555.200195	585
3559.600098	512
3564.000000	525
3568.400146	570
3572.800049	554
3577.200195	517
3581.600098	545
3586.000000	570
3590.400146	549
3594.800049	521
3599.200195	560
3603.600098	607
3608.000000	624
3612.400146	617
3616.800049	594
3621.200195	575
3625.600098	530
3630.000000	554
3634.400146	577
3638.800049	583
3643.200195	590
3647.600098	633
3652.000000	597
3656.400146	607
3660.800049	617
3665.200195	641
3669.600098	646
3674.000000	626
3678.400146	642
3682.800049	660
3687.200195	654
3691.600098	634
3696.000000	562
3700.400146	566
3704.800049	622
3709.200195	632
3713.600098	696
3718.000000	719
3722.400146	793
3726.800049	817
3731.200195	785
3735.600098	761
3740.000000	762
3744.400146	778
3748.800049	781
3753.200195	801
3757.600098	806
3762.000000	780
3766.400146	816
3770.800049	785
3775.200195	783
3779.600098	811
3784.000000	840
3788.400146	863
3792.800049	874
3797.200195	872
3801.600098	879
3806.000000	903
3810.400146	955
3814.800049	933
3819.200195	950
3823.600098	950
3828.000000	963
3832.400146	1008
3836.800049	1061
3841.200195	1106
3845.600098	1144
3850.000000	1226
3854.400146	1237
3858.800049	1182
3863.200195	1133
3867.600098	1136
3872.000000	1149
3876.400146	1118
3880.800049	1070
3885.200195	1062
3889.600098	1143
3894.000000	1255
3898.400146	1426
3902.800049	1443
3907.200195	1379
3911.600098	1326
3916.000000	1448
3920.400146	1599
3924.800049	1646
3929.200195	1713
3933.600098	1811
3938.000000	1931
3942.400146	1969
3946.800049	2100
3951.200195	2116
3955.600098	2050
3960.000000	2140
3964.400146	2266
3968.800049	2217
3973.200195	2162
3977.600098	2255
3982.000000	2239
3986.400146	2269
3990.800049	2307
3995.200195	2260
3999.600098	2297
4004.000000	2307
4008.400146	2414
4012.800049	2415
4017.200195	2359
4021.600098	2320
4026.000000	2317
4030.400146	2366
4034.800049	2463
4039.200195	2519
4043.600098	2513
4048.000000	2447
4052.400146	2396
4056.800049	2416
4061.200195	2490
4065.600098	2542
4070.000000	2452
4074.400146	2293
4078.800049	2243
4083.200195	2283
4087.600098	2306
4092.000000	2340
4096.399902	2317
4100.800293	2311
4105.200195	2267
4109.600098	2172
4114.000000	2308
4118.399902	2410
4122.800293	2431
4127.200195	2432
4131.600098	2366
4136.000000	2373
4140.399902	2390
4144.800293	2393
4149.200195	2403
4153.600098	2320
4158.000000	2299
4162.399902	2388
4166.800293	2422
4171.200195	2320
4175.600098	2272
4180.000000	2298
4184.399902	2372
4188.800293	2411
4193.200195	2441
4197.600098	2576
4202.000000	2558
4206.399902	2470
4210.800293	2440
4215.200195	2312
4219.600098	2232
4224.000000	2251
4228.399902	2289
4232.800293	2274
4237.200195	2343
4241.600098	2340
4246.000000	2257
4250.399902	2280
4254.800293	2316
4259.200195	2350
4263.600098	2391
4268.000000	2393
4272.399902	2441
4276.800293	2498
4281.200195	2536
4285.600098	2520
4290.000000	2479
4294.399902	2495
4298.800293	2629
4303.200195	2687
4307.600098	2629
4312.000000	2581
4316.399902	2615
4320.800293	2672
4325.200195	2691
4329.600098	2745
4334.000000	2747
4338.399902	2666
4342.800293	2563
4347.200195	2604
4351.600098	2676
4356.000000	2600
4360.399902	2663
4364.800293	2790
4369.200195	2810
4373.600098	2821
4378.000000	2810
4382.399902	2926
4386.800293	2948
4391.200195	2863
4395.600098	2868
4400.000000	2959
4404.399902	3052
4408.800293	3017
4413.200195	2974
4417.600098	3020
4422.000000	3071
4426.399902	3001
4430.800293	2916
4435.200195	2950
4439.600098	3002
4444.000000	3043
4448.399902	3052
4452.800293	3006
4457.200195	3090
4461.600098	3048
4466.000000	2936
4470.399902	2923
4474.800293	3005
4479.200195	3011
4483.600098	2907
4488.000000	2903
4492.399902	3000
4496.800293	3107
4501.200195	3039
4505.600098	3006
4510.000000	3032
4514.399902	3016
4518.800293	3008
4523.200195	2996
4527.600098	3016
4532.000000	3093
4536.399902	3156
4540.800293	3201
4545.200195	3069
4549.600098	3087
4554.000000	3150
4558.399902	3173
4562.800293	3243
4567.200195	3314
4571.600098	3384
4576.000000	3466
4580.399902	3484
4584.800293	3447
4589.200195	3436
4593.600098	3468
4598.000000	3538
4602.399902	3561
4606.800293	3510
4611.200195	3583
4615.600098	3644
4620.000000	3606
4624.399902	3646
4628.800293	3671
4633.200195	3635
4637.600098	3728
4642.000000	3742
4646.399902	3786
4650.800293	3748
4655.200195	3736
4659.600098	3840
4664.000000	3838
4668.399902	3902
4672.800293	4021
4677.200195	4077
4681.600098	4015
4686.000000	4122
4690.399902	4070
4694.800293	4038
4699.200195	4041
4703.600098	4156
4708.000000	4237
4712.399902	4220
4716.800293	4195
4721.200195	4283
4725.600098	4414
4730.000000	4401
4734.399902	4315
4738.800293	4290
4743.200195	4263
4747.600098	4229
4752.000000	4307
4756.399902	4384
4760.800293	4367
4765.200195	4416
4769.600098	4400
4774.000000	4446
4778.399902	4372
4782.800293	4348
4787.200195	4386
4791.600098	4450
4796.000000	4504
4800.399902	4447
4804.800293	4414
4809.200195	4344
4813.600098	4365
4818.000000	4407
4822.399902	4399
4826.800293	4382
4831.200195	4354
4835.600098	4365
4840.000000	4391
4844.399902	4415
4848.800293	4422
4853.200195	4367
4857.600098	4434
4862.000000	4423
4866.399902	4330
4870.800293	4357
4875.200195	4462
4879.600098	4556
4884.000000	4555
4888.399902	4382
4892.800293	4378
4897.200195	4553
4901.600098	4596
4906.000000	4560
4910.399902	4474
4914.800293	4365
4919.200195	4333
4923.600098	4435
4928.000000	4465
4932.399902	4507
4936.800293	4559
4941.200195	4525
4945.600098	4442
4950.000000	4426
4954.399902	4417
4958.800293	4372
4963.200195	4439
4967.600098	4465
4972.000000	4433
4976.399902	4424
4980.800293	4504
4985.200195	4519
4989.600098	4404
4994.000000	4320
4998.399902	4294
5002.800293	4314
5007.200195	4351
5011.600098	4322
5016.000000	4325
5020.399902	4350
5024.800293	4362
5029.200195	4338
5033.600098	4282
5038.000000	4294
5042.399902	4382
5046.800293	4374
5051.200195	4357
5055.600098	4336
5060.000000	4330
5064.399902	4345
5068.800293	4261
5073.200195	4169
5077.600098	4116
5082.000000	4129
5086.399902	4109
5090.800293	4118
5095.200195	4281
5099.600098	4326
5104.000000	4183
5108.399902	4052
5112.800293	4096
5117.200195	4143
5121.600098	4099
5126.000000	4135
5130.399902	4141
5134.800293	4199
5139.200195	4226
5143.600098	4160
5148.000000	4215
5152.399902	4173
5156.800293	4118
5161.200195	4159
5165.600098	4239
5170.000000	4139
5174.399902	4188
5178.800293	4222
5183.200195	4194
5187.600098	4263
5192.000000	4330
5196.399902	4381
5200.800293	4332
5205.200195	4209
5209.600098	4183
5214.000000	4330
5218.399902	4279
5222.800293	4202
5227.200195	4228
5231.600098	4227
5236.000000	4203
5240.399902	4193
5244.800293	4320
5249.200195	4352
5253.600098	4336
5258.000000	4325
5262.399902	4188
5266.800293	4112
5271.200195	4148
5275.600098	4202
5280.000000	4226
5284.399902	4217
5288.800293	4226
5293.200195	4175
5297.600098	4157
5302.000000	4319
5306.399902	4337
5310.800293	4254
5315.200195	4315
5319.600098	4357
5324.000000	4312
5328.399902	4181
5332.800293	4150
5337.200195	4221
5341.600098	4324
5346.000000	4339
5350.399902	4337
5354.800293	4274
5359.200195	4071
5363.600098	4053
5368.000000	4092
5372.399902	4097
5376.800293	4229
5381.200195	4246
5385.600098	4221
5390.000000	4174
5394.399902	4224
5398.800293	4191
5403.200195	4144
5407.600098	4222
5412.000000	4206
5416.399902	4149
5420.800293	4148
5425.200195	4125
5429.600098	4081
5434.000000	4093
5438.399902	4132
5442.800293	4157
5447.200195	4150
5451.600098	4120
5456.000000	4152
5460.399902	4079
5464.800293	4036
5469.200195	4101
5473.600098	4197
5478.000000	4246
5482.399902	4215
5486.800293	4166
5491.200195	4232
5495.600098	4229
5500.000000	4177
5504.399902	4201
5508.800293	4185
5513.200195	4127
5517.600098	4034
5522.000000	4059
5526.399902	4096
5530.800293	4037
5535.200195	4041
5539.600098	4150
5544.000000	4236
5548.399902	4171
5552.800293	4151
5557.200195	4059
5561.600098	4010
5566.000000	4086
5570.399902	4087
5574.800293	4081
5579.200195	4139
5583.600098	4063
5588.000000	4006
5592.399902	3990
5596.800293	4039
5601.200195	4081
5605.600098	4071
5610.000000	4070
5614.399902	4042
5618.800293	4022
5623.200195	4058
5627.600098	4020
5632.000000	3876
5636.399902	3834
5640.800293	3944
5645.200195	4059
5649.600098	4030
5654.000000	4049
5658.399902	4113
5662.800293	4091
5667.200195	4025
5671.600098	4002
5676.000000	4025
5680.399902	4104
5684.800293	4133
5689.200195	4064
5693.600098	4101
5698.000000	4235
5702.399902	4205
5706.800293	4183
5711.200195	4118
5715.600098	4071
5720.000000	4162
5724.399902	4139
5728.800293	4113
5733.200195	4143
5737.600098	4177
5742.000000	4152
5746.399902	4035
5750.800293	4131
5755.200195	4147
5759.600098	4205
5764.000000	4262
5768.399902	4236
5772.800293	4355
5777.200195	4366
5781.600098	4330
5786.000000	4302
5790.399902	4245
5794.800293	4276
5799.200195	4234
5803.600098	4254
5808.000000	4386
5812.399902	4410
5816.800293	4297
5821.200195	4254
5825.600098	4195
5830.000000	4225
5834.399902	4261
5838.800293	4150
5843.200195	4110
5847.600098	4195
5852.000000	4187
5856.399902	4212
5860.800293	4231
5865.200195	4144
5869.600098	4145
5874.000000	4154
5878.399902	4127
5882.800293	4171
5887.200195	4215
5891.600098	4190
5896.000000	4226
5900.399902	4239
5904.800293	4184
5909.200195	4136
5913.600098	4173
5918.000000	4157
5922.399902	4185
5926.800293	4399
5931.200195	4357
5935.600098	4286
5940.000000	4193
5944.399902	4191
5948.800293	4175
5953.200195	4147
5957.600098	4093
5962.000000	4110
5966.399902	4069
5970.800293	4058
5975.200195	4097
5979.600098	4175
5984.000000	4206
5988.399902	4134
5992.800293	4079
5997.200195	4131
6001.600098	4117
6006.000000	4059
6010.399902	4063
6014.800293	4090
6019.200195	3998
6023.600098	3990
6028.000000	3978
6032.399902	3982
6036.800293	3941
6041.200195	3977
6045.600098	3987
6050.000000	3937
6054.399902	3977
6058.800293	3898
6063.200195	3908
6067.600098	3822
6072.000000	3837
6076.399902	3959
6080.800293	3961
6085.200195	3946
6089.600098	3893
6094.000000	3853
6098.399902	3779
6102.800293	3771
6107.200195	3861
6111.600098	3923
6116.000000	3886
6120.399902	3839
6124.800293	3826
6129.200195	3782
6133.600098	3764
6138.000000	3847
6142.399902	3780
6146.800293	3738
6151.200195	3703
6155.600098	3697
6160.000000	3804
6164.399902	3785
6168.800293	3744
6173.200195	3743
6177.600098	3677
6182.000000	3590
6186.399902	3538
6190.800293	3635
6195.200195	3687
6199.600098	3631
6204.000000	3597
6208.399902	3589
6212.800293	3598
6217.200195	3618
6221.600098	3637
6226.000000	3643
6230.399902	3567
6234.800293	3577
6239.200195	3606
6243.600098	3601
6248.000000	3622
6252.399902	3576
6256.800293	3627
6261.200195	3574
6265.600098	3566
6270.000000	3579
6274.399902	3536
6278.800293	3621
6283.200195	3650
6287.600098	3585
6292.000000	3648
6296.399902	3647
6300.800293	3659
6305.200195	3712
6309.600098	3672
6314.000000	3578
6318.399902	3563
6322.800293	3573
6327.200195	3593
6331.600098	3615
6336.000000	3638
6340.399902	3666
6344.800293	3711
6349.200195	3688
6353.600098	3678
6358.000000	3664
6362.399902	3691
6366.800293	3801
6371.200195	3761
6375.600098	3617
6380.000000	3567
6384.399902	3567
6388.800293	3516
6393.200195	3515
6397.600098	3566
6402.000000	3628
6406.399902	3616
6410.800293	3564
6415.200195	3625
6419.600098	3680
6424.000000	3647
6428.399902	3629
6432.800293	3553
6437.200195	3554
6441.600098	3726
6446.000000	3645
6450.399902	3583
6454.800293	3592
6459.200195	3563
6463.600098	3561
6468.000000	3532
6472.399902	3599
6476.800293	3610
6481.200195	3528
6485.600098	3564
6490.000000	3659
6494.399902	3638
6498.800293	3684
6503.200195	3666
6507.600098	3603
6512.000000	3582
6516.399902	3629
6520.800293	3657
6525.200195	3603
6529.600098	3637
6534.000000	3709
6538.399902	3659
6542.800293	3613
6547.200195	3698
6551.600098	3698
6556.000000	3603
6560.399902	3631
6564.800293	3639
6569.200195	3626
6573.600098	3680
6578.000000	3720
6582.399902	3631
6586.800293	3546
6591.200195	3595
6595.600098	3663
6600.000000	3686
6604.399902	3654
6608.800293	3581
6613.200195	3590
6617.600098	3634
6622.000000	3672
6626.399902	3624
6630.800293	3539
6635.200195	3603
6639.600098	3590
6644.000000	3570
6648.399902	3616
6652.800293	3680
6657.200195	3668
6661.600098	3607
6666.000000	3612
6670.399902	3735
6674.800293	3749
6679.200195	3660
6683.600098	3659
6688.000000	3645
6692.399902	3674
6696.800293	3669
6701.200195	3602
6705.600098	3657
6710.000000	3687
6714.399902	3624
6718.800293	3609
6723.200195	3622
6727.600098	3640
6732.000000	3716
6736.399902	3795
6740.800293	3676
6745.200195	3568
6749.600098	3590
6754.000000	3678
6758.400391	3703
6762.800293	3720
6767.200195	3616
6771.600098	3660
6776.000000	3665
6780.400391	3542
6784.800293	3534
6789.200195	3589
6793.600098	3683
6798.000000	3659
6802.400391	3626
6806.800293	3639
6811.200195	3628
6815.600098	3580
6820.000000	3580
6824.400391	3584
6828.800293	3524
6833.200195	3466
6837.600098	3420
6842.000000	3469
6846.400391	3524
6850.800293	3483
6855.200195	3470
6859.600098	3450
6864.000000	3379
6868.400391	3446
6872.800293	3541
6877.200195	3557
6881.600098	3482
6886.000000	3369
6890.400391	3386
6894.800293	3441
6899.200195	3461
6903.600098	3502
6908.000000	3460
6912.400391	3398
6916.800293	3439
6921.200195	3477
6925.600098	3457
6930.000000	3491
6934.400391	3499
6938.800293	3444
6943.200195	3422
6947.600098	3350
6952.000000	3317
6956.400391	3329
6960.800293	3329
6965.200195	3429
6969.600098	3390
6974.000000	3258
6978.400391	3268
6982.800293	3319
6987.200195	3316
6991.600098	3282
6996.000000	3232
7000.400391	3187
7004.800293	3229
7009.200195	3305
7013.600098	3295
7018.000000	3179
7022.400391	3212
7026.800293	3319
7031.200195	3275
7035.600098	3212
7040.000000	3219
7044.400391	3219
7048.800293	3245
7053.200195	3236
7057.600098	3253
7062.000000	3325
7066.400391	3258
7070.800293	3180
7075.200195	3094
7079.600098	2983
7084.000000	3067
7088.400391	3135
7092.800293	3184
7097.200195	3161
7101.600098	3046
7106.000000	2945
7110.400391	2956
7114.800293	2934
7119.200195	2846
7123.600098	2826
7128.000000	2791
7132.400391	2775
7136.800293	2839
7141.200195	2903
7145.600098	2945
7150.000000	2834
7154.400391	2807
7158.800293	2827
7163.200195	2804
7167.600098	2815
7172.000000	2853
7176.400391	2859
7180.800293	2860
7185.200195	2881
7189.600098	2802
7194.000000	2752
7198.400391	2690
7202.800293	2607
7207.200195	2689
7211.600098	2682
7216.000000	2647
7220.400391	2667
7224.800293	2648
7229.200195	2662
7233.600098	2670
7238.000000	2551
7242.400391	2559
7246.800293	2584
7251.200195	2436
7255.600098	2314
7260.000000	2310
7264.400391	2324
7268.800293	2256
7273.200195	2206
7277.600098	2193
7282.000000	1969
7286.400391	1890
7290.800293	1859
7295.200195	1800
7299.600098	1793
7304.000000	1874
7308.400391	1843
7312.800293	1706
7317.200195	1625
7321.600098	1518
7326.000000	1619
7330.400391	1787
7334.800293	1755
7339.200195	1715
7343.600098	1771
7348.000000	1691
7352.400391	1721
7356.800293	1806
7361.200195	1898
7365.600098	1963
7370.000000	2007
7374.400391	2098
7378.800293	2199
7383.200195	2209
7387.600098	2204
7392.000000	2200
7396.400391	2213
7400.800293	2187
7405.200195	2175
7409.600098	2239
7414.000000	2290
7418.400391	2441
7422.800293	2481
7427.200195	2467
7431.600098	2520
7436.000000	2556
7440.400391	2538
7444.800293	2487
7449.200195	2478
7453.600098	2544
7458.000000	2625
7462.400391	2579
7466.800293	2534
7471.200195	2562
7475.600098	2568
7480.000000	2725
7484.400391	2715
7488.800293	2663
7493.200195	2532
7497.600098	2563
7502.000000	2618
7506.400391	2549
7510.800293	2490
7515.200195	2397
7519.600098	2342
7524.000000	2325
7528.400391	2207
7532.800293	2047
7537.200195	2054
7541.600098	2051
7546.000000	1955
7550.400391	1774
7554.800293	1816
7559.200195	1872
7563.600098	1748
7568.000000	1614
7572.400391	1726
7576.800293	1788
7581.200195	1770
7585.600098	1787
7590.000000	1727
7594.400391	1765
7598.800293	1709
7603.200195	1661
7607.600098	1720
7612.000000	1755
7616.400391	1733
7620.800293	1693
7625.200195	1620
7629.600098	1651
7634.000000	1696
7638.400391	1746
7642.800293	1700
7647.200195	1670
7651.600098	1667
7656.000000	1592
7660.400391	1547
7664.800293	1509
7669.200195	1486
7673.600098	1401
7678.000000	1393
7682.400391	1398
7686.800293	1386
7691.200195	1239
7695.600098	1172
7700.000000	1227
7704.400391	1231
7708.800293	1214
7713.200195	1120
7717.600098	1047
7722.000000	1106
7726.400391	1151
7730.800293	1175
7735.200195	1133
7739.600098	1067
7744.000000	1131
7748.400391	1144
7752.800293	1062
7757.200195	1012
7761.600098	1020
7766.000000	999
7770.400391	986
7774.800293	1007
7779.200195	1046
7783.600098	1099
7788.000000	1133
7792.400391	1197
7796.800293	1261
7801.200195	1230
7805.600098	1211
7810.000000	1327
7814.400391	1442
7818.800293	1468
7823.200195	1466
7827.600098	1469
7832.000000	1540
7836.400391	1508
7840.800293	1494
7845.200195	1581
7849.600098	1619
7854.000000	1609
7858.400391	1708
7862.800293	1765
7867.200195	1734
7871.600098	1807
7876.000000	1932
7880.400391	2015
7884.800293	1988
7889.200195	2026
7893.600098	2043
7898.000000	2089
7902.400391	2050
7906.800293	1990
7911.200195	2071
7915.600098	2145
7920.000000	2160
7924.400391	2163
7928.800293	2268
7933.200195	2313
7937.600098	2326
7942.000000	2269
7946.400391	2165
7950.800293	2191
7955.200195	2325
7959.600098	2288
7964.000000	2275
7968.400391	2449
7972.800293	2442
7977.200195	2334
7981.600098	2320
7986.000000	2403
7990.400391	2365
7994.800293	2283
7999.200195	2230
8003.600098	2290
8008.000000	2295
8012.400391	2301
8016.800293	2242
8021.200195	2181
8025.600098	2165
8030.000000	2138
8034.400391	2191
8038.800293	2172
8043.200195	2041
8047.600098	1935
8052.000000	1964
8056.400391	2087
8060.800293	2046
8065.200195	1927
8069.600098	1911
8074.000000	1915
8078.400391	1809
8082.800293	1741
8087.200195	1684
8091.600098	1613
8096.000000	1542
8100.400391	1523
8104.800293	1618
8109.200195	1627
8113.600098	1482
8118.000000	1367
8122.400391	1394
8126.800293	1406
8131.200195	1398
8135.600098	1447
8140.000000	1453
8144.400391	1440
8148.800293	1410
8153.200195	1316
8157.600098	1286
8162.000000	1279
8166.400391	1197
8170.800293	1133
8175.200195	1172
8179.600098	1248
8184.000000	1230
8188.400391	1137
8192.799805	1108
8197.200195	1097
8201.600586	947
8206.000000	915
8210.400391	966
8214.799805	978
8219.200195	965
8223.600586	958
8228.000000	932
8232.400391	858
8236.799805	854
8241.200195	816
8245.600586	808
8250.000000	837
8254.400391	887
8258.799805	939
8263.200195	955
8267.600586	938
8272.000000	929
8276.400391	920
8280.799805	835
8285.200195	843
8289.600586	902
8294.000000	886
8298.400391	882
8302.799805	923
8307.200195	954
8311.600586	951
8316.000000	958
8320.400391	987
8324.799805	1013
8329.200195	998
8333.600586	995
8338.000000	1057
8342.400391	982
8346.799805	1033
8351.200195	1128
8355.600586	1125
8360.000000	1105
8364.400391	1175
8368.799805	1162
8373.200195	1250
8377.600586	1273
8382.000000	1261
8386.400391	1296
8390.799805	1261
8395.200195	1244
8399.600586	1298
8404.000000	1420
8408.400391	1541
8412.799805	1520
8417.200195	1449
8421.600586	1418
8426.000000	1377
8430.400391	1434
8434.799805	1469
8439.200195	1494
8443.600586	1568
8448.000000	1592
8452.400391	1520
8456.799805	1484
8461.200195	1396
8465.600586	1407
8470.000000	1550
8474.400391	1525
8478.799805	1438
8483.200195	1509
8487.600586	1562
8492.000000	1575
8496.400391	1553
8500.799805	1580
8505.200195	1586
8509.600586	1651
8514.000000	1684
8518.400391	1633
8522.799805	1547
8527.200195	1620
8531.600586	1755
8536.000000	1768
8540.400391	1599
8544.799805	1584
8549.200195	1688
8553.600586	1544
8558.000000	1495
8562.400391	1561
8566.799805	1500
8571.200195	1508
8575.600586	1527
8580.000000	1534
8584.400391	1501
8588.799805	1474
8593.200195	1482
8597.600586	1549
8602.000000	1471
8606.400391	1460
8610.799805	1416
8615.200195	1375
8619.600586	1349
8624.000000	1329
8628.400391	1324
8632.799805	1347
8637.200195	1330
8641.600586	1288
8646.000000	1271
8650.400391	1308
8654.799805	1300
8659.200195	1281
8663.600586	1287
8668.000000	1263
8672.400391	1202
8676.799805	1234
8681.200195	1257
8685.600586	1138
8690.000000	1099
8694.400391	1108
8698.799805	1099
8703.200195	1050
8707.600586	1041
8712.000000	1016
8716.400391	925
8720.799805	912
8725.200195	1042
8729.600586	1058
8734.000000	1060
8738.400391	1055
8742.799805	968
8747.200195	977
8751.600586	955
8756.000000	839
8760.400391	832
8764.799805	864
8769.200195	796
8773.600586	768
8778.000000	799
8782.400391	775
8786.799805	756
8791.200195	762
8795.600586	751
8800.000000	709
8804.400391	711
8808.799805	754
8813.200195	723
8817.600586	693
8822.000000	719
8826.400391	779
8830.799805	735
8835.200195	708
8839.600586	645
8844.000000	582
8848.400391	620
8852.799805	685
8857.200195	674
8861.600586	653
8866.000000	625
8870.400391	597
8874.799805	572
8879.200195	594
8883.600586	564
8888.000000	559
8892.400391	594
8896.799805	629
8901.200195	603
8905.600586	551
8910.000000	545
8914.400391	582
8918.799805	597
8923.200195	611
8927.600586	618
8932.000000	569
8936.400391	537
8940.799805	525
8945.200195	565
8949.600586	637
8954.000000	679
8958.400391	626
8962.799805	620
8967.200195	612
8971.600586	590
8976.000000	576
8980.400391	550
8984.799805	583
8989.200195	674
8993.600586	742
8998.000000	725
9002.400391	643
9006.799805	638
9011.200195	617
9015.600586	628
9020.000000	654
9024.400391	676
9028.799805	665
9033.200195	640
9037.600586	672
9042.000000	682
9046.400391	696
9050.799805	693
9055.200195	739
9059.600586	787
9064.000000	767
9068.400391	741
9072.799805	691
9077.200195	726
9081.600586	788
9086.000000	786
9090.400391	735
9094.799805	708
9099.200195	754
9103.600586	792
9108.000000	803
9112.400391	818
9116.799805	816
9121.200195	779
9125.600586	740
9130.000000	712
9134.400391	736
9138.799805	765
9143.200195	850
9147.600586	848
9152.000000	813
9156.400391	821
9160.799805	864
9165.200195	820
9169.600586	828
9174.000000	860
9178.400391	811
9182.799805	773
9187.200195	782
9191.600586	761
9196.000000	774
9200.400391	779
9204.799805	728
9209.200195	717
9213.600586	768
9218.000000	785
9222.400391	746
9226.799805	688
9231.200195	637
9235.600586	683
9240.000000	749
9244.400391	714
9248.799805	710
9253.200195	735
9257.600586	689
9262.000000	645
9266.400391	660
9270.799805	687
9275.200195	639
9279.600586	617
9284.000000	640
9288.400391	667
9292.799805	673
9297.200195	619
9301.600586	606
9306.000000	630
9310.400391	685
9314.799805	706
9319.200195	694
9323.600586	690
9328.000000	648
9332.400391	601
9336.799805	631
9341.200195	672
9345.600586	668
9350.000000	651
9354.400391	623
9358.799805	621
9363.200195	577
9367.600586	586
9372.000000	656
9376.400391	650
9380.799805	669
9385.200195	677
9389.600586	674
9394.000000	693
9398.400391	691
9402.799805	677
9407.200195	660
9411.600586	627
9416.000000	640
9420.400391	642
9424.799805	589
9429.200195	589
9433.600586	642
9438.000000	681
9442.400391	675
9446.799805	659
9451.200195	659
9455.600586	606
9460.000000	566
9464.400391	578
9468.799805	586
9473.200195	576
9477.600586	583
9482.000000	615
9486.400391	615
9490.799805	650
9495.200195	655
9499.600586	596
9504.000000	601
9508.400391	649
9512.799805	665
9517.200195	659
9521.600586	700
9526.000000	719
9530.400391	649
9534.799805	599
9539.200195	560
9543.600586	563
9548.000000	600
9552.400391	632
9556.799805	651
9561.200195	685
9565.600586	635
9570.000000	574
9574.400391	601
9578.799805	637
9583.200195	657
9587.600586	681
9592.000000	694
9596.400391	650
9600.799805	643
9605.200195	659
9609.600586	652
9614.000000	636
9618.400391	627
9622.799805	609
9627.200195	626
9631.600586	634
9636.000000	671
9640.400391	685
9644.799805	672
9649.200195	625
9653.600586	623
9658.000000	645
9662.400391	594
9666.799805	591
9671.200195	592
9675.600586	612
9680.000000	642
9684.400391	670
9688.799805	696
9693.200195	668
9697.600586	648
9702.000000	658
9706.400391	657
9710.799805	698
9715.200195	720
9719.600586	721
9724.000000	674
9728.400391	669
9732.799805	667
9737.200195	691
9741.600586	709
9746.000000	676
9750.400391	647
9754.799805	683
9759.200195	704
9763.600586	678
9768.000000	701
9772.400391	725
9776.799805	687
9781.200195	682
9785.600586	685
9790.000000	666
9794.400391	695
9798.799805	715
9803.200195	708
9807.600586	704
9812.000000	732
9816.400391	756
9820.799805	738
9825.200195	661
9829.600586	667
9834.000000	658
9838.400391	685
9842.799805	677
9847.200195	646
9851.600586	666
9856.000000	732
9860.400391	806
9864.799805	767
9869.200195	700
9873.600586	705
9878.000000	694
9882.400391	694
9886.799805	702
9891.200195	721
9895.600586	693
9900.000000	680
9904.400391	676
9908.799805	721
9913.200195	762
9917.600586	748
9922.000000	760
9926.400391	753
9930.799805	746
9935.200195	740
9939.600586	748
9944.000000	702
9948.400391	671
9952.799805	637
9957.200195	612
9961.600586	693
9966.000000	721
9970.400391	724
9974.799805	782
9979.200195	761
9983.600586	739
9988.000000	746
9992.400391	713
9996.799805	714
10001.200195	744
10005.600586	758
10010.000000	754
10014.400391	679
10018.799805	661
10023.200195	708
10027.600586	703
10032.000000	699
10036.400391	686
10040.799805	702
10045.200195	761
10049.600586	754
10054.000000	726
10058.400391	752
10062.799805	702
10067.200195	664
10071.600586	660
10076.000000	668
10080.400391	669
10084.799805	636
10089.200195	637
10093.600586	699
10098.000000	696
10102.400391	700
10106.799805	806
10111.200195	730
10115.600586	589
10120.000000	650
10124.400391	731
10128.799805	684
10133.200195	660
10137.600586	678
10142.000000	733
10146.400391	724
10150.799805	683
10155.200195	721
10159.600586	696
10164.000000	657
10168.400391	659
10172.799805	632
10177.200195	642
10181.600586	676
10186.000000	697
10190.400391	675
10194.799805	687
10199.200195	680
10203.600586	722
10208.000000	761
10212.400391	754
10216.799805	708
10221.200195	753
10225.600586	762
10230.000000	698
10234.400391	686
10238.799805	704
10243.200195	650
10247.600586	669
10252.000000	645
10256.400391	614
10260.799805	635
10265.200195	626
10269.600586	670
10274.000000	702
10278.400391	650
10282.799805	633
10287.200195	657
10291.600586	674
10296.000000	667
10300.400391	629
10304.799805	684
10309.200195	705
10313.600586	658
10318.000000	656
10322.400391	670
10326.799805	665
10331.200195	620
10335.600586	658
10340.000000	684
10344.400391	633
10348.799805	646
10353.200195	640
10357.600586	652
10362.000000	670
10366.400391	695
10370.799805	673
10375.200195	666
10379.600586	646
10384.000000	619
10388.400391	630
10392.799805	655
10397.200195	688
10401.600586	686
10406.000000	646
10410.400391	634
10414.799805	640
10419.200195	680
10423.600586	662
10428.000000	659
10432.400391	665
10436.799805	658
10441.200195	656
10445.600586	684
10450.000000	660
10454.400391	659
10458.799805	687
10463.200195	698
10467.600586	716
10472.000000	674
10476.400391	640
10480.799805	691
10485.200195	686
10489.600586	638
10494.000000	662
10498.400391	685
10502.799805	713
10507.200195	732
10511.600586	708
10516.000000	676
10520.400391	651
10524.799805	653
10529.200195	710
10533.600586	738
10538.000000	700
10542.400391	645
10546.799805	627
10551.200195	606
10555.600586	623
10560.000000	638
10564.400391	622
10568.799805	619
10573.200195	667
10577.600586	722
10582.000000	713
10586.400391	730
10590.799805	688
10595.200195	629
10599.600586	590
10604.000000	655
10608.400391	635
10612.799805	626
10617.200195	618
10621.600586	683
10626.000000	737
10630.400391	722
10634.799805	642
10639.200195	624
10643.600586	659
10648.000000	723
10652.400391	668
10656.799805	638
10661.200195	718
10665.600586	709
10670.000000	704
10674.400391	686
10678.799805	675
10683.200195	688
10687.600586	739
10692.000000	725
10696.400391	687
10700.799805	681
10705.200195	706
10709.600586	717
10714.000000	714
10718.400391	703
10722.799805	667
10727.200195	677
10731.600586	724
10736.000000	750
10740.400391	673
10744.799805	693
10749.200195	743
10753.600586	718
10758.000000	702
10762.400391	672
10766.799805	669
10771.200195	686
10775.600586	689
10780.000000	701
10784.400391	730
10788.799805	732
10793.200195	681
10797.600586	606
10802.000000	651
10806.400391	641
10810.799805	657
10815.200195	694
10819.600586	713
10824.000000	735
10828.400391	722
10832.799805	746
10837.200195	744
10841.600586	701
10846.000000	675
10850.400391	655
10854.799805	650
10859.200195	665
10863.600586	658
10868.000000	678
10872.400391	654
10876.799805	653
10881.200195	649
10885.600586	631
10890.000000	658
10894.400391	689
10898.799805	713
10903.200195	658
10907.600586	647
10912.000000	658
10916.400391	656
10920.799805	671
10925.200195	671
10929.600586	700
10934.000000	702
10938.400391	707
10942.799805	707
10947.200195	691
10951.600586	663
10956.000000	693
10960.400391	700
10964.799805	744
10969.200195	716
10973.600586	685
10978.000000	687
10982.400391	614
10986.799805	581
10991.200195	601
10995.600586	617
11000.000000	670
11004.400391	744
11008.799805	776
11013.200195	744
11017.600586	724
11022.000000	701
11026.400391	671
11030.799805	735
11035.200195	777
11039.600586	667
11044.000000	698
11048.400391	719
11052.799805	655
11057.200195	706
11061.600586	760
11066.000000	738
11070.400391	720
11074.799805	694
11079.200195	691
11083.600586	682
11088.000000	690
11092.400391	684
11096.799805	673
11101.200195	686
11105.600586	683
11110.000000	690
11114.400391	678
11118.799805	699
11123.200195	750
11127.600586	794
11132.000000	786
11136.400391	783
11140.799805	747
11145.200195	697
11149.600586	710
11154.000000	689
11158.400391	717
11162.799805	726
11167.200195	687
11171.600586	687
11176.000000	728
11180.400391	723
11184.799805	692
11189.200195	720
11193.600586	698
11198.000000	663
11202.400391	700
11206.799805	714
11211.200195	696
11215.600586	704
11220.000000	674
11224.400391	661
11228.799805	729
11233.200195	775
11237.600586	721
11242.000000	678
11246.400391	695
11250.799805	757
11255.200195	773
11259.600586	731
11264.000000	732
11268.400391	681
11272.799805	700
11277.200195	712
11281.600586	709
11286.000000	768
11290.400391	778
11294.799805	703
11299.200195	660
11303.600586	682
11308.000000	715
11312.400391	719
11316.799805	769
11321.200195	795
11325.600586	704
11330.000000	694
11334.400391	712
11338.799805	668
11343.200195	661
11347.600586	726
11352.000000	726
11356.400391	693
11360.799805	703
11365.200195	702
11369.600586	725
11374.000000	726
11378.400391	698
11382.799805	686
11387.200195	708
11391.600586	717
11396.000000	662
11400.400391	675
11404.799805	689
11409.200195	727
11413.600586	720
11418.000000	711
11422.400391	729
11426.799805	715
11431.200195	646
11435.600586	644
11440.000000	654
11444.400391	654
11448.799805	696
11453.200195	739
11457.600586	745
11462.000000	723
11466.400391	715
11470.799805	767
11475.200195	760
11479.600586	686
11484.000000	728
11488.400391	778
11492.799805	710
11497.200195	697
11501.600586	682
11506.000000	641
11510.400391	697
11514.799805	774
11519.200195	739
11523.600586	717
11528.000000	720
11532.400391	699
11536.799805	733
11541.200195	821
11545.600586	809
11550.000000	728
11554.400391	732
11558.799805	743
11563.200195	752
11567.600586	828
11572.000000	821
11576.400391	787
11580.799805	798
11585.200195	778
11589.600586	698
11594.000000	677
11598.400391	718
11602.799805	775
11607.200195	799
11611.600586	780
11616.000000	750
11620.400391	772
11624.799805	769
11629.200195	770
11633.600586	796
11638.000000	784
11642.400391	730
11646.799805	722
11651.200195	698
11655.600586	710
11660.000000	781
11664.400391	794
11668.799805	742
11673.200195	768
11677.600586	768
11682.000000	721
11686.400391	732
11690.799805	741
11695.200195	715
11699.600586	738
11704.000000	755
11708.400391	797
11712.799805	791
11717.200195	767
11721.600586	769
11726.000000	788
11730.400391	865
11734.799805	834
11739.200195	736
11743.600586	754
11748.000000	743
11752.400391	747
11756.799805	801
11761.200195	842
11765.600586	751
11770.000000	665
11774.400391	704
11778.799805	729
11783.200195	764
11787.600586	798
11792.000000	765
11796.400391	727
11800.799805	790
11805.200195	782
11809.600586	768
11814.000000	775
11818.400391	747
11822.799805	725
11827.200195	726
11831.600586	699
11836.000000	698
11840.400391	724
11844.799805	723
11849.200195	702
11853.600586	722
11858.000000	768
11862.400391	812
11866.799805	782
11871.200195	735
11875.600586	722
11880.000000	711
11884.400391	726
11888.799805	752
11893.200195	725
11897.600586	697
11902.000000	668
11906.400391	627
11910.799805	691
11915.200195	761
11919.600586	783
11924.000000	780
11928.400391	760
11932.799805	746
11937.200195	751
11941.600586	748
11946.000000	755
11950.400391	753
11954.799805	748
11959.200195	802
11963.600586	790
11968.000000	765
11972.400391	799
11976.799805	798
11981.200195	795
11985.600586	815
11990.000000	794
11994.400391	708
11998.799805	746
12003.200195	768
12007.600586	756
12012.000000	744
12016.400391	735
12020.799805	773
12025.200195	789
12029.600586	781
12034.000000	754
12038.400391	733
12042.799805	758
12047.200195	777
12051.600586	734
12056.000000	755
12060.400391	829
12064.799805	811
12069.200195	759
12073.600586	692
12078.000000	670
12082.400391	746
12086.799805	739
12091.200195	732
12095.600586	741
12100.000000	698
12104.400391	735
12108.799805	790
12113.200195	762
12117.600586	718
12122.000000	733
12126.400391	740
12130.799805	709
12135.200195	743
12139.600586	756
12144.000000	722
12148.400391	720
12152.799805	667
12157.200195	674
12161.600586	752
12166.000000	777
12170.400391	737
12174.799805	737
12179.200195	709
12183.600586	710
12188.000000	728
12192.400391	765
12196.799805	768
12201.200195	714
12205.600586	669
12210.000000	690
12214.400391	685
12218.799805	664
12223.200195	684
12227.600586	655
12232.000000	667
12236.400391	687
12240.799805	683
12245.200195	664
12249.600586	677
12254.000000	698
12258.400391	697
12262.799805	707
12267.200195	736
12271.600586	730
12276.000000	666
12280.400391	635
12284.799805	653
12289.200195	645
12293.600586	705
12298.000000	735
12302.400391	722
12306.799805	711
12311.200195	706
12315.600586	698
12320.000000	655
12324.400391	640
12328.799805	679
12333.200195	696
12337.600586	705
12342.000000	674
12346.400391	673
12350.799805	709
12355.200195	723
12359.600586	727
12364.000000	681
12368.400391	690
12372.799805	688
12377.200195	706
12381.600586	699
12386.000000	649
12390.400391	662
12394.799805	675
12399.200195	693
12403.600586	728
12408.000000	679
12412.400391	604
12416.799805	614
12421.200195	616
12425.600586	627
12430.000000	676
12434.400391	648
12438.799805	662
12443.200195	667
12447.600586	664
12452.000000	680
12456.400391	713
12460.799805	722
12465.200195	698
12469.600586	648
12474.000000	683
12478.400391	691
12482.799805	713
12487.200195	712
12491.600586	660
12496.000000	670
12500.400391	672
12504.799805	608
12509.200195	611
12513.600586	636
12518.000000	664
12522.400391	686
12526.799805	630
12531.200195	619
12535.600586	689
12540.000000	669
12544.400391	655
12548.799805	626
12553.200195	604
12557.600586	638
12562.000000	689
12566.400391	678
12570.799805	655
12575.200195	636
12579.600586	634
12584.000000	652
12588.400391	628
12592.799805	631
12597.200195	672
12601.600586	702
12606.000000	688
12610.400391	627
12614.799805	629
12619.200195	679
12623.600586	669
12628.000000	633
12632.400391	670
12636.799805	677
12641.200195	639
12645.600586	677
12650.000000	689
12654.400391	664
12658.799805	651
12663.200195	633
12667.600586	675
12672.000000	660
12676.400391	680
12680.799805	692
12685.200195	648
12689.600586	635
12694.000000	645
12698.400391	703
12702.799805	688
12707.200195	658
12711.600586	663
12716.000000	650
12720.400391	627
12724.799805	674
12729.200195	722
12733.600586	676
12738.000000	667
12742.400391	688
12746.799805	700
12751.200195	678
12755.600586	662
12760.000000	675
12764.400391	716
12768.799805	705
12773.200195	715
12777.600586	674
12782.000000	639
12786.400391	695
12790.799805	732
12795.200195	643
12799.600586	633
12804.000000	666
12808.400391	643
12812.799805	667
12817.200195	708
12821.600586	684
12826.000000	687
12830.400391	670
12834.799805	613
12839.200195	600
12843.600586	632
12848.000000	665
12852.400391	646
12856.799805	654
12861.200195	663
12865.600586	642
12870.000000	646
12874.400391	636
12878.799805	648
12883.200195	638
12887.600586	603
12892.000000	620
12896.400391	650
12900.799805	655
12905.200195	697
12909.600586	692
12914.000000	653
12918.400391	646
12922.799805	634
12927.200195	638
12931.600586	623
12936.000000	605
12940.400391	610
12944.799805	640
12949.200195	667
12953.600586	643
12958.000000	597
12962.400391	625
12966.799805	656
12971.200195	627
12975.600586	614
12980.000000	627
12984.400391	633
12988.799805	601
12993.200195	598
12997.600586	575
13002.000000	579
13006.400391	578
13010.799805	555
13015.200195	565
13019.600586	599
13024.000000	561
13028.400391	478
13032.799805	450
13037.200195	445
13041.600586	404
13046.000000	415
13050.400391	404
13054.799805	383
13059.200195	425
13063.600586	423
13068.000000	364
13072.400391	343
13076.799805	305
13081.200195	277
13085.600586	290
13090.000000	266
13094.400391	260
13098.799805	282
13103.200195	274
13107.600586	232
13112.000000	193
13116.400391	218
13120.799805	268
13125.200195	256
13129.600586	213
13134.000000	220
13138.400391	238
13142.799805	222
13147.200195	226
13151.600586	238
13156.000000	211
13160.400391	179
13164.799805	176
13169.200195	177
13173.600586	162
13178.000000	152
13182.400391	150
13186.799805	152
13191.200195	167
13195.600586	177
13200.000000	155
13204.400391	154
13208.799805	179
13213.200195	186
13217.600586	163
13222.000000	149
13226.400391	146
13230.799805	132
13235.200195	125
13239.600586	109
13244.000000	116
13248.400391	108
13252.799805	108
13257.200195	102
13261.600586	102
13266.000000	101
13270.400391	100
13274.799805	98
13279.200195	94
13283.600586	103
13288.000000	76
13292.400391	82
13296.799805	85
13301.200195	73
13305.600586	68
13310.000000	59
13314.400391	57
13318.799805	52
13323.200195	63
13327.600586	68
13332.000000	59
13336.400391	47
13340.799805	37
13345.200195	32
13349.600586	27
13354.000000	18
13358.400391	12
13362.799805	8
13367.200195	15
13371.600586	18
13376.000000	7
13380.400391	0
13384.799805	0
13389.200195	0
13393.600586	0
13398.000000	0
13402.400391	0
13406.799805	0
13411.200195	0
13415.600586	0
13420.000000	0
13424.400391	0
13428.799805	0
13433.200195	0
13437.600586	0
13442.000000	0
13446.400391	0
13450.799805	0
13455.200195	0
13459.600586	0
13464.000000	0
13468.400391	0
13472.799805	0
13477.200195	0
13481.600586	0
13486.000000	0
13490.400391	0
13494.799805	0
13499.200195	0
13503.600586	0
13508.000000	0
13512.400391	0
13516.800781	0
13521.200195	0
13525.600586	0
13530.000000	0
13534.400391	0
13538.800781	0
13543.200195	0
13547.600586	0
13552.000000	0
13556.400391	0
13560.800781	0
13565.200195	0
13569.600586	0
13574.000000	0
13578.400391	0
13582.800781	0
13587.200195	0
13591.600586	0
13596.000000	0
13600.400391	0
13604.800781	0
13609.200195	0
13613.600586	0
13618.000000	0
13622.400391	0
13626.800781	0
13631.200195	0
13635.600586	0
13640.000000	0
13644.400391	0
13648.800781	0
13653.200195	0
13657.600586	0
13662.000000	0
13666.400391	0
13670.800781	0
13675.200195	0
13679.600586	0
13684.000000	0
13688.400391	0
13692.800781	0
13697.200195	0
13701.600586	0
13706.000000	0
13710.400391	0
13714.800781	0
13719.200195	0
13723.600586	0
13728.000000	0
13732.400391	0
13736.800781	0
13741.200195	0
13745.600586	0
13750.000000	0
13754.400391	0
13758.800781	0
13763.200195	0
13767.600586	0
13772.000000	0
13776.400391	0
13780.800781	0
13785.200195	0
13789.600586	0
13794.000000	0
13798.400391	0
13802.800781	0
13807.200195	0
13811.600586	0
13816.000000	0
13820.400391	0
13824.800781	0
13829.200195	0
13833.600586	0
13838.000000	0
13842.400391	0
13846.800781	0
13851.200195	0
13855.600586	0
13860.000000	0
13864.400391	0
13868.800781	0
13873.200195	0
13877.600586	0
13882.000000	0
13886.400391	0
13890.800781	0
13895.200195	0
13899.600586	0
13904.000000	0
13908.400391	0
13912.800781	0
13917.200195	0
13921.600586	0
13926.000000	0
13930.400391	0
13934.800781	0
13939.200195	0
13943.600586	0
13948.000000	0
13952.400391	0
13956.800781	0
13961.200195	0
13965.600586	0
13970.000000	0
13974.400391	0
13978.800781	0
13983.200195	0
13987.600586	0
13992.000000	0
13996.400391	0
14000.800781	0
14005.200195	0
14009.600586	0
14014.000000	0
14018.400391	0
14022.800781	0
14027.200195	0
14031.600586	0
14036.000000	0
14040.400391	0
14044.800781	0
14049.200195	0
14053.600586	0
14058.000000	0
14062.400391	0
14066.800781	0
14071.200195	0
14075.600586	0
14080.000000	0
14084.400391	0
14088.800781	0
14093.200195	0
14097.600586	0
14102.000000	0
14106.400391	0
14110.800781	0
14115.200195	0
14119.600586	0
14124.000000	0
14128.400391	0
14132.800781	0
14137.200195	0
14141.600586	0
14146.000000	0
14150.400391	0
14154.800781	0
14159.200195	0
14163.600586	0
14168.000000	0
14172.400391	0
14176.800781	0
14181.200195	0
14185.600586	0
14190.000000	0
14194.400391	0
14198.800781	0
14203.200195	0
14207.600586	0
14212.000000	0
14216.400391	0
14220.800781	0
14225.200195	0
14229.600586	0
14234.000000	0
14238.400391	0
14242.800781	0
14247.200195	0
14251.600586	0
14256.000000	0
14260.400391	0
14264.800781	0
14269.200195	0
14273.600586	0
14278.000000	0
14282.400391	0
14286.800781	0
14291.200195	0
14295.600586	0
14300.000000	0
14304.400391	0
14308.800781	0
14313.200195	0
14317.600586	0
14322.000000	0
14326.400391	0
14330.800781	0
14335.200195	0
14339.600586	0
14344.000000	0
14348.400391	0
14352.800781	0
14357.200195	0
14361.600586	0
14366.000000	0
14370.400391	0
14374.800781	0
14379.200195	0
14383.600586	0
14388.000000	0
14392.400391	0
14396.800781	0
14401.200195	0
14405.600586	0
14410.000000	0
14414.400391	0
14418.800781	0
14423.200195	0
14427.600586	0
14432.000000	0
14436.400391	0
14440.800781	0
14445.200195	0
14449.600586	0
14454.000000	0
14458.400391	0
14462.800781	0
14467.200195	0
14471.600586	0
14476.000000	0
14480.400391	0
14484.800781	0
14489.200195	0
14493.600586	0
14498.000000	0
14502.400391	0
14506.800781	0
14511.200195	0
14515.600586	0
14520.000000	0
14524.400391	0
14528.800781	0
14533.200195	0
14537.600586	0
14542.000000	0
14546.400391	0
14550.800781	0
14555.200195	0
14559.600586	0
14564.000000	0
14568.400391	0
14572.800781	0
14577.200195	0
14581.600586	0
14586.000000	0
14590.400391	0
14594.800781	0
14599.200195	0
14603.600586	0
14608.000000	0
14612.400391	0
14616.800781	0
14621.200195	0
14625.600586	0
14630.000000	0
14634.400391	0
14638.800781	0
14643.200195	0
14647.600586	0
14652.000000	0
14656.400391	0
14660.800781	0
14665.200195	0
14669.600586	0
14674.000000	0
14678.400391	0
14682.800781	0
14687.200195	0
14691.600586	0
14696.000000	0
14700.400391	0
14704.800781	0
14709.200195	0
14713.600586	0
14718.000000	0
14722.400391	0
14726.800781	0
14731.200195	0
14735.600586	0
14740.000000	0
14744.400391	0
14748.800781	0
14753.200195	0
14757.600586	0
14762.000000	0
14766.400391	0
14770.800781	0
14775.200195	0
14779.600586	0
14784.000000	0
14788.400391	0
14792.800781	0
14797.200195	0
14801.600586	0
14806.000000	0
14810.400391	0
14814.800781	0
14819.200195	0
14823.600586	0
14828.000000	0
14832.400391	0
14836.800781	0
14841.200195	0
14845.600586	0
14850.000000	0
14854.400391	0
14858.800781	0
14863.200195	0
14867.600586	0
14872.000000	0
14876.400391	0
14880.800781	0
14885.200195	0
14889.600586	0
14894.000000	0
14898.400391	0
14902.800781	0
14907.200195	0
14911.600586	0
14916.000000	0
14920.400391	0
14924.800781	0
14929.200195	0
14933.600586	0
14938.000000	0
14942.400391	0
14946.800781	0
