-3513.922607	0
-3509.491455	0
-3505.060059	0
-3500.628906	0
-3496.197754	0
-3491.766602	0
-3487.335449	0
-3482.904297	0
-3478.473145	0
-3474.041992	0
-3469.610840	0
-3465.179688	0
-3460.748291	0
-3456.317139	0
-3451.885986	0
-3447.454834	0
-3443.023682	0
-3438.592529	0
-3434.161377	0
-3429.730225	0
-3425.299072	0
-3420.867920	0
-3416.436523	0
-3412.005371	0
-3407.574219	0
-3403.143066	0
-3398.711914	0
-3394.280762	0
-3389.849609	0
-3385.418457	0
-3380.987305	0
-3376.556152	0
-3372.125000	0
-3367.693604	0
-3363.262451	0
-3358.831299	0
-3354.400146	0
-3349.968994	0
-3345.537842	0
-3341.106689	0
-3336.675537	0
-3332.244385	0
-3327.813232	0
-3323.381836	0
-3318.950684	0
-3314.519531	0
-3310.088379	0
-3305.657227	0
-3301.226074	0
-3296.794922	0
-3292.363770	0
-3287.932617	0
-3283.501465	0
-3279.070313	0
-3274.638916	0
-3270.207764	0
-3265.776611	0
-3261.345459	0
-3256.914307	0
-3252.483154	0
-3248.052002	0
-3243.620850	0
-3239.189697	0
-3234.758545	0
-3230.327148	0
-3225.895996	0
-3221.464844	0
-3217.033691	0
-3212.602539	0
-3208.171387	0
-3203.740234	0
-3199.309082	0
-3194.877930	0
-3190.446777	0
-3186.015381	0
-3181.584229	0
-3177.153076	0
-3172.721924	0
-3168.290771	0
-3163.859619	0
-3159.428467	0
-3154.997314	0
-3150.566162	0
-3146.135010	0
-3141.703857	0
-3137.272461	0
-3132.841309	0
-3128.410156	0
-3123.979004	0
-3119.547852	0
-3115.116699	0
-3110.685547	0
-3106.254395	0
-3101.823242	0
-3097.392090	0
-3092.960693	0
-3088.529541	0
-3084.098389	0
-3079.667236	0
-3075.236084	0
-3070.804932	0
-3066.373779	0
-3061.942627	0
-3057.511475	0
-3053.080322	0
-3048.648926	0
-3044.217773	0
-3039.786621	0
-3035.355469	0
-3030.924316	0
-3026.493164	0
-3022.062012	0
-3017.630859	0
-3013.199707	0
-3008.768555	0
-3004.337402	0
-2999.906006	0
-2995.474854	0
-2991.043701	0
-2986.612549	0
-2982.181396	0
-2977.750244	0
-2973.319092	0
-2968.887939	0
-2964.456787	0
-2960.025635	0
-2955.594238	0
-2951.163086	0
-2946.731934	0
-2942.300781	0
-2937.869629	0
-2933.438477	0
-2929.007324	0
-2924.576172	0
-2920.145020	0
-2915.713867	0
-2911.282471	0
-2906.851318	0
-2902.420166	0
-2897.989014	0
-2893.557861	0
-2889.126709	0
-2884.695557	0
-2880.264404	0
-2875.833252	0
-2871.402100	0
-2866.970947	0
-2862.539551	0
-2858.108398	0
-2853.677246	0
-2849.246094	0
-2844.814941	0
-2840.383789	0
-2835.952637	0
-2831.521484	0
-2827.090332	0
-2822.659180	0
-2818.227783	0
-2813.796631	0
-2809.365479	0
-2804.934326	0
-2800.503174	0
-2796.072021	0
-2791.640869	0
-2787.209717	0
-2782.778564	0
-2778.347412	0
-2773.916016	0
-2769.484863	0
-2765.053711	0
-2760.622559	0
-2756.191406	0
-2751.760254	0
-2747.329102	0
-2742.897949	0
-2738.466797	0
-2734.035645	0
-2729.604492	0
-2725.173096	0
-2720.741943	0
-2716.310791	0
-2711.879639	0
-2707.448486	0
-2703.017334	0
-2698.586182	0
-2694.155029	3
-2689.723877	6
-2685.292725	8
-2680.861328	9
-2676.430176	11
-2671.999023	14
-2667.567871	20
-2663.136719	25
-2658.705566	27
-2654.274414	29
-2649.843262	29
-2645.412109	27
-2640.980957	32
-2636.549561	38
-2632.118408	40
-2627.687256	42
-2623.256104	40
-2618.824951	50
-2614.393799	57
-2609.962646	55
-2605.531494	57
-2601.100342	62
-2596.669189	65
-2592.238037	70
-2587.806641	70
-2583.375488	67
-2578.944336	68
-2574.513184	71
-2570.082031	87
-2565.650879	87
-2561.219727	88
-2556.788574	92
-2552.357422	95
-2547.926270	91
-2543.494873	100
-2539.063721	109
-2534.632568	110
-2530.201416	102
-2525.770264	106
-2521.339111	119
-2516.907959	118
-2512.476807	120
-2508.045654	116
-2503.614502	117
-2499.183105	118
-2494.751953	120
-2490.320801	124
-2485.889648	130
-2481.458496	142
-2477.027344	145
-2472.596191	139
-2468.165039	131
-2463.733887	138
-2459.302734	150
-2454.871582	150
-2450.440186	152
-2446.009033	157
-2441.577881	162
-2437.146729	160
-2432.715576	159
-2428.284424	175
-2423.853271	170
-2419.422119	181
-2414.990967	180
-2410.559814	180
-2406.128418	186
-2401.697266	185
-2397.266113	184
-2392.834961	183
-2388.403809	192
-2383.972656	199
-2379.541504	197
-2375.110352	205
-2370.679199	204
-2366.248047	200
-2361.816895	219
-2357.385498	215
-2352.954346	218
-2348.523193	215
-2344.092041	228
-2339.660889	221
-2335.229736	225
-2330.798584	233
-2326.367432	233
-2321.936279	235
-2317.505127	240
-2313.073730	241
-2308.642578	249
-2304.211426	248
-2299.780273	243
-2295.349121	250
-2290.917969	252
-2286.486816	255
-2282.055664	259
-2277.624512	270
-2273.193359	280
-2268.761963	282
-2264.330811	277
-2259.899658	281
-2255.468506	287
-2251.037354	281
-2246.606201	279
-2242.175049	278
-2237.743896	282
-2233.312744	276
-2228.881592	287
-2224.450439	290
-2220.019043	296
-2215.587891	301
-2211.156738	303
-2206.725586	318
-2202.294434	316
-2197.863281	317
-2193.432129	318
-2189.000977	322
-2184.569824	311
-2180.138672	328
-2175.707275	329
-2171.276123	337
-2166.844971	348
-2162.413818	343
-2157.982666	347
-2153.551514	329
-2149.120361	339
-2144.689209	349
-2140.258057	351
-2135.826904	357
-2131.395508	369
-2126.964355	382
-2122.533203	368
-2118.102051	358
-2113.670898	357
-2109.239746	354
-2104.808594	353
-2100.377441	361
-2095.946289	388
-2091.515137	384
-2087.083984	379
-2082.652588	387
-2078.221436	385
-2073.790283	383
-2069.359131	395
-2064.927979	397
-2060.496826	401
-2056.065674	394
-2051.634521	399
-2047.203247	402
-2042.772095	408
-2038.340942	408
-2033.909790	398
-2029.478638	412
-2025.047363	424
-2020.616211	422
-2016.185059	415
-2011.753906	425
-2007.322754	443
-2002.891479	434
-1998.460327	423
-1994.029175	445
-1989.598022	431
-1985.166870	437
-1980.735596	451
-1976.304443	448
-1971.873291	433
-1967.442139	433
-1963.010986	440
-1958.579712	433
-1954.148560	434
-1949.717407	438
-1945.286255	440
-1940.855103	448
-1936.423828	447
-1931.992676	449
-1927.561523	447
-1923.130371	463
-1918.699219	458
-1914.267944	451
-1909.836792	450
-1905.405640	457
-1900.974487	456
-1896.543335	449
-1892.112183	453
-1887.680908	458
-1883.249756	462
-1878.818604	456
-1874.387451	445
-1869.956299	446
-1865.525024	439
-1861.093872	450
-1856.662720	451
-1852.231567	441
-1847.800415	450
-1843.369141	448
-1838.937988	430
-1834.506836	431
-1830.075684	431
-1825.644531	433
-1821.213257	449
-1816.782104	439
-1812.350952	443
-1807.919800	456
-1803.488647	461
-1799.057373	454
-1794.626221	432
-1790.195068	429
-1785.763916	446
-1781.332764	457
-1776.901489	457
-1772.470337	437
-1768.039185	428
-1763.608032	439
-1759.176880	440
-1754.745728	435
-1750.314453	442
-1745.883301	457
-1741.452148	456
-1737.020996	457
-1732.589844	446
-1728.158569	441
-1723.727417	451
-1719.296265	453
-1714.865112	445
-1710.433960	447
-1706.002686	454
-1701.571533	443
-1697.140381	448
-1692.709229	450
-1688.278076	461
-1683.846802	446
-1679.415649	452
-1674.984497	457
-1670.553345	449
-1666.122192	432
-1661.690918	443
-1657.259766	436
-1652.828613	444
-1648.397461	452
-1643.966309	430
-1639.535156	427
-1635.103882	430
-1630.672729	437
-1626.241577	449
-1621.810425	453
-1617.379272	456
-1612.947998	466
-1608.516846	473
-1604.085693	465
-1599.654541	454
-1595.223389	452
-1590.792114	435
-1586.360962	438
-1581.929810	443
-1577.498657	444
-1573.067505	450
-1568.636230	453
-1564.205078	451
-1559.773926	450
-1555.342773	449
-1550.911621	446
-1546.480347	450
-1542.049194	452
-1537.618042	449
-1533.186890	432
-1528.755737	430
-1524.324463	436
-1519.893311	437
-1515.462158	452
-1511.031006	444
-1506.599854	436
-1502.168701	437
-1497.737427	425
-1493.306274	426
-1488.875122	447
-1484.443970	459
-1480.012817	451
-1475.581543	444
-1471.150391	444
-1466.719238	440
-1462.288086	444
-1457.856934	452
-1453.425659	453
-1448.994507	452
-1444.563354	446
-1440.132202	456
-1435.701050	455
-1431.269775	440
-1426.838623	436
-1422.407471	450
-1417.976318	436
-1413.545166	446
-1409.113892	431
-1404.682739	441
-1400.251587	447
-1395.820435	446
-1391.389282	437
-1386.958008	429
-1382.526855	435
-1378.095703	448
-1373.664551	456
-1369.233398	451
-1364.802246	442
-1360.370972	451
-1355.939819	450
-1351.508667	457
-1347.077515	446
-1342.646362	450
-1338.215088	451
-1333.783936	446
-1329.352783	446
-1324.921631	448
-1320.490479	453
-1316.059204	450
-1311.628052	461
-1307.196899	465
-1302.765747	461
-1298.334595	460
-1293.903320	452
-1289.472168	456
-1285.041016	445
-1280.609863	439
-1276.178711	449
-1271.747437	455
-1267.316284	449
-1262.885132	458
-1258.453979	451
-1254.022827	441
-1249.591553	447
-1245.160400	442
-1240.729248	441
-1236.298096	453
-1231.866943	443
-1227.435791	446
-1223.004517	457
-1218.573364	446
-1214.142212	458
-1209.711060	460
-1205.279907	447
-1200.848633	447
-1196.417480	451
-1191.986328	448
-1187.555176	452
-1183.124023	452
-1178.692749	447
-1174.261597	458
-1169.830444	468
-1165.399292	462
-1160.968140	445
-1156.536865	435
-1152.105713	441
-1147.674561	438
-1143.243408	447
-1138.812256	443
-1134.380981	438
-1129.949829	442
-1125.518677	453
-1121.087524	441
-1116.656372	437
-1112.225220	459
-1107.793945	461
-1103.362793	461
-1098.931641	451
-1094.500488	442
-1090.069336	449
-1085.638062	452
-1081.206909	451
-1076.775757	438
-1072.344604	442
-1067.913452	452
-1063.482178	450
-1059.051025	460
-1054.619873	472
-1050.188721	466
-1045.757568	460
-1041.326294	467
-1036.895142	466
-1032.463989	459
-1028.032837	454
-1023.601624	469
-1019.170471	471
-1014.739319	461
-1010.308105	433
-1005.876953	435
-1001.445740	452
-997.014587	455
-992.583435	454
-988.152222	447
-983.721069	448
-979.289856	450
-974.858704	456
-970.427551	452
-965.996338	458
-961.565186	459
-957.133972	472
-952.702820	471
-948.271667	453
-943.840454	444
-939.409302	436
-934.978149	441
-930.546936	442
-926.115784	453
-921.684570	449
-917.253418	458
-912.822266	453
-908.391052	435
-903.959900	449
-899.528687	439
-895.097534	436
-890.666382	427
-886.235168	437
-881.804016	452
-877.372864	460
-872.941650	453
-868.510498	461
-864.079285	467
-859.648132	463
-855.216980	454
-850.785767	463
-846.354614	459
-841.923401	451
-837.492249	450
-833.061096	452
-828.629883	444
-824.198730	459
-819.767578	476
-815.336365	469
-810.905212	461
-806.473999	447
-802.042847	446
-797.611694	450
-793.180481	453
-788.749329	466
-784.318115	467
-779.886963	454
-775.455811	459
-771.024597	462
-766.593445	455
-762.162231	445
-757.731079	445
-753.299927	449
-748.868713	470
-744.437561	467
-740.006409	464
-735.575195	454
-731.144043	450
-726.712830	445
-722.281677	461
-717.850525	462
-713.419312	456
-708.988159	452
-704.556946	452
-700.125793	452
-695.694641	455
-691.263428	460
-686.832275	465
-682.401123	452
-677.969910	448
-673.538757	457
-669.107544	448
-664.676392	464
-660.245239	458
-655.814026	465
-651.382874	467
-646.951660	473
-642.520508	472
-638.089355	462
-633.658142	456
-629.226990	457
-624.795776	444
-620.364624	444
-615.933472	451
-611.502258	443
-607.071106	442
-602.639954	455
-598.208740	450
-593.777588	443
-589.346375	453
-584.915222	443
-580.484070	450
-576.052856	457
-571.621704	452
-567.190491	422
-562.759338	434
-558.328186	445
-553.896973	464
-549.465820	462
-545.034668	470
-540.603455	466
-536.172302	466
-531.741089	464
-527.309937	461
-522.878784	463
-518.447571	462
-514.016418	462
-509.585236	458
-505.154053	464
-500.722870	466
-496.291718	467
-491.860535	457
-487.429352	455
-482.998169	459
-478.566986	457
-474.135834	460
-469.704651	453
-465.273468	456
-460.842285	443
-456.411133	446
-451.979950	456
-447.548767	461
-443.117584	452
-438.686432	450
-434.255249	457
-429.824066	454
-425.392883	467
-420.961700	467
-416.530548	452
-412.099365	448
-407.668182	465
-403.237000	454
-398.805847	449
-394.374664	459
-389.943481	461
-385.512299	463
-381.081116	476
-376.649963	472
-372.218781	453
-367.787598	460
-363.356415	472
-358.925262	486
-354.494080	487
-350.062897	478
-345.631714	452
-341.200562	455
-336.769379	459
-332.338196	457
-327.907013	462
-323.475830	473
-319.044678	481
-314.613495	485
-310.182312	479
-305.751129	477
-301.319977	467
-296.888794	466
-292.457611	486
-288.026428	479
-283.595245	487
-279.164093	484
-274.732910	472
-270.301727	474
-265.870544	474
-261.439392	473
-257.008209	464
-252.577026	470
-248.145859	470
-243.714676	476
-239.283493	478
-234.852325	494
-230.421143	486
-225.989975	480
-221.558792	486
-217.127625	482
-212.696442	486
-208.265274	493
-203.834091	496
-199.402924	495
-194.971741	489
-190.540558	498
-186.109390	501
-181.678207	507
-177.247040	504
-172.815857	512
-168.384689	517
-163.953506	527
-159.522339	535
-155.091156	525
-150.659988	534
-146.228806	542
-141.797623	555
-137.366455	560
-132.935272	563
-128.504105	567
-124.072929	591
-119.641747	606
-115.210571	613
-110.779396	638
-106.348221	669
-101.917046	688
-97.485870	718
-93.054695	768
-88.623520	821
-84.192345	876
-79.761169	914
-75.329994	1017
-70.898811	1149
-66.467636	1258
-62.036465	1371
-57.605286	1560
-53.174110	1820
-48.742935	2158
-44.311760	2609
-39.880585	3213
-35.449406	3915
-31.018232	4650
-26.587055	5245
-22.155880	5628
-17.724703	5912
-13.293528	6087
-8.862351	6182
-4.431176	6285
0.000000	6352
4.431176	6326
8.862351	6295
13.293528	6252
17.724703	6165
22.155880	5955
26.587055	5661
31.018232	5302
35.449406	4902
39.880585	4216
44.311760	3354
48.742935	2629
53.174110	2176
57.605286	1847
62.036465	1559
66.467636	1336
70.898811	1190
75.329994	1048
79.761169	940
84.192345	885
88.623520	817
93.054695	766
97.485870	726
101.917046	672
106.348221	647
110.779396	620
115.210571	594
119.641747	586
124.072929	581
128.504105	580
132.935272	561
137.366455	562
141.797623	556
146.228806	543
150.659988	541
155.091156	533
159.522339	512
163.953506	504
168.384689	485
172.815857	487
177.247040	501
181.678207	504
186.109390	497
190.540558	496
194.971741	501
199.402924	498
203.834091	482
208.265274	496
212.696442	483
217.127625	481
221.558792	482
225.989975	476
230.421143	487
234.852325	469
239.283493	477
243.714676	471
248.145859	484
252.577026	492
257.008209	476
261.439392	480
265.870544	476
270.301727	461
274.732910	464
279.164093	460
283.595245	460
288.026428	451
292.457611	472
296.888794	482
301.319977	484
305.751129	478
310.182312	480
314.613495	477
319.044678	465
323.475830	462
327.907013	463
332.338196	456
336.769379	478
341.200562	475
345.631714	468
350.062897	462
354.494080	473
358.925262	471
363.356415	466
367.787598	475
372.218781	461
376.649963	462
381.081116	450
385.512299	459
389.943481	468
394.374664	470
398.805847	472
403.237000	470
407.668182	475
412.099365	468
416.530548	467
420.961700	467
425.392883	469
429.824066	465
434.255249	469
438.686432	467
443.117584	456
447.548767	455
451.979950	467
456.411133	465
460.842285	455
465.273468	464
469.704651	452
474.135834	461
478.566986	468
482.998169	456
487.429352	458
491.860535	455
496.291718	462
500.722870	470
505.154053	454
509.585236	455
514.016418	459
518.447571	462
522.878784	469
527.309937	469
531.741089	466
536.172302	460
540.603455	465
545.034668	461
549.465820	462
553.896973	456
558.328186	473
562.759338	469
567.190491	466
571.621704	467
576.052856	466
580.484070	470
584.915222	463
589.346375	461
593.777588	464
598.208740	459
602.639954	453
607.071106	461
611.502258	463
615.933472	464
620.364624	463
624.795776	460
629.226990	459
633.658142	463
638.089355	461
642.520508	466
646.951660	461
651.382874	454
655.814026	458
660.245239	462
664.676392	466
669.107544	453
673.538757	464
677.969910	471
682.401123	466
686.832275	474
691.263428	468
695.694641	466
700.125793	455
704.556946	466
708.988159	481
713.419312	475
717.850525	472
722.281677	459
726.712830	445
731.144043	444
735.575195	452
740.006409	452
744.437561	454
748.868713	445
753.299927	454
757.731079	454
762.162231	449
766.593445	456
771.024597	451
775.455811	444
779.886963	439
784.318115	447
788.749329	445
793.180481	444
797.611694	461
802.042847	466
806.473999	452
810.905212	445
815.336365	456
819.767578	452
824.198730	449
828.629883	460
833.061096	459
837.492249	455
841.923401	465
846.354614	459
850.785767	465
855.216980	466
859.648132	461
864.079285	451
868.510498	467
872.941650	475
877.372864	476
881.804016	472
886.235168	452
890.666382	438
895.097534	456
899.528687	457
903.959900	457
908.391052	453
912.822266	457
917.253418	468
921.684570	466
926.115784	463
930.546936	452
934.978149	461
939.409302	462
943.840454	463
948.271667	470
952.702820	468
957.133972	469
961.565186	461
965.996338	454
970.427551	451
974.858704	455
979.289856	459
983.721069	459
988.152222	464
992.583435	474
997.014587	452
1001.445740	443
1005.876953	458
1010.308105	473
1014.739319	470
1019.170471	468
1023.601624	461
1028.032837	460
1032.463989	460
1036.895142	460
1041.326294	453
1045.757568	440
1050.188721	447
1054.619873	458
1059.051025	472
1063.482178	484
1067.913452	483
1072.344604	462
1076.775757	462
1081.206909	461
1085.638062	459
1090.069336	462
1094.500488	465
1098.931641	463
1103.362793	449
1107.793945	454
1112.225220	445
1116.656372	443
1121.087524	431
1125.518677	428
1129.949829	455
1134.380981	473
1138.812256	474
1143.243408	464
1147.674561	457
1152.105713	471
1156.536865	465
1160.968140	460
1165.399292	440
1169.830444	450
1174.261597	463
1178.692749	466
1183.124023	475
1187.555176	472
1191.986328	471
1196.417480	460
1200.848633	451
1205.279907	456
1209.711060	449
1214.142212	459
1218.573364	461
1223.004517	466
1227.435791	454
1231.866943	428
1236.298096	451
1240.729248	452
1245.160400	452
1249.591553	444
1254.022827	469
1258.453979	460
1262.885132	464
1267.316284	460
1271.747437	462
1276.178711	468
1280.609863	464
1285.041016	469
1289.472168	471
1293.903320	467
1298.334595	457
1302.765747	443
1307.196899	460
1311.628052	465
1316.059204	472
1320.490479	462
1324.921631	460
1329.352783	456
1333.783936	446
1338.215088	451
1342.646362	461
1347.077515	463
1351.508667	460
1355.939819	469
1360.370972	465
1364.802246	470
1369.233398	477
1373.664551	463
1378.095703	454
1382.526855	449
1386.958008	449
1391.389282	444
1395.820435	462
1400.251587	466
1404.682739	465
1409.113892	455
1413.545166	464
1417.976318	460
1422.407471	449
1426.838623	438
1431.269775	456
1435.701050	466
1440.132202	460
1444.563354	465
1448.994507	465
1453.425659	476
1457.856934	469
1462.288086	471
1466.719238	464
1471.150391	449
1475.581543	447
1480.012817	452
1484.443970	475
1488.875122	482
1493.306274	456
1497.737427	447
1502.168701	459
1506.599854	451
1511.031006	456
1515.462158	465
1519.893311	465
1524.324463	452
1528.755737	468
1533.186890	461
1537.618042	447
1542.049194	432
1546.480347	455
1550.911621	464
1555.342773	466
1559.773926	458
1564.205078	452
1568.636230	458
1573.067505	469
1577.498657	466
1581.929810	453
1586.360962	445
1590.792114	450
1595.223389	460
1599.654541	477
1604.085693	473
1608.516846	465
1612.947998	462
1617.379272	456
1621.810425	457
1626.241577	460
1630.672729	460
1635.103882	457
1639.535156	454
1643.966309	461
1648.397461	472
1652.828613	459
1657.259766	459
1661.690918	448
1666.122192	452
1670.553345	460
1674.984497	464
1679.415649	453
1683.846802	463
1688.278076	461
1692.709229	464
1697.140381	451
1701.571533	467
1706.002686	478
1710.433960	465
1714.865112	462
1719.296265	468
1723.727417	471
1728.158569	472
1732.589844	451
1737.020996	457
1741.452148	478
1745.883301	478
1750.314453	464
1754.745728	460
1759.176880	474
1763.608032	453
1768.039185	454
1772.470337	473
1776.901489	480
1781.332764	477
1785.763916	476
1790.195068	454
1794.626221	445
1799.057373	465
1803.488647	474
1807.919800	476
1812.350952	472
1816.782104	464
1821.213257	457
1825.644531	456
1830.075684	449
1834.506836	454
1838.937988	463
1843.369141	474
1847.800415	470
1852.231567	472
1856.662720	480
1861.093872	479
1865.525024	455
1869.956299	458
1874.387451	470
1878.818604	468
1883.249756	467
1887.680908	464
1892.112183	466
1896.543335	473
1900.974487	451
1905.405640	444
1909.836792	447
1914.267944	471
1918.699219	471
1923.130371	465
1927.561523	450
1931.992676	463
1936.423828	477
1940.855103	475
1945.286255	457
1949.717407	451
1954.148560	463
1958.579712	476
1963.010986	472
1967.442139	465
1971.873291	467
1976.304443	471
1980.735596	478
1985.166870	469
1989.598022	471
1994.029175	472
1998.460327	458
2002.891479	464
2007.322754	466
2011.753906	457
2016.185059	464
2020.616211	456
2025.047363	457
2029.478638	461
2033.909790	466
2038.340942	468
2042.772095	471
2047.203247	473
2051.634521	467
2056.065674	465
2060.496826	464
2064.927979	461
2069.359131	462
2073.790283	462
2078.221436	449
2082.652588	455
2087.083984	469
2091.515137	464
2095.946289	459
2100.377441	451
2104.808594	456
2109.239746	474
2113.670898	478
2118.102051	469
2122.533203	462
2126.964355	449
2131.395508	454
2135.826904	481
2140.258057	474
2144.689209	473
2149.120361	475
2153.551514	463
2157.982666	465
2162.413818	462
2166.844971	447
2171.276123	464
2175.707275	461
2180.138672	471
2184.569824	469
2189.000977	459
2193.432129	456
2197.863281	465
2202.294434	466
2206.725586	470
2211.156738	461
2215.587891	458
2220.019043	470
2224.450439	463
2228.881592	466
2233.312744	471
2237.743896	473
2242.175049	469
2246.606201	478
2251.037354	474
2255.468506	470
2259.899658	464
2264.330811	467
2268.761963	468
2273.193359	469
2277.624512	471
2282.055664	473
2286.486816	456
2290.917969	462
2295.349121	468
2299.780273	462
2304.211426	459
2308.642578	472
2313.073730	472
2317.505127	471
2321.936279	470
2326.367432	480
2330.798584	476
2335.229736	475
2339.660889	476
2344.092041	475
2348.523193	466
2352.954346	464
2357.385498	472
2361.816895	465
2366.248047	466
2370.679199	466
2375.110352	470
2379.541504	482
2383.972656	482
2388.403809	462
2392.834961	461
2397.266113	479
2401.697266	478
2406.128418	479
2410.559814	467
2414.990967	459
2419.422119	465
2423.853271	480
2428.284424	475
2432.715576	463
2437.146729	452
2441.577881	469
2446.009033	460
2450.440186	459
2454.871582	473
2459.302734	470
2463.733887	462
2468.165039	460
2472.596191	472
2477.027344	476
2481.458496	475
2485.889648	467
2490.320801	471
2494.751953	473
2499.183105	480
2503.614502	475
2508.045654	469
2512.476807	477
2516.907959	479
2521.339111	491
2525.770264	485
2530.201416	466
2534.632568	459
2539.063721	454
2543.494873	454
2547.926270	447
2552.357422	468
2556.788574	493
2561.219727	457
2565.650879	473
2570.082031	476
2574.513184	474
2578.944336	474
2583.375488	471
2587.806641	469
2592.238037	470
2596.669189	488
2601.100342	480
2605.531494	482
2609.962646	481
2614.393799	477
2618.824951	447
2623.256104	449
2627.687256	442
2632.118408	458
2636.549561	487
2640.980957	485
2645.412109	478
2649.843262	485
2654.274414	481
2658.705566	476
2663.136719	480
2667.567871	472
2671.999023	465
2676.430176	476
2680.861328	473
2685.292725	472
2689.723877	465
2694.155029	471
2698.586182	465
2703.017334	468
2707.448486	473
2711.879639	473
2716.310791	480
2720.741943	480
2725.173096	476
2729.604492	447
2734.035645	468
2738.466797	469
2742.897949	477
2747.329102	474
2751.760254	446
2756.191406	448
2760.622559	472
2765.053711	468
2769.484863	464
2773.916016	473
2778.347412	469
2782.778564	471
2787.209717	477
2791.640869	475
2796.072021	469
2800.503174	473
2804.934326	474
2809.365479	474
2813.796631	484
2818.227783	477
2822.659180	475
2827.090332	495
2831.521484	475
2835.952637	472
2840.383789	488
2844.814941	478
2849.246094	478
2853.677246	469
2858.108398	470
2862.539551	474
2866.970947	481
2871.402100	466
2875.833252	463
2880.264404	464
2884.695557	462
2889.126709	455
2893.557861	464
2897.989014	476
2902.420166	470
2906.851318	481
2911.282471	487
2915.713867	486
2920.145020	472
2924.576172	469
2929.007324	467
2933.438477	468
2937.869629	470
2942.300781	486
2946.731934	490
2951.163086	476
2955.594238	469
2960.025635	472
2964.456787	487
2968.887939	499
2973.319092	498
2977.750244	493
2982.181396	488
2986.612549	464
2991.043701	468
2995.474854	487
2999.906006	483
3004.337402	475
3008.768555	471
3013.199707	456
3017.630859	457
3022.062012	479
3026.493164	487
3030.924316	489
3035.355469	484
3039.786621	470
3044.217773	472
3048.648926	478
3053.080322	470
3057.511475	463
3061.942627	481
3066.373779	486
3070.804932	480
3075.236084	468
3079.667236	461
3084.098389	465
3088.529541	480
3092.960693	478
3097.392090	477
3101.823242	474
3106.254395	471
3110.685547	468
3115.116699	467
3119.547852	477
3123.979004	488
3128.410156	484
3132.841309	476
3137.272461	458
3141.703857	449
3146.135010	454
3150.566162	477
3154.997314	479
3159.428467	489
3163.859619	479
3168.290771	480
3172.721924	475
3177.153076	471
3181.584229	474
3186.015381	462
3190.446777	464
3194.877930	476
3199.309082	476
3203.740234	472
3208.171387	475
3212.602539	485
3217.033691	486
3221.464844	492
3225.895996	497
3230.327148	489
3234.758545	475
3239.189697	478
3243.620850	465
3248.052002	458
3252.483154	463
3256.914307	477
3261.345459	470
3265.776611	452
3270.207764	459
3274.638916	461
3279.070313	473
3283.501465	474
3287.932617	470
3292.363770	462
3296.794922	468
3301.226074	482
3305.657227	481
3310.088379	482
3314.519531	490
3318.950684	479
3323.381836	493
3327.813232	486
3332.244385	480
3336.675537	476
3341.106689	486
3345.537842	485
3349.968994	490
3354.400146	471
3358.831299	464
3363.262451	470
3367.693604	471
3372.125000	457
3376.556152	471
3380.987305	467
3385.418457	470
3389.849609	476
3394.280762	473
3398.711914	483
3403.143066	476
3407.574219	473
3412.005371	485
3416.436523	476
3420.867920	475
3425.299072	462
3429.730225	467
3434.161377	457
3438.592529	455
3443.023682	466
3447.454834	477
3451.885986	492
3456.317139	488
3460.748291	486
3465.179688	479
3469.610840	483
3474.041992	485
3478.473145	499
3482.904297	488
3487.335449	474
3491.766602	470
3496.197754	482
3500.628906	482
3505.060059	482
3509.491455	474
3513.922607	468
3518.353760	488
3522.784912	494
3527.216064	493
3531.647217	490
3536.078369	490
3540.509521	498
3544.940674	504
3549.371826	498
3553.802979	500
3558.234375	483
3562.665527	485
3567.096680	502
3571.527832	503
3575.958984	501
3580.390137	501
3584.821289	506
3589.252441	509
3593.683594	513
3598.114746	511
3602.546143	502
3606.977295	497
3611.408447	502
3615.839600	498
3620.270752	504
3624.701904	510
3629.133057	517
3633.564209	498
3637.995361	495
3642.426514	501
3646.857910	500
3651.289063	525
3655.720215	506
3660.151367	509
3664.582520	521
3669.013672	528
3673.444824	535
3677.875977	526
3682.307129	524
3686.738281	534
3691.169434	542
3695.600830	561
3700.031982	566
3704.463135	549
3708.894287	570
3713.325439	574
3717.756592	579
3722.187744	604
3726.618896	602
3731.050049	609
3735.481201	625
3739.912598	660
3744.343750	682
3748.774902	668
3753.206055	670
3757.637207	683
3762.068359	716
3766.499512	746
3770.930664	751
3775.361816	744
3779.792969	766
3784.224365	804
3788.655518	820
3793.086670	858
3797.517822	893
3801.948975	897
3806.380127	947
3810.811279	1027
3815.242432	1080
3819.673584	1112
3824.104736	1136
3828.535889	1161
3832.967285	1162
3837.398438	1175
3841.829590	1232
3846.260742	1301
3850.691895	1375
3855.123047	1469
3859.554199	1526
3863.985352	1559
3868.416504	1582
3872.847656	1630
3877.279053	1695
3881.710205	1698
3886.141357	1660
3890.572510	1658
3895.003662	1712
3899.434814	1791
3903.865967	1891
3908.297119	1964
3912.728271	2045
3917.159424	2114
3921.590820	2136
3926.021973	2179
3930.453125	2203
3934.884277	2211
3939.315430	2204
3943.746582	2219
3948.177734	2243
3952.608887	2242
3957.040039	2237
3961.471191	2208
3965.902344	2147
3970.333740	2115
3974.764893	2116
3979.196045	2177
3983.627197	2267
3988.058350	2327
3992.489502	2373
3996.920654	2429
4001.351807	2466
4005.782959	2478
4010.214111	2539
4014.645508	2572
4019.076660	2528
4023.507813	2531
4027.938965	2571
4032.370117	2569
4036.801270	2584
4041.232422	2632
4045.663574	2622
4050.094727	2580
4054.525879	2575
4058.957275	2564
4063.388428	2551
4067.819580	2548
4072.250732	2547
4076.681885	2511
4081.113037	2492
4085.544189	2464
4089.975342	2414
4094.406494	2350
4098.837891	2301
4103.269043	2259
4107.700195	2235
4112.131348	2289
4116.562500	2345
4120.993652	2359
4125.424805	2396
4129.855957	2421
4134.287109	2455
4138.718262	2456
4143.149414	2412
4147.580566	2408
4152.011719	2450
4156.442871	2457
4160.874023	2446
4165.305176	2448
4169.736328	2434
4174.167969	2456
4178.599121	2460
4183.030273	2435
4187.461426	2443
4191.892578	2419
4196.323730	2363
4200.754883	2348
4205.186035	2393
4209.617188	2388
4214.048340	2379
4218.479492	2380
4222.910645	2355
4227.341797	2305
4231.772949	2283
4236.204102	2306
4240.635254	2305
4245.066406	2294
4249.497559	2296
4253.928711	2285
4258.359863	2257
4262.791016	2238
4267.222656	2219
4271.653809	2212
4276.084961	2185
4280.516113	2167
4284.947266	2188
4289.378418	2185
4293.809570	2148
4298.240723	2151
4302.671875	2169
4307.103027	2133
4311.534180	2104
4315.965332	2071
4320.396484	2072
4324.827637	2052
4329.258789	1993
4333.689941	1949
4338.121094	1920
4342.552246	1894
4346.983398	1901
4351.414551	1919
4355.845703	1963
4360.277344	1953
4364.708496	1972
4369.139648	2037
4373.570801	2071
4378.001953	2078
4382.433105	2093
4386.864258	2106
4391.295410	2113
4395.726563	2124
4400.157715	2123
4404.588867	2148
4409.020020	2151
4413.451172	2148
4417.882324	2153
4422.313477	2170
4426.744629	2160
4431.175781	2151
4435.606934	2154
4440.038086	2142
4444.469238	2141
4448.900879	2164
4453.332031	2168
4457.763184	2157
4462.194336	2149
4466.625488	2133
4471.056641	2085
4475.487793	2110
4479.918945	2107
4484.350098	2098
4488.781250	2114
4493.212402	2084
4497.643555	2049
4502.074707	2074
4506.505859	2094
4510.937012	2068
4515.368164	2073
4519.799316	2055
4524.230469	2047
4528.661621	2045
4533.092773	2012
4537.523926	2018
4541.955566	2016
4546.386719	2001
4550.817871	2012
4555.249023	2026
4559.680176	2012
4564.111328	2016
4568.542480	2034
4572.973633	1997
4577.404785	2007
4581.835938	2014
4586.267090	2005
4590.698242	2025
4595.129395	2031
4599.560547	2031
4603.991699	2044
4608.422852	2052
4612.854004	2058
4617.285156	2072
4621.716309	2077
4626.147461	2082
4630.578613	2074
4635.010254	2093
4639.441406	2138
4643.872559	2182
4648.303711	2189
4652.734863	2196
4657.166016	2246
4661.597168	2243
4666.028320	2264
4670.459473	2294
4674.890625	2337
4679.321777	2337
4683.752930	2356
4688.184082	2391
4692.615234	2440
4697.046387	2493
4701.477539	2469
4705.908691	2493
4710.339844	2519
4714.770996	2547
4719.202148	2585
4723.633789	2597
4728.064941	2579
4732.496094	2625
4736.927246	2647
4741.358398	2615
4745.789551	2639
4750.220703	2693
4754.651855	2697
4759.083008	2726
4763.514160	2737
4767.945313	2753
4772.376465	2770
4776.807617	2785
4781.238770	2780
4785.669922	2761
4790.101074	2777
4794.532227	2770
4798.963379	2799
4803.394531	2835
4807.825684	2841
4812.256836	2824
4816.688477	2822
4821.119629	2815
4825.550781	2847
4829.981934	2821
4834.413086	2767
4838.844238	2748
4843.275391	2736
4847.706543	2729
4852.137695	2694
4856.568848	2630
4861.000000	2589
4865.431152	2591
4869.862305	2594
4874.293457	2615
4878.724609	2620
4883.155762	2677
4887.586914	2701
4892.018066	2684
4896.449219	2698
4900.880371	2735
4905.311523	2756
4909.743164	2773
4914.174316	2780
4918.605469	2804
4923.036621	2811
4927.467773	2806
4931.898926	2800
4936.330078	2803
4940.761230	2780
4945.192383	2811
4949.623535	2810
4954.054688	2767
4958.485840	2771
4962.916992	2793
4967.348145	2764
4971.779297	2776
4976.210449	2770
4980.641602	2730
4985.072754	2725
4989.503906	2762
4993.935059	2759
4998.366211	2743
5002.797852	2726
5007.229004	2728
5011.660156	2709
5016.091309	2709
5020.522461	2716
5024.953613	2704
5029.384766	2691
5033.815918	2667
5038.247070	2674
5042.678223	2664
5047.109375	2638
5051.540527	2651
5055.971680	2645
5060.402832	2623
5064.833984	2618
5069.265137	2644
5073.696289	2615
5078.127441	2598
5082.558594	2607
5086.989746	2609
5091.421387	2593
5095.852539	2610
5100.283691	2604
5104.714844	2586
5109.145996	2581
5113.577148	2582
5118.008301	2564
5122.439453	2592
5126.870605	2570
5131.301758	2546
5135.732910	2535
5140.164063	2521
5144.595215	2515
5149.026367	2509
5153.457520	2519
5157.888672	2514
5162.319824	2492
5166.750977	2491
5171.182129	2443
5175.613281	2474
5180.044434	2488
5184.476074	2445
5188.907227	2426
5193.338379	2422
5197.769531	2422
5202.200684	2429
5206.631836	2438
5211.062988	2429
5215.494141	2447
5219.925293	2415
5224.356445	2385
5228.787598	2369
5233.218750	2360
5237.649902	2333
5242.081055	2334
5246.512207	2339
5250.943359	2328
5255.374512	2350
5259.805664	2371
5264.236816	2353
5268.667969	2329
5273.099121	2301
5277.530762	2297
5281.961914	2329
5286.393066	2309
5290.824219	2283
5295.255371	2290
5299.686523	2271
5304.117676	2252
5308.548828	2270
5312.979980	2276
5317.411133	2278
5321.842285	2298
5326.273438	2255
5330.704590	2222
5335.135742	2255
5339.566895	2248
5343.998047	2216
5348.429199	2215
5352.860352	2212
5357.291504	2211
5361.722656	2183
5366.154297	2193
5370.585449	2199
5375.016602	2195
5379.447754	2189
5383.878906	2190
5388.310059	2172
5392.741211	2160
5397.172363	2148
5401.603516	2144
5406.034668	2149
5410.465820	2135
5414.896973	2122
5419.328125	2109
5423.759277	2106
5428.190430	2083
5432.621582	2095
5437.052734	2077
5441.483887	2098
5445.915039	2093
5450.346191	2060
5454.777344	2072
5459.208984	2048
5463.640137	2041
5468.071289	2040
5472.502441	2047
5476.933594	2016
5481.364746	2026
5485.795898	2032
5490.227051	2018
5494.658203	2015
5499.089355	2001
5503.520508	2009
5507.951660	2050
5512.382813	2037
5516.813965	2025
5521.245117	2021
5525.676270	1997
5530.107422	2022
5534.538574	2024
5538.969727	1980
5543.400879	1953
5547.832031	1940
5552.263672	1945
5556.694824	1933
5561.125977	1931
5565.557129	1945
5569.988281	1931
5574.419434	1918
5578.850586	1908
5583.281738	1906
5587.712891	1899
5592.144043	1888
5596.575195	1895
5601.006348	1883
5605.437500	1850
5609.868652	1873
5614.299805	1891
5618.730957	1878
5623.162109	1876
5627.593262	1867
5632.024414	1855
5636.455566	1862
5640.887207	1851
5645.318359	1859
5649.749512	1876
5654.180664	1876
5658.611816	1869
5663.042969	1861
5667.474121	1828
5671.905273	1837
5676.336426	1818
5680.767578	1813
5685.198730	1813
5689.629883	1828
5694.061035	1819
5698.492188	1786
5702.923340	1777
5707.354492	1756
5711.785645	1754
5716.216797	1749
5720.647949	1748
5725.079102	1749
5729.510254	1748
5733.941895	1747
5738.373047	1743
5742.804199	1744
5747.235352	1732
5751.666504	1745
5756.097656	1742
5760.528809	1743
5764.959961	1754
5769.391113	1773
5773.822266	1776
5778.253418	1780
5782.684570	1791
5787.115723	1786
5791.546875	1806
5795.978027	1793
5800.409180	1819
5804.840332	1847
5809.271484	1819
5813.702637	1815
5818.133789	1827
5822.564941	1842
5826.996582	1848
5831.427734	1855
5835.858887	1869
5840.290039	1868
5844.721191	1846
5849.152344	1852
5853.583496	1862
5858.014648	1834
5862.445801	1835
5866.876953	1831
5871.308105	1804
5875.739258	1815
5880.170410	1824
5884.601563	1786
5889.032715	1810
5893.463867	1809
5897.895020	1809
5902.326172	1814
5906.757324	1783
5911.188477	1785
5915.619629	1775
5920.051270	1769
5924.482422	1775
5928.913574	1783
5933.344727	1771
5937.775879	1745
5942.207031	1733
5946.638184	1746
5951.069336	1735
5955.500488	1713
5959.931641	1685
5964.362793	1675
5968.793945	1681
5973.225098	1690
5977.656250	1662
5982.087402	1658
5986.518555	1634
5990.949707	1626
5995.380859	1649
5999.812012	1650
6004.243164	1645
6008.674805	1649
6013.105957	1645
6017.537109	1654
6021.968262	1607
6026.399414	1580
6030.830566	1589
6035.261719	1567
6039.692871	1564
6044.124023	1534
6048.555176	1508
6052.986328	1521
6057.417480	1517
6061.848633	1498
6066.279785	1495
6070.710938	1515
6075.142090	1482
6079.573242	1433
6084.004395	1448
6088.435547	1442
6092.866699	1406
6097.297852	1413
6101.729492	1409
6106.160645	1418
6110.591797	1415
6115.022949	1387
6119.454102	1367
6123.885254	1359
6128.316406	1345
6132.747559	1329
6137.178711	1326
6141.609863	1333
6146.041016	1320
6150.472168	1318
6154.903320	1323
6159.334473	1305
6163.765625	1303
6168.196777	1301
6172.627930	1274
6177.059082	1280
6181.490234	1278
6185.921387	1261
6190.352539	1274
6194.784180	1277
6199.215332	1260
6203.646484	1272
6208.077637	1261
6212.508789	1229
6216.939941	1211
6221.371094	1213
6225.802246	1225
6230.233398	1223
6234.664551	1215
6239.095703	1222
6243.526855	1221
6247.958008	1214
6252.389160	1242
6256.820313	1224
6261.251465	1187
6265.682617	1186
6270.113770	1184
6274.544922	1191
6278.976074	1165
6283.407715	1149
6287.838867	1167
6292.270020	1165
6296.701172	1156
6301.132324	1167
6305.563477	1150
6309.994629	1155
6314.425781	1161
6318.856934	1180
6323.288086	1168
6327.719238	1162
6332.150391	1170
6336.581543	1132
6341.012695	1104
6345.443848	1115
6349.875000	1126
6354.306152	1130
6358.737305	1127
6363.168457	1135
6367.599609	1119
6372.030762	1134
6376.462402	1135
6380.893555	1140
6385.324707	1121
6389.755859	1108
6394.187012	1112
6398.618164	1096
6403.049316	1102
6407.480469	1109
6411.911621	1108
6416.342773	1101
6420.773926	1108
6425.205078	1100
6429.636230	1072
6434.067383	1099
6438.498535	1102
6442.929688	1108
6447.360840	1102
6451.791992	1097
6456.223145	1084
6460.654297	1081
6465.085449	1089
6469.517090	1084
6473.948242	1062
6478.379395	1054
6482.810547	1062
6487.241699	1064
6491.672852	1066
6496.104004	1049
6500.535156	1029
6504.966309	1046
6509.397461	1039
6513.828613	1063
6518.259766	1063
6522.690918	1056
6527.122070	1048
6531.553223	1030
6535.984375	1028
6540.415527	1021
6544.846680	990
6549.277832	947
6553.708984	928
6558.140625	907
6562.571777	923
6567.002930	964
6571.434082	968
6575.865234	964
6580.296387	995
6584.727539	985
6589.158691	978
6593.589844	985
6598.020996	1018
6602.452148	1016
6606.883301	1002
6611.314453	998
6615.745605	1039
6620.176758	1059
6624.607910	1052
6629.039063	1027
6633.470215	1014
6637.901367	1028
6642.332520	1052
6646.763672	1055
6651.195313	1045
6655.626465	1064
6660.057617	1042
6664.488770	1020
6668.919922	1015
6673.351074	1022
6677.782227	1034
6682.213379	1048
6686.644531	1047
6691.075684	1026
6695.506836	1033
6699.937988	1032
6704.369141	1018
6708.800293	1030
6713.231445	1018
6717.662598	1038
6722.093750	1024
6726.524902	1025
6730.956055	1040
6735.387207	1043
6739.818359	1048
6744.250000	1049
6748.681152	1038
6753.112305	1005
6757.543457	1019
6761.974609	1029
6766.405762	1028
6770.836914	1030
6775.268066	1023
6779.699219	1043
6784.130371	1040
6788.561523	1046
6792.992676	1048
6797.423828	1044
6801.854980	1047
6806.286133	1056
6810.717285	1017
6815.148438	1003
6819.579590	1048
6824.010742	1059
6828.441895	1050
6832.873047	1051
6837.304688	1033
6841.735840	1043
6846.166992	1060
6850.598145	1047
6855.029297	1013
6859.460449	966
6863.891602	931
6868.322754	939
6872.753906	962
6877.185059	1007
6881.616211	985
6886.047363	981
6890.478516	1003
6894.909668	992
6899.340820	997
6903.771973	984
6908.203125	973
6912.634277	981
6917.065430	1004
6921.496582	1026
6925.928223	1018
6930.359375	1029
6934.790527	1033
6939.221680	1016
6943.652832	992
6948.083984	1011
6952.515137	1026
6956.946289	1015
6961.377441	1017
6965.808594	1034
6970.239746	1003
6974.670898	1003
6979.102051	1029
6983.533203	1014
6987.964355	991
6992.395508	1012
6996.826660	1040
7001.257813	1017
7005.688965	1021
7010.120117	1015
7014.551270	1012
7018.982910	1022
7023.414063	1043
7027.845215	1025
7032.276367	1002
7036.707520	1003
7041.138672	1004
7045.569824	988
7050.000977	992
7054.432129	1004
7058.863281	990
7063.294434	1002
7067.725586	1008
7072.156738	987
7076.587891	990
7081.019043	995
7085.450195	988
7089.881348	1010
7094.312500	1021
7098.743652	1019
7103.174805	1020
7107.605957	999
7112.037598	978
7116.468750	978
7120.899902	971
7125.331055	1004
7129.762207	987
7134.193359	987
7138.624512	992
7143.055664	976
7147.486816	975
7151.917969	973
7156.349121	948
7160.780273	944
7165.211426	936
7169.642578	895
7174.073730	891
7178.504883	899
7182.936035	886
7187.367188	888
7191.798340	913
7196.229492	910
7200.661133	905
7205.092285	910
7209.523438	931
7213.954590	921
7218.385742	912
7222.816895	894
7227.248047	881
7231.679199	885
7236.110352	867
7240.541504	861
7244.972656	865
7249.403809	854
7253.834961	857
7258.266113	862
7262.697266	878
7267.128418	858
7271.559570	840
7275.990723	840
7280.421875	867
7284.853027	863
7289.284180	849
7293.715820	861
7298.146973	865
7302.578125	847
7307.009277	870
7311.440430	869
7315.871582	853
7320.302734	828
7324.733887	826
7329.165039	870
7333.596191	877
7338.027344	868
7342.458496	861
7346.889648	857
7351.320801	853
7355.751953	845
7360.183105	860
7364.614258	862
7369.045410	847
7373.476563	839
7377.907715	809
7382.338867	804
7386.770508	820
7391.201660	811
7395.632813	811
7400.063965	818
7404.495117	828
7408.926270	841
7413.357422	830
7417.788574	826
7422.219727	825
7426.650879	826
7431.082031	818
7435.513184	802
7439.944336	800
7444.375488	795
7448.806641	780
7453.237793	763
7457.668945	774
7462.100098	793
7466.531250	802
7470.962402	801
7475.394043	791
7479.825195	799
7484.256348	792
7488.687500	786
7493.118652	770
7497.549805	765
7501.980957	770
7506.412109	763
7510.843262	770
7515.274414	759
7519.705566	744
7524.136719	740
7528.567871	766
7532.999023	755
7537.430176	743
7541.861328	735
7546.292480	727
7550.723633	729
7555.154785	716
7559.585938	720
7564.017090	716
7568.448730	723
7572.879883	717
7577.311035	690
7581.742188	646
7586.173340	632
7590.604492	622
7595.035645	605
7599.466797	603
7603.897949	608
7608.329102	607
7612.760254	610
7617.191406	611
7621.622559	626
7626.053711	619
7630.484863	607
7634.916016	622
7639.347168	624
7643.778320	616
7648.209473	610
7652.640625	611
7657.071777	622
7661.503418	625
7665.934570	621
7670.365723	630
7674.796875	639
7679.228027	648
7683.659180	651
7688.090332	630
7692.521484	625
7696.952637	647
7701.383789	625
7705.814941	628
7710.246094	638
7714.677246	630
7719.108398	619
7723.539551	623
7727.970703	638
7732.401855	634
7736.833008	616
7741.264160	621
7745.695313	629
7750.126953	628
7754.558105	627
7758.989258	635
7763.420410	633
7767.851563	617
7772.282715	592
7776.713867	587
7781.145020	593
7785.576172	593
7790.007324	591
7794.438477	597
7798.869629	591
7803.300781	578
7807.731934	573
7812.163086	588
7816.594238	578
7821.025391	573
7825.456543	578
7829.887695	588
7834.318848	575
7838.750000	566
7843.181641	585
7847.612793	587
7852.043945	568
7856.475098	563
7860.906250	580
7865.337402	552
7869.768555	540
7874.199707	549
7878.630859	547
7883.062012	544
7887.493164	539
7891.924316	549
7896.355469	544
7900.786621	542
7905.217773	556
7909.648926	554
7914.080078	553
7918.511230	545
7922.942383	544
7927.373535	551
7931.804688	545
7936.236328	557
7940.667480	561
7945.098633	556
7949.529785	559
7953.960938	571
7958.392090	580
7962.823242	564
7967.254395	565
7971.685547	565
7976.116699	554
7980.547852	569
7984.979004	564
7989.410156	562
7993.841309	561
7998.272461	569
8002.703613	578
8007.134766	568
8011.565918	573
8015.997070	561
8020.428223	554
8024.859375	564
8029.291016	567
8033.722168	568
8038.153320	562
8042.584473	548
8047.015625	538
8051.446777	546
8055.877930	554
8060.309082	563
8064.740234	558
8069.171387	550
8073.602539	539
8078.033691	526
8082.464844	535
8086.895996	541
8091.327148	543
8095.758301	554
8100.189453	549
8104.620605	541
8109.051758	538
8113.482910	542
8117.914551	530
8122.345703	526
8126.776855	533
8131.208008	534
8135.639160	525
8140.070313	515
8144.501465	527
8148.932617	551
8153.363770	534
8157.794922	532
8162.226074	536
8166.657227	550
8171.088379	532
8175.519531	526
8179.950684	507
8184.381836	509
8188.812988	523
8193.244141	519
8197.675781	521
8202.106445	513
8206.538086	501
8210.968750	502
8215.400391	496
8219.831055	497
8224.262695	507
8228.693359	510
8233.125000	517
8237.555664	508
8241.987305	507
8246.417969	515
8250.849609	499
8255.281250	494
8259.711914	499
8264.143555	495
8268.574219	492
8273.005859	485
8277.436523	490
8281.868164	521
8286.298828	527
8290.730469	502
8295.161133	499
8299.592773	502
8304.023438	493
8308.455078	495
8312.885742	522
8317.317383	525
8321.748047	510
8326.179688	507
8330.610352	526
8335.041992	527
8339.472656	506
8343.904297	515
8348.335938	515
8352.766602	513
8357.198242	512
8361.628906	519
8366.060547	516
8370.491211	505
8374.922852	501
8379.353516	522
8383.785156	534
8388.215820	524
8392.647461	528
8397.078125	520
8401.509766	509
8405.940430	512
8410.372070	519
8414.802734	532
8419.234375	520
8423.665039	512
8428.096680	519
8432.527344	523
8436.958984	532
8441.390625	533
8445.821289	520
8450.252930	509
8454.683594	516
8459.115234	513
8463.545898	503
8467.977539	520
8472.408203	535
8476.839844	537
8481.270508	515
8485.702148	525
8490.132813	531
8494.564453	536
8498.995117	523
8503.426758	527
8507.857422	535
8512.289063	526
8516.719727	500
8521.151367	502
8525.582031	523
8530.013672	524
8534.445313	515
8538.875977	513
8543.307617	528
8547.738281	526
8552.169922	509
8556.600586	512
8561.032227	512
8565.462891	527
8569.894531	525
8574.325195	524
8578.756836	526
8583.187500	526
8587.619141	516
8592.049805	523
8596.481445	520
8600.912109	512
8605.343750	509
8609.774414	509
8614.206055	511
8618.636719	515
8623.068359	513
8627.500000	526
8631.930664	524
8636.362305	492
8640.792969	486
8645.224609	514
8649.655273	507
8654.086914	503
8658.517578	506
8662.949219	498
8667.379883	489
8671.811523	512
8676.242188	492
8680.673828	482
8685.104492	496
8689.536133	497
8693.966797	479
8698.398438	494
8702.829102	483
8707.260742	491
8711.691406	488
8716.123047	487
8720.554688	482
8724.985352	481
8729.416992	489
8733.847656	495
8738.279297	496
8742.709961	481
8747.141602	485
8751.572266	491
8756.003906	476
8760.434570	478
8764.866211	498
8769.296875	491
8773.728516	487
8778.159180	489
8782.590820	475
8787.021484	469
8791.453125	481
8795.883789	491
8800.315430	500
8804.746094	490
8809.177734	492
8813.609375	486
8818.040039	502
8822.471680	500
8826.902344	498
8831.333984	489
8835.764648	488
8840.196289	482
8844.626953	480
8849.058594	499
8853.489258	499
8857.920898	489
8862.351563	488
8866.783203	492
8871.213867	487
8875.645508	497
8880.076172	492
8884.507813	488
8888.938477	486
8893.370117	493
8897.801758	490
8902.232422	502
8906.664063	496
8911.094727	480
8915.526367	474
8919.957031	479
8924.388672	490
8928.819336	481
8933.250977	479
8937.681641	490
8942.113281	489
8946.543945	478
8950.975586	487
8955.406250	492
8959.837891	501
8964.268555	483
8968.700195	479
8973.130859	479
8977.562500	485
8981.993164	489
8986.424805	490
8990.856445	483
8995.287109	477
8999.718750	485
9004.149414	483
9008.581055	482
9013.011719	487
9017.443359	482
9021.874023	477
9026.305664	484
9030.736328	475
9035.167969	473
9039.598633	489
9044.030273	498
9048.460938	496
9052.892578	493
9057.323242	483
9061.754883	496
9066.185547	478
9070.617188	466
9075.047852	472
9079.479492	482
9083.911133	509
9088.341797	504
9092.773438	498
9097.204102	490
9101.635742	487
9106.066406	497
9110.498047	476
9114.928711	482
9119.360352	484
9123.791016	486
9128.222656	490
9132.653320	504
9137.084961	496
9141.515625	479
9145.947266	469
9150.377930	473
9154.809570	495
9159.240234	499
9163.671875	488
9168.102539	493
9172.534180	490
9176.965820	497
9181.396484	489
9185.828125	499
9190.258789	496
9194.690430	488
9199.121094	477
9203.552734	472
9207.983398	488
9212.415039	501
9216.845703	502
9221.277344	490
9225.708008	481
9230.139648	484
9234.570313	485
9239.001953	475
9243.432617	487
9247.864258	499
9252.294922	487
9256.726563	485
9261.157227	475
9265.588867	484
9270.020508	502
9274.451172	494
9278.882813	495
9283.313477	497
9287.745117	492
9292.175781	494
9296.607422	492
9301.038086	497
9305.469727	494
9309.900391	492
9314.332031	500
9318.762695	500
9323.194336	489
9327.625000	481
9332.056641	489
9336.487305	487
9340.918945	492
9345.349609	486
9349.781250	491
9354.211914	491
9358.643555	485
9363.075195	484
9367.505859	484
9371.937500	490
9376.368164	498
9380.799805	496
9385.230469	477
9389.662109	482
9394.092773	477
9398.524414	483
9402.955078	475
9407.386719	471
9411.817383	477
9416.249023	477
9420.679688	492
9425.111328	492
9429.541992	498
9433.973633	493
9438.404297	493
9442.835938	485
9447.267578	493
9451.698242	497
9456.129883	485
9460.560547	475
9464.992188	487
9469.422852	489
9473.854492	482
9478.285156	483
9482.716797	483
9487.147461	483
9491.579102	494
9496.009766	504
9500.441406	504
9504.872070	502
9509.303711	490
9513.734375	486
9518.166016	487
9522.596680	500
9527.028320	494
9531.458984	491
9535.890625	489
9540.322266	497
9544.752930	513
9549.184570	505
9553.615234	483
9558.046875	487
9562.477539	487
9566.909180	483
9571.339844	509
9575.771484	502
9580.202148	507
9584.633789	513
9589.064453	512
9593.496094	513
9597.926758	501
9602.358398	501
9606.789063	518
9611.220703	529
9615.651367	514
9620.083008	500
9624.513672	503
9628.945313	504
9633.376953	506
9637.807617	502
9642.239258	506
9646.669922	494
9651.101563	486
9655.532227	490
9659.963867	499
9664.394531	493
9668.826172	505
9673.256836	486
9677.688477	496
9682.119141	497
9686.550781	492
9690.981445	503
9695.413086	516
9699.843750	510
9704.275391	502
9708.706055	501
9713.137695	508
9717.568359	499
9722.000000	499
9726.431641	490
9730.862305	478
9735.293945	484
9739.724609	485
9744.156250	499
9748.586914	505
9753.018555	501
9757.449219	510
9761.880859	508
9766.311523	508
9770.743164	504
9775.173828	494
9779.605469	509
9784.036133	488
9788.467773	492
9792.898438	498
9797.330078	496
9801.760742	508
9806.192383	518
9810.623047	512
9815.054688	505
9819.486328	496
9823.916992	494
9828.348633	499
9832.779297	494
9837.210938	499
9841.641602	499
9846.073242	498
9850.503906	494
9854.935547	500
9859.366211	513
9863.797852	506
9868.228516	506
9872.660156	495
9877.090820	497
9881.522461	495
9885.953125	487
9890.384766	493
9894.815430	504
9899.247070	518
9903.677734	508
9908.109375	507
9912.541016	505
9916.971680	504
9921.403320	509
9925.833984	515
9930.265625	527
9934.696289	506
9939.127930	497
9943.558594	508
9947.990234	510
9952.420898	515
9956.852539	506
9961.283203	506
9965.714844	503
9970.145508	504
9974.577148	501
9979.007813	510
9983.439453	523
9987.870117	515
9992.301758	508
9996.732422	508
10001.164063	512
10005.595703	519
10010.026367	504
10014.458008	495
10018.888672	509
10023.320313	510
10027.750977	501
10032.182617	500
10036.613281	506
10041.044922	491
10045.475586	500
10049.907227	497
10054.337891	490
10058.769531	484
10063.200195	509
10067.631836	510
10072.062500	515
10076.494141	528
10080.924805	513
10085.356445	514
10089.788086	517
10094.218750	515
10098.650391	495
10103.081055	482
10107.512695	488
10111.943359	495
10116.375000	508
10120.805664	514
10125.237305	510
10129.667969	505
10134.099609	506
10138.530273	507
10142.961914	509
10147.392578	514
10151.824219	521
10156.254883	519
10160.686523	508
10165.117188	504
10169.548828	493
10173.979492	479
10178.411133	494
10182.842773	501
10187.273438	504
10191.705078	510
10196.135742	490
10200.567383	495
10204.998047	495
10209.429688	486
10213.860352	481
10218.291992	498
10222.722656	499
10227.154297	475
10231.584961	497
10236.016602	513
10240.447266	506
10244.878906	498
10249.309570	508
10253.741211	508
10258.171875	501
10262.603516	520
10267.034180	507
10271.465820	490
10275.897461	498
10280.328125	487
10284.759766	493
10289.190430	496
10293.622070	470
10298.052734	477
10302.484375	479
10306.915039	488
10311.346680	485
10315.777344	483
10320.208984	472
10324.639648	463
10329.071289	446
10333.501953	445
10337.933594	451
10342.364258	448
10346.795898	448
10351.226563	453
10355.658203	440
10360.088867	447
10364.520508	443
10368.952148	458
10373.382813	440
10377.814453	435
10382.245117	435
10386.676758	429
10391.107422	423
10395.539063	425
10399.969727	423
10404.401367	416
10408.832031	403
10413.263672	413
10417.694336	412
10422.125977	410
10426.556641	405
10430.988281	400
10435.418945	390
10439.850586	385
10444.281250	398
10448.712891	390
10453.143555	380
10457.575195	369
10462.006836	385
10466.437500	384
10470.869141	381
10475.299805	381
10479.731445	375
10484.162109	373
10488.593750	371
10493.024414	365
10497.456055	360
10501.886719	363
10506.318359	360
10510.749023	360
10515.180664	349
10519.611328	348
10524.042969	345
10528.473633	337
10532.905273	334
10537.335938	330
10541.767578	325
10546.198242	315
10550.629883	308
10555.061523	303
10559.492188	289
10563.923828	287
10568.354492	275
10572.786133	268
10577.216797	268
10581.648438	274
10586.079102	271
10590.510742	261
10594.941406	250
10599.373047	243
10603.803711	244
10608.235352	239
10612.666016	236
10617.097656	230
10621.528320	230
10625.959961	226
10630.390625	217
10634.822266	223
10639.253906	234
10643.684570	227
10648.116211	214
10652.546875	209
10656.978516	204
10661.409180	212
10665.840820	212
10670.271484	213
10674.703125	199
10679.133789	190
10683.565430	197
10687.996094	201
10692.427734	189
10696.858398	190
10701.290039	185
10705.720703	179
10710.152344	182
10714.583008	168
10719.014648	169
10723.445313	165
10727.876953	161
10732.308594	168
10736.739258	168
10741.170898	158
10745.601563	160
10750.033203	152
10754.463867	141
10758.895508	142
10763.326172	146
10767.757813	141
10772.188477	141
10776.620117	148
10781.050781	137
10785.482422	131
10789.913086	131
10794.344727	133
10798.775391	125
10803.207031	116
10807.637695	116
10812.069336	121
10816.500000	119
10820.931641	117
10825.363281	105
10829.793945	97
10834.225586	101
10838.656250	98
10843.087891	99
10847.518555	96
10851.950195	89
10856.380859	91
10860.812500	88
10865.243164	75
10869.674805	74
10874.105469	74
10878.537109	71
10882.967773	69
10887.399414	66
10891.830078	69
10896.261719	64
10900.692383	54
10905.124023	54
10909.554688	50
10913.986328	52
10918.417969	47
10922.848633	45
10927.280273	44
10931.710938	39
10936.142578	30
10940.573242	29
10945.004883	29
10949.435547	28
10953.867188	25
10958.297852	20
10962.729492	16
10967.160156	13
10971.591797	14
10976.022461	9
10980.454102	6
10984.884766	4
10989.316406	2
10993.747070	0
10998.178711	0
11002.609375	0
11007.041016	0
11011.472656	0
11015.903320	0
11020.334961	0
11024.765625	0
11029.197266	0
11033.627930	0
11038.059570	0
11042.490234	0
11046.921875	0
11051.352539	0
11055.784180	0
11060.214844	0
11064.646484	0
11069.077148	0
11073.508789	0
11077.939453	0
11082.371094	0
11086.801758	0
11091.233398	0
11095.664063	0
11100.095703	0
11104.527344	0
11108.958008	0
11113.389648	0
11117.820313	0
11122.251953	0
11126.682617	0
11131.114258	0
11135.544922	0
11139.976563	0
11144.407227	0
11148.838867	0
11153.269531	0
11157.701172	0
11162.131836	0
11166.563477	0
11170.994141	0
11175.425781	0
11179.856445	0
11184.288086	0
11188.718750	0
11193.150391	0
11197.582031	0
11202.012695	0
11206.444336	0
11210.875000	0
11215.306641	0
11219.737305	0
11224.168945	0
11228.599609	0
11233.031250	0
11237.461914	0
11241.893555	0
11246.324219	0
11250.755859	0
11255.186523	0
11259.618164	0
11264.048828	0
11268.480469	0
11272.911133	0
11277.342773	0
11281.774414	0
11286.205078	0
11290.636719	0
11295.067383	0
11299.499023	0
11303.929688	0
11308.361328	0
11312.791992	0
11317.223633	0
11321.654297	0
11326.085938	0
11330.516602	0
11334.948242	0
11339.378906	0
11343.810547	0
11348.241211	0
11352.672852	0
11357.103516	0
11361.535156	0
11365.965820	0
11370.397461	0
11374.829102	0
11379.259766	0
11383.691406	0
11388.122070	0
11392.553711	0
11396.984375	0
11401.416016	0
11405.846680	0
11410.278320	0
11414.708984	0
11419.140625	0
11423.571289	0
11428.002930	0
11432.433594	0
11436.865234	0
11441.295898	0
11445.727539	0
11450.158203	0
11454.589844	0
11459.020508	0
11463.452148	0
11467.883789	0
11472.314453	0
11476.746094	0
11481.176758	0
11485.608398	0
11490.039063	0
11494.470703	0
11498.901367	0
11503.333008	0
11507.763672	0
11512.195313	0
11516.625977	0
11521.057617	0
11525.488281	0
11529.919922	0
11534.350586	0
11538.782227	0
11543.212891	0
11547.644531	0
11552.075195	0
11556.506836	0
11560.938477	0
11565.369141	0
11569.800781	0
11574.231445	0
11578.663086	0
11583.093750	0
11587.525391	0
11591.956055	0
11596.387695	0
11600.818359	0
11605.250000	0
11609.680664	0
11614.112305	0
11618.542969	0
11622.974609	0
11627.405273	0
11631.836914	0
11636.267578	0
11640.699219	0
11645.129883	0
11649.561523	0
11653.993164	0
11658.423828	0
11662.855469	0
11667.286133	0
11671.717773	0
11676.148438	0
11680.580078	0
11685.010742	0
11689.442383	0
11693.873047	0
11698.304688	0
11702.735352	0
11707.166992	0
11711.597656	0
11716.029297	0
11720.459961	0
11724.891602	0
11729.322266	0
11733.753906	0
11738.184570	0
11742.616211	0
11747.047852	0
11751.478516	0
11755.910156	0
11760.340820	0
11764.772461	0
11769.203125	0
11773.634766	0
11778.065430	0
11782.497070	0
11786.927734	0
11791.359375	0
11795.790039	0
11800.221680	0
11804.652344	0
11809.083984	0
11813.514648	0
11817.946289	0
11822.376953	0
11826.808594	0
11831.239258	0
11835.670898	0
11840.102539	0
11844.533203	0
11848.964844	0
11853.395508	0
11857.827148	0
11862.257813	0
11866.689453	0
11871.120117	0
11875.551758	0
11879.982422	0
11884.414063	0
11888.844727	0
11893.276367	0
11897.707031	0
11902.138672	0
11906.569336	0
11911.000977	0
11915.431641	0
11919.863281	0
11924.294922	0
11928.725586	0
11933.157227	0
11937.587891	0
11942.019531	0
11946.450195	0
11950.881836	0
11955.312500	0
11959.744141	0
11964.174805	0
11968.606445	0
11973.037109	0
11977.468750	0
11981.899414	0
11986.331055	0
11990.761719	0
11995.193359	0
11999.624023	0
12004.055664	0
12008.486328	0
12012.917969	0
12017.349609	0
12021.780273	0
12026.211914	0
12030.642578	0
12035.074219	0
12039.504883	0
12043.936523	0
12048.367188	0
12052.798828	0
12057.229492	0
12061.661133	0
12066.091797	0
12070.523438	0
12074.954102	0
12079.385742	0
12083.816406	0
12088.248047	0
12092.678711	0
12097.110352	0
12101.541016	0
12105.972656	0
12110.404297	0
12114.834961	0
12119.266602	0
12123.697266	0
12128.128906	0
12132.559570	0
12136.991211	0
12141.421875	0
12145.853516	0
12150.284180	0
12154.715820	0
12159.146484	0
12163.578125	0
12168.008789	0
12172.440430	0
12176.871094	0
12181.302734	0
12185.733398	0
12190.165039	0
12194.595703	0
12199.027344	0
12203.458984	0
12207.889648	0
12212.321289	0
12216.751953	0
12221.183594	0
12225.614258	0
12230.045898	0
12234.476563	0
12238.908203	0
12243.338867	0
12247.770508	0
12252.201172	0
12256.632813	0
12261.063477	0
12265.495117	0
12269.925781	0
12274.357422	0
12278.788086	0
12283.219727	0
12287.650391	0
12292.082031	0
12296.513672	0
12300.944336	0
12305.375977	0
12309.806641	0
12314.238281	0
12318.668945	0
12323.100586	0
12327.531250	0
12331.962891	0
12336.393555	0
12340.825195	0
12345.255859	0
12349.687500	0
12354.118164	0
12358.549805	0
12362.980469	0
12367.412109	0
12371.842773	0
12376.274414	0
12380.705078	0
12385.136719	0
12389.568359	0
12393.999023	0
12398.430664	0
12402.861328	0
12407.292969	0
12411.723633	0
12416.155273	0
12420.585938	0
12425.017578	0
12429.448242	0
12433.879883	0
12438.310547	0
12442.742188	0
12447.172852	0
12451.604492	0
12456.035156	0
12460.466797	0
12464.897461	0
12469.329102	0
12473.760742	0
12478.191406	0
12482.623047	0
12487.053711	0
12491.485352	0
12495.916016	0
12500.347656	0
12504.778320	0
12509.209961	0
12513.640625	0
12518.072266	0
12522.502930	0
12526.934570	0
12531.365234	0
12535.796875	0
12540.227539	0
12544.659180	0
12549.089844	0
12553.521484	0
12557.952148	0
12562.383789	0
12566.815430	0
12571.246094	0
12575.677734	0
12580.108398	0
12584.540039	0
12588.970703	0
12593.402344	0
12597.833008	0
12602.264648	0
12606.695313	0
12611.126953	0
12615.557617	0
12619.989258	0
12624.419922	0
12628.851563	0
12633.282227	0
12637.713867	0
12642.144531	0
12646.576172	0
12651.006836	0
12655.438477	0
12659.870117	0
12664.300781	0
12668.732422	0
12673.163086	0
12677.594727	0
12682.025391	0
12686.457031	0
12690.887695	0
12695.319336	0
12699.750000	0
12704.181641	0
12708.612305	0
12713.043945	0
12717.474609	0
12721.906250	0
12726.336914	0
12730.768555	0
12735.199219	0
12739.630859	0
12744.061523	0
12748.493164	0
12752.924805	0
12757.355469	0
12761.787109	0
12766.217773	0
12770.649414	0
12775.080078	0
12779.511719	0
12783.942383	0
12788.374023	0
12792.804688	0
12797.236328	0
12801.666992	0
12806.098633	0
12810.529297	0
12814.960938	0
12819.391602	0
12823.823242	0
12828.253906	0
12832.685547	0
12837.116211	0
12841.547852	0
12845.979492	0
12850.410156	0
12854.841797	0
12859.272461	0
12863.704102	0
12868.134766	0
12872.566406	0
12876.997070	0
12881.428711	0
12885.859375	0
12890.291016	0
12894.721680	0
12899.153320	0
12903.583984	0
12908.015625	0
12912.446289	0
12916.877930	0
12921.308594	0
12925.740234	0
12930.170898	0
12934.602539	0
12939.034180	0
12943.464844	0
12947.896484	0
12952.327148	0
12956.758789	0
12961.189453	0
12965.621094	0
12970.051758	0
12974.483398	0
12978.914063	0
12983.345703	0
12987.776367	0
12992.208008	0
12996.638672	0
13001.070313	0
13005.500977	0
13009.932617	0
13014.363281	0
13018.794922	0
13023.225586	0
13027.657227	0
13032.088867	0
13036.519531	0
13040.951172	0
13045.381836	0
13049.813477	0
13054.244141	0
13058.675781	0
13063.106445	0
13067.538086	0
13071.968750	0
13076.400391	0
13080.831055	0
13085.262695	0
13089.693359	0
13094.125000	0
13098.555664	0
13102.987305	0
13107.417969	0
13111.849609	0
13116.281250	0
13120.711914	0
13125.143555	0
13129.574219	0
13134.005859	0
13138.436523	0
13142.868164	0
13147.298828	0
13151.730469	0
13156.161133	0
13160.592773	0
13165.023438	0
13169.455078	0
13173.885742	0
13178.317383	0
13182.748047	0
13187.179688	0
13191.610352	0
13196.041992	0
13200.472656	0
13204.904297	0
13209.335938	0
13213.766602	0
13218.198242	0
13222.628906	0
13227.060547	0
13231.491211	0
13235.922852	0
13240.353516	0
13244.785156	0
13249.215820	0
13253.647461	0
13258.078125	0
13262.509766	0
13266.940430	0
13271.372070	0
13275.802734	0
13280.234375	0
13284.665039	0
13289.096680	0
13293.527344	0
13297.958984	0
13302.390625	0
13306.821289	0
13311.252930	0
13315.683594	0
13320.115234	0
13324.545898	0
13328.977539	0
13333.408203	0
13337.839844	0
13342.270508	0
13346.702148	0
13351.132813	0
13355.564453	0
13359.995117	0
13364.426758	0
13368.857422	0
13373.289063	0
13377.719727	0
13382.151367	0
13386.582031	0
13391.013672	0
13395.445313	0
13399.875977	0
13404.307617	0
13408.738281	0
13413.169922	0
13417.600586	0
13422.032227	0
13426.462891	0
13430.894531	0
13435.325195	0
13439.756836	0
13444.187500	0
13448.619141	0
13453.049805	0
13457.481445	0
13461.912109	0
13466.343750	0
13470.774414	0
13475.206055	0
13479.636719	0
13484.068359	0
13488.500000	0
13492.930664	0
13497.362305	0
