-3319.165527	0
-3314.722168	0
-3310.278809	0
-3305.835449	0
-3301.392090	0
-3296.948730	0
-3292.505371	0
-3288.062256	0
-3283.618896	0
-3279.175537	0
-3274.732178	0
-3270.288818	0
-3265.845459	0
-3261.402100	0
-3256.958984	0
-3252.515625	0
-3248.072266	0
-3243.628906	0
-3239.185547	0
-3234.742188	0
-3230.298828	0
-3225.855469	0
-3221.412354	0
-3216.968994	0
-3212.525635	0
-3208.082275	0
-3203.638916	0
-3199.195557	0
-3194.752197	0
-3190.308838	0
-3185.865723	0
-3181.422363	0
-3176.979004	0
-3172.535645	0
-3168.092285	0
-3163.648926	0
-3159.205566	0
-3154.762451	0
-3150.319092	0
-3145.875732	0
-3141.432373	0
-3136.989014	0
-3132.545654	0
-3128.102295	0
-3123.658936	0
-3119.215820	0
-3114.772461	0
-3110.329102	0
-3105.885742	0
-3101.442383	0
-3096.999023	0
-3092.555664	0
-3088.112549	0
-3083.669189	0
-3079.225830	0
-3074.782471	0
-3070.339111	0
-3065.895752	0
-3061.452393	0
-3057.009033	0
-3052.565918	0
-3048.122559	0
-3043.679199	0
-3039.235840	0
-3034.792480	0
-3030.349121	0
-3025.905762	0
-3021.462402	0
-3017.019287	0
-3012.575928	0
-3008.132568	0
-3003.689209	0
-2999.245850	0
-2994.802490	0
-2990.359131	0
-2985.916016	0
-2981.472656	0
-2977.029297	0
-2972.585938	0
-2968.142578	0
-2963.699219	0
-2959.255859	0
-2954.812500	0
-2950.369385	0
-2945.926025	0
-2941.482666	0
-2937.039307	0
-2932.595947	0
-2928.152588	0
-2923.709229	0
-2919.266113	0
-2914.822754	0
-2910.379395	0
-2905.936035	0
-2901.492676	0
-2897.049316	0
-2892.605957	0
-2888.162598	0
-2883.719482	0
-2879.276123	0
-2874.832764	0
-2870.389404	0
-2865.946045	0
-2861.502686	0
-2857.059326	0
-2852.615967	0
-2848.172852	0
-2843.729492	0
-2839.286133	0
-2834.842773	0
-2830.399414	0
-2825.956055	0
-2821.512695	0
-2817.069580	0
-2812.626221	0
-2808.182861	0
-2803.739502	0
-2799.296143	0
-2794.852783	0
-2790.409424	0
-2785.966064	0
-2781.522949	0
-2777.079590	0
-2772.636230	0
-2768.192871	0
-2763.749512	0
-2759.306152	0
-2754.862793	0
-2750.419678	0
-2745.976318	0
-2741.532959	0
-2737.089600	0
-2732.646240	0
-2728.202881	0
-2723.759521	0
-2719.316162	0
-2714.873047	0
-2710.429688	0
-2705.986328	0
-2701.542969	0
-2697.099609	0
-2692.656250	0
-2688.212891	0
-2683.769531	0
-2679.326416	0
-2674.883057	0
-2670.439697	0
-2665.996338	0
-2661.552979	0
-2657.109619	0
-2652.666260	0
-2648.223145	0
-2643.779785	0
-2639.336426	0
-2634.893066	0
-2630.449707	0
-2626.006348	0
-2621.562988	0
-2617.119629	0
-2612.676514	0
-2608.233154	0
-2603.789795	0
-2599.346436	0
-2594.903076	0
-2590.459717	0
-2586.016357	0
-2581.573242	0
-2577.129883	0
-2572.686523	0
-2568.243164	0
-2563.799805	0
-2559.356445	0
-2554.913086	0
-2550.469727	0
-2546.026611	0
-2541.583252	0
-2537.139893	0
-2532.696533	0
-2528.253174	0
-2523.809814	0
-2519.366455	0
-2514.923096	0
-2510.479980	0
-2506.036621	0
-2501.593262	0
-2497.149902	0
-2492.706543	0
-2488.263184	0
-2483.819824	0
-2479.376709	0
-2474.933350	0
-2470.489990	0
-2466.046631	0
-2461.603271	0
-2457.159912	0
-2452.716553	0
-2448.273193	0
-2443.830078	0
-2439.386719	0
-2434.943359	0
-2430.500000	0
-2426.056641	0
-2421.613281	0
-2417.169922	0
-2412.726807	0
-2408.283447	0
-2403.840088	0
-2399.396729	0
-2394.953369	0
-2390.510010	0
-2386.066650	0
-2381.623291	0
-2377.180176	0
-2372.736816	0
-2368.293457	0
-2363.850098	0
-2359.406738	0
-2354.963379	0
-2350.520020	0
-2346.076904	0
-2341.633545	0
-2337.190186	0
-2332.746826	0
-2328.303467	0
-2323.860107	0
-2319.416748	0
-2314.973389	0
-2310.530273	0
-2306.086914	0
-2301.643555	0
-2297.200195	0
-2292.756836	0
-2288.313477	0
-2283.870117	0
-2279.426758	0
-2274.983643	0
-2270.540283	0
-2266.096924	0
-2261.653564	0
-2257.210205	0
-2252.766846	0
-2248.323486	0
-2243.880371	0
-2239.437012	0
-2234.993652	0
-2230.550293	0
-2226.106934	0
-2221.663574	0
-2217.220215	0
-2212.776855	0
-2208.333740	0
-2203.890381	0
-2199.447021	0
-2195.003662	0
-2190.560303	0
-2186.116943	0
-2181.673584	0
-2177.230469	0
-2172.787109	0
-2168.343750	0
-2163.900391	0
-2159.457031	0
-2155.013672	0
-2150.570313	0
-2146.126953	0
-2141.683838	0
-2137.240479	0
-2132.797119	0
-2128.353760	0
-2123.910400	0
-2119.467041	0
-2115.023682	0
-2110.580322	0
-2106.137207	0
-2101.693848	0
-2097.250488	0
-2092.807129	0
-2088.363770	0
-2083.920410	0
-2079.477051	0
-2075.033936	0
-2070.590576	0
-2066.147217	0
-2061.703857	0
-2057.260498	0
-2052.817139	0
-2048.373779	0
-2043.930542	0
-2039.487183	0
-2035.043823	0
-2030.600586	0
-2026.157227	0
-2021.713867	0
-2017.270508	0
-2012.827271	0
-2008.383911	0
-2003.940552	0
-1999.497314	0
-1995.053955	0
-1990.610596	0
-1986.167236	0
-1981.723999	0
-1977.280640	0
-1972.837280	2
-1968.393921	3
-1963.950684	5
-1959.507324	7
-1955.063965	15
-1950.620605	18
-1946.177368	14
-1941.734009	14
-1937.290649	16
-1932.847290	19
-1928.404053	23
-1923.960693	20
-1919.517334	21
-1915.074097	27
-1910.630737	22
-1906.187378	25
-1901.744019	24
-1897.300781	25
-1892.857422	32
-1888.414063	35
-1883.970703	33
-1879.527466	32
-1875.084106	33
-1870.640747	37
-1866.197388	40
-1861.754150	36
-1857.310791	41
-1852.867432	40
-1848.424072	45
-1843.980835	56
-1839.537476	53
-1835.094116	54
-1830.650879	61
-1826.207520	64
-1821.764160	59
-1817.320801	67
-1812.877563	54
-1808.434204	62
-1803.990845	75
-1799.547485	67
-1795.104248	56
-1790.660889	65
-1786.217529	82
-1781.774170	72
-1777.330933	76
-1772.887573	82
-1768.444214	89
-1764.000854	90
-1759.557617	84
-1755.114258	81
-1750.670898	76
-1746.227661	87
-1741.784302	84
-1737.340942	88
-1732.897583	92
-1728.454346	101
-1724.010986	96
-1719.567627	92
-1715.124268	106
-1710.681030	103
-1706.237671	107
-1701.794312	111
-1697.350952	103
-1692.907715	92
-1688.464355	106
-1684.020996	111
-1679.577637	116
-1675.134399	109
-1670.691040	115
-1666.247681	122
-1661.804443	124
-1657.361084	126
-1652.917725	130
-1648.474365	127
-1644.031128	132
-1639.587769	133
-1635.144409	121
-1630.701050	130
-1626.257813	133
-1621.814453	129
-1617.371094	132
-1612.927734	134
-1608.484497	134
-1604.041138	135
-1599.597778	141
-1595.154419	144
-1590.711182	152
-1586.267822	163
-1581.824463	157
-1577.381226	146
-1572.937866	150
-1568.494507	156
-1564.051147	156
-1559.607910	155
-1555.164551	170
-1550.721191	159
-1546.277832	167
-1541.834595	162
-1537.391235	170
-1532.947876	171
-1528.504517	172
-1524.061279	177
-1519.617920	170
-1515.174561	166
-1510.731201	163
-1506.287964	183
-1501.844604	175
-1497.401245	179
-1492.958008	186
-1488.514648	195
-1484.071289	180
-1479.627930	175
-1475.184692	192
-1470.741333	199
-1466.297974	208
-1461.854614	196
-1457.411377	187
-1452.968018	187
-1448.524658	206
-1444.081299	213
-1439.638062	204
-1435.194702	195
-1430.751343	209
-1426.307983	224
-1421.864746	222
-1417.421387	209
-1412.978027	213
-1408.534790	223
-1404.091431	219
-1399.648071	216
-1395.204712	214
-1390.761475	216
-1386.318115	207
-1381.874756	216
-1377.431396	223
-1372.988159	206
-1368.544800	208
-1364.101440	214
-1359.658081	219
-1355.214844	241
-1350.771484	233
-1346.328125	216
-1341.884766	220
-1337.441528	214
-1332.998169	188
-1328.554810	197
-1324.111572	214
-1319.668213	204
-1315.224854	209
-1310.781494	216
-1306.338257	213
-1301.894897	217
-1297.451538	226
-1293.008179	226
-1288.564941	224
-1284.121582	225
-1279.678223	201
-1275.234863	189
-1270.791626	199
-1266.348267	214
-1261.904907	205
-1257.461548	193
-1253.018311	205
-1248.574951	205
-1244.131592	211
-1239.688354	216
-1235.244995	226
-1230.801636	240
-1226.358276	225
-1221.915039	225
-1217.471680	226
-1213.028320	223
-1208.584961	224
-1204.141724	225
-1199.698364	203
-1195.255005	202
-1190.811646	206
-1186.368408	218
-1181.925049	224
-1177.481689	216
-1173.038452	222
-1168.595093	212
-1164.151733	203
-1159.708374	212
-1155.265137	212
-1150.821777	210
-1146.378418	220
-1141.935059	220
-1137.491821	213
-1133.048462	223
-1128.605103	221
-1124.161743	213
-1119.718506	214
-1115.275146	209
-1110.831787	215
-1106.388428	220
-1101.945190	217
-1097.501831	217
-1093.058472	224
-1088.615234	235
-1084.171875	227
-1079.728516	224
-1075.285156	207
-1070.841919	215
-1066.398560	209
-1061.955200	210
-1057.511841	218
-1053.068604	215
-1048.625244	215
-1044.181885	212
-1039.738525	217
-1035.295288	219
-1030.851929	214
-1026.408569	219
-1021.965271	225
-1017.521912	215
-1013.078613	220
-1008.635254	224
-1004.191956	229
-999.748657	228
-995.305298	239
-990.862000	229
-986.418640	220
-981.975342	219
-977.531982	197
-973.088684	212
-968.645325	236
-964.202026	232
-959.758667	228
-955.315369	230
-950.872009	216
-946.428711	205
-941.985352	206
-937.542053	205
-933.098694	215
-928.655396	218
-924.212036	220
-919.768738	223
-915.325439	216
-910.882080	228
-906.438782	214
-901.995422	221
-897.552124	231
-893.108765	225
-888.665466	235
-884.222107	229
-879.778809	224
-875.335449	226
-870.892151	224
-866.448792	230
-862.005493	242
-857.562134	230
-853.118835	212
-848.675476	218
-844.232178	229
-839.788818	236
-835.345520	227
-830.902222	222
-826.458862	223
-822.015564	224
-817.572205	222
-813.128906	205
-808.685547	212
-804.242249	231
-799.798889	247
-795.355591	240
-790.912231	232
-786.468933	222
-782.025574	219
-777.582275	220
-773.138916	227
-768.695618	236
-764.252258	229
-759.808960	237
-755.365601	242
-750.922302	226
-746.479004	218
-742.035645	223
-737.592346	240
-733.148987	231
-728.705688	232
-724.262329	227
-719.819031	225
-715.375671	229
-710.932373	235
-706.489014	238
-702.045715	230
-697.602356	234
-693.159058	223
-688.715698	226
-684.272400	223
-679.829041	235
-675.385742	239
-670.942383	246
-666.499084	244
-662.055786	231
-657.612427	241
-653.169128	250
-648.725769	244
-644.282471	240
-639.839111	235
-635.395813	233
-630.952454	230
-626.509155	232
-622.065796	227
-617.622498	239
-613.179138	236
-608.735840	231
-604.292480	226
-599.849182	231
-595.405823	241
-590.962524	239
-586.519226	247
-582.075867	235
-577.632568	237
-573.189209	225
-568.745911	233
-564.302551	249
-559.859253	249
-555.415894	239
-550.972595	237
-546.529236	247
-542.085938	244
-537.642578	250
-533.199280	264
-528.755920	280
-524.312622	251
-519.869263	234
-515.425964	235
-510.982635	256
-506.539307	240
-502.095978	244
-497.652649	239
-493.209320	250
-488.765991	257
-484.322662	253
-479.879333	248
-475.436005	263
-470.992676	256
-466.549347	256
-462.106018	261
-457.662720	253
-453.219391	255
-448.776062	243
-444.332733	248
-439.889404	270
-435.446075	268
-431.002747	264
-426.559418	258
-422.116089	255
-417.672760	257
-413.229431	259
-408.786102	270
-404.342773	269
-399.899445	271
-395.456116	292
-391.012787	289
-386.569458	283
-382.126129	283
-377.682800	276
-373.239502	276
-368.796173	283
-364.352844	276
-359.909515	266
-355.466187	278
-351.022858	285
-346.579529	281
-342.136200	281
-337.692871	304
-333.249542	305
-328.806213	314
-324.362885	298
-319.919556	315
-315.476227	314
-311.032898	318
-306.589569	319
-302.146240	311
-297.702911	319
-293.259613	331
-288.816284	339
-284.372955	348
-279.929626	353
-275.486298	350
-271.042969	356
-266.599640	366
-262.156311	387
-257.712982	399
-253.269653	405
-248.826324	432
-244.382996	435
-239.939667	446
-235.496338	462
-231.053009	462
-226.609695	473
-222.166367	509
-217.723038	528
-213.279709	543
-208.836380	568
-204.393051	627
-199.949722	664
-195.506393	701
-191.063065	745
-186.619751	778
-182.176422	840
-177.733093	909
-173.289764	986
-168.846436	1063
-164.403107	1147
-159.959778	1276
-155.516449	1429
-151.073120	1578
-146.629807	1762
-142.186478	1967
-137.743149	2229
-133.299820	2558
-128.856491	2869
-124.413162	3243
-119.969833	3740
-115.526505	4396
-111.083183	5198
-106.639854	6108
-102.196526	7196
-97.753197	8182
-93.309875	8970
-88.866547	9598
-84.423218	10179
-79.979889	10653
-75.536560	11091
-71.093239	11512
-66.649910	11853
-62.206581	12177
-57.763252	12444
-53.319927	12696
-48.876598	12958
-44.433273	13143
-39.989944	13296
-35.546619	13410
-31.103291	13560
-26.659964	13739
-22.216637	13815
-17.773310	13829
-13.329982	13818
-8.886655	13840
-4.443327	13844
0.000000	13823
4.443327	13762
8.886655	13683
13.329982	13576
17.773310	13416
22.216637	13254
26.659964	13099
31.103291	12899
35.546619	12610
39.989944	12218
44.433273	11839
48.876598	11435
53.319927	10912
57.763252	10327
62.206581	9655
66.649910	8776
71.093239	7738
75.536560	6561
79.979889	5589
84.423218	4823
88.866547	4144
93.309875	3535
97.753197	3002
102.196526	2648
106.639854	2328
111.083183	2047
115.526505	1870
119.969833	1683
124.413162	1482
128.856491	1337
133.299820	1238
137.743149	1126
142.186478	1033
146.629807	938
151.073120	874
155.516449	846
159.959778	775
164.403107	719
168.846436	667
173.289764	607
177.733093	593
182.176422	591
186.619751	570
191.063065	540
195.506393	499
199.949722	481
204.393051	474
208.836380	448
213.279709	441
217.723038	409
222.166367	406
226.609695	410
231.053009	405
235.496338	390
239.939667	375
244.382996	378
248.826324	358
253.269653	342
257.712982	343
262.156311	345
266.599640	355
271.042969	326
275.486298	307
279.929626	314
284.372955	326
288.816284	311
293.259613	305
297.702911	310
302.146240	311
306.589569	310
311.032898	298
315.476227	294
319.919556	292
324.362885	291
328.806213	289
333.249542	299
337.692871	294
342.136200	297
346.579529	278
351.022858	261
355.466187	275
359.909515	269
364.352844	289
368.796173	287
373.239502	291
377.682800	279
382.126129	279
386.569458	281
391.012787	264
395.456116	281
399.899445	270
404.342773	262
408.786102	266
413.229431	258
417.672760	268
422.116089	274
426.559418	268
431.002747	271
435.446075	254
439.889404	253
444.332733	263
448.776062	288
453.219391	274
457.662720	258
462.106018	270
466.549347	262
470.992676	258
475.436005	263
479.879333	271
484.322662	269
488.765991	274
493.209320	246
497.652649	251
502.095978	252
506.539307	248
510.982635	244
515.425964	260
519.869263	260
524.312622	254
528.755920	263
533.199280	254
537.642578	264
542.085938	267
546.529236	264
550.972595	262
555.415894	248
559.859253	263
564.302551	268
568.745911	264
573.189209	265
577.632568	262
582.075867	263
586.519226	265
590.962524	245
595.405823	243
599.849182	240
604.292480	253
608.735840	261
613.179138	260
617.622498	253
622.065796	240
626.509155	255
630.952454	256
635.395813	267
639.839111	258
644.282471	248
648.725769	255
653.169128	248
657.612427	255
662.055786	249
666.499084	251
670.942383	269
675.385742	266
679.829041	254
684.272400	252
688.715698	243
693.159058	242
697.602356	253
702.045715	270
706.489014	249
710.932373	235
715.375671	237
719.819031	244
724.262329	247
728.705688	250
733.148987	261
737.592346	257
742.035645	248
746.479004	231
750.922302	236
755.365601	255
759.808960	244
764.252258	239
768.695618	245
773.138916	254
777.582275	245
782.025574	234
786.468933	231
790.912231	249
795.355591	253
799.798889	244
804.242249	248
808.685547	243
813.128906	229
817.572205	241
822.015564	252
826.458862	248
830.902222	245
835.345520	245
839.788818	245
844.232178	250
848.675476	254
853.118835	256
857.562134	256
862.005493	264
866.448792	274
870.892151	261
875.335449	261
879.778809	260
884.222107	263
888.665466	266
893.108765	256
897.552124	266
901.995422	262
906.438782	260
910.882080	259
915.325439	268
919.768738	247
924.212036	255
928.655396	236
933.098694	255
937.542053	252
941.985352	254
946.428711	245
950.872009	251
955.315369	250
959.758667	253
964.202026	250
968.645325	251
973.088684	263
977.531982	259
981.975342	254
986.418640	255
990.862000	262
995.305298	258
999.748657	256
1004.191956	245
1008.635254	241
1013.078613	243
1017.521912	243
1021.965271	249
1026.408569	241
1030.851929	251
1035.295288	259
1039.738525	260
1044.181885	259
1048.625244	240
1053.068604	238
1057.511841	242
1061.955200	239
1066.398560	241
1070.841919	255
1075.285156	250
1079.728516	247
1084.171875	243
1088.615234	257
1093.058472	260
1097.501831	241
1101.945190	244
1106.388428	250
1110.831787	260
1115.275146	254
1119.718506	260
1124.161743	261
1128.605103	256
1133.048462	262
1137.491821	260
1141.935059	269
1146.378418	273
1150.821777	262
1155.265137	274
1159.708374	265
1164.151733	266
1168.595093	269
1173.038452	260
1177.481689	240
1181.925049	253
1186.368408	255
1190.811646	260
1195.255005	259
1199.698364	262
1204.141724	256
1208.584961	258
1213.028320	243
1217.471680	228
1221.915039	242
1226.358276	240
1230.801636	251
1235.244995	246
1239.688354	253
1244.131592	258
1248.574951	262
1253.018311	260
1257.461548	264
1261.904907	254
1266.348267	246
1270.791626	258
1275.234863	258
1279.678223	249
1284.121582	258
1288.564941	272
1293.008179	276
1297.451538	270
1301.894897	262
1306.338257	270
1310.781494	250
1315.224854	257
1319.668213	277
1324.111572	276
1328.554810	256
1332.998169	253
1337.441528	280
1341.884766	279
1346.328125	252
1350.771484	246
1355.214844	246
1359.658081	253
1364.101440	274
1368.544800	280
1372.988159	274
1377.431396	268
1381.874756	270
1386.318115	272
1390.761475	259
1395.204712	259
1399.648071	260
1404.091431	260
1408.534790	269
1412.978027	268
1417.421387	252
1421.864746	265
1426.307983	266
1430.751343	260
1435.194702	254
1439.638062	255
1444.081299	247
1448.524658	236
1452.968018	240
1457.411377	244
1461.854614	248
1466.297974	259
1470.741333	260
1475.184692	255
1479.627930	268
1484.071289	282
1488.514648	272
1492.958008	261
1497.401245	257
1501.844604	270
1506.287964	265
1510.731201	260
1515.174561	264
1519.617920	274
1524.061279	247
1528.504517	245
1532.947876	261
1537.391235	271
1541.834595	276
1546.277832	275
1550.721191	253
1555.164551	266
1559.607910	277
1564.051147	264
1568.494507	260
1572.937866	251
1577.381226	268
1581.824463	272
1586.267822	263
1590.711182	271
1595.154419	277
1599.597778	274
1604.041138	267
1608.484497	269
1612.927734	255
1617.371094	243
1621.814453	247
1626.257813	256
1630.701050	277
1635.144409	265
1639.587769	264
1644.031128	257
1648.474365	267
1652.917725	259
1657.361084	249
1661.804443	252
1666.247681	263
1670.691040	277
1675.134399	256
1679.577637	249
1684.020996	248
1688.464355	261
1692.907715	257
1697.350952	268
1701.794312	279
1706.237671	278
1710.681030	264
1715.124268	267
1719.567627	278
1724.010986	277
1728.454346	280
1732.897583	264
1737.340942	261
1741.784302	273
1746.227661	274
1750.670898	278
1755.114258	286
1759.557617	266
1764.000854	252
1768.444214	264
1772.887573	289
1777.330933	267
1781.774170	255
1786.217529	262
1790.660889	269
1795.104248	265
1799.547485	265
1803.990845	250
1808.434204	272
1812.877563	271
1817.320801	264
1821.764160	279
1826.207520	265
1830.650879	275
1835.094116	273
1839.537476	277
1843.980835	261
1848.424072	262
1852.867432	264
1857.310791	268
1861.754150	267
1866.197388	255
1870.640747	263
1875.084106	270
1879.527466	272
1883.970703	256
1888.414063	251
1892.857422	267
1897.300781	274
1901.744019	282
1906.187378	261
1910.630737	264
1915.074097	274
1919.517334	276
1923.960693	279
1928.404053	274
1932.847290	278
1937.290649	264
1941.734009	264
1946.177368	276
1950.620605	262
1955.063965	266
1959.507324	279
1963.950684	286
1968.393921	282
1972.837280	296
1977.280640	275
1981.723999	283
1986.167236	282
1990.610596	288
1995.053955	285
1999.497314	282
2003.940552	304
2008.383911	297
2012.827271	274
2017.270508	281
2021.713867	281
2026.157227	260
2030.600586	265
2035.043823	275
2039.487183	275
2043.930542	260
2048.373779	279
2052.817139	276
2057.260498	262
2061.703857	260
2066.147217	260
2070.590576	276
2075.033936	278
2079.477051	267
2083.920410	270
2088.363770	266
2092.807129	267
2097.250488	274
2101.693848	282
2106.137207	271
2110.580322	285
2115.023682	282
2119.467041	273
2123.910400	264
2128.353760	273
2132.797119	291
2137.240479	286
2141.683838	273
2146.126953	281
2150.570313	279
2155.013672	267
2159.457031	270
2163.900391	276
2168.343750	275
2172.787109	275
2177.230469	282
2181.673584	291
2186.116943	282
2190.560303	295
2195.003662	280
2199.447021	274
2203.890381	268
2208.333740	263
2212.776855	274
2217.220215	275
2221.663574	261
2226.106934	253
2230.550293	280
2234.993652	283
2239.437012	261
2243.880371	262
2248.323486	273
2252.766846	277
2257.210205	277
2261.653564	256
2266.096924	263
2270.540283	268
2274.983643	258
2279.426758	275
2283.870117	267
2288.313477	271
2292.756836	277
2297.200195	270
2301.643555	281
2306.086914	281
2310.530273	268
2314.973389	267
2319.416748	279
2323.860107	277
2328.303467	281
2332.746826	279
2337.190186	278
2341.633545	277
2346.076904	283
2350.520020	272
2354.963379	269
2359.406738	270
2363.850098	293
2368.293457	302
2372.736816	301
2377.180176	294
2381.623291	286
2386.066650	276
2390.510010	276
2394.953369	278
2399.396729	286
2403.840088	272
2408.283447	281
2412.726807	279
2417.169922	264
2421.613281	274
2426.056641	280
2430.500000	293
2434.943359	302
2439.386719	284
2443.830078	269
2448.273193	273
2452.716553	279
2457.159912	297
2461.603271	283
2466.046631	291
2470.489990	286
2474.933350	269
2479.376709	278
2483.819824	275
2488.263184	284
2492.706543	295
2497.149902	295
2501.593262	297
2506.036621	304
2510.479980	296
2514.923096	290
2519.366455	293
2523.809814	275
2528.253174	289
2532.696533	300
2537.139893	285
2541.583252	273
2546.026611	281
2550.469727	272
2554.913086	290
2559.356445	294
2563.799805	300
2568.243164	288
2572.686523	272
2577.129883	275
2581.573242	285
2586.016357	294
2590.459717	290
2594.903076	280
2599.346436	294
2603.789795	288
2608.233154	293
2612.676514	297
2617.119629	296
2621.562988	289
2626.006348	275
2630.449707	288
2634.893066	290
2639.336426	299
2643.779785	293
2648.223145	278
2652.666260	279
2657.109619	265
2661.552979	273
2665.996338	287
2670.439697	283
2674.883057	293
2679.326416	296
2683.769531	296
2688.212891	282
2692.656250	273
2697.099609	276
2701.542969	283
2705.986328	281
2710.429688	267
2714.873047	278
2719.316162	274
2723.759521	267
2728.202881	258
2732.646240	282
2737.089600	285
2741.532959	266
2745.976318	272
2750.419678	283
2754.862793	285
2759.306152	277
2763.749512	281
2768.192871	306
2772.636230	290
2777.079590	275
2781.522949	274
2785.966064	290
2790.409424	298
2794.852783	288
2799.296143	277
2803.739502	294
2808.182861	297
2812.626221	266
2817.069580	277
2821.512695	296
2825.956055	293
2830.399414	289
2834.842773	276
2839.286133	281
2843.729492	262
2848.172852	275
2852.615967	280
2857.059326	277
2861.502686	267
2865.946045	283
2870.389404	288
2874.832764	281
2879.276123	281
2883.719482	288
2888.162598	289
2892.605957	287
2897.049316	299
2901.492676	308
2905.936035	295
2910.379395	287
2914.822754	292
2919.266113	289
2923.709229	291
2928.152588	300
2932.595947	294
2937.039307	285
2941.482666	294
2945.926025	301
2950.369385	281
2954.812500	296
2959.255859	301
2963.699219	319
2968.142578	285
2972.585938	287
2977.029297	286
2981.472656	288
2985.916016	306
2990.359131	293
2994.802490	288
2999.245850	286
3003.689209	296
3008.132568	284
3012.575928	276
3017.019287	286
3021.462402	276
3025.905762	276
3030.349121	294
3034.792480	288
3039.235840	285
3043.679199	286
3048.122559	273
3052.565918	275
3057.009033	271
3061.452393	279
3065.895752	279
3070.339111	281
3074.782471	272
3079.225830	272
3083.669189	278
3088.112549	275
3092.555664	268
3096.999023	281
3101.442383	279
3105.885742	281
3110.329102	276
3114.772461	282
3119.215820	286
3123.658936	293
3128.102295	299
3132.545654	302
3136.989014	304
3141.432373	297
3145.875732	274
3150.319092	274
3154.762451	289
3159.205566	288
3163.648926	285
3168.092285	297
3172.535645	279
3176.979004	262
3181.422363	285
3185.865723	296
3190.308838	285
3194.752197	296
3199.195557	302
3203.638916	304
3208.082275	301
3212.525635	285
3216.968994	300
3221.412354	300
3225.855469	300
3230.298828	295
3234.742188	288
3239.185547	291
3243.628906	277
3248.072266	290
3252.515625	276
3256.958984	278
3261.402100	282
3265.845459	302
3270.288818	301
3274.732178	292
3279.175537	282
3283.618896	299
3288.062256	290
3292.505371	297
3296.948730	298
3301.392090	293
3305.835449	289
3310.278809	286
3314.722168	284
3319.165527	288
3323.608887	293
3328.052002	280
3332.495361	276
3336.938721	287
3341.382080	299
3345.825439	301
3350.268799	287
3354.712158	290
3359.155273	287
3363.598633	285
3368.041992	288
3372.485352	287
3376.928711	291
3381.372070	290
3385.815430	281
3390.258789	293
3394.701904	285
3399.145264	281
3403.588623	283
3408.031982	302
3412.475342	311
3416.918701	315
3421.362061	294
3425.805420	285
3430.248535	290
3434.691895	290
3439.135254	297
3443.578613	304
3448.021973	303
3452.465332	305
3456.908691	312
3461.351807	310
3465.795166	319
3470.238525	320
3474.681885	302
3479.125244	283
3483.568604	307
3488.011963	312
3492.455322	308
3496.898438	325
3501.341797	305
3505.785156	304
3510.228516	313
3514.671875	319
3519.115234	317
3523.558594	309
3528.001709	316
3532.445068	316
3536.888428	319
3541.331787	320
3545.775146	329
3550.218506	331
3554.661865	325
3559.105225	323
3563.548340	315
3567.991699	319
3572.435059	334
3576.878418	333
3581.321777	329
3585.765137	332
3590.208496	327
3594.651855	355
3599.094971	365
3603.538330	352
3607.981689	349
3612.425049	360
3616.868408	360
3621.311768	362
3625.755127	375
3630.198242	367
3634.641602	391
3639.084961	413
3643.528320	421
3647.971680	395
3652.415039	387
3656.858398	420
3661.301758	443
3665.744873	445
3670.188232	456
3674.631592	456
3679.074951	457
3683.518311	463
3687.961670	464
3692.405029	487
3696.848145	512
3701.291504	537
3705.734863	554
3710.178223	565
3714.621582	571
3719.064941	603
3723.508301	619
3727.951660	630
3732.394775	668
3736.838135	727
3741.281494	727
3745.724854	748
3750.168213	764
3754.611572	800
3759.054932	850
3763.498291	886
3767.941406	897
3772.384766	929
3776.828125	999
3781.271484	1073
3785.714844	1095
3790.158203	1128
3794.601563	1171
3799.044678	1246
3803.488037	1328
3807.931396	1383
3812.374756	1414
3816.818115	1464
3821.261475	1552
3825.704834	1611
3830.148193	1678
3834.591309	1765
3839.034668	1806
3843.478027	1864
3847.921387	1990
3852.364746	2098
3856.808105	2137
3861.251465	2153
3865.694580	2239
3870.137939	2317
3874.581299	2368
3879.024658	2392
3883.468018	2370
3887.911377	2445
3892.354736	2516
3896.798096	2561
3901.241211	2644
3905.684570	2697
3910.127930	2705
3914.571289	2707
3919.014648	2732
3923.458008	2773
3927.901367	2818
3932.344727	2869
3936.787842	2872
3941.231201	2885
3945.674561	2893
3950.117920	2917
3954.561279	2966
3959.004639	2995
3963.447998	3040
3967.891113	3120
3972.334473	3149
3976.777832	3157
3981.221191	3213
3985.664551	3247
3990.107910	3287
3994.551270	3337
3998.994629	3369
4003.437744	3384
4007.881104	3397
4012.324463	3433
4016.767822	3482
4021.211182	3478
4025.654541	3487
4030.097900	3524
4034.541016	3531
4038.984375	3504
4043.427734	3502
4047.871094	3492
4052.314453	3449
4056.757813	3402
4061.201172	3420
4065.644531	3407
4070.087646	3418
4074.531006	3378
4078.974365	3385
4083.417725	3395
4087.861084	3399
4092.304443	3423
4096.747559	3394
4101.190918	3399
4105.634277	3449
4110.077637	3462
4114.520996	3460
4118.964355	3485
4123.407715	3513
4127.851074	3545
4132.294434	3582
4136.737793	3558
4141.181152	3574
4145.624512	3616
4150.067871	3623
4154.510742	3596
4158.954102	3576
4163.397461	3581
4167.840820	3597
4172.284180	3593
4176.727539	3561
4181.170898	3556
4185.614258	3565
4190.057617	3563
4194.500977	3578
4198.944336	3569
4203.387695	3577
4207.831055	3570
4212.274414	3538
4216.717773	3532
4221.160645	3543
4225.604004	3535
4230.047363	3538
4234.490723	3541
4238.934082	3500
4243.377441	3509
4247.820801	3528
4252.264160	3513
4256.707520	3533
4261.150879	3521
4265.594238	3486
4270.037598	3457
4274.480957	3460
4278.924316	3447
4283.367676	3454
4287.810547	3460
4292.253906	3436
4296.697266	3409
4301.140625	3404
4305.583984	3413
4310.027344	3404
4314.470703	3393
4318.914063	3437
4323.357422	3451
4327.800781	3454
4332.244141	3507
4336.687500	3523
4341.130859	3540
4345.574219	3562
4350.017578	3609
4354.460938	3624
4358.903809	3620
4363.347168	3637
4367.790527	3684
4372.233887	3714
4376.677246	3745
4381.120605	3763
4385.563965	3802
4390.007324	3855
4394.450684	3831
4398.894043	3826
4403.337402	3828
4407.780762	3861
4412.224121	3911
4416.667480	3929
4421.110840	3925
4425.553711	3925
4429.997070	3925
4434.440430	3933
4438.883789	3949
4443.327148	3988
4447.770508	3991
4452.213867	3965
4456.657227	3984
4461.100586	3969
4465.543945	3985
4469.987305	3994
4474.430664	3985
4478.874023	3991
4483.317383	3989
4487.760742	3979
4492.203613	3955
4496.646973	3949
4501.090332	3958
4505.533691	3975
4509.977051	3963
4514.420410	3944
4518.863770	3947
4523.307129	3972
4527.750488	3965
4532.193848	3970
4536.637207	3964
4541.080566	3939
4545.523926	3985
4549.967285	4014
4554.410645	4001
4558.853516	4025
4563.296875	4022
4567.740234	4088
4572.183594	4139
4576.626953	4165
4581.070313	4192
4585.513672	4203
4589.957031	4175
4594.400391	4181
4598.843750	4260
4603.287109	4323
4607.730469	4371
4612.173828	4367
4616.617188	4383
4621.060547	4479
4625.503418	4568
4629.946777	4597
4634.390137	4641
4638.833496	4714
4643.276855	4827
4647.720215	4932
4652.163574	4980
4656.606934	5041
4661.050293	5134
4665.493652	5183
4669.937012	5263
4674.380371	5331
4678.823730	5454
4683.267090	5567
4687.710449	5649
4692.153809	5789
4696.596680	5912
4701.040039	5970
4705.483398	6045
4709.926758	6162
4714.370117	6299
4718.813477	6384
4723.256836	6476
4727.700195	6580
4732.143555	6580
4736.586914	6647
4741.030273	6710
4745.473633	6781
4749.916992	6846
4754.360352	6907
4758.803711	6931
4763.246582	6998
4767.689941	7021
4772.133301	7062
4776.576660	7099
4781.020020	7139
4785.463379	7168
4789.906738	7220
4794.350098	7255
4798.793457	7259
4803.236816	7272
4807.680176	7261
4812.123535	7304
4816.566895	7293
4821.010254	7278
4825.453613	7284
4829.896484	7250
4834.339844	7266
4838.783203	7301
4843.226563	7303
4847.669922	7295
4852.113281	7290
4856.556641	7299
4861.000000	7310
4865.443359	7330
4869.886719	7330
4874.330078	7319
4878.773438	7309
4883.216797	7304
4887.660156	7384
4892.103516	7389
4896.546387	7413
4900.989746	7438
4905.433105	7454
4909.876465	7457
4914.319824	7463
4918.763184	7509
4923.206543	7525
4927.649902	7518
4932.093262	7549
4936.536621	7564
4940.979980	7561
4945.423340	7553
4949.866699	7556
4954.310059	7598
4958.753418	7587
4963.196289	7546
4967.639648	7555
4972.083008	7563
4976.526367	7540
4980.969727	7513
4985.413086	7516
4989.856445	7535
4994.299805	7512
4998.743164	7506
5003.186523	7509
5007.629883	7487
5012.073242	7479
5016.516602	7454
5020.959961	7494
5025.403320	7463
5029.846191	7417
5034.289551	7428
5038.732910	7470
5043.176270	7429
5047.619629	7381
5052.062988	7355
5056.506348	7369
5060.949707	7378
5065.393066	7417
5069.836426	7398
5074.279785	7344
5078.723145	7349
5083.166504	7406
5087.609863	7394
5092.053223	7354
5096.496582	7377
5100.939453	7329
5105.382813	7271
5109.826172	7222
5114.269531	7203
5118.712891	7190
5123.156250	7214
5127.599609	7211
5132.042969	7167
5136.486328	7145
5140.929688	7148
5145.373047	7117
5149.816406	7045
5154.259766	7009
5158.703125	7032
5163.146484	7041
5167.589355	7056
5172.032715	7035
5176.476074	6991
5180.919434	6930
5185.362793	6916
5189.806152	6887
5194.249512	6869
5198.692871	6863
5203.136230	6844
5207.579590	6776
5212.022949	6728
5216.466309	6745
5220.909668	6712
5225.353027	6698
5229.796387	6713
5234.239258	6671
5238.682617	6671
5243.125977	6670
5247.569336	6611
5252.012695	6603
5256.456055	6592
5260.899414	6608
5265.342773	6618
5269.786133	6565
5274.229492	6491
5278.672852	6431
5283.116211	6410
5287.559570	6406
5292.002930	6394
5296.446289	6382
5300.889160	6340
5305.332520	6340
5309.775879	6349
5314.219238	6362
5318.662598	6342
5323.105957	6338
5327.549316	6333
5331.992676	6269
5336.436035	6248
5340.879395	6269
5345.322754	6245
5349.766113	6241
5354.209473	6240
5358.652832	6159
5363.096191	6138
5367.539063	6176
5371.982422	6188
5376.425781	6192
5380.869141	6139
5385.312500	6076
5389.755859	6073
5394.199219	6093
5398.642578	6130
5403.085938	6066
5407.529297	6015
5411.972656	5990
5416.416016	6046
5420.859375	6025
5425.302734	5971
5429.746094	5960
5434.189453	5972
5438.632324	5995
5443.075684	5949
5447.519043	5901
5451.962402	5918
5456.405762	5897
5460.849121	5878
5465.292480	5837
5469.735840	5816
5474.179199	5815
5478.622559	5750
5483.065918	5747
5487.509277	5773
5491.952637	5820
5496.395996	5798
5500.839355	5774
5505.282227	5787
5509.725586	5739
5514.168945	5716
5518.612305	5769
5523.055664	5735
5527.499023	5677
5531.942383	5620
5536.385742	5583
5540.829102	5615
5545.272461	5620
5549.715820	5619
5554.159180	5611
5558.602539	5570
5563.045898	5572
5567.489258	5616
5571.932129	5616
5576.375488	5594
5580.818848	5591
5585.262207	5528
5589.705566	5515
5594.148926	5467
5598.592285	5445
5603.035645	5419
5607.479004	5436
5611.922363	5410
5616.365723	5389
5620.809082	5362
5625.252441	5357
5629.695801	5377
5634.139160	5358
5638.582031	5370
5643.025391	5373
5647.468750	5356
5651.912109	5352
5656.355469	5324
5660.798828	5292
5665.242188	5282
5669.685547	5263
5674.128906	5253
5678.572266	5251
5683.015625	5257
5687.458984	5282
5691.902344	5271
5696.345703	5221
5700.789063	5178
5705.231934	5206
5709.675293	5216
5714.118652	5160
5718.562012	5152
5723.005371	5200
5727.448730	5166
5731.892090	5178
5736.335449	5182
5740.778809	5111
5745.222168	5121
5749.665527	5151
5754.108887	5182
5758.552246	5215
5762.995605	5234
5767.438965	5239
5771.882324	5246
5776.325195	5299
5780.768555	5321
5785.211914	5356
5789.655273	5339
5794.098633	5328
5798.541992	5349
5802.985352	5453
5807.428711	5482
5811.872070	5424
5816.315430	5456
5820.758789	5509
5825.202148	5519
5829.645508	5521
5834.088867	5475
5838.532227	5491
5842.975098	5535
5847.418457	5518
5851.861816	5456
5856.305176	5450
5860.748535	5452
5865.191895	5449
5869.635254	5461
5874.078613	5448
5878.521973	5405
5882.965332	5387
5887.408691	5365
5891.852051	5348
5896.295410	5356
5900.738770	5337
5905.182129	5335
5909.625000	5288
5914.068359	5242
5918.511719	5265
5922.955078	5262
5927.398438	5238
5931.841797	5210
5936.285156	5150
5940.728516	5148
5945.171875	5127
5949.615234	5069
5954.058594	5018
5958.501953	5032
5962.945313	5059
5967.388672	4972
5971.832031	4971
5976.274902	4966
5980.718262	4883
5985.161621	4837
5989.604980	4838
5994.048340	4811
5998.491699	4765
6002.935059	4740
6007.378418	4743
6011.821777	4701
6016.265137	4659
6020.708496	4620
6025.151855	4591
6029.595215	4505
6034.038574	4482
6038.481934	4425
6042.924805	4427
6047.368164	4449
6051.811523	4409
6056.254883	4353
6060.698242	4291
6065.141602	4221
6069.584961	4194
6074.028320	4166
6078.471680	4102
6082.915039	4131
6087.358398	4170
6091.801758	4131
6096.245117	4071
6100.688477	4023
6105.131836	4000
6109.575195	3992
6114.018066	3938
6118.461426	3857
6122.904785	3884
6127.348145	3916
6131.791504	3898
6136.234863	3795
6140.678223	3756
6145.121582	3739
6149.564941	3724
6154.008301	3721
6158.451660	3631
6162.895020	3631
6167.338379	3633
6171.781738	3590
6176.225098	3587
6180.667969	3624
6185.111328	3594
6189.554688	3531
6193.998047	3523
6198.441406	3551
6202.884766	3505
6207.328125	3436
6211.771484	3463
6216.214844	3478
6220.658203	3472
6225.101563	3415
6229.544922	3364
6233.988281	3351
6238.431641	3385
6242.875000	3367
6247.317871	3373
6251.761230	3401
6256.204590	3343
6260.647949	3290
6265.091309	3258
6269.534668	3278
6273.978027	3328
6278.421387	3337
6282.864746	3303
6287.308105	3235
6291.751465	3230
6296.194824	3260
6300.638184	3278
6305.081543	3242
6309.524902	3245
6313.967773	3231
6318.411133	3202
6322.854492	3202
6327.297852	3169
6331.741211	3145
6336.184570	3161
6340.627930	3177
6345.071289	3215
6349.514648	3241
6353.958008	3209
6358.401367	3190
6362.844727	3145
6367.288086	3123
6371.731445	3138
6376.174805	3109
6380.617676	3081
6385.061035	3091
6389.504395	3088
6393.947754	3072
6398.391113	3077
6402.834473	3047
6407.277832	3023
6411.721191	3011
6416.164551	3059
6420.607910	3088
6425.051270	3054
6429.494629	3080
6433.937988	3083
6438.381348	3031
6442.824707	3024
6447.268066	3011
6451.710938	2944
6456.154297	2947
6460.597656	2974
6465.041016	2971
6469.484375	2983
6473.927734	2979
6478.371094	2935
6482.814453	2947
6487.257813	2939
6491.701172	2893
6496.144531	2880
6500.587891	2869
6505.031250	2865
6509.474609	2898
6513.917969	2900
6518.360840	2883
6522.804199	2874
6527.247559	2868
6531.690918	2822
6536.134277	2795
6540.577637	2796
6545.020996	2807
6549.464355	2802
6553.907715	2772
6558.351074	2760
6562.794434	2826
6567.237793	2827
6571.681152	2811
6576.124512	2777
6580.567871	2772
6585.010742	2802
6589.454102	2824
6593.897461	2879
6598.340820	2892
6602.784180	2893
6607.227539	2884
6611.670898	2880
6616.114258	2866
6620.557617	2905
6625.000977	2923
6629.444336	2899
6633.887695	2879
6638.331055	2920
6642.774414	2941
6647.217773	2920
6651.660645	2925
6656.104004	2907
6660.547363	2956
6664.990723	2995
6669.434082	2951
6673.877441	2963
6678.320801	3016
6682.764160	3033
6687.207520	3002
6691.650879	2989
6696.094238	3006
6700.537598	2988
6704.980957	3011
6709.424316	3033
6713.867676	2996
6718.310547	2968
6722.753906	3014
6727.197266	3086
6731.640625	3021
6736.083984	2989
6740.527344	3019
6744.970703	3044
6749.414063	3036
6753.857422	3054
6758.300781	3027
6762.744141	2996
6767.187500	3038
6771.630859	3061
6776.074219	2985
6780.517578	3011
6784.960938	3078
6789.403809	3030
6793.847168	3022
6798.290527	3047
6802.733887	3017
6807.177246	3001
6811.620605	3011
6816.063965	2965
6820.507324	2949
6824.950684	2924
6829.394043	2920
6833.837402	2933
6838.280762	2944
6842.724121	2914
6847.167480	2854
6851.610840	2854
6856.053711	2850
6860.497070	2832
6864.940430	2825
6869.383789	2862
6873.827148	2851
6878.270508	2834
6882.713867	2859
6887.157227	2872
6891.600586	2855
6896.043945	2843
6900.487305	2852
6904.930664	2870
6909.374023	2855
6913.817383	2876
6918.260742	2887
6922.703613	2906
6927.146973	2920
6931.590332	2917
6936.033691	2914
6940.477051	2904
6944.920410	2962
6949.363770	2999
6953.807129	2954
6958.250488	2994
6962.693848	3039
6967.137207	3029
6971.580566	3018
6976.023926	2999
6980.467285	3005
6984.910645	3004
6989.353516	3049
6993.796875	3018
6998.240234	2990
7002.683594	3045
7007.126953	3085
7011.570313	3139
7016.013672	3118
7020.457031	3091
7024.900391	3075
7029.343750	3017
7033.787109	3030
7038.230469	3071
7042.673828	3053
7047.117188	3055
7051.560547	3094
7056.003418	3108
7060.446777	3079
7064.890137	3073
7069.333496	3068
7073.776855	3059
7078.220215	3087
7082.663574	3069
7087.106934	3017
7091.550293	3018
7095.993652	3043
7100.437012	3025
7104.880371	3001
7109.323730	2987
7113.767090	2974
7118.210449	2939
7122.653809	2902
7127.096680	2908
7131.540039	2916
7135.983398	2896
7140.426758	2843
7144.870117	2774
7149.313477	2767
7153.756836	2740
7158.200195	2737
7162.643555	2745
7167.086914	2734
7171.530273	2697
7175.973633	2647
7180.416992	2665
7184.860352	2636
7189.303711	2608
7193.746582	2560
7198.189941	2565
7202.633301	2554
7207.076660	2525
7211.520020	2474
7215.963379	2448
7220.406738	2462
7224.850098	2467
7229.293457	2464
7233.736816	2434
7238.180176	2407
7242.623535	2428
7247.066895	2420
7251.510254	2373
7255.953613	2381
7260.396484	2412
7264.839844	2405
7269.283203	2372
7273.726563	2367
7278.169922	2384
7282.613281	2350
7287.056641	2275
7291.500000	2292
7295.943359	2325
7300.386719	2324
7304.830078	2308
7309.273438	2311
7313.716797	2285
7318.160156	2310
7322.603516	2316
7327.046387	2319
7331.489746	2297
7335.933105	2300
7340.376465	2326
7344.819824	2308
7349.263184	2278
7353.706543	2230
7358.149902	2289
7362.593262	2286
7367.036621	2259
7371.479980	2279
7375.923340	2265
7380.366699	2217
7384.810059	2235
7389.253418	2268
7393.696289	2264
7398.139648	2231
7402.583008	2189
7407.026367	2176
7411.469727	2186
7415.913086	2203
7420.356445	2193
7424.799805	2217
7429.243164	2202
7433.686523	2199
7438.129883	2193
7442.573242	2139
7447.016602	2137
7451.459961	2134
7455.903320	2132
7460.346191	2085
7464.789551	2063
7469.232910	2065
7473.676270	2085
7478.119629	2068
7482.562988	2010
7487.006348	2002
7491.449707	2013
7495.893066	2007
7500.336426	2004
7504.779785	1959
7509.223145	1924
7513.666504	1921
7518.109863	1901
7522.553223	1863
7526.996582	1847
7531.439453	1888
7535.882813	1831
7540.326172	1800
7544.769531	1767
7549.212891	1712
7553.656250	1698
7558.099609	1692
7562.542969	1640
7566.986328	1622
7571.429688	1558
7575.873047	1514
7580.316406	1511
7584.759766	1490
7589.203125	1439
7593.646484	1407
7598.089355	1398
7602.532715	1366
7606.976074	1359
7611.419434	1357
7615.862793	1354
7620.306152	1313
7624.749512	1285
7629.192871	1292
7633.636230	1274
7638.079590	1265
7642.522949	1253
7646.966309	1246
7651.409668	1249
7655.853027	1235
7660.296387	1192
7664.739258	1225
7669.182617	1278
7673.625977	1266
7678.069336	1228
7682.512695	1206
7686.956055	1213
7691.399414	1274
7695.842773	1287
7700.286133	1221
7704.729492	1221
7709.172852	1246
7713.616211	1211
7718.059570	1186
7722.502930	1175
7726.946289	1188
7731.389160	1211
7735.832520	1197
7740.275879	1171
7744.719238	1167
7749.162598	1165
7753.605957	1146
7758.049316	1148
7762.492676	1135
7766.936035	1115
7771.379395	1129
7775.822754	1148
7780.266113	1142
7784.709473	1123
7789.152832	1111
7793.596191	1091
7798.039063	1057
7802.482422	1013
7806.925781	1019
7811.369141	1016
7815.812500	1004
7820.255859	996
7824.699219	1015
7829.142578	1002
7833.585938	1000
7838.029297	1002
7842.472656	987
7846.916016	966
7851.359375	923
7855.802734	915
7860.246094	930
7864.689453	948
7869.132324	929
7873.575684	892
7878.019043	872
7882.462402	872
7886.905762	890
7891.349121	886
7895.792480	872
7900.235840	889
7904.679199	880
7909.122559	883
7913.565918	883
7918.009277	884
7922.452637	873
7926.895996	868
7931.339355	860
7935.782227	859
7940.225586	881
7944.668945	895
7949.112305	882
7953.555664	881
7957.999023	871
7962.442383	862
7966.885742	861
7971.329102	884
7975.772461	901
7980.215820	874
7984.659180	868
7989.102539	865
7993.545898	876
7997.989258	853
8002.432129	845
8006.875488	844
8011.318848	841
8015.762207	856
8020.205566	860
8024.648926	851
8029.092285	858
8033.535645	857
8037.979004	849
8042.422363	841
8046.865723	796
8051.309082	776
8055.752441	823
8060.195801	855
8064.639160	842
8069.082031	806
8073.525391	819
8077.968750	806
8082.412109	788
8086.855469	796
8091.298828	809
8095.742188	778
8100.185547	772
8104.628906	764
8109.072266	774
8113.515625	764
8117.958984	735
8122.402344	707
8126.845703	698
8131.289063	690
8135.731934	685
8140.175293	680
8144.618652	681
8149.062012	653
8153.505371	661
8157.948730	650
8162.392090	660
8166.835449	664
8171.278809	641
8175.722168	640
8180.165527	638
8184.608887	652
8189.052246	647
8193.495117	625
8197.938477	622
8202.381836	607
8206.825195	589
8211.268555	573
8215.711914	580
8220.155273	589
8224.598633	583
8229.041992	589
8233.485352	588
8237.928711	572
8242.372070	563
8246.815430	563
8251.258789	557
8255.702148	547
8260.145508	555
8264.588867	561
8269.032227	561
8273.475586	567
8277.918945	574
8282.362305	544
8286.805664	542
8291.249023	550
8295.692383	551
8300.135742	536
8304.578125	546
8309.021484	555
8313.464844	568
8317.908203	567
8322.351563	552
8326.794922	569
8331.238281	575
8335.681641	584
8340.125000	590
8344.568359	606
8349.011719	593
8353.455078	585
8357.898438	577
8362.341797	558
8366.785156	585
8371.228516	614
8375.671875	607
8380.115234	596
8384.558594	579
8389.001953	608
8393.445313	626
8397.888672	617
8402.332031	636
8406.775391	633
8411.218750	594
8415.662109	598
8420.105469	633
8424.548828	628
8428.992188	612
8433.435547	615
8437.878906	624
8442.321289	622
8446.764648	626
8451.208008	621
8455.651367	628
8460.094727	641
8464.538086	630
8468.981445	622
8473.424805	616
8477.868164	609
8482.311523	643
8486.754883	653
8491.198242	632
8495.641602	632
8500.084961	644
8504.528320	652
8508.971680	644
8513.415039	653
8517.858398	657
8522.301758	637
8526.745117	620
8531.188477	632
8535.631836	641
8540.075195	629
8544.518555	619
8548.961914	651
8553.405273	651
8557.848633	620
8562.291992	626
8566.735352	625
8571.178711	625
8575.621094	623
8580.064453	619
8584.507813	612
8588.951172	600
8593.394531	600
8597.837891	614
8602.281250	590
8606.724609	586
8611.167969	589
8615.611328	561
8620.054688	557
8624.498047	576
8628.941406	582
8633.384766	574
8637.828125	561
8642.271484	567
8646.714844	562
8651.158203	552
8655.601563	563
8660.044922	532
8664.488281	507
8668.931641	517
8673.375000	538
8677.818359	558
8682.261719	533
8686.705078	525
8691.148438	527
8695.591797	500
8700.035156	487
8704.478516	486
8708.921875	498
8713.364258	480
8717.807617	461
8722.250977	454
8726.694336	460
8731.137695	457
8735.581055	453
8740.024414	460
8744.467773	459
8748.911133	454
8753.354492	436
8757.797852	439
8762.241211	453
8766.684570	455
8771.127930	419
8775.571289	406
8780.014648	395
8784.458008	401
8788.901367	430
8793.344727	439
8797.788086	421
8802.231445	400
8806.674805	414
8811.118164	408
8815.561523	411
8820.004883	394
8824.448242	377
8828.891602	371
8833.334961	356
8837.778320	374
8842.221680	396
8846.664063	399
8851.107422	391
8855.550781	382
8859.994141	389
8864.437500	392
8868.880859	370
8873.324219	336
8877.767578	348
8882.210938	356
8886.654297	354
8891.097656	362
8895.541016	350
8899.984375	380
8904.427734	373
8908.871094	355
8913.314453	361
8917.757813	343
8922.201172	353
8926.644531	364
8931.087891	341
8935.531250	338
8939.974609	333
8944.417969	340
8948.861328	351
8953.304688	356
8957.748047	347
8962.191406	346
8966.634766	337
8971.078125	329
8975.521484	346
8979.963867	351
8984.407227	335
8988.850586	322
8993.293945	339
8997.737305	328
9002.180664	325
9006.624023	346
9011.067383	345
9015.510742	332
9019.954102	341
9024.397461	348
9028.840820	345
9033.284180	341
9037.727539	341
9042.170898	331
9046.614258	329
9051.057617	365
9055.500977	356
9059.944336	348
9064.387695	353
9068.831055	346
9073.274414	345
9077.717773	334
9082.161133	332
9086.604492	349
9091.047852	339
9095.491211	322
9099.934570	353
9104.377930	364
9108.821289	342
9113.264648	334
9117.707031	340
9122.150391	327
9126.593750	329
9131.037109	337
9135.480469	343
9139.923828	329
9144.367188	336
9148.810547	337
9153.253906	325
9157.697266	343
9162.140625	336
9166.583984	337
9171.027344	341
9175.470703	345
9179.914063	337
9184.357422	363
9188.800781	344
9193.244141	341
9197.687500	348
9202.130859	346
9206.574219	334
9211.017578	340
9215.460938	350
9219.904297	352
9224.347656	340
9228.791016	345
9233.234375	349
9237.677734	344
9242.121094	328
9246.564453	324
9251.006836	317
9255.450195	330
9259.893555	328
9264.336914	333
9268.780273	342
9273.223633	350
9277.666992	345
9282.110352	325
9286.553711	319
9290.997070	347
9295.440430	350
9299.883789	337
9304.327148	322
9308.770508	318
9313.213867	335
9317.657227	336
9322.100586	327
9326.543945	317
9330.987305	329
9335.430664	357
9339.874023	348
9344.317383	349
9348.760742	333
9353.204102	322
9357.647461	325
9362.090820	335
9366.534180	341
9370.977539	319
9375.420898	326
9379.864258	332
9384.307617	343
9388.750000	342
9393.193359	327
9397.636719	334
9402.080078	348
9406.523438	337
9410.966797	334
9415.410156	337
9419.853516	327
9424.296875	330
9428.740234	328
9433.183594	323
9437.626953	317
9442.070313	339
9446.513672	362
9450.957031	346
9455.400391	340
9459.843750	358
9464.287109	356
9468.730469	358
9473.173828	347
9477.617188	330
9482.060547	349
9486.503906	344
9490.947266	328
9495.390625	334
9499.833984	351
9504.277344	335
9508.720703	360
9513.164063	369
9517.607422	358
9522.049805	352
9526.493164	352
9530.936523	375
9535.379883	370
9539.823242	379
9544.266602	374
9548.709961	379
9553.153320	363
9557.596680	350
9562.040039	352
9566.483398	367
9570.926758	363
9575.370117	362
9579.813477	366
9584.256836	370
9588.700195	380
9593.143555	375
9597.586914	370
9602.030273	368
9606.473633	379
9610.916992	377
9615.360352	365
9619.803711	357
9624.247070	377
9628.690430	376
9633.133789	373
9637.577148	360
9642.020508	360
9646.463867	378
9650.907227	379
9655.349609	394
9659.792969	384
9664.236328	373
9668.679688	382
9673.123047	375
9677.566406	380
9682.009766	395
9686.453125	387
9690.896484	379
9695.339844	380
9699.783203	381
9704.226563	373
9708.669922	391
9713.113281	383
9717.556641	371
9722.000000	355
9726.443359	362
9730.886719	381
9735.330078	382
9739.773438	383
9744.216797	382
9748.660156	374
9753.103516	381
9757.546875	375
9761.990234	386
9766.433594	385
9770.876953	388
9775.320313	383
9779.763672	383
9784.207031	385
9788.650391	386
9793.092773	374
9797.536133	365
9801.979492	372
9806.422852	379
9810.866211	388
9815.309570	366
9819.752930	380
9824.196289	397
9828.639648	387
9833.083008	399
9837.526367	393
9841.969727	390
9846.413086	386
9850.856445	387
9855.299805	386
9859.743164	391
9864.186523	393
9868.629883	398
9873.073242	397
9877.516602	376
9881.959961	368
9886.403320	388
9890.846680	411
9895.290039	408
9899.733398	390
9904.176758	390
9908.620117	395
9913.063477	393
9917.506836	390
9921.950195	388
9926.392578	400
9930.835938	391
9935.279297	391
9939.722656	411
9944.166016	395
9948.609375	399
9953.052734	409
9957.496094	426
9961.939453	418
9966.382813	399
9970.826172	399
9975.269531	410
9979.712891	398
9984.156250	387
9988.599609	394
9993.042969	387
9997.486328	397
10001.929688	411
10006.373047	400
10010.816406	379
10015.259766	366
10019.703125	393
10024.146484	409
10028.589844	400
10033.033203	397
10037.476563	399
10041.919922	394
10046.363281	395
10050.806641	394
10055.250000	383
10059.692383	378
10064.135742	395
10068.579102	391
10073.022461	393
10077.465820	378
10081.909180	377
10086.352539	369
10090.795898	388
10095.239258	402
10099.682617	397
10104.125977	400
10108.569336	391
10113.012695	393
10117.456055	379
10121.899414	368
10126.342773	369
10130.786133	376
10135.229492	379
10139.672852	378
10144.116211	372
10148.559570	371
10153.002930	380
10157.446289	380
10161.889648	373
10166.333008	393
10170.776367	399
10175.219727	390
10179.663086	365
10184.106445	375
10188.549805	386
10192.993164	396
10197.435547	408
10201.878906	389
10206.322266	401
10210.765625	392
10215.208984	376
10219.652344	373
10224.095703	386
10228.539063	400
10232.982422	393
10237.425781	374
10241.869141	366
10246.312500	379
10250.755859	405
10255.199219	415
10259.642578	399
10264.085938	392
10268.529297	389
10272.972656	394
10277.416016	400
10281.859375	396
10286.302734	399
10290.746094	389
10295.189453	390
10299.632813	399
10304.076172	393
10308.519531	381
10312.962891	377
10317.406250	379
10321.849609	376
10326.292969	363
10330.735352	367
10335.178711	391
10339.622070	380
10344.065430	362
10348.508789	362
10352.952148	381
10357.395508	379
10361.838867	375
10366.282227	378
10370.725586	371
10375.168945	370
10379.612305	384
10384.055664	393
10388.499023	376
10392.942383	367
10397.385742	383
10401.829102	361
10406.272461	350
10410.715820	362
10415.159180	355
10419.602539	349
10424.045898	367
10428.489258	376
10432.932617	372
10437.375977	350
10441.819336	365
10446.262695	383
10450.706055	371
10455.149414	379
10459.592773	379
10464.036133	368
10468.478516	362
10472.921875	379
10477.365234	390
10481.808594	373
10486.251953	356
10490.695313	353
10495.138672	369
10499.582031	373
10504.025391	385
10508.468750	386
10512.912109	364
10517.355469	357
10521.798828	358
10526.242188	368
10530.685547	384
10535.128906	372
10539.572266	362
10544.015625	376
10548.458984	385
10552.902344	385
10557.345703	370
10561.789063	382
10566.232422	371
10570.675781	355
10575.119141	368
10579.562500	385
10584.005859	375
10588.449219	367
10592.892578	370
10597.335938	379
10601.778320	363
10606.221680	367
10610.665039	369
10615.108398	373
10619.551758	388
10623.995117	389
10628.438477	390
10632.881836	397
10637.325195	399
10641.768555	371
10646.211914	364
10650.655273	359
10655.098633	368
10659.541992	370
10663.985352	383
10668.428711	389
10672.872070	384
10677.315430	369
10681.758789	390
10686.202148	393
10690.645508	361
10695.088867	356
10699.532227	371
10703.975586	381
10708.418945	365
10712.862305	356
10717.305664	379
10721.749023	373
10726.192383	369
10730.635742	365
10735.078125	357
10739.521484	367
10743.964844	360
10748.408203	348
10752.851563	331
10757.294922	349
10761.738281	349
10766.181641	365
10770.625000	354
10775.068359	363
10779.511719	370
10783.955078	367
10788.398438	376
10792.841797	375
10797.285156	349
10801.728516	336
10806.171875	350
10810.615234	381
10815.058594	397
10819.501953	373
10823.945313	358
10828.388672	362
10832.832031	383
10837.275391	388
10841.718750	377
10846.162109	366
10850.605469	371
10855.048828	373
10859.492188	356
10863.935547	351
10868.378906	373
10872.821289	366
10877.264648	375
10881.708008	371
10886.151367	359
10890.594727	349
10895.038086	366
10899.481445	361
10903.924805	374
10908.368164	367
10912.811523	363
10917.254883	379
10921.698242	373
10926.141602	368
10930.584961	361
10935.028320	369
10939.471680	385
10943.915039	387
10948.358398	380
10952.801758	361
10957.245117	356
10961.688477	359
10966.131836	348
10970.575195	353
10975.018555	365
10979.461914	372
10983.905273	357
10988.348633	359
10992.791992	364
10997.235352	357
11001.678711	355
11006.121094	350
11010.564453	349
11015.007813	355
11019.451172	366
11023.894531	357
11028.337891	354
11032.781250	351
11037.224609	367
11041.667969	373
11046.111328	357
11050.554688	346
11054.998047	349
11059.441406	352
11063.884766	343
11068.328125	356
11072.771484	368
11077.214844	360
11081.658203	361
11086.101563	349
11090.544922	357
11094.988281	342
11099.431641	337
11103.875000	359
11108.318359	368
11112.761719	367
11117.205078	354
11121.648438	374
11126.091797	363
11130.535156	368
11134.978516	379
11139.421875	363
11143.864258	363
11148.307617	349
11152.750977	354
11157.194336	330
11161.637695	333
11166.081055	347
11170.524414	333
11174.967773	325
11179.411133	320
11183.854492	333
11188.297852	345
11192.741211	339
11197.184570	352
11201.627930	340
11206.071289	345
11210.514648	343
11214.958008	334
11219.401367	339
11223.844727	327
11228.288086	321
11232.731445	312
11237.174805	325
11241.618164	311
11246.061523	335
11250.504883	324
11254.948242	313
11259.391602	300
11263.834961	296
11268.278320	306
11272.721680	308
11277.164063	303
11281.607422	303
11286.050781	299
11290.494141	305
11294.937500	280
11299.380859	291
11303.824219	294
11308.267578	282
11312.710938	274
11317.154297	282
11321.597656	288
11326.041016	297
11330.484375	279
11334.927734	267
11339.371094	261
11343.814453	259
11348.257813	251
11352.701172	260
11357.144531	247
11361.587891	251
11366.031250	261
11370.474609	238
11374.917969	243
11379.361328	238
11383.804688	228
11388.248047	224
11392.691406	206
11397.134766	208
11401.578125	205
11406.021484	193
11410.463867	182
11414.907227	173
11419.350586	172
11423.793945	164
11428.237305	166
11432.680664	158
11437.124023	158
11441.567383	148
11446.010742	139
11450.454102	133
11454.897461	135
11459.340820	128
11463.784180	107
11468.227539	102
11472.670898	118
11477.114258	113
11481.557617	100
11486.000977	98
11490.444336	103
11494.887695	94
11499.331055	92
11503.774414	92
11508.217773	94
11512.661133	89
11517.104492	74
11521.547852	71
11525.991211	73
11530.434570	74
11534.877930	71
11539.321289	66
11543.764648	65
11548.207031	64
11552.650391	58
11557.093750	48
11561.537109	56
11565.980469	56
11570.423828	57
11574.867188	42
11579.310547	47
11583.753906	54
11588.197266	53
11592.640625	44
11597.083984	42
11601.527344	40
11605.970703	38
11610.414063	37
11614.857422	41
11619.300781	39
11623.744141	35
11628.187500	30
11632.630859	26
11637.074219	24
11641.517578	23
11645.960938	25
11650.404297	26
11654.847656	22
11659.291016	14
11663.734375	16
11668.177734	23
11672.621094	21
11677.064453	16
11681.506836	13
11685.950195	13
11690.393555	12
11694.836914	6
11699.280273	4
11703.723633	3
11708.166992	2
11712.610352	0
11717.053711	0
11721.497070	0
11725.940430	0
11730.383789	0
11734.827148	0
11739.270508	0
11743.713867	0
11748.157227	0
11752.600586	0
11757.043945	0
11761.487305	0
11765.930664	0
11770.374023	0
11774.817383	0
11779.260742	0
11783.704102	0
11788.147461	0
11792.590820	0
11797.034180	0
11801.477539	0
11805.920898	0
11810.364258	0
11814.807617	0
11819.250000	0
11823.693359	0
11828.136719	0
11832.580078	0
11837.023438	0
11841.466797	0
11845.910156	0
11850.353516	0
11854.796875	0
11859.240234	0
11863.683594	0
11868.126953	0
11872.570313	0
11877.013672	0
11881.457031	0
11885.900391	0
11890.343750	0
11894.787109	0
11899.230469	0
11903.673828	0
11908.117188	0
11912.560547	0
11917.003906	0
11921.447266	0
11925.890625	0
11930.333984	0
11934.777344	0
11939.220703	0
11943.664063	0
11948.107422	0
11952.549805	0
11956.993164	0
11961.436523	0
11965.879883	0
11970.323242	0
11974.766602	0
11979.209961	0
11983.653320	0
11988.096680	0
11992.540039	0
11996.983398	0
12001.426758	0
12005.870117	0
12010.313477	0
12014.756836	0
12019.200195	0
12023.643555	0
12028.086914	0
12032.530273	0
12036.973633	0
12041.416992	0
12045.860352	0
12050.303711	0
12054.747070	0
12059.190430	0
12063.633789	0
12068.077148	0
12072.520508	0
12076.963867	0
12081.407227	0
12085.849609	0
12090.292969	0
12094.736328	0
12099.179688	0
12103.623047	0
12108.066406	0
12112.509766	0
12116.953125	0
12121.396484	0
12125.839844	0
12130.283203	0
12134.726563	0
12139.169922	0
12143.613281	0
12148.056641	0
12152.500000	0
12156.943359	0
12161.386719	0
12165.830078	0
12170.273438	0
12174.716797	0
12179.160156	0
12183.603516	0
12188.046875	0
12192.490234	0
12196.933594	0
12201.376953	0
12205.820313	0
12210.263672	0
12214.707031	0
12219.150391	0
12223.592773	0
12228.036133	0
12232.479492	0
12236.922852	0
12241.366211	0
12245.809570	0
12250.252930	0
12254.696289	0
12259.139648	0
12263.583008	0
12268.026367	0
12272.469727	0
12276.913086	0
12281.356445	0
12285.799805	0
12290.243164	0
12294.686523	0
12299.129883	0
12303.573242	0
12308.016602	0
12312.459961	0
12316.903320	0
12321.346680	0
12325.790039	0
12330.233398	0
12334.676758	0
12339.120117	0
12343.563477	0
12348.006836	0
12352.450195	0
12356.892578	0
12361.335938	0
12365.779297	0
12370.222656	0
12374.666016	0
12379.109375	0
12383.552734	0
12387.996094	0
12392.439453	0
12396.882813	0
12401.326172	0
12405.769531	0
12410.212891	0
12414.656250	0
12419.099609	0
12423.542969	0
12427.986328	0
12432.429688	0
12436.873047	0
12441.316406	0
12445.759766	0
12450.203125	0
12454.646484	0
12459.089844	0
12463.533203	0
12467.976563	0
12472.419922	0
12476.863281	0
12481.306641	0
12485.750000	0
12490.192383	0
12494.635742	0
12499.079102	0
12503.522461	0
12507.965820	0
12512.409180	0
12516.852539	0
12521.295898	0
12525.739258	0
12530.182617	0
12534.625977	0
12539.069336	0
12543.512695	0
12547.956055	0
12552.399414	0
12556.842773	0
12561.286133	0
12565.729492	0
12570.172852	0
12574.616211	0
12579.059570	0
12583.502930	0
12587.946289	0
12592.389648	0
12596.833008	0
12601.276367	0
12605.719727	0
12610.163086	0
12614.606445	0
12619.049805	0
12623.493164	0
12627.935547	0
12632.378906	0
12636.822266	0
12641.265625	0
12645.708984	0
12650.152344	0
12654.595703	0
12659.039063	0
12663.482422	0
12667.925781	0
12672.369141	0
12676.812500	0
12681.255859	0
12685.699219	0
12690.142578	0
12694.585938	0
12699.029297	0
12703.472656	0
12707.916016	0
12712.359375	0
12716.802734	0
12721.246094	0
12725.689453	0
12730.132813	0
12734.576172	0
12739.019531	0
12743.462891	0
12747.906250	0
12752.349609	0
12756.792969	0
12761.235352	0
12765.678711	0
12770.122070	0
12774.565430	0
12779.008789	0
12783.452148	0
12787.895508	0
12792.338867	0
12796.782227	0
12801.225586	0
12805.668945	0
12810.112305	0
12814.555664	0
12818.999023	0
12823.442383	0
12827.885742	0
12832.329102	0
12836.772461	0
12841.215820	0
12845.659180	0
12850.102539	0
12854.545898	0
12858.989258	0
12863.432617	0
12867.875977	0
12872.319336	0
12876.762695	0
12881.206055	0
12885.649414	0
12890.092773	0
12894.536133	0
12898.978516	0
12903.421875	0
12907.865234	0
12912.308594	0
12916.751953	0
12921.195313	0
12925.638672	0
12930.082031	0
12934.525391	0
12938.968750	0
12943.412109	0
12947.855469	0
12952.298828	0
12956.742188	0
12961.185547	0
12965.628906	0
12970.072266	0
12974.515625	0
12978.958984	0
12983.402344	0
12987.845703	0
12992.289063	0
12996.732422	0
13001.175781	0
13005.619141	0
13010.062500	0
13014.505859	0
13018.949219	0
13023.392578	0
13027.835938	0
13032.278320	0
13036.721680	0
13041.165039	0
13045.608398	0
13050.051758	0
13054.495117	0
13058.938477	0
13063.381836	0
13067.825195	0
13072.268555	0
13076.711914	0
13081.155273	0
13085.598633	0
13090.041992	0
13094.485352	0
13098.928711	0
13103.372070	0
13107.815430	0
13112.258789	0
13116.702148	0
13121.145508	0
13125.588867	0
13130.032227	0
13134.475586	0
13138.918945	0
13143.362305	0
13147.805664	0
13152.249023	0
13156.692383	0
13161.135742	0
13165.578125	0
13170.021484	0
13174.464844	0
13178.908203	0
13183.351563	0
13187.794922	0
13192.238281	0
13196.681641	0
13201.125000	0
13205.568359	0
13210.011719	0
13214.455078	0
13218.898438	0
13223.341797	0
13227.785156	0
13232.228516	0
13236.671875	0
13241.115234	0
13245.558594	0
13250.001953	0
13254.445313	0
13258.888672	0
13263.332031	0
13267.775391	0
13272.218750	0
13276.662109	0
13281.105469	0
13285.548828	0
13289.992188	0
13294.435547	0
13298.878906	0
13303.321289	0
13307.764648	0
13312.208008	0
13316.651367	0
13321.094727	0
13325.538086	0
13329.981445	0
13334.424805	0
13338.868164	0
13343.311523	0
13347.754883	0
13352.198242	0
13356.641602	0
13361.084961	0
13365.528320	0
13369.971680	0
13374.415039	0
13378.858398	0
13383.301758	0
13387.745117	0
13392.188477	0
13396.631836	0
13401.075195	0
13405.518555	0
13409.961914	0
13414.405273	0
13418.848633	0
13423.291992	0
13427.735352	0
13432.178711	0
13436.621094	0
13441.064453	0
13445.507813	0
13449.951172	0
13454.394531	0
13458.837891	0
13463.281250	0
13467.724609	0
13472.167969	0
13476.611328	0
13481.054688	0
13485.498047	0
13489.941406	0
13494.384766	0
13498.828125	0
13503.271484	0
13507.714844	0
13512.158203	0
13516.601563	0
13521.044922	0
13525.488281	0
13529.931641	0
13534.375000	0
13538.818359	0
13543.261719	0
13547.705078	0
13552.148438	0
13556.591797	0
13561.035156	0
13565.478516	0
13569.921875	0
13574.364258	0
13578.807617	0
13583.250977	0
13587.694336	0
13592.137695	0
13596.581055	0
13601.024414	0
13605.467773	0
13609.911133	0
13614.354492	0
13618.797852	0
13623.241211	0
13627.684570	0
13632.127930	0
13636.571289	0
13641.014648	0
13645.458008	0
13649.901367	0
13654.344727	0
13658.788086	0
13663.231445	0
13667.674805	0
13672.118164	0
13676.561523	0
13681.004883	0
13685.448242	0
13689.891602	0
13694.334961	0
13698.778320	0
13703.221680	0
13707.664063	0
13712.107422	0
13716.550781	0
13720.994141	0
13725.437500	0
13729.880859	0
13734.324219	0
13738.767578	0
