-4092.211426	0
-4087.770264	0
-4083.328857	0
-4078.887695	0
-4074.446289	0
-4070.005127	0
-4065.563721	0
-4061.122559	0
-4056.681152	0
-4052.239746	0
-4047.798584	0
-4043.357178	0
-4038.916016	0
-4034.474609	0
-4030.033447	0
-4025.592041	0
-4021.150879	0
-4016.709473	0
-4012.268066	0
-4007.826904	0
-4003.385498	0
-3998.944336	0
-3994.502930	0
-3990.061768	0
-3985.620361	0
-3981.179199	0
-3976.737793	0
-3972.296387	0
-3967.855225	0
-3963.413818	0
-3958.972656	0
-3954.531250	0
-3950.090088	0
-3945.648682	0
-3941.207520	0
-3936.766113	0
-3932.324707	0
-3927.883545	0
-3923.442139	0
-3919.000977	0
-3914.559570	0
-3910.118408	0
-3905.677002	0
-3901.235840	0
-3896.794434	0
-3892.353027	0
-3887.911865	0
-3883.470459	0
-3879.029297	0
-3874.587891	0
-3870.146729	0
-3865.705322	0
-3861.264160	0
-3856.822754	0
-3852.381592	0
-3847.940186	0
-3843.498779	0
-3839.057617	0
-3834.616211	0
-3830.175049	0
-3825.733643	0
-3821.292480	0
-3816.851074	0
-3812.409912	0
-3807.968506	0
-3803.527100	0
-3799.085938	0
-3794.644531	0
-3790.203369	0
-3785.761963	0
-3781.320801	0
-3776.879395	0
-3772.438232	0
-3767.996826	0
-3763.555420	0
-3759.114258	0
-3754.672852	0
-3750.231689	0
-3745.790283	0
-3741.349121	0
-3736.907715	0
-3732.466553	0
-3728.025146	0
-3723.583740	0
-3719.142578	0
-3714.701172	0
-3710.260010	0
-3705.818604	0
-3701.377441	0
-3696.936035	0
-3692.494873	0
-3688.053467	0
-3683.612061	0
-3679.170898	0
-3674.729492	0
-3670.288330	0
-3665.846924	0
-3661.405762	0
-3656.964355	0
-3652.523193	0
-3648.081787	0
-3643.640381	0
-3639.199219	0
-3634.757813	0
-3630.316650	0
-3625.875244	0
-3621.434082	0
-3616.992676	0
-3612.551514	0
-3608.110107	0
-3603.668701	0
-3599.227539	0
-3594.786133	0
-3590.344971	0
-3585.903564	0
-3581.462402	0
-3577.020996	0
-3572.579834	0
-3568.138428	0
-3563.697021	0
-3559.255859	0
-3554.814453	0
-3550.373291	0
-3545.931885	0
-3541.490723	0
-3537.049316	0
-3532.608154	0
-3528.166748	0
-3523.725342	0
-3519.284180	0
-3514.842773	0
-3510.401611	0
-3505.960205	0
-3501.519043	0
-3497.077637	0
-3492.636475	0
-3488.195068	0
-3483.753906	0
-3479.312500	0
-3474.871094	0
-3470.429932	0
-3465.988525	0
-3461.547363	0
-3457.105957	0
-3452.664795	0
-3448.223389	0
-3443.782227	0
-3439.340820	0
-3434.899414	0
-3430.458252	0
-3426.016846	0
-3421.575684	0
-3417.134277	0
-3412.693115	0
-3408.251709	0
-3403.810547	0
-3399.369141	0
-3394.927734	0
-3390.486572	0
-3386.045166	0
-3381.604004	0
-3377.162598	0
-3372.721436	0
-3368.280029	0
-3363.838867	0
-3359.397461	0
-3354.956055	0
-3350.514893	0
-3346.073486	0
-3341.632324	0
-3337.190918	0
-3332.749756	0
-3328.308350	0
-3323.867188	0
-3319.425781	0
-3314.984375	0
-3310.543213	0
-3306.101807	0
-3301.660645	0
-3297.219238	0
-3292.778076	0
-3288.336670	0
-3283.895508	0
-3279.454102	0
-3275.012695	0
-3270.571533	0
-3266.130127	0
-3261.688965	0
-3257.247559	0
-3252.806396	0
-3248.364990	0
-3243.923828	0
-3239.482422	0
-3235.041016	0
-3230.599854	0
-3226.158447	0
-3221.717285	0
-3217.275879	0
-3212.834717	0
-3208.393311	0
-3203.952148	0
-3199.510742	0
-3195.069336	0
-3190.628174	0
-3186.186768	0
-3181.745605	0
-3177.304199	0
-3172.863037	0
-3168.421631	0
-3163.980469	0
-3159.539063	0
-3155.097900	0
-3150.656494	0
-3146.215088	0
-3141.773926	0
-3137.332520	0
-3132.891357	0
-3128.449951	0
-3124.008789	0
-3119.567383	0
-3115.126221	0
-3110.684814	0
-3106.243408	0
-3101.802246	0
-3097.360840	0
-3092.919678	0
-3088.478271	0
-3084.037109	0
-3079.595703	0
-3075.154541	0
-3070.713135	0
-3066.271729	0
-3061.830566	0
-3057.389160	0
-3052.947998	0
-3048.506592	0
-3044.065430	0
-3039.624023	0
-3035.182861	0
-3030.741455	0
-3026.300049	0
-3021.858887	0
-3017.417480	0
-3012.976318	0
-3008.534912	0
-3004.093750	0
-2999.652344	0
-2995.211182	0
-2990.769775	0
-2986.328369	0
-2981.887207	0
-2977.445801	0
-2973.004639	0
-2968.563232	0
-2964.122070	0
-2959.680664	0
-2955.239502	0
-2950.798096	0
-2946.356689	0
-2941.915527	0
-2937.474121	0
-2933.032959	0
-2928.591553	0
-2924.150391	0
-2919.708984	0
-2915.267822	0
-2910.826416	0
-2906.385010	0
-2901.943848	0
-2897.502441	0
-2893.061279	0
-2888.619873	0
-2884.178711	0
-2879.737305	0
-2875.296143	0
-2870.854736	0
-2866.413330	0
-2861.972168	0
-2857.530762	0
-2853.089600	0
-2848.648193	0
-2844.207031	0
-2839.765625	0
-2835.324463	0
-2830.883057	0
-2826.441650	0
-2822.000488	0
-2817.559082	0
-2813.117920	0
-2808.676514	0
-2804.235352	0
-2799.793945	0
-2795.352783	0
-2790.911377	0
-2786.470215	0
-2782.028809	0
-2777.587402	0
-2773.146240	1
-2768.704834	0
-2764.263672	1
-2759.822266	4
-2755.381104	1
-2750.939697	2
-2746.498535	1
-2742.057129	3
-2737.615723	0
-2733.174561	3
-2728.733154	2
-2724.291992	5
-2719.850586	7
-2715.409424	8
-2710.968018	3
-2706.526855	4
-2702.085449	2
-2697.644043	4
-2693.202881	0
-2688.761475	0
-2684.320313	1
-2679.878906	4
-2675.437744	7
-2670.996338	1
-2666.555176	8
-2662.113770	1
-2657.672363	7
-2653.231201	9
-2648.789795	8
-2644.348633	4
-2639.907227	2
-2635.466064	8
-2631.024658	6
-2626.583496	4
-2622.142090	3
-2617.700684	4
-2613.259521	5
-2608.818115	7
-2604.376953	5
-2599.935547	9
-2595.494385	13
-2591.052979	9
-2586.611816	5
-2582.170410	7
-2577.729004	9
-2573.287842	14
-2568.846436	8
-2564.405273	5
-2559.963867	8
-2555.522705	11
-2551.081299	8
-2546.640137	5
-2542.198730	15
-2537.757324	11
-2533.316162	9
-2528.874756	9
-2524.433594	11
-2519.992188	15
-2515.551025	10
-2511.109619	6
-2506.668457	14
-2502.227051	11
-2497.785645	12
-2493.344482	15
-2488.903076	11
-2484.461914	14
-2480.020508	8
-2475.579346	9
-2471.137939	9
-2466.696777	15
-2462.255371	7
-2457.814209	8
-2453.372803	16
-2448.931396	16
-2444.490234	23
-2440.048828	22
-2435.607666	12
-2431.166260	12
-2426.725098	10
-2422.283691	15
-2417.842529	17
-2413.401123	16
-2408.959717	14
-2404.518555	14
-2400.077148	20
-2395.635986	24
-2391.194580	20
-2386.753418	10
-2382.312012	15
-2377.870850	13
-2373.429443	12
-2368.988037	15
-2364.546875	15
-2360.105469	12
-2355.664307	13
-2351.222900	24
-2346.781738	14
-2342.340332	19
-2337.899170	11
-2333.457764	12
-2329.016357	8
-2324.575195	14
-2320.133789	18
-2315.692627	15
-2311.251221	17
-2306.810059	17
-2302.368652	19
-2297.927490	21
-2293.486084	22
-2289.044678	28
-2284.603516	18
-2280.162109	28
-2275.720947	24
-2271.279541	21
-2266.838379	28
-2262.396973	22
-2257.955811	29
-2253.514404	24
-2249.072998	29
-2244.631836	24
-2240.190430	12
-2235.749268	30
-2231.307861	28
-2226.866699	23
-2222.425293	31
-2217.984131	29
-2213.542725	22
-2209.101318	26
-2204.660156	28
-2200.218750	30
-2195.777588	24
-2191.336182	23
-2186.895020	22
-2182.453613	32
-2178.012451	39
-2173.571045	33
-2169.129639	24
-2164.688477	19
-2160.247070	27
-2155.805908	21
-2151.364502	28
-2146.923340	24
-2142.481934	29
-2138.040771	27
-2133.599365	34
-2129.157959	34
-2124.716797	39
-2120.275391	34
-2115.834229	33
-2111.392822	25
-2106.951660	28
-2102.510254	28
-2098.069092	27
-2093.627686	37
-2089.186523	29
-2084.745117	28
-2080.303711	27
-2075.862549	30
-2071.421143	30
-2066.979980	35
-2062.538574	40
-2058.097412	28
-2053.656006	30
-2049.214844	29
-2044.773438	33
-2040.332153	27
-2035.890869	28
-2031.449585	35
-2027.008301	32
-2022.566895	34
-2018.125610	33
-2013.684326	33
-2009.243042	32
-2004.801758	39
-2000.360474	28
-1995.919189	41
-1991.477905	29
-1987.036621	28
-1982.595215	34
-1978.153931	38
-1973.712646	37
-1969.271362	18
-1964.830078	19
-1960.388794	27
-1955.947510	27
-1951.506226	33
-1947.064941	29
-1942.623535	28
-1938.182251	33
-1933.740967	40
-1929.299683	29
-1924.858398	22
-1920.417114	29
-1915.975830	42
-1911.534546	30
-1907.093262	28
-1902.651855	32
-1898.210571	25
-1893.769287	33
-1889.328003	26
-1884.886719	25
-1880.445435	33
-1876.004150	43
-1871.562866	36
-1867.121582	33
-1862.680176	38
-1858.238892	34
-1853.797607	42
-1849.356323	29
-1844.915039	36
-1840.473755	27
-1836.032471	39
-1831.591187	27
-1827.149902	34
-1822.708618	39
-1818.267212	39
-1813.825928	32
-1809.384644	27
-1804.943359	26
-1800.502075	30
-1796.060791	38
-1791.619507	48
-1787.178223	31
-1782.736938	34
-1778.295532	36
-1773.854248	30
-1769.412964	36
-1764.971680	41
-1760.530396	26
-1756.089111	24
-1751.647827	27
-1747.206543	26
-1742.765259	34
-1738.323853	45
-1733.882568	35
-1729.441284	32
-1725.000000	36
-1720.558716	27
-1716.117432	33
-1711.676147	36
-1707.234863	37
-1702.793579	31
-1698.352173	40
-1693.910889	19
-1689.469604	27
-1685.028320	28
-1680.587036	32
-1676.145752	36
-1671.704468	34
-1667.263184	32
-1662.821899	42
-1658.380615	27
-1653.939209	31
-1649.497925	38
-1645.056641	32
-1640.615356	36
-1636.174072	35
-1631.732788	41
-1627.291504	34
-1622.850220	47
-1618.408936	24
-1613.967529	28
-1609.526245	28
-1605.084961	31
-1600.643677	33
-1596.202393	34
-1591.761108	34
-1587.319824	29
-1582.878540	37
-1578.437256	42
-1573.995850	35
-1569.554565	37
-1565.113281	33
-1560.671997	30
-1556.230713	18
-1551.789429	27
-1547.348145	44
-1542.906860	18
-1538.465576	41
-1534.024170	42
-1529.582886	32
-1525.141602	34
-1520.700317	31
-1516.259033	32
-1511.817749	26
-1507.376465	38
-1502.935181	37
-1498.493896	35
-1494.052612	26
-1489.611206	25
-1485.169922	24
-1480.728638	27
-1476.287354	37
-1471.846069	38
-1467.404785	46
-1462.963501	28
-1458.522217	34
-1454.080933	29
-1449.639526	30
-1445.198242	37
-1440.756958	35
-1436.315674	18
-1431.874390	33
-1427.433105	35
-1422.991821	19
-1418.550537	29
-1414.109253	37
-1409.667847	34
-1405.226563	38
-1400.785278	30
-1396.343994	28
-1391.902710	32
-1387.461426	31
-1383.020142	31
-1378.578857	26
-1374.137573	34
-1369.696167	30
-1365.254883	19
-1360.813599	28
-1356.372314	29
-1351.931030	36
-1347.489746	46
-1343.048462	33
-1338.607178	36
-1334.165894	27
-1329.724609	30
-1325.283203	39
-1320.841919	30
-1316.400635	33
-1311.959351	38
-1307.518066	39
-1303.076782	29
-1298.635498	34
-1294.194214	34
-1289.752930	22
-1285.311523	34
-1280.870239	37
-1276.428955	33
-1271.987671	29
-1267.546387	34
-1263.105103	30
-1258.663818	39
-1254.222534	43
-1249.781250	38
-1245.339844	37
-1240.898560	41
-1236.457275	40
-1232.015991	33
-1227.574707	45
-1223.133423	34
-1218.692139	24
-1214.250854	24
-1209.809570	28
-1205.368164	24
-1200.926880	29
-1196.485596	42
-1192.044312	36
-1187.603027	41
-1183.161743	33
-1178.720459	39
-1174.279175	36
-1169.837891	34
-1165.396484	41
-1160.955200	31
-1156.513916	38
-1152.072632	38
-1147.631348	24
-1143.190063	38
-1138.748779	38
-1134.307495	28
-1129.866211	28
-1125.424927	44
-1120.983521	41
-1116.542236	29
-1112.100952	33
-1107.659668	37
-1103.218384	37
-1098.777100	38
-1094.335815	46
-1089.894531	44
-1085.453247	28
-1081.011841	35
-1076.570557	29
-1072.129272	42
-1067.687988	32
-1063.246704	39
-1058.805420	40
-1054.364136	30
-1049.922852	33
-1045.481567	35
-1041.040161	26
-1036.598877	30
-1032.157593	30
-1027.716309	29
-1023.275024	44
-1018.833740	28
-1014.392456	43
-1009.951111	30
-1005.509827	42
-1001.068542	35
-996.627258	38
-992.185974	41
-987.744629	39
-983.303345	28
-978.862061	35
-974.420776	32
-969.979431	35
-965.538147	42
-961.096863	40
-956.655579	34
-952.214294	39
-947.772949	34
-943.331665	29
-938.890381	44
-934.449097	30
-930.007813	38
-925.566467	31
-921.125183	37
-916.683899	36
-912.242615	31
-907.801270	27
-903.359985	39
-898.918701	34
-894.477417	36
-890.036133	44
-885.594788	42
-881.153503	33
-876.712219	31
-872.270935	34
-867.829590	36
-863.388306	48
-858.947021	32
-854.505737	31
-850.064453	35
-845.623108	38
-841.181824	39
-836.740540	36
-832.299255	44
-827.857971	35
-823.416626	41
-818.975342	25
-814.534058	31
-810.092773	43
-805.651428	36
-801.210144	37
-796.768860	39
-792.327576	46
-787.886292	49
-783.444946	36
-779.003662	37
-774.562378	25
-770.121094	32
-765.679810	35
-761.238464	38
-756.797180	47
-752.355896	42
-747.914612	24
-743.473267	34
-739.031982	34
-734.590698	41
-730.149414	48
-725.708130	54
-721.266785	43
-716.825500	53
-712.384216	40
-707.942932	38
-703.501587	34
-699.060303	34
-694.619019	31
-690.177734	31
-685.736450	52
-681.295105	44
-676.853821	35
-672.412537	30
-667.971252	36
-663.529968	28
-659.088623	36
-654.647339	30
-650.206055	33
-645.764771	34
-641.323425	37
-636.882141	45
-632.440857	38
-627.999573	34
-623.558289	37
-619.116943	64
-614.675659	51
-610.234375	32
-605.793091	45
-601.351746	57
-596.910461	46
-592.469177	49
-588.027893	44
-583.586609	48
-579.145264	35
-574.703979	38
-570.262695	46
-565.821411	35
-561.380127	44
-556.938782	43
-552.497498	57
-548.056213	49
-543.614929	49
-539.173584	39
-534.732300	46
-530.291016	46
-525.849731	40
-521.408447	41
-516.967102	33
-512.525818	44
-508.084534	43
-503.643219	39
-499.201935	26
-494.760651	35
-490.319336	31
-485.878052	36
-481.436737	33
-476.995453	36
-472.554138	33
-468.112854	44
-463.671570	43
-459.230255	55
-454.788971	37
-450.347656	36
-445.906372	41
-441.465057	39
-437.023773	40
-432.582489	49
-428.141174	48
-423.699890	52
-419.258575	39
-414.817291	34
-410.375977	50
-405.934692	55
-401.493408	48
-397.052094	55
-392.610809	54
-388.169495	68
-383.728210	62
-379.286896	58
-374.845612	44
-370.404297	62
-365.963013	52
-361.521729	52
-357.080414	45
-352.639130	53
-348.197815	45
-343.756531	57
-339.315216	55
-334.873932	45
-330.432648	53
-325.991333	62
-321.550049	60
-317.108734	50
-312.667450	56
-308.226135	57
-303.784851	45
-299.343567	58
-294.902252	55
-290.460968	70
-286.019653	74
-281.578369	60
-277.137054	65
-272.695770	75
-268.254486	72
-263.813171	74
-259.371887	73
-254.930573	80
-250.489288	70
-246.047989	77
-241.606689	84
-237.165390	84
-232.724091	85
-228.282791	100
-223.841492	90
-219.400192	99
-214.958908	94
-210.517609	103
-206.076309	116
-201.635010	107
-197.193710	103
-192.752411	107
-188.311111	125
-183.869827	119
-179.428528	122
-174.987228	135
-170.545929	138
-166.104630	141
-161.663330	153
-157.222031	158
-152.780746	172
-148.339447	187
-143.898148	203
-139.456848	238
-135.015549	234
-130.574249	243
-126.132957	264
-121.691658	290
-117.250359	322
-112.809059	378
-108.367767	417
-103.926468	464
-99.485168	566
-95.043869	643
-90.602577	737
-86.161278	891
-81.719978	1054
-77.278687	1286
-72.837387	1608
-68.396088	2002
-63.954792	2521
-59.513493	3255
-55.072197	4184
-50.630898	4924
-46.189602	5472
-41.748302	5898
-37.307007	6273
-32.865707	6542
-28.424412	6682
-23.983114	6776
-19.541817	6847
-15.100519	6888
-10.659223	6867
-6.217925	6782
-1.776627	6677
2.664670	6560
7.105968	6430
11.547265	6301
15.988563	6108
20.429859	5887
24.871157	5593
29.312454	5181
33.753754	4707
38.195049	4168
42.636345	3502
47.077644	2732
51.518940	2159
55.960239	1740
60.401535	1432
64.842834	1179
69.284134	964
73.725426	806
78.166725	664
82.608025	567
87.049324	490
91.490616	420
95.931915	379
100.373215	350
104.814507	334
109.255806	296
113.697105	240
118.138405	225
122.579697	213
127.020996	201
131.462296	186
135.903595	188
140.344894	178
144.786194	160
149.227478	142
153.668777	144
158.110077	140
162.551376	122
166.992676	113
171.433975	118
175.875275	110
180.316559	109
184.757858	110
189.199158	108
193.640457	105
198.081757	89
202.523056	98
206.964355	111
211.405655	87
215.846939	92
220.288239	83
224.729538	69
229.170837	65
233.612137	69
238.053436	69
242.494736	83
246.936020	77
251.377319	69
255.818619	70
260.259918	71
264.701202	62
269.142517	70
273.583801	78
278.025116	64
282.466400	62
286.907715	62
291.348999	53
295.790283	68
300.231598	78
304.672882	55
309.114197	54
313.555481	62
317.996796	47
322.438080	52
326.879395	58
331.320679	56
335.761963	57
340.203278	45
344.644562	50
349.085876	47
353.527161	51
357.968475	61
362.409760	53
366.851044	57
371.292358	38
375.733643	50
380.174957	53
384.616241	57
389.057556	57
393.498840	64
397.940125	57
402.381439	46
406.822723	50
411.264038	46
415.705322	62
420.146637	62
424.587921	48
429.029205	44
433.470520	47
437.911804	40
442.353119	44
446.794403	40
451.235718	50
455.677002	52
460.118317	53
464.559601	47
469.000885	46
473.442200	40
477.883484	40
482.324799	46
486.766083	61
491.207397	56
495.648682	54
500.089966	57
504.531281	57
508.972565	57
513.413879	53
517.855164	49
522.296448	49
526.737793	56
531.179077	59
535.620361	60
540.061646	65
544.502930	49
548.944275	52
553.385559	59
557.826843	66
562.268127	46
566.709412	40
571.150757	38
575.592041	44
580.033325	44
584.474609	34
588.915955	49
593.357239	63
597.798523	52
602.239807	57
606.681091	43
611.122437	49
615.563721	54
620.005005	49
624.446289	44
628.887573	45
633.328918	40
637.770203	47
642.211487	54
646.652771	53
651.094116	49
655.535400	39
659.976685	41
664.417969	47
668.859253	52
673.300598	46
677.741882	50
682.183167	42
686.624451	42
691.065796	46
695.507080	49
699.948364	42
704.389648	40
708.830933	47
713.272278	57
717.713562	63
722.154846	54
726.596130	44
731.037415	59
735.478760	48
739.920044	44
744.361328	50
748.802612	52
753.243958	51
757.685242	52
762.126526	45
766.567810	43
771.009094	51
775.450439	48
779.891724	49
784.333008	55
788.774292	51
793.215576	43
797.656921	38
802.098206	37
806.539490	43
810.980774	49
815.422119	36
819.863403	38
824.304688	45
828.745972	59
833.187256	48
837.628601	56
842.069885	51
846.511169	44
850.952454	51
855.393799	57
859.835083	60
864.276367	47
868.717651	50
873.158936	56
877.600281	56
882.041565	56
886.482849	52
890.924133	49
895.365417	37
899.806763	34
904.248047	44
908.689331	41
913.130615	53
917.571960	55
922.013245	54
926.454529	49
930.895813	44
935.337097	44
939.778442	50
944.219727	60
948.661011	46
953.102295	53
957.543640	62
961.984924	55
966.426208	45
970.867493	48
975.308777	52
979.750122	59
984.191406	42
988.632690	49
993.073975	47
997.515259	62
1001.956604	50
1006.397888	55
1010.839172	50
1015.280457	53
1019.721802	42
1024.163086	51
1028.604370	57
1033.045654	45
1037.486938	53
1041.928223	57
1046.369507	54
1050.810913	47
1055.252197	55
1059.693481	53
1064.134766	47
1068.576050	42
1073.017334	59
1077.458618	58
1081.899902	55
1086.341187	49
1090.782593	43
1095.223877	50
1099.665161	52
1104.106445	61
1108.547729	52
1112.989014	55
1117.430298	39
1121.871582	37
1126.312866	41
1130.754150	48
1135.195557	50
1139.636841	50
1144.078125	56
1148.519409	55
1152.960693	57
1157.401978	52
1161.843262	42
1166.284546	39
1170.725830	49
1175.167236	56
1179.608521	51
1184.049805	56
1188.491089	47
1192.932373	44
1197.373657	45
1201.814941	52
1206.256226	54
1210.697510	43
1215.138916	48
1219.580200	50
1224.021484	34
1228.462769	47
1232.904053	59
1237.345337	57
1241.786621	39
1246.227905	50
1250.669189	47
1255.110596	63
1259.551880	65
1263.993164	49
1268.434448	48
1272.875732	64
1277.317017	64
1281.758301	48
1286.199585	48
1290.640869	52
1295.082153	49
1299.523560	47
1303.964844	52
1308.406128	51
1312.847412	51
1317.288696	59
1321.729980	51
1326.171265	51
1330.612549	45
1335.053833	58
1339.495239	64
1343.936523	45
1348.377808	50
1352.819092	55
1357.260376	59
1361.701660	51
1366.142944	54
1370.584229	54
1375.025513	50
1379.466919	48
1383.908203	58
1388.349487	56
1392.790771	55
1397.232056	56
1401.673340	49
1406.114624	54
1410.555908	50
1414.997192	59
1419.438599	53
1423.879883	62
1428.321167	55
1432.762451	53
1437.203735	50
1441.645020	55
1446.086304	66
1450.527588	55
1454.968872	54
1459.410156	58
1463.851563	61
1468.292847	49
1472.734131	52
1477.175415	47
1481.616699	62
1486.057983	61
1490.499268	51
1494.940552	48
1499.381836	56
1503.823242	49
1508.264526	61
1512.705811	64
1517.147095	51
1521.588379	56
1526.029663	43
1530.470947	54
1534.912231	59
1539.353516	57
1543.794922	58
1548.236206	55
1552.677490	57
1557.118774	51
1561.560059	46
1566.001343	43
1570.442627	50
1574.883911	50
1579.325195	60
1583.766602	49
1588.207886	50
1592.649170	53
1597.090454	49
1601.531738	49
1605.973022	52
1610.414307	56
1614.855591	60
1619.296875	56
1623.738159	60
1628.179565	52
1632.620850	49
1637.062134	54
1641.503418	60
1645.944702	57
1650.385986	54
1654.827271	55
1659.268555	57
1663.709839	57
1668.151245	44
1672.592529	44
1677.033813	51
1681.475098	56
1685.916382	49
1690.357666	47
1694.798950	59
1699.240234	60
1703.681519	67
1708.122925	59
1712.564209	57
1717.005493	54
1721.446777	60
1725.888062	54
1730.329346	59
1734.770630	70
1739.211914	64
1743.653198	61
1748.094604	54
1752.535889	64
1756.977173	58
1761.418457	68
1765.859741	53
1770.301025	57
1774.742310	52
1779.183594	57
1783.624878	66
1788.066284	74
1792.507568	62
1796.948853	60
1801.390137	65
1805.831421	54
1810.272705	52
1814.713989	53
1819.155273	62
1823.596558	52
1828.037842	62
1832.479248	66
1836.920532	60
1841.361816	61
1845.803101	65
1850.244385	66
1854.685669	59
1859.126953	61
1863.568237	51
1868.009521	48
1872.450928	60
1876.892212	65
1881.333496	62
1885.774780	62
1890.216064	62
1894.657349	56
1899.098633	52
1903.539917	49
1907.981201	56
1912.422607	59
1916.863892	67
1921.305176	61
1925.746460	60
1930.187744	54
1934.629028	66
1939.070313	72
1943.511597	63
1947.952881	60
1952.394287	55
1956.835571	53
1961.276855	63
1965.718140	56
1970.159424	54
1974.600708	48
1979.041992	61
1983.483276	64
1987.924561	60
1992.365845	62
1996.807251	53
2001.248535	59
2005.689819	67
2010.131104	62
2014.572388	62
2019.013672	64
2023.454956	70
2027.896240	67
2032.337524	60
2036.778931	63
2041.220215	63
2045.661499	60
2050.102783	71
2054.543945	69
2058.985352	63
2063.426758	58
2067.867920	65
2072.309326	53
2076.750488	67
2081.191895	66
2085.633057	67
2090.074463	84
2094.515625	77
2098.957031	69
2103.398438	59
2107.839600	67
2112.281006	67
2116.722168	63
2121.163574	56
2125.604736	66
2130.046143	56
2134.487305	68
2138.928711	65
2143.370117	61
2147.811279	65
2152.252686	62
2156.693848	61
2161.135254	73
2165.576416	71
2170.017822	65
2174.458984	71
2178.900391	71
2183.341797	60
2187.782959	53
2192.224365	56
2196.665527	58
2201.106934	69
2205.548096	60
2209.989502	68
2214.430664	76
2218.872070	74
2223.313477	66
2227.754639	64
2232.196045	63
2236.637207	54
2241.078613	65
2245.519775	64
2249.961182	71
2254.402344	70
2258.843750	61
2263.285156	50
2267.726318	61
2272.167725	59
2276.608887	62
2281.050293	67
2285.491455	59
2289.932861	65
2294.374023	81
2298.815430	74
2303.256836	64
2307.697998	74
2312.139404	63
2316.580566	73
2321.021973	61
2325.463135	57
2329.904541	60
2334.345703	62
2338.787109	53
2343.228516	61
2347.669678	67
2352.111084	72
2356.552246	71
2360.993652	72
2365.434814	75
2369.876221	65
2374.317383	73
2378.758789	74
2383.200195	68
2387.641357	63
2392.082764	78
2396.523926	79
2400.965332	74
2405.406494	75
2409.847900	79
2414.289063	72
2418.730469	72
2423.171631	60
2427.613037	65
2432.054443	74
2436.495605	59
2440.937012	66
2445.378174	53
2449.819580	51
2454.260742	71
2458.702148	59
2463.143311	70
2467.584717	63
2472.026123	53
2476.467285	57
2480.908691	51
2485.349854	68
2489.791260	63
2494.232422	62
2498.673828	58
2503.114990	78
2507.556396	64
2511.997803	75
2516.438965	81
2520.880371	77
2525.321533	73
2529.762939	77
2534.204102	67
2538.645508	71
2543.086670	69
2547.528076	63
2551.969482	58
2556.410645	58
2560.852051	70
2565.293213	75
2569.734619	64
2574.175781	61
2578.617188	66
2583.058350	76
2587.499756	69
2591.941162	58
2596.382324	70
2600.823730	53
2605.264893	62
2609.706299	69
2614.147461	57
2618.588867	73
2623.030029	78
2627.471436	64
2631.912842	70
2636.354004	61
2640.795410	72
2645.236572	73
2649.677979	73
2654.119141	80
2658.560547	73
2663.001709	69
2667.443115	76
2671.884521	60
2676.325684	67
2680.767090	66
2685.208252	64
2689.649658	61
2694.090820	62
2698.532227	69
2702.973389	63
2707.414795	65
2711.856201	66
2716.297363	56
2720.738770	67
2725.179932	64
2729.621338	72
2734.062500	82
2738.503906	64
2742.945068	59
2747.386475	59
2751.827637	78
2756.269043	79
2760.710449	80
2765.151611	80
2769.593018	67
2774.034180	61
2778.475586	66
2782.916748	73
2787.358154	68
2791.799316	67
2796.240723	79
2800.682129	61
2805.123291	73
2809.564697	85
2814.005859	72
2818.447266	66
2822.888428	78
2827.329834	78
2831.770996	73
2836.212402	74
2840.653809	61
2845.094971	71
2849.536377	63
2853.977539	71
2858.418945	65
2862.860107	78
2867.301514	63
2871.742676	71
2876.184082	72
2880.625488	67
2885.066650	74
2889.508057	74
2893.949219	62
2898.390625	69
2902.831787	64
2907.273193	69
2911.714355	78
2916.155762	82
2920.597168	73
2925.038330	75
2929.479736	68
2933.920898	72
2938.362305	66
2942.803467	71
2947.244873	68
2951.686035	76
2956.127441	52
2960.568848	57
2965.010010	69
2969.451416	64
2973.892578	62
2978.333984	65
2982.775146	68
2987.216553	77
2991.657715	74
2996.099121	60
3000.540527	56
3004.981689	62
3009.423096	72
3013.864258	58
3018.305664	66
3022.746826	62
3027.188232	73
3031.629395	72
3036.070801	90
3040.512207	78
3044.953369	66
3049.394775	75
3053.835938	75
3058.277344	72
3062.718506	81
3067.159912	71
3071.601074	80
3076.042480	75
3080.483887	73
3084.925049	79
3089.366455	79
3093.807617	73
3098.249023	77
3102.690186	74
3107.131592	82
3111.572754	75
3116.014160	63
3120.455322	73
3124.896729	75
3129.338135	73
3133.779297	67
3138.220703	74
3142.661865	74
3147.103271	76
3151.544434	81
3155.985840	72
3160.427002	71
3164.868408	79
3169.309814	75
3173.750977	84
3178.192383	78
3182.633545	70
3187.074951	72
3191.516113	77
3195.957520	70
3200.398682	83
3204.840088	67
3209.281494	67
3213.722656	71
3218.164063	83
3222.605225	74
3227.046631	72
3231.487793	83
3235.929199	72
3240.370361	75
3244.811768	69
3249.253174	65
3253.694336	80
3258.135742	76
3262.576904	76
3267.018311	74
3271.459473	75
3275.900879	83
3280.342041	75
3284.783447	69
3289.224854	76
3293.666016	81
3298.107422	84
3302.548584	78
3306.989990	68
3311.431152	69
3315.872559	70
3320.313721	74
3324.755127	73
3329.196533	68
3333.637695	75
3338.079102	73
3342.520264	73
3346.961670	71
3351.402832	93
3355.844238	99
3360.285400	88
3364.726807	82
3369.168213	82
3373.609375	68
3378.050781	79
3382.491943	88
3386.933350	79
3391.374512	72
3395.815918	79
3400.257080	78
3404.698486	74
3409.139893	80
3413.581055	84
3418.022461	77
3422.463623	86
3426.905029	93
3431.346191	76
3435.787598	80
3440.228760	84
3444.670166	81
3449.111328	79
3453.552734	88
3457.994141	96
3462.435303	87
3466.876709	90
3471.317871	98
3475.759277	88
3480.200439	93
3484.641846	95
3489.083008	88
3493.524414	93
3497.965820	89
3502.406982	82
3506.848389	95
3511.289551	112
3515.730957	99
3520.172119	95
3524.613525	99
3529.054688	92
3533.496094	101
3537.937500	105
3542.378662	111
3546.820068	108
3551.261230	116
3555.702637	120
3560.143799	132
3564.585205	120
3569.026367	125
3573.467773	104
3577.909180	115
3582.350342	117
3586.791748	134
3591.232910	134
3595.674316	140
3600.115479	134
3604.556885	146
3608.998047	144
3613.439453	155
3617.880859	159
3622.322021	159
3626.763428	166
3631.204590	169
3635.645996	175
3640.087158	195
3644.528564	186
3648.969727	186
3653.411133	185
3657.852539	194
3662.293701	206
3666.735107	207
3671.176270	220
3675.617676	231
3680.058838	236
3684.500244	235
3688.941406	250
3693.382813	276
3697.824219	291
3702.265381	294
3706.706787	308
3711.147949	312
3715.589355	353
3720.030518	391
3724.471924	385
3728.913086	386
3733.354492	397
3737.795898	428
3742.237061	441
3746.678467	457
3751.119629	485
3755.561035	525
3760.002197	527
3764.443604	569
3768.884766	611
3773.326172	629
3777.767578	668
3782.208740	697
3786.650146	740
3791.091309	798
3795.532715	850
3799.973877	899
3804.415283	952
3808.856445	1007
3813.297852	1060
3817.739014	1112
3822.180420	1141
3826.621826	1188
3831.062988	1252
3835.504395	1308
3839.945557	1393
3844.386963	1446
3848.828125	1510
3853.269531	1556
3857.710693	1608
3862.152100	1672
3866.593506	1736
3871.034668	1757
3875.476074	1796
3879.917236	1859
3884.358643	1912
3888.799805	2005
3893.241211	2088
3897.682373	2158
3902.123779	2223
3906.565186	2260
3911.006348	2262
3915.447754	2325
3919.888916	2373
3924.330322	2369
3928.771484	2399
3933.212891	2417
3937.654053	2432
3942.095459	2452
3946.536865	2429
3950.978027	2429
3955.419434	2424
3959.860596	2429
3964.302002	2456
3968.743164	2501
3973.184570	2534
3977.625732	2558
3982.067139	2580
3986.508545	2614
3990.949707	2647
3995.391113	2676
3999.832275	2685
4004.273682	2692
4008.714844	2727
4013.156250	2749
4017.597412	2754
4022.038818	2736
4026.480225	2701
4030.921387	2723
4035.362793	2734
4039.803955	2739
4044.245361	2743
4048.686523	2742
4053.127930	2718
4057.569092	2708
4062.010498	2709
4066.451904	2683
4070.893066	2664
4075.334473	2622
4079.775635	2582
4084.217041	2557
4088.658203	2539
4093.099609	2530
4097.541016	2546
4101.981934	2534
4106.423340	2533
4110.864746	2532
4115.306152	2515
4119.747559	2528
4124.188477	2536
4128.629883	2537
4133.071289	2554
4137.512695	2577
4141.953613	2572
4146.395020	2575
4150.836426	2569
4155.277832	2583
4159.719238	2560
4164.160156	2528
4168.601563	2526
4173.042969	2532
4177.484375	2532
4181.925293	2515
4186.366699	2491
4190.808105	2497
4195.249512	2459
4199.690918	2450
4204.131836	2449
4208.573242	2436
4213.014648	2425
4217.456055	2411
4221.896973	2392
4226.338379	2366
4230.779785	2346
4235.221191	2326
4239.662598	2303
4244.103516	2313
4248.544922	2300
4252.986328	2287
4257.427734	2287
4261.868652	2288
4266.310059	2282
4270.751465	2266
4275.192871	2236
4279.634277	2249
4284.075195	2230
4288.516602	2243
4292.958008	2217
4297.399414	2169
4301.840332	2152
4306.281738	2121
4310.723145	2102
4315.164551	2097
4319.605957	2087
4324.046875	2065
4328.488281	2009
4332.929688	2001
4337.371094	2000
4341.812012	1976
4346.253418	2005
4350.694824	2042
4355.136230	2056
4359.577637	2077
4364.018555	2106
4368.459961	2094
4372.901367	2109
4377.342773	2119
4381.783691	2125
4386.225098	2164
4390.666504	2194
4395.107910	2192
4399.549316	2202
4403.990234	2218
4408.431641	2216
4412.873047	2224
4417.314453	2235
4421.755371	2247
4426.196777	2242
4430.638184	2225
4435.079590	2234
4439.520996	2252
4443.961914	2248
4448.403320	2227
4452.844727	2218
4457.286133	2213
4461.727051	2198
4466.168457	2181
4470.609863	2215
4475.051270	2212
4479.492676	2190
4483.933594	2173
4488.375000	2155
4492.816406	2136
4497.257813	2145
4501.698730	2138
4506.140137	2122
4510.581543	2126
4515.022949	2086
4519.464355	2074
4523.905273	2050
4528.346680	2069
4532.788086	2069
4537.229492	2057
4541.670410	2064
4546.111816	2063
4550.553223	2040
4554.994629	2043
4559.436035	2044
4563.876953	2027
4568.318359	2032
4572.759766	2048
4577.201172	2047
4581.642090	2072
4586.083496	2069
4590.524902	2064
4594.966309	2083
4599.407715	2065
4603.848633	2086
4608.290039	2131
4612.731445	2132
4617.172852	2129
4621.613770	2155
4626.055176	2177
4630.496582	2204
4634.937988	2236
4639.379395	2278
4643.820313	2300
4648.261719	2305
4652.703125	2325
4657.144531	2359
4661.585449	2393
4666.026855	2446
4670.468262	2465
4674.909668	2506
4679.350586	2540
4683.791992	2573
4688.233398	2627
4692.674805	2669
4697.116211	2672
4701.557129	2698
4705.998535	2719
4710.439941	2767
4714.881348	2822
4719.322266	2806
4723.763672	2848
4728.205078	2889
4732.646484	2911
4737.087891	2937
4741.528809	2946
4745.970215	2945
4750.411621	2983
4754.853027	3004
4759.293945	3018
4763.735352	3031
4768.176758	3063
4772.618164	3078
4777.059570	3093
4781.500488	3096
4785.941895	3089
4790.383301	3100
4794.824707	3111
4799.265625	3106
4803.707031	3115
4808.148438	3107
4812.589844	3099
4817.031250	3113
4821.472168	3125
4825.913574	3091
4830.354980	3100
4834.796387	3099
4839.237305	3069
4843.678711	3042
4848.120117	3002
4852.561523	2994
4857.002930	2979
4861.443848	2950
4865.885254	2962
4870.326660	2958
4874.768066	2972
4879.208984	2989
4883.650391	3027
4888.091797	3051
4892.533203	3080
4896.974609	3108
4901.415527	3111
4905.856934	3079
4910.298340	3048
4914.739746	3081
4919.180664	3072
4923.622070	3062
4928.063477	3088
4932.504883	3105
4936.946289	3094
4941.387207	3074
4945.828613	3065
4950.270020	3074
4954.711426	3053
4959.152344	3024
4963.593750	3026
4968.035156	3054
4972.476563	3040
4976.917969	3044
4981.358887	3029
4985.800293	3009
4990.241699	3010
4994.683105	3011
4999.124023	2974
5003.565430	2973
5008.006836	2986
5012.448242	2967
5016.889648	2956
5021.330566	2957
5025.771973	2968
5030.213379	2967
5034.654785	2927
5039.095703	2925
5043.537109	2918
5047.978516	2894
5052.419922	2896
5056.861328	2879
5061.302246	2860
5065.743652	2873
5070.185059	2866
5074.626465	2860
5079.067383	2862
5083.508789	2855
5087.950195	2818
5092.391602	2804
5096.833008	2795
5101.273926	2796
5105.715332	2791
5110.156738	2767
5114.598145	2749
5119.039063	2772
5123.480469	2752
5127.921875	2759
5132.363281	2724
5136.804688	2719
5141.245605	2723
5145.687012	2705
5150.128418	2695
5154.569824	2692
5159.010742	2680
5163.452148	2658
5167.893555	2653
5172.334961	2649
5176.776367	2644
5181.217285	2604
5185.658691	2560
5190.100098	2577
5194.541504	2582
5198.982422	2587
5203.423828	2571
5207.865234	2553
5212.306641	2508
5216.748047	2538
5221.188965	2545
5225.630371	2516
5230.071777	2504
5234.513184	2491
5238.954102	2436
5243.395508	2457
5247.836914	2477
5252.278320	2457
5256.719727	2420
5261.160645	2429
5265.602051	2432
5270.043457	2410
5274.484863	2385
5278.925781	2396
5283.367188	2387
5287.808594	2377
5292.250000	2373
5296.691406	2372
5301.132324	2354
5305.573730	2301
5310.015137	2277
5314.456543	2327
5318.897461	2335
5323.338867	2332
5327.780273	2297
5332.221680	2262
5336.663086	2246
5341.104004	2254
5345.545410	2232
5349.986816	2236
5354.428223	2230
5358.869141	2229
5363.310547	2229
5367.751953	2217
5372.193359	2208
5376.634277	2176
5381.075684	2192
5385.517090	2181
5389.958496	2176
5394.399902	2170
5398.840820	2162
5403.282227	2160
5407.723633	2150
5412.165039	2137
5416.605957	2148
5421.047363	2122
5425.488770	2132
5429.930176	2130
5434.371582	2129
5438.812500	2125
5443.253906	2103
5447.695313	2103
5452.136719	2110
5456.577637	2119
5461.019043	2099
5465.460449	2065
5469.901855	2070
5474.343262	2077
5478.784180	2063
5483.225586	2033
5487.666992	2012
5492.108398	2017
5496.549316	2009
5500.990723	2003
5505.432129	1993
5509.873535	1988
5514.314941	1973
5518.755859	1959
5523.197266	1951
5527.638672	1916
5532.080078	1925
5536.520996	1923
5540.962402	1929
5545.403809	1931
5549.845215	1953
5554.286621	1943
5558.727539	1931
5563.168945	1916
5567.610352	1910
5572.051758	1887
5576.492676	1874
5580.934082	1879
5585.375488	1888
5589.816895	1871
5594.258301	1862
5598.699219	1846
5603.140625	1819
5607.582031	1818
5612.023438	1842
5616.464355	1847
5620.905762	1842
5625.347168	1815
5629.788574	1814
5634.229980	1807
5638.670898	1811
5643.112305	1801
5647.553711	1790
5651.995117	1784
5656.436035	1779
5660.877441	1778
5665.318848	1765
5669.760254	1773
5674.201660	1761
5678.642578	1738
5683.083984	1754
5687.525391	1753
5691.966797	1732
5696.407715	1741
5700.849121	1737
5705.290527	1737
5709.731934	1715
5714.173340	1697
5718.614258	1691
5723.055664	1705
5727.497070	1687
5731.938477	1671
5736.379395	1672
5740.820801	1691
5745.262207	1690
5749.703613	1694
5754.145020	1691
5758.585938	1673
5763.027344	1681
5767.468750	1685
5771.910156	1693
5776.351074	1681
5780.792480	1699
5785.233887	1716
5789.675293	1710
5794.116699	1721
5798.557617	1738
5802.999023	1752
5807.440430	1756
5811.881836	1771
5816.322754	1786
5820.764160	1776
5825.205566	1789
5829.646973	1787
5834.088379	1778
5838.529297	1768
5842.970703	1760
5847.412109	1754
5851.853516	1786
5856.294434	1783
5860.735840	1770
5865.177246	1765
5869.618652	1765
5874.060059	1750
5878.500977	1750
5882.942383	1746
5887.383789	1744
5891.825195	1724
5896.266113	1713
5900.707520	1688
5905.148926	1711
5909.590332	1713
5914.031738	1714
5918.472656	1707
5922.914063	1666
5927.355469	1642
5931.796875	1656
5936.237793	1664
5940.679199	1633
5945.120605	1604
5949.562012	1620
5954.003418	1606
5958.444336	1593
5962.885742	1583
5967.327148	1571
5971.768555	1558
5976.209473	1566
5980.650879	1564
5985.092285	1538
5989.533691	1501
5993.975098	1491
5998.416016	1482
6002.857422	1486
6007.298828	1476
6011.740234	1468
6016.181152	1453
6020.622559	1433
6025.063965	1449
6029.505371	1428
6033.946777	1418
6038.387695	1392
6042.829102	1366
6047.270508	1372
6051.711914	1356
6056.152832	1318
6060.594238	1312
6065.035645	1317
6069.477051	1309
6073.917969	1292
6078.359375	1283
6082.800781	1267
6087.242188	1269
6091.683594	1265
6096.124512	1242
6100.565918	1241
6105.007324	1225
6109.448730	1198
6113.889648	1164
6118.331055	1171
6122.772461	1152
6127.213867	1159
6131.655273	1144
6136.096191	1120
6140.537598	1125
6144.979004	1115
6149.420410	1112
6153.861328	1098
6158.302734	1082
6162.744141	1091
6167.185547	1087
6171.626953	1076
6176.067871	1059
6180.509277	1047
6184.950684	1032
6189.392090	1020
6193.833008	1017
6198.274414	1024
6202.715820	1029
6207.157227	1006
6211.598633	990
6216.039551	996
6220.480957	1005
6224.922363	1002
6229.363770	994
6233.804688	996
6238.246094	971
6242.687500	967
6247.128906	971
6251.570313	948
6256.011230	950
6260.452637	961
6264.894043	960
6269.335449	949
6273.776367	942
6278.217773	933
6282.659180	928
6287.100586	927
6291.541992	925
6295.982910	915
6300.424316	916
6304.865723	908
6309.307129	921
6313.748047	909
6318.189453	906
6322.630859	905
6327.072266	911
6331.513672	899
6335.954590	896
6340.395996	881
6344.837402	880
6349.278809	873
6353.719727	859
6358.161133	867
6362.602539	868
6367.043945	874
6371.485352	885
6375.926270	877
6380.367676	861
6384.809082	855
6389.250488	826
6393.691406	840
6398.132813	854
6402.574219	869
6407.015625	836
6411.457031	828
6415.897949	832
6420.339355	835
6424.780762	824
6429.222168	819
6433.663086	817
6438.104492	818
6442.545898	827
6446.987305	829
6451.428711	806
6455.869629	794
6460.311035	801
6464.752441	799
6469.193848	799
6473.634766	783
6478.076172	784
6482.517578	788
6486.958984	786
6491.400391	768
6495.841309	787
6500.282715	773
6504.724121	779
6509.165527	791
6513.606445	766
6518.047852	760
6522.489258	757
6526.930664	759
6531.372070	754
6535.812988	742
6540.254395	737
6544.695801	704
6549.137207	696
6553.578125	679
6558.019531	659
6562.460938	655
6566.902344	653
6571.343750	669
6575.784668	670
6580.226074	680
6584.667480	713
6589.108887	720
6593.549805	720
6597.991211	726
6602.432617	739
6606.874023	726
6611.315430	719
6615.756348	739
6620.197754	742
6624.639160	738
6629.080566	737
6633.521484	755
6637.962891	750
6642.404297	740
6646.845703	738
6651.287109	753
6655.728027	753
6660.169434	747
6664.610840	745
6669.052246	746
6673.493164	740
6677.934570	730
6682.375977	741
6686.817383	745
6691.258789	745
6695.699707	753
6700.141113	753
6704.582520	743
6709.023926	742
6713.464844	740
6717.906250	736
6722.347656	728
6726.789063	738
6731.230469	745
6735.671387	741
6740.112793	735
6744.554199	737
6748.995605	743
6753.436523	750
6757.877930	755
6762.319336	752
6766.760742	751
6771.201660	739
6775.643066	720
6780.084473	725
6784.525879	734
6788.967285	747
6793.408203	748
6797.849609	726
6802.291016	709
6806.732422	711
6811.173340	717
6815.614746	714
6820.056152	715
6824.497559	744
6828.938965	740
6833.379883	725
6837.821289	700
6842.262695	698
6846.704102	721
6851.145020	734
6855.586426	719
6860.027832	696
6864.469238	681
6868.910645	670
6873.351563	660
6877.792969	670
6882.234375	670
6886.675781	656
6891.116699	644
6895.558105	651
6899.999512	653
6904.440918	654
6908.882324	667
6913.323242	667
6917.764648	676
6922.206055	675
6926.647461	668
6931.088379	688
6935.529785	696
6939.971191	676
6944.412598	678
6948.854004	696
6953.294922	715
6957.736328	699
6962.177734	703
6966.619141	692
6971.060059	694
6975.501465	706
6979.942871	707
6984.384277	707
6988.825684	707
6993.266602	718
6997.708008	696
7002.149414	705
7006.590820	702
7011.031738	712
7015.473145	723
7019.914551	718
7024.355957	720
7028.797363	706
7033.238281	699
7037.679688	687
7042.121094	701
7046.562500	711
7051.003418	710
7055.444824	706
7059.886230	709
7064.327637	708
7068.769043	703
7073.209961	705
7077.651367	696
7082.092773	697
7086.534180	704
7090.975098	694
7095.416504	689
7099.857910	699
7104.299316	704
7108.740723	702
7113.181641	696
7117.623047	684
7122.064453	667
7126.505859	676
7130.946777	673
7135.388184	665
7139.829590	668
7144.270996	668
7148.712402	658
7153.153320	657
7157.594727	653
7162.036133	640
7166.477539	638
7170.918457	616
7175.359863	600
7179.801270	591
7184.242676	592
7188.684082	577
7193.125000	569
7197.566406	569
7202.007813	562
7206.449219	559
7210.890137	568
7215.331543	583
7219.772949	576
7224.214355	552
7228.655762	545
7233.096680	546
7237.538086	562
7241.979492	548
7246.420898	542
7250.861816	549
7255.303223	545
7259.744629	523
7264.186035	514
7268.627441	512
7273.068359	527
7277.509766	534
7281.951172	538
7286.392578	528
7290.833496	510
7295.274902	500
7299.716309	507
7304.157715	515
7308.599121	512
7313.040039	532
7317.481445	523
7321.922852	512
7326.364258	495
7330.805176	499
7335.246582	500
7339.687988	505
7344.129395	505
7348.570801	499
7353.011719	501
7357.453125	493
7361.894531	490
7366.335938	497
7370.776855	490
7375.218262	490
7379.659668	508
7384.101074	510
7388.542480	517
7392.983398	493
7397.424805	482
7401.866211	486
7406.307617	487
7410.748535	488
7415.189941	476
7419.631348	479
7424.072754	464
7428.514160	447
7432.955078	463
7437.396484	468
7441.837891	465
7446.279297	446
7450.720215	436
7455.161621	433
7459.603027	446
7464.044434	446
7468.485352	441
7472.926758	449
7477.368164	428
7481.809570	428
7486.250977	412
7490.691895	395
7495.133301	402
7499.574707	414
7504.016113	412
7508.457031	409
7512.898438	399
7517.339844	388
7521.781250	387
7526.222656	391
7530.663574	400
7535.104980	397
7539.546387	380
7543.987793	372
7548.428711	364
7552.870117	364
7557.311523	360
7561.752930	350
7566.194336	343
7570.635254	348
7575.076660	331
7579.518066	325
7583.959473	336
7588.400391	312
7592.841797	280
7597.283203	263
7601.724609	260
7606.166016	258
7610.606934	242
7615.048340	222
7619.489746	222
7623.931152	221
7628.372070	223
7632.813477	221
7637.254883	217
7641.696289	213
7646.137695	222
7650.578613	235
7655.020020	221
7659.461426	228
7663.902832	224
7668.343750	245
7672.785156	248
7677.226563	251
7681.667969	252
7686.109375	242
7690.550293	247
7694.991699	265
7699.433105	261
7703.874512	257
7708.315430	262
7712.756836	254
7717.198242	252
7721.639648	273
7726.081055	268
7730.521973	259
7734.963379	259
7739.404785	250
7743.846191	247
7748.287109	255
7752.728516	245
7757.169922	241
7761.611328	242
7766.052734	243
7770.493652	230
7774.935059	232
7779.376465	227
7783.817871	239
7788.258789	235
7792.700195	213
7797.141602	209
7801.583008	216
7806.024414	218
7810.465332	206
7814.906738	203
7819.348145	202
7823.789551	205
7828.230469	195
7832.671875	193
7837.113281	190
7841.554688	187
7845.996094	178
7850.437012	173
7854.878418	166
7859.319824	158
7863.761230	166
7868.202148	165
7872.643555	178
7877.084961	173
7881.526367	164
7885.967773	152
7890.408691	160
7894.850098	161
7899.291504	164
7903.732910	162
7908.173828	149
7912.615234	160
7917.056641	167
7921.498047	160
7925.939453	159
7930.380371	153
7934.821777	169
7939.263184	172
7943.704590	167
7948.145508	174
7952.586914	171
7957.028320	156
7961.469727	165
7965.911133	163
7970.352051	157
7974.793457	166
7979.234863	191
7983.676270	173
7988.117188	170
7992.558594	156
7997.000000	161
8001.441406	166
8005.882813	174
8010.323730	172
8014.765137	159
8019.206543	174
8023.647949	172
8028.088867	174
8032.530273	170
8036.971680	162
8041.413086	179
8045.854492	162
8050.295410	173
8054.736816	153
8059.178223	157
8063.619629	165
8068.060547	163
8072.501953	172
8076.943359	168
8081.384766	164
8085.826172	172
8090.267090	175
8094.708496	164
8099.149902	149
8103.591309	154
8108.032227	157
8112.473633	154
8116.915039	151
8121.356445	161
8125.797852	159
8130.238770	153
8134.680176	147
8139.121582	126
8143.562988	133
8148.003906	137
8152.445313	142
8156.886719	137
8161.328125	135
8165.769043	125
8170.210449	124
8174.651855	129
8179.093262	126
8183.534668	122
8187.975586	120
8192.416992	114
8196.858398	112
8201.299805	105
8205.741211	105
8210.182617	114
8214.624023	110
8219.064453	108
8223.505859	110
8227.947266	116
8232.388672	106
8236.830078	108
8241.271484	102
8245.712891	101
8250.154297	105
8254.595703	93
8259.036133	98
8263.477539	98
8267.918945	101
8272.360352	118
8276.801758	110
8281.243164	104
8285.684570	118
8290.125977	104
8294.567383	120
8299.007813	115
8303.449219	117
8307.890625	108
8312.332031	102
8316.773438	110
8321.214844	131
8325.656250	127
8330.097656	120
8334.539063	111
8338.979492	123
8343.420898	115
8347.862305	119
8352.303711	118
8356.745117	108
8361.186523	120
8365.627930	108
8370.069336	124
8374.510742	126
8378.951172	118
8383.392578	119
8387.833984	125
8392.275391	127
8396.716797	131
8401.158203	136
8405.599609	135
8410.041016	130
8414.482422	139
8418.922852	130
8423.364258	132
8427.805664	130
8432.247070	138
8436.688477	138
8441.129883	133
8445.571289	125
8450.012695	130
8454.454102	137
8458.894531	135
8463.335938	133
8467.777344	129
8472.218750	131
8476.660156	132
8481.101563	126
8485.542969	131
8489.984375	131
8494.424805	135
8498.866211	129
8503.307617	141
8507.749023	129
8512.190430	134
8516.631836	131
8521.073242	136
8525.514648	142
8529.956055	145
8534.396484	127
8538.837891	125
8543.279297	134
8547.720703	133
8552.162109	136
8556.603516	138
8561.044922	133
8565.486328	126
8569.927734	131
8574.368164	122
8578.809570	135
8583.250977	131
8587.692383	143
8592.133789	130
8596.575195	124
8601.016602	132
8605.458008	130
8609.899414	131
8614.339844	123
8618.781250	122
8623.222656	113
8627.664063	119
8632.105469	122
8636.546875	113
8640.988281	102
8645.429688	114
8649.871094	116
8654.311523	115
8658.752930	107
8663.194336	110
8667.635742	115
8672.077148	101
8676.518555	98
8680.959961	111
8685.401367	115
8689.842773	106
8694.283203	99
8698.724609	102
8703.166016	92
8707.607422	89
8712.048828	91
8716.490234	90
8720.931641	90
8725.373047	91
8729.814453	94
8734.254883	91
8738.696289	91
8743.137695	93
8747.579102	82
8752.020508	83
8756.461914	93
8760.903320	87
8765.344727	85
8769.786133	82
8774.226563	97
8778.667969	87
8783.109375	91
8787.550781	84
8791.992188	89
8796.433594	88
8800.875000	79
8805.316406	94
8809.757813	90
8814.198242	93
8818.639648	83
8823.081055	77
8827.522461	96
8831.963867	82
8836.405273	79
8840.846680	78
8845.288086	79
8849.729492	77
8854.169922	79
8858.611328	78
8863.052734	89
8867.494141	78
8871.935547	76
8876.376953	85
8880.818359	87
8885.259766	67
8889.701172	68
8894.141602	73
8898.583008	74
8903.024414	77
8907.465820	82
8911.907227	75
8916.348633	68
8920.790039	75
8925.231445	80
8929.672852	78
8934.113281	74
8938.554688	77
8942.996094	70
8947.437500	81
8951.878906	79
8956.320313	80
8960.761719	84
8965.203125	90
8969.644531	86
8974.084961	88
8978.526367	96
8982.967773	93
8987.409180	85
8991.850586	92
8996.291992	80
9000.733398	69
9005.174805	68
9009.616211	90
9014.056641	85
9018.498047	89
9022.939453	82
9027.380859	82
9031.822266	74
9036.263672	80
9040.705078	88
9045.146484	88
9049.587891	91
9054.028320	92
9058.469727	87
9062.911133	76
9067.352539	95
9071.793945	96
9076.235352	86
9080.676758	101
9085.118164	88
9089.559570	98
9094.000000	99
9098.441406	89
9102.882813	94
9107.324219	88
9111.765625	85
9116.207031	87
9120.648438	86
9125.089844	86
9129.531250	86
9133.971680	74
9138.413086	84
9142.854492	89
9147.295898	76
9151.737305	84
9156.178711	76
9160.620117	87
9165.061523	97
9169.502930	99
9173.943359	89
9178.384766	82
9182.826172	86
9187.267578	94
9191.708984	85
9196.150391	83
9200.591797	92
9205.033203	88
9209.474609	89
9213.915039	93
9218.356445	89
9222.797852	92
9227.239258	86
9231.680664	84
9236.122070	102
9240.563477	103
9245.004883	95
9249.446289	92
9253.886719	78
9258.328125	89
9262.769531	84
9267.210938	97
9271.652344	75
9276.093750	80
9280.535156	81
9284.976563	94
9289.417969	81
9293.858398	82
9298.299805	84
9302.741211	87
9307.182617	88
9311.624023	88
9316.065430	79
9320.506836	78
9324.948242	89
9329.389648	92
9333.830078	76
9338.271484	88
9342.712891	74
9347.154297	86
9351.595703	87
9356.037109	101
9360.478516	98
9364.919922	85
9369.361328	75
9373.801758	99
9378.243164	99
9382.684570	86
9387.125977	88
9391.567383	90
9396.008789	86
9400.450195	86
9404.891602	87
9409.333008	81
9413.773438	93
9418.214844	84
9422.656250	84
9427.097656	75
9431.539063	81
9435.980469	89
9440.421875	89
9444.863281	90
9449.304688	93
9453.745117	92
9458.186523	92
9462.627930	114
9467.069336	98
9471.510742	87
9475.952148	87
9480.393555	74
9484.834961	79
9489.276367	100
9493.716797	91
9498.158203	91
9502.599609	84
9507.041016	87
9511.482422	99
9515.923828	93
9520.365234	104
9524.806641	94
9529.248047	95
9533.688477	91
9538.129883	96
9542.571289	88
9547.012695	101
9551.454102	108
9555.895508	103
9560.336914	96
9564.778320	96
9569.219727	107
9573.660156	97
9578.101563	92
9582.542969	88
9586.984375	96
9591.425781	110
9595.867188	106
9600.308594	96
9604.750000	94
9609.191406	93
9613.631836	90
9618.073242	94
9622.514648	99
9626.956055	111
9631.397461	96
9635.838867	99
9640.280273	112
9644.721680	115
9649.163086	112
9653.603516	98
9658.044922	126
9662.486328	104
9666.927734	100
9671.369141	103
9675.810547	105
9680.251953	110
9684.693359	99
9689.134766	113
9693.575195	110
9698.016602	98
9702.458008	96
9706.899414	102
9711.340820	106
9715.782227	109
9720.223633	99
9724.665039	94
9729.106445	100
9733.546875	109
9737.988281	99
9742.429688	101
9746.871094	99
9751.312500	101
9755.753906	103
9760.195313	91
9764.636719	95
9769.078125	105
9773.518555	106
9777.959961	103
9782.401367	92
9786.842773	112
9791.284180	104
9795.725586	103
9800.166992	114
9804.608398	116
9809.049805	107
9813.490234	118
9817.931641	108
9822.373047	108
9826.814453	114
9831.255859	113
9835.697266	110
9840.138672	119
9844.580078	114
9849.021484	93
9853.461914	104
9857.903320	108
9862.344727	114
9866.786133	113
9871.227539	112
9875.668945	104
9880.110352	112
9884.551758	106
9888.992188	108
9893.433594	99
9897.875000	121
9902.316406	123
9906.757813	104
9911.199219	102
9915.640625	122
9920.082031	120
9924.523438	117
9928.963867	126
9933.405273	117
9937.846680	112
9942.288086	107
9946.729492	125
9951.170898	115
9955.612305	110
9960.053711	112
9964.495117	116
9968.935547	106
9973.376953	113
9977.818359	122
9982.259766	110
9986.701172	99
9991.142578	101
9995.583984	107
10000.025391	110
10004.466797	99
10008.907227	114
10013.348633	107
10017.790039	113
10022.231445	125
10026.672852	120
10031.114258	113
10035.555664	109
10039.997070	112
10044.438477	105
10048.878906	108
10053.320313	112
10057.761719	115
10062.203125	101
10066.644531	112
10071.085938	108
10075.527344	119
10079.968750	114
10084.410156	123
10088.850586	104
10093.291992	107
10097.733398	114
10102.174805	108
10106.616211	109
10111.057617	117
10115.499023	106
10119.940430	107
10124.381836	120
10128.822266	125
10133.263672	113
10137.705078	107
10142.146484	107
10146.587891	111
10151.029297	111
10155.470703	114
10159.912109	106
10164.353516	114
10168.793945	106
10173.235352	108
10177.676758	98
10182.118164	109
10186.559570	113
10191.000977	112
10195.442383	115
10199.883789	104
10204.325195	118
10208.765625	110
10213.207031	102
10217.648438	110
10222.089844	98
10226.531250	124
10230.972656	113
10235.414063	102
10239.855469	97
10244.296875	99
10248.737305	111
10253.178711	98
10257.620117	88
10262.061523	103
10266.502930	97
10270.944336	95
10275.385742	93
10279.827148	100
10284.268555	106
10288.708984	100
10293.150391	96
10297.591797	87
10302.033203	100
10306.474609	90
10310.916016	94
10315.357422	97
10319.798828	97
10324.240234	107
10328.680664	109
10333.122070	103
10337.563477	95
10342.004883	96
10346.446289	99
10350.887695	101
10355.329102	100
10359.770508	101
10364.211914	103
10368.652344	100
10373.093750	94
10377.535156	87
10381.976563	87
10386.417969	90
10390.859375	93
10395.300781	103
10399.742188	102
10404.183594	102
10408.624023	95
10413.065430	85
10417.506836	93
10421.948242	95
10426.389648	82
10430.831055	89
10435.272461	96
10439.713867	94
10444.155273	92
10448.595703	90
10453.037109	85
10457.478516	81
10461.919922	85
10466.361328	85
10470.802734	90
10475.244141	91
10479.685547	87
10484.126953	94
10488.567383	87
10493.008789	84
10497.450195	73
10501.891602	82
10506.333008	88
10510.774414	91
10515.215820	82
10519.657227	89
10524.098633	88
10528.539063	91
10532.980469	83
10537.421875	79
10541.863281	70
10546.304688	60
10550.746094	65
10555.187500	56
10559.628906	60
10564.070313	48
10568.510742	39
10572.952148	38
10577.393555	31
10581.834961	30
10586.276367	25
10590.717773	21
10595.159180	19
10599.600586	29
10604.041992	23
10608.482422	25
10612.923828	22
10617.365234	22
10621.806641	27
10626.248047	18
10630.689453	7
10635.130859	13
10639.572266	16
10644.013672	8
10648.454102	18
10652.895508	12
10657.336914	15
10661.778320	7
10666.219727	14
10670.661133	15
10675.102539	15
10679.543945	17
10683.985352	22
10688.425781	13
10692.867188	15
10697.308594	15
10701.750000	13
10706.191406	15
10710.632813	9
10715.074219	10
10719.515625	13
10723.957031	14
10728.397461	9
10732.838867	13
10737.280273	14
10741.721680	16
10746.163086	10
10750.604492	15
10755.045898	13
10759.487305	16
10763.928711	9
10768.369141	7
10772.810547	6
10777.251953	9
10781.693359	8
10786.134766	7
10790.576172	7
10795.017578	4
10799.458984	3
10803.900391	10
10808.340820	7
10812.782227	4
10817.223633	5
10821.665039	12
10826.106445	9
10830.547852	7
10834.989258	6
10839.430664	1
10843.872070	6
10848.312500	5
10852.753906	12
10857.195313	5
10861.636719	2
10866.078125	1
10870.519531	5
10874.960938	4
10879.402344	4
10883.843750	5
10888.284180	4
10892.725586	4
10897.166992	3
10901.608398	2
10906.049805	4
10910.491211	4
10914.932617	2
10919.374023	1
10923.815430	3
10928.255859	4
10932.697266	3
10937.138672	2
10941.580078	4
10946.021484	2
10950.462891	3
10954.904297	8
10959.345703	2
10963.787109	1
10968.227539	2
10972.668945	4
10977.110352	6
10981.551758	1
10985.993164	0
10990.434570	0
10994.875977	0
10999.317383	0
11003.758789	2
11008.199219	2
11012.640625	0
11017.082031	0
11021.523438	0
11025.964844	0
11030.406250	0
11034.847656	0
11039.289063	0
11043.730469	0
11048.170898	0
11052.612305	0
11057.053711	0
11061.495117	0
11065.936523	0
11070.377930	0
11074.819336	0
11079.260742	0
11083.702148	0
11088.142578	0
11092.583984	0
11097.025391	0
11101.466797	0
11105.908203	0
11110.349609	0
11114.791016	0
11119.232422	0
11123.673828	0
11128.114258	0
11132.555664	0
11136.997070	0
11141.438477	0
11145.879883	0
11150.321289	0
11154.762695	0
11159.204102	0
11163.645508	0
11168.085938	0
11172.527344	0
11176.968750	0
11181.410156	0
11185.851563	0
11190.292969	0
11194.734375	0
11199.175781	0
11203.617188	0
11208.057617	0
11212.499023	0
11216.940430	0
11221.381836	0
11225.823242	0
11230.264648	0
11234.706055	0
11239.147461	0
11243.588867	0
11248.029297	0
11252.470703	0
11256.912109	0
11261.353516	0
11265.794922	0
11270.236328	0
11274.677734	0
11279.119141	0
11283.559570	0
11288.000977	0
11292.442383	0
11296.883789	0
11301.325195	0
11305.766602	0
11310.208008	0
11314.649414	0
11319.090820	0
11323.531250	0
11327.972656	0
11332.414063	0
11336.855469	0
11341.296875	0
11345.738281	0
11350.179688	0
11354.621094	0
11359.062500	0
11363.502930	0
11367.944336	0
11372.385742	0
11376.827148	0
11381.268555	0
11385.709961	0
11390.151367	0
11394.592773	0
11399.034180	0
11403.474609	0
11407.916016	0
11412.357422	0
11416.798828	0
11421.240234	0
11425.681641	0
11430.123047	0
11434.564453	0
11439.005859	0
11443.446289	0
11447.887695	0
11452.329102	0
11456.770508	0
11461.211914	0
11465.653320	0
11470.094727	0
11474.536133	0
11478.977539	0
11483.417969	0
11487.859375	0
11492.300781	0
11496.742188	0
11501.183594	0
11505.625000	0
11510.066406	0
11514.507813	0
11518.949219	0
11523.389648	0
11527.831055	0
11532.272461	0
11536.713867	0
11541.155273	0
11545.596680	0
11550.038086	0
11554.479492	0
11558.920898	0
11563.361328	0
11567.802734	0
11572.244141	0
11576.685547	0
11581.126953	0
11585.568359	0
11590.009766	0
11594.451172	0
11598.892578	0
11603.333008	0
11607.774414	0
11612.215820	0
11616.657227	0
11621.098633	0
11625.540039	0
11629.981445	0
11634.422852	0
11638.864258	0
11643.304688	0
11647.746094	0
11652.187500	0
11656.628906	0
11661.070313	0
11665.511719	0
11669.953125	0
11674.394531	0
11678.835938	0
11683.276367	0
11687.717773	0
11692.159180	0
11696.600586	0
11701.041992	0
11705.483398	0
11709.924805	0
11714.366211	0
11718.807617	0
11723.248047	0
11727.689453	0
11732.130859	0
11736.572266	0
11741.013672	0
11745.455078	0
11749.896484	0
11754.337891	0
11758.779297	0
11763.219727	0
11767.661133	0
11772.102539	0
11776.543945	0
11780.985352	0
11785.426758	0
11789.868164	0
11794.309570	0
11798.750977	0
11803.191406	0
11807.632813	0
11812.074219	0
11816.515625	0
11820.957031	0
11825.398438	0
11829.839844	0
11834.281250	0
11838.722656	0
11843.163086	0
11847.604492	0
11852.045898	0
11856.487305	0
11860.928711	0
11865.370117	0
11869.811523	0
11874.252930	0
11878.694336	0
11883.134766	0
11887.576172	0
11892.017578	0
11896.458984	0
11900.900391	0
11905.341797	0
11909.783203	0
11914.224609	0
11918.666016	0
11923.106445	0
11927.547852	0
11931.989258	0
11936.430664	0
11940.872070	0
11945.313477	0
11949.754883	0
11954.196289	0
11958.637695	0
11963.078125	0
11967.519531	0
11971.960938	0
11976.402344	0
11980.843750	0
11985.285156	0
11989.726563	0
11994.167969	0
11998.609375	0
12003.049805	0
12007.491211	0
12011.932617	0
12016.374023	0
12020.815430	0
12025.256836	0
12029.698242	0
12034.139648	0
12038.581055	0
12043.021484	0
12047.462891	0
12051.904297	0
12056.345703	0
12060.787109	0
12065.228516	0
12069.669922	0
12074.111328	0
12078.552734	0
12082.993164	0
12087.434570	0
12091.875977	0
12096.317383	0
12100.758789	0
12105.200195	0
12109.641602	0
12114.083008	0
12118.524414	0
12122.964844	0
12127.406250	0
12131.847656	0
12136.289063	0
12140.730469	0
12145.171875	0
12149.613281	0
12154.054688	0
12158.496094	0
12162.936523	0
12167.377930	0
12171.819336	0
12176.260742	0
12180.702148	0
12185.143555	0
12189.584961	0
12194.026367	0
12198.467773	0
12202.908203	0
12207.349609	0
12211.791016	0
12216.232422	0
12220.673828	0
12225.115234	0
12229.556641	0
12233.998047	0
12238.439453	0
12242.879883	0
12247.321289	0
12251.762695	0
12256.204102	0
12260.645508	0
12265.086914	0
12269.528320	0
12273.969727	0
12278.411133	0
12282.851563	0
12287.292969	0
12291.734375	0
12296.175781	0
12300.617188	0
12305.058594	0
12309.500000	0
12313.941406	0
12318.382813	0
12322.823242	0
12327.264648	0
12331.706055	0
12336.147461	0
12340.588867	0
12345.030273	0
12349.471680	0
12353.913086	0
12358.354492	0
12362.794922	0
12367.236328	0
12371.677734	0
12376.119141	0
12380.560547	0
12385.001953	0
12389.443359	0
12393.884766	0
12398.326172	0
12402.766602	0
12407.208008	0
12411.649414	0
12416.090820	0
12420.532227	0
12424.973633	0
12429.415039	0
12433.856445	0
12438.297852	0
12442.738281	0
12447.179688	0
12451.621094	0
12456.062500	0
12460.503906	0
12464.945313	0
12469.386719	0
12473.828125	0
12478.269531	0
12482.709961	0
12487.151367	0
12491.592773	0
12496.034180	0
12500.475586	0
12504.916992	0
12509.358398	0
12513.799805	0
12518.241211	0
12522.681641	0
12527.123047	0
12531.564453	0
12536.005859	0
12540.447266	0
12544.888672	0
12549.330078	0
12553.771484	0
12558.212891	0
12562.653320	0
12567.094727	0
12571.536133	0
12575.977539	0
12580.418945	0
12584.860352	0
12589.301758	0
12593.743164	0
12598.184570	0
12602.625000	0
12607.066406	0
12611.507813	0
12615.949219	0
12620.390625	0
12624.832031	0
12629.273438	0
12633.714844	0
12638.156250	0
12642.596680	0
12647.038086	0
12651.479492	0
12655.920898	0
12660.362305	0
12664.803711	0
12669.245117	0
12673.686523	0
12678.126953	0
12682.568359	0
12687.009766	0
12691.451172	0
12695.892578	0
12700.333984	0
12704.775391	0
12709.216797	0
12713.658203	0
12718.098633	0
12722.540039	0
12726.981445	0
12731.422852	0
12735.864258	0
12740.305664	0
12744.747070	0
12749.188477	0
12753.629883	0
12758.070313	0
12762.511719	0
12766.953125	0
12771.394531	0
12775.835938	0
12780.277344	0
12784.718750	0
12789.160156	0
12793.601563	0
12798.041992	0
12802.483398	0
12806.924805	0
12811.366211	0
12815.807617	0
12820.249023	0
12824.690430	0
12829.131836	0
12833.573242	0
12838.013672	0
12842.455078	0
12846.896484	0
12851.337891	0
12855.779297	0
12860.220703	0
12864.662109	0
12869.103516	0
12873.544922	0
12877.985352	0
12882.426758	0
12886.868164	0
12891.309570	0
12895.750977	0
12900.192383	0
12904.633789	0
12909.075195	0
12913.516602	0
12917.957031	0
12922.398438	0
12926.839844	0
12931.281250	0
12935.722656	0
12940.164063	0
12944.605469	0
12949.046875	0
12953.488281	0
12957.928711	0
