-3394.560059	0
-3390.140137	0
-3385.719971	0
-3381.300049	0
-3376.880127	0
-3372.459961	0
-3368.040039	0
-3363.620117	0
-3359.199951	0
-3354.780029	0
-3350.360107	0
-3345.939941	0
-3341.520020	0
-3337.100098	0
-3332.680176	0
-3328.260010	0
-3323.840088	0
-3319.420166	0
-3315.000000	0
-3310.580078	0
-3306.160156	0
-3301.739990	0
-3297.320068	0
-3292.900146	0
-3288.479980	0
-3284.060059	0
-3279.640137	0
-3275.219971	0
-3270.800049	0
-3266.380127	0
-3261.959961	0
-3257.540039	0
-3253.120117	0
-3248.699951	0
-3244.280029	0
-3239.860107	0
-3235.439941	0
-3231.020020	0
-3226.600098	0
-3222.180176	0
-3217.760010	0
-3213.340088	0
-3208.920166	0
-3204.500000	0
-3200.080078	0
-3195.660156	0
-3191.239990	0
-3186.820068	0
-3182.400146	0
-3177.979980	0
-3173.560059	0
-3169.140137	0
-3164.719971	0
-3160.300049	0
-3155.880127	0
-3151.459961	0
-3147.040039	0
-3142.620117	0
-3138.199951	0
-3133.780029	0
-3129.360107	0
-3124.939941	0
-3120.520020	0
-3116.100098	0
-3111.680176	0
-3107.260010	0
-3102.840088	0
-3098.420166	0
-3094.000000	0
-3089.580078	0
-3085.160156	0
-3080.739990	0
-3076.320068	0
-3071.900146	0
-3067.479980	0
-3063.060059	0
-3058.640137	0
-3054.219971	0
-3049.800049	0
-3045.380127	0
-3040.959961	0
-3036.540039	0
-3032.120117	0
-3027.699951	0
-3023.280029	0
-3018.860107	0
-3014.439941	0
-3010.020020	0
-3005.600098	0
-3001.179932	0
-2996.760010	0
-2992.340088	0
-2987.920166	0
-2983.500000	0
-2979.080078	0
-2974.660156	0
-2970.239990	0
-2965.820068	0
-2961.400146	0
-2956.979980	0
-2952.560059	0
-2948.140137	0
-2943.719971	0
-2939.300049	0
-2934.880127	0
-2930.459961	0
-2926.040039	0
-2921.620117	0
-2917.199951	0
-2912.780029	0
-2908.360107	0
-2903.939941	0
-2899.520020	0
-2895.100098	0
-2890.679932	0
-2886.260010	0
-2881.840088	0
-2877.420166	0
-2873.000000	0
-2868.580078	0
-2864.160156	0
-2859.739990	0
-2855.320068	0
-2850.900146	0
-2846.479980	0
-2842.060059	0
-2837.640137	0
-2833.219971	0
-2828.800049	0
-2824.380127	0
-2819.959961	0
-2815.540039	0
-2811.120117	0
-2806.699951	0
-2802.280029	0
-2797.860107	0
-2793.439941	0
-2789.020020	0
-2784.600098	0
-2780.179932	0
-2775.760010	0
-2771.340088	0
-2766.920166	0
-2762.500000	0
-2758.080078	0
-2753.660156	0
-2749.239990	0
-2744.820068	0
-2740.400146	0
-2735.979980	0
-2731.560059	0
-2727.140137	0
-2722.719971	0
-2718.300049	0
-2713.880127	0
-2709.459961	0
-2705.040039	0
-2700.620117	0
-2696.199951	0
-2691.780029	0
-2687.360107	0
-2682.939941	0
-2678.520020	0
-2674.100098	0
-2669.679932	0
-2665.260010	0
-2660.840088	0
-2656.420166	0
-2652.000000	0
-2647.580078	0
-2643.160156	0
-2638.739990	0
-2634.320068	0
-2629.900146	0
-2625.479980	0
-2621.060059	0
-2616.640137	0
-2612.219971	0
-2607.800049	0
-2603.380127	0
-2598.959961	0
-2594.540039	0
-2590.120117	0
-2585.699951	0
-2581.280029	0
-2576.860107	0
-2572.439941	0
-2568.020020	0
-2563.600098	0
-2559.179932	0
-2554.760010	0
-2550.340088	0
-2545.919922	0
-2541.500000	0
-2537.080078	0
-2532.660156	0
-2528.239990	0
-2523.820068	0
-2519.400146	0
-2514.979980	0
-2510.560059	0
-2506.140137	0
-2501.719971	0
-2497.300049	0
-2492.880127	0
-2488.459961	0
-2484.040039	0
-2479.620117	0
-2475.199951	0
-2470.780029	0
-2466.360107	0
-2461.939941	0
-2457.520020	0
-2453.100098	0
-2448.679932	0
-2444.260010	0
-2439.840088	0
-2435.419922	0
-2431.000000	0
-2426.580078	0
-2422.160156	0
-2417.739990	0
-2413.320068	0
-2408.900146	0
-2404.479980	0
-2400.060059	0
-2395.640137	0
-2391.219971	0
-2386.800049	0
-2382.380127	0
-2377.959961	0
-2373.540039	0
-2369.120117	0
-2364.699951	0
-2360.280029	0
-2355.860107	0
-2351.439941	0
-2347.020020	0
-2342.600098	0
-2338.179932	0
-2333.760010	0
-2329.340088	0
-2324.919922	0
-2320.500000	0
-2316.080078	0
-2311.660156	0
-2307.239990	0
-2302.820068	0
-2298.400146	0
-2293.979980	0
-2289.560059	0
-2285.140137	0
-2280.719971	0
-2276.300049	0
-2271.880127	0
-2267.459961	0
-2263.040039	0
-2258.620117	0
-2254.199951	0
-2249.780029	0
-2245.360107	0
-2240.939941	0
-2236.520020	0
-2232.100098	0
-2227.679932	0
-2223.260010	0
-2218.840088	0
-2214.419922	0
-2210.000000	0
-2205.580078	0
-2201.160156	0
-2196.739990	0
-2192.320068	0
-2187.900146	0
-2183.479980	0
-2179.060059	0
-2174.640137	0
-2170.219971	0
-2165.800049	0
-2161.380127	2
-2156.959961	4
-2152.540039	6
-2148.120117	8
-2143.699951	10
-2139.280029	12
-2134.860107	12
-2130.439941	13
-2126.020020	15
-2121.600098	16
-2117.179932	17
-2112.760010	22
-2108.340088	25
-2103.919922	26
-2099.500000	28
-2095.080078	30
-2090.660156	28
-2086.239990	31
-2081.820068	33
-2077.400146	33
-2072.979980	38
-2068.560059	36
-2064.140137	34
-2059.719971	41
-2055.300049	47
-2050.880127	48
-2046.460083	46
-2042.040039	51
-2037.619995	56
-2033.200073	59
-2028.780029	59
-2024.359985	59
-2019.940063	57
-2015.520020	59
-2011.099976	65
-2006.680054	74
-2002.260010	75
-1997.840088	66
-1993.420044	63
-1989.000000	73
-1984.580078	78
-1980.160034	76
-1975.739990	73
-1971.320068	69
-1966.900024	78
-1962.479980	80
-1958.060059	77
-1953.640015	83
-1949.220093	94
-1944.800049	97
-1940.380005	100
-1935.960083	100
-1931.540039	98
-1927.119995	93
-1922.700073	97
-1918.280029	96
-1913.859985	103
-1909.440063	102
-1905.020020	112
-1900.599976	115
-1896.180054	113
-1891.760010	124
-1887.340088	123
-1882.920044	124
-1878.500000	119
-1874.080078	119
-1869.660034	116
-1865.239990	117
-1860.820068	119
-1856.400024	117
-1851.979980	117
-1847.560059	121
-1843.140015	118
-1838.719971	117
-1834.300049	121
-1829.880005	123
-1825.460083	124
-1821.040039	120
-1816.619995	115
-1812.200073	121
-1807.780029	127
-1803.359985	130
-1798.940063	125
-1794.520020	123
-1790.099976	117
-1785.680054	109
-1781.260010	111
-1776.840088	118
-1772.420044	120
-1768.000000	118
-1763.580078	119
-1759.160034	128
-1754.739990	129
-1750.320068	119
-1745.900024	114
-1741.479980	121
-1737.060059	128
-1732.640015	120
-1728.219971	124
-1723.800049	121
-1719.380005	121
-1714.960083	113
-1710.540039	119
-1706.119995	123
-1701.700073	119
-1697.280029	112
-1692.859985	109
-1688.440063	108
-1684.020020	116
-1679.599976	125
-1675.180054	126
-1670.760010	124
-1666.340088	121
-1661.920044	113
-1657.500000	125
-1653.080078	123
-1648.660034	124
-1644.239990	117
-1639.820068	119
-1635.400024	124
-1630.979980	124
-1626.560059	121
-1622.140015	115
-1617.719971	112
-1613.300049	116
-1608.880005	118
-1604.460083	115
-1600.040039	113
-1595.619995	116
-1591.200073	124
-1586.780029	112
-1582.359985	114
-1577.940063	114
-1573.520020	116
-1569.099976	123
-1564.680054	119
-1560.260010	111
-1555.840088	114
-1551.420044	116
-1547.000000	119
-1542.580078	113
-1538.160034	122
-1533.739990	133
-1529.320068	137
-1524.900024	132
-1520.479980	127
-1516.060059	127
-1511.640015	132
-1507.219971	125
-1502.800049	125
-1498.380005	128
-1493.960083	134
-1489.540039	120
-1485.119995	113
-1480.700073	125
-1476.280029	125
-1471.859985	121
-1467.440063	122
-1463.020020	121
-1458.599976	118
-1454.180054	117
-1449.760010	118
-1445.339966	124
-1440.920044	131
-1436.500000	125
-1432.080078	116
-1427.660034	117
-1423.239990	117
-1418.820068	113
-1414.400024	119
-1409.979980	131
-1405.560059	128
-1401.140015	121
-1396.719971	120
-1392.300049	126
-1387.880005	126
-1383.460083	124
-1379.040039	127
-1374.619995	125
-1370.200073	129
-1365.780029	125
-1361.359985	117
-1356.940063	120
-1352.520020	127
-1348.099976	123
-1343.680054	116
-1339.260010	126
-1334.839966	121
-1330.420044	120
-1326.000000	127
-1321.580078	132
-1317.160034	128
-1312.739990	123
-1308.320068	123
-1303.900024	119
-1299.479980	111
-1295.060059	123
-1290.640015	139
-1286.219971	138
-1281.800049	131
-1277.380005	127
-1272.959961	132
-1268.540039	136
-1264.119995	137
-1259.700073	125
-1255.280029	120
-1250.859985	115
-1246.440063	117
-1242.020020	127
-1237.599976	128
-1233.180054	117
-1228.760010	124
-1224.339966	129
-1219.920044	128
-1215.500000	123
-1211.080078	118
-1206.660034	113
-1202.239990	118
-1197.820068	121
-1193.400024	124
-1188.979980	119
-1184.560059	119
-1180.140015	124
-1175.719971	125
-1171.300049	126
-1166.880005	121
-1162.459961	113
-1158.040039	117
-1153.619995	123
-1149.200073	128
-1144.780029	129
-1140.359985	124
-1135.940063	122
-1131.520020	120
-1127.099976	117
-1122.680054	118
-1118.260010	119
-1113.839966	121
-1109.420044	121
-1105.000000	130
-1100.580078	127
-1096.160034	123
-1091.739990	124
-1087.320068	121
-1082.900024	121
-1078.479980	112
-1074.060059	109
-1069.640015	113
-1065.219971	123
-1060.800049	124
-1056.380005	127
-1051.959961	132
-1047.540039	126
-1043.119995	120
-1038.700073	122
-1034.280029	125
-1029.859985	125
-1025.440063	119
-1021.020020	119
-1016.600037	124
-1012.179993	124
-1007.760010	125
-1003.340027	126
-998.920044	125
-994.500000	122
-990.080017	119
-985.660034	120
-981.239990	125
-976.820007	130
-972.400024	131
-967.980042	121
-963.559998	125
-959.140015	129
-954.720032	130
-950.299988	119
-945.880005	119
-941.460022	115
-937.040039	122
-932.619995	128
-928.200012	130
-923.780029	125
-919.359985	131
-914.940002	134
-910.520020	130
-906.100037	125
-901.679993	124
-897.260010	125
-892.840027	126
-888.420044	125
-884.000000	114
-879.580017	118
-875.160034	127
-870.739990	128
-866.320007	131
-861.900024	135
-857.480042	133
-853.059998	128
-848.640015	129
-844.220032	133
-839.799988	133
-835.380005	134
-830.960022	130
-826.540039	134
-822.119995	136
-817.700012	124
-813.280029	126
-808.859985	127
-804.440002	127
-800.020020	130
-795.600037	129
-791.179993	127
-786.760010	126
-782.340027	123
-777.920044	116
-773.500000	125
-769.080017	118
-764.660034	116
-760.239990	119
-755.820007	136
-751.400024	135
-746.980042	130
-742.559998	115
-738.140015	119
-733.720032	131
-729.299988	133
-724.880005	133
-720.460022	124
-716.040039	125
-711.619995	128
-707.200012	131
-702.780029	137
-698.359985	131
-693.940002	114
-689.520020	112
-685.100037	121
-680.679993	125
-676.260010	120
-671.840027	120
-667.419983	117
-663.000000	130
-658.580017	134
-654.160034	135
-649.739990	138
-645.320007	139
-640.900024	129
-636.479980	126
-632.059998	126
-627.640015	129
-623.220032	123
-618.799988	123
-614.380005	130
-609.960022	124
-605.540039	119
-601.119995	117
-596.700012	121
-592.280029	133
-587.859985	138
-583.440002	136
-579.020020	133
-574.600037	135
-570.179993	131
-565.760010	127
-561.340027	129
-556.919983	135
-552.500000	131
-548.080017	124
-543.660034	128
-539.239990	133
-534.820007	119
-530.400024	117
-525.979980	111
-521.559998	116
-517.140015	129
-512.720032	124
-508.300018	112
-503.880005	110
-499.460022	116
-495.040009	119
-490.619995	121
-486.200012	132
-481.779999	125
-477.360016	126
-472.940002	130
-468.520020	134
-464.100006	125
-459.679993	124
-455.260010	127
-450.839996	136
-446.420013	131
-442.000000	132
-437.580017	133
-433.160004	131
-428.740021	130
-424.320007	128
-419.899994	130
-415.480011	135
-411.059998	134
-406.640015	131
-402.220001	133
-397.800018	142
-393.380005	143
-388.960022	140
-384.540009	141
-380.119995	138
-375.700012	137
-371.279999	132
-366.860016	135
-362.440002	137
-358.020020	124
-353.600006	130
-349.179993	137
-344.760010	136
-340.339996	130
-335.920013	135
-331.500000	135
-327.080017	139
-322.660004	134
-318.239990	131
-313.820007	133
-309.399994	137
-304.980011	133
-300.559998	137
-296.140015	143
-291.720001	137
-287.300018	137
-282.880005	133
-278.459991	137
-274.040009	141
-269.619995	144
-265.200012	148
-260.779999	150
-256.360016	150
-251.940002	145
-247.520004	143
-243.100006	146
-238.680008	149
-234.260010	149
-229.839996	151
-225.419998	153
-221.000000	157
-216.580002	157
-212.160004	155
-207.740005	166
-203.320007	165
-198.900009	166
-194.480011	165
-190.059998	182
-185.639999	193
-181.220001	187
-176.800003	202
-172.380005	205
-167.960007	202
-163.540009	220
-159.119995	235
-154.699997	242
-150.279999	257
-145.860001	263
-141.440002	268
-137.020004	286
-132.600006	313
-128.180008	331
-123.760002	350
-119.340004	377
-114.919998	405
-110.500000	445
-106.080002	485
-101.660004	536
-97.240005	573
-92.820000	640
-88.400002	718
-83.980003	812
-79.559998	898
-75.139999	1006
-70.720001	1160
-66.300003	1386
-61.880001	1614
-57.459999	1866
-53.040001	2218
-48.620003	2682
-44.200001	3262
-39.779999	3955
-35.360001	4580
-30.940001	5086
-26.520000	5495
-22.100000	5848
-17.680000	6101
-13.260000	6295
-8.840000	6525
-4.420000	6693
0.000000	6740
4.420000	6720
8.840000	6660
13.260000	6528
17.680000	6337
22.100000	6072
26.520000	5731
30.940001	5406
35.360001	5072
39.779999	4483
44.200001	3670
48.620003	2848
53.040001	2237
57.459999	1816
61.880001	1524
66.300003	1283
70.720001	1100
75.139999	928
79.559998	805
83.980003	724
88.400002	643
92.820000	583
97.240005	526
101.660004	472
106.080002	428
110.500000	381
114.919998	353
119.340004	341
123.760002	317
128.180008	305
132.600006	287
137.020004	263
141.440002	243
145.860001	238
150.279999	232
154.699997	228
159.119995	214
163.540009	201
167.960007	195
172.380005	185
176.800003	183
181.220001	187
185.639999	184
190.059998	171
194.480011	175
198.900009	171
203.320007	167
207.740005	161
212.160004	164
216.580002	157
221.000000	149
225.419998	150
229.839996	155
234.260010	155
238.680008	143
243.100006	142
247.520004	145
251.940002	148
256.360016	145
260.779999	139
265.200012	144
269.619995	141
274.040009	148
278.459991	148
282.880005	148
287.300018	146
291.720001	139
296.140015	137
300.559998	134
304.980011	132
309.399994	140
313.820007	136
318.239990	137
322.660004	137
327.080017	134
331.500000	130
335.920013	131
340.339996	124
344.760010	128
349.179993	115
353.600006	107
358.020020	119
362.440002	134
366.860016	135
371.279999	139
375.700012	134
380.119995	128
384.540009	130
388.960022	126
393.380005	131
397.800018	136
402.220001	137
406.640015	138
411.059998	135
415.480011	134
419.899994	130
424.320007	128
428.740021	133
433.160004	132
437.580017	132
442.000000	135
446.420013	129
450.839996	129
455.260010	128
459.679993	129
464.100006	137
468.520020	136
472.940002	130
477.360016	128
481.779999	132
486.200012	140
490.619995	133
495.040009	115
499.460022	119
503.880005	126
508.300018	127
512.720032	125
517.140015	130
521.559998	133
525.979980	130
530.400024	123
534.820007	120
539.239990	126
543.660034	130
548.080017	123
552.500000	123
556.919983	128
561.340027	138
565.760010	136
570.179993	136
574.600037	137
579.020020	130
583.440002	129
587.859985	137
592.280029	142
596.700012	130
601.119995	126
605.540039	130
609.960022	135
614.380005	132
618.799988	131
623.220032	132
627.640015	132
632.059998	128
636.479980	128
640.900024	130
645.320007	133
649.739990	129
654.160034	129
658.580017	128
663.000000	135
667.419983	139
671.840027	137
676.260010	125
680.679993	128
685.100037	127
689.520020	128
693.940002	131
698.359985	125
702.780029	119
707.200012	113
711.619995	119
716.040039	127
720.460022	131
724.880005	119
729.299988	122
733.720032	121
738.140015	120
742.559998	131
746.980042	132
751.400024	135
755.820007	126
760.239990	125
764.660034	130
769.080017	131
773.500000	134
777.920044	130
782.340027	131
786.760010	125
791.179993	125
795.600037	131
800.020020	134
804.440002	133
808.859985	135
813.280029	134
817.700012	127
822.119995	118
826.540039	122
830.960022	120
835.380005	123
839.799988	129
844.220032	131
848.640015	130
853.059998	127
857.480042	128
861.900024	129
866.320007	133
870.739990	132
875.160034	132
879.580017	132
884.000000	133
888.420044	129
892.840027	129
897.260010	134
901.679993	132
906.100037	127
910.520020	124
914.940002	129
919.359985	134
923.780029	134
928.200012	136
932.619995	131
937.040039	124
941.460022	127
945.880005	126
950.299988	125
954.720032	125
959.140015	119
963.559998	122
967.980042	125
972.400024	128
976.820007	133
981.239990	126
985.660034	121
990.080017	125
994.500000	131
998.920044	127
1003.340027	130
1007.760010	136
1012.179993	141
1016.600037	138
1021.020020	134
1025.440063	135
1029.859985	130
1034.280029	129
1038.700073	122
1043.119995	127
1047.540039	132
1051.959961	129
1056.380005	124
1060.800049	128
1065.219971	125
1069.640015	129
1074.060059	127
1078.479980	122
1082.900024	119
1087.320068	130
1091.739990	135
1096.160034	134
1100.580078	134
1105.000000	132
1109.420044	133
1113.839966	129
1118.260010	128
1122.680054	134
1127.099976	133
1131.520020	131
1135.940063	133
1140.359985	130
1144.780029	133
1149.200073	133
1153.619995	132
1158.040039	136
1162.459961	127
1166.880005	120
1171.300049	122
1175.719971	127
1180.140015	134
1184.560059	135
1188.979980	129
1193.400024	131
1197.820068	136
1202.239990	129
1206.660034	123
1211.080078	124
1215.500000	128
1219.920044	131
1224.339966	131
1228.760010	127
1233.180054	128
1237.599976	122
1242.020020	125
1246.440063	126
1250.859985	126
1255.280029	135
1259.700073	136
1264.119995	134
1268.540039	126
1272.959961	123
1277.380005	121
1281.800049	121
1286.219971	126
1290.640015	130
1295.060059	137
1299.479980	138
1303.900024	134
1308.320068	135
1312.739990	132
1317.160034	135
1321.580078	126
1326.000000	132
1330.420044	131
1334.839966	133
1339.260010	139
1343.680054	138
1348.099976	134
1352.520020	132
1356.940063	131
1361.359985	128
1365.780029	133
1370.200073	136
1374.619995	138
1379.040039	129
1383.460083	119
1387.880005	121
1392.300049	126
1396.719971	121
1401.140015	128
1405.560059	131
1409.979980	125
1414.400024	124
1418.820068	120
1423.239990	126
1427.660034	130
1432.080078	131
1436.500000	137
1440.920044	142
1445.339966	135
1449.760010	125
1454.180054	123
1458.599976	125
1463.020020	127
1467.440063	116
1471.859985	120
1476.280029	127
1480.700073	130
1485.119995	129
1489.540039	132
1493.960083	138
1498.380005	132
1502.800049	130
1507.219971	119
1511.640015	111
1516.060059	121
1520.479980	126
1524.900024	131
1529.320068	137
1533.739990	139
1538.160034	130
1542.580078	128
1547.000000	124
1551.420044	132
1555.840088	125
1560.260010	128
1564.680054	132
1569.099976	134
1573.520020	131
1577.940063	130
1582.359985	127
1586.780029	124
1591.200073	124
1595.619995	125
1600.040039	130
1604.460083	131
1608.880005	129
1613.300049	135
1617.719971	132
1622.140015	129
1626.560059	122
1630.979980	115
1635.400024	120
1639.820068	125
1644.239990	123
1648.660034	127
1653.080078	131
1657.500000	134
1661.920044	136
1666.340088	128
1670.760010	118
1675.180054	117
1679.599976	124
1684.020020	116
1688.440063	113
1692.859985	119
1697.280029	121
1701.700073	126
1706.119995	129
1710.540039	133
1714.960083	133
1719.380005	130
1723.800049	126
1728.219971	127
1732.640015	129
1737.060059	119
1741.479980	123
1745.900024	136
1750.320068	128
1754.739990	122
1759.160034	124
1763.580078	133
1768.000000	133
1772.420044	125
1776.840088	128
1781.260010	127
1785.680054	129
1790.099976	121
1794.520020	126
1798.940063	125
1803.359985	126
1807.780029	125
1812.200073	133
1816.619995	135
1821.040039	134
1825.460083	138
1829.880005	129
1834.300049	127
1838.719971	132
1843.140015	135
1847.560059	133
1851.979980	129
1856.400024	124
1860.820068	127
1865.239990	128
1869.660034	135
1874.080078	134
1878.500000	130
1882.920044	133
1887.340088	136
1891.760010	139
1896.180054	133
1900.599976	133
1905.020020	133
1909.440063	128
1913.859985	127
1918.280029	120
1922.700073	120
1927.119995	121
1931.540039	120
1935.960083	135
1940.380005	136
1944.800049	138
1949.220093	134
1953.640015	128
1958.060059	125
1962.479980	128
1966.900024	130
1971.320068	134
1975.739990	136
1980.160034	134
1984.580078	126
1989.000000	131
1993.420044	130
1997.840088	126
2002.260010	125
2006.680054	130
2011.099976	135
2015.520020	135
2019.940063	130
2024.359985	129
2028.780029	133
2033.200073	137
2037.619995	129
2042.040039	121
2046.460083	124
2050.880127	121
2055.300049	128
2059.719971	134
2064.140137	133
2068.560059	133
2072.979980	133
2077.400146	131
2081.820068	126
2086.239990	127
2090.660156	131
2095.080078	136
2099.500000	137
2103.919922	139
2108.340088	138
2112.760010	131
2117.179932	131
2121.600098	133
2126.020020	133
2130.439941	122
2134.860107	123
2139.280029	128
2143.699951	136
2148.120117	138
2152.540039	133
2156.959961	126
2161.380127	124
2165.800049	128
2170.219971	128
2174.640137	126
2179.060059	120
2183.479980	117
2187.900146	119
2192.320068	133
2196.739990	137
2201.160156	132
2205.580078	132
2210.000000	124
2214.419922	124
2218.840088	123
2223.260010	134
2227.679932	128
2232.100098	122
2236.520020	126
2240.939941	128
2245.360107	128
2249.780029	132
2254.199951	135
2258.620117	128
2263.040039	126
2267.459961	127
2271.880127	125
2276.300049	139
2280.719971	137
2285.140137	131
2289.560059	133
2293.979980	123
2298.400146	120
2302.820068	122
2307.239990	139
2311.660156	138
2316.080078	134
2320.500000	130
2324.919922	128
2329.340088	132
2333.760010	130
2338.179932	128
2342.600098	127
2347.020020	125
2351.439941	130
2355.860107	130
2360.280029	127
2364.699951	125
2369.120117	127
2373.540039	128
2377.959961	123
2382.380127	132
2386.800049	135
2391.219971	130
2395.640137	133
2400.060059	133
2404.479980	135
2408.900146	126
2413.320068	128
2417.739990	136
2422.160156	143
2426.580078	140
2431.000000	139
2435.419922	136
2439.840088	135
2444.260010	136
2448.679932	137
2453.100098	136
2457.520020	132
2461.939941	136
2466.360107	135
2470.780029	126
2475.199951	125
2479.620117	136
2484.040039	132
2488.459961	123
2492.880127	128
2497.300049	135
2501.719971	132
2506.140137	118
2510.560059	122
2514.979980	135
2519.400146	137
2523.820068	134
2528.239990	130
2532.660156	133
2537.080078	131
2541.500000	135
2545.919922	138
2550.340088	138
2554.760010	140
2559.179932	139
2563.600098	136
2568.020020	135
2572.439941	126
2576.860107	122
2581.280029	125
2585.699951	131
2590.120117	128
2594.540039	126
2598.959961	119
2603.380127	131
2607.800049	132
2612.219971	129
2616.640137	133
2621.060059	140
2625.479980	141
2629.900146	136
2634.320068	136
2638.739990	129
2643.160156	128
2647.580078	133
2652.000000	133
2656.420166	137
2660.840088	138
2665.260010	140
2669.679932	138
2674.100098	135
2678.520020	134
2682.939941	135
2687.360107	130
2691.780029	128
2696.199951	126
2700.620117	124
2705.040039	129
2709.459961	135
2713.880127	132
2718.300049	130
2722.719971	132
2727.140137	141
2731.560059	139
2735.979980	135
2740.400146	131
2744.820068	131
2749.239990	122
2753.660156	134
2758.080078	131
2762.500000	131
2766.920166	131
2771.340088	131
2775.760010	135
2780.179932	131
2784.600098	130
2789.020020	132
2793.439941	132
2797.860107	130
2802.280029	132
2806.699951	130
2811.120117	134
2815.540039	127
2819.959961	128
2824.380127	134
2828.800049	135
2833.219971	130
2837.640137	128
2842.060059	132
2846.479980	124
2850.900146	127
2855.320068	130
2859.739990	135
2864.160156	135
2868.580078	129
2873.000000	128
2877.420166	134
2881.840088	132
2886.260010	137
2890.679932	137
2895.100098	132
2899.520020	131
2903.939941	125
2908.360107	128
2912.780029	127
2917.199951	129
2921.620117	131
2926.040039	119
2930.459961	126
2934.880127	131
2939.300049	134
2943.719971	132
2948.140137	135
2952.560059	123
2956.979980	122
2961.400146	122
2965.820068	121
2970.239990	128
2974.660156	128
2979.080078	131
2983.500000	134
2987.920166	128
2992.340088	122
2996.760010	130
3001.179932	130
3005.600098	130
3010.020020	130
3014.439941	131
3018.860107	124
3023.280029	124
3027.699951	123
3032.120117	127
3036.540039	133
3040.959961	133
3045.380127	128
3049.800049	129
3054.219971	133
3058.640137	133
3063.060059	135
3067.479980	134
3071.900146	130
3076.320068	129
3080.739990	127
3085.160156	129
3089.580078	124
3094.000000	127
3098.420166	127
3102.840088	124
3107.260010	124
3111.680176	130
3116.100098	134
3120.520020	138
3124.939941	129
3129.360107	129
3133.780029	133
3138.199951	138
3142.620117	130
3147.040039	122
3151.459961	123
3155.880127	132
3160.300049	140
3164.719971	132
3169.140137	130
3173.560059	133
3177.979980	129
3182.400146	127
3186.820068	137
3191.239990	139
3195.660156	139
3200.080078	133
3204.500000	133
3208.920166	130
3213.340088	122
3217.760010	130
3222.180176	137
3226.600098	135
3231.020020	129
3235.439941	124
3239.860107	125
3244.280029	131
3248.699951	136
3253.120117	134
3257.540039	137
3261.959961	138
3266.380127	134
3270.800049	125
3275.219971	127
3279.640137	129
3284.060059	131
3288.479980	134
3292.900146	135
3297.320068	134
3301.739990	136
3306.160156	131
3310.580078	125
3315.000000	129
3319.420166	134
3323.840088	135
3328.260010	121
3332.680176	127
3337.100098	139
3341.520020	143
3345.939941	137
3350.360107	133
3354.780029	129
3359.199951	126
3363.620117	130
3368.040039	132
3372.459961	131
3376.880127	126
3381.300049	126
3385.719971	131
3390.140137	130
3394.560059	130
3398.979980	132
3403.400146	129
3407.820068	134
3412.239990	140
3416.660156	135
3421.080078	131
3425.500000	140
3429.920166	144
3434.340088	138
3438.760010	129
3443.180176	127
3447.600098	134
3452.020020	130
3456.439941	127
3460.860107	124
3465.280029	118
3469.699951	123
3474.120117	127
3478.540039	124
3482.959961	130
3487.380127	133
3491.800049	133
3496.219971	127
3500.640137	133
3505.060059	136
3509.479980	138
3513.900146	139
3518.320068	136
3522.739990	131
3527.160156	124
3531.580078	129
3536.000000	129
3540.420166	127
3544.840088	130
3549.260010	129
3553.680176	129
3558.100098	131
3562.520020	139
3566.939941	135
3571.360107	134
3575.780029	141
3580.199951	140
3584.620117	138
3589.040039	135
3593.459961	136
3597.880127	142
3602.300049	137
3606.719971	129
3611.140137	128
3615.560059	127
3619.979980	126
3624.400146	127
3628.820068	133
3633.239990	133
3637.660156	126
3642.080078	126
3646.500000	130
3650.920166	137
3655.340088	137
3659.760010	137
3664.180176	137
3668.600098	133
3673.020020	136
3677.439941	133
3681.860107	141
3686.280029	137
3690.699951	132
3695.120117	135
3699.540039	130
3703.959961	125
3708.380127	120
3712.800049	126
3717.219971	135
3721.640137	131
3726.060059	137
3730.479980	132
3734.900146	132
3739.320068	135
3743.739990	139
3748.160156	135
3752.580078	129
3757.000000	126
3761.420166	128
3765.840088	129
3770.260010	132
3774.680176	132
3779.100098	139
3783.520020	136
3787.940186	134
3792.360107	130
3796.780029	134
3801.199951	130
3805.620117	127
3810.040039	135
3814.459961	139
3818.880127	147
3823.300049	146
3827.719971	137
3832.140137	134
3836.560059	144
3840.979980	142
3845.400146	136
3849.820068	132
3854.239990	142
3858.660156	140
3863.080078	141
3867.500000	144
3871.920166	139
3876.340088	139
3880.760010	151
3885.180176	158
3889.600098	160
3894.020020	161
3898.440186	159
3902.860107	155
3907.280029	153
3911.699951	155
3916.120117	152
3920.540039	159
3924.959961	166
3929.380127	160
3933.800049	158
3938.219971	160
3942.640137	158
3947.060059	157
3951.479980	158
3955.900146	173
3960.320068	176
3964.739990	175
3969.160156	184
3973.580078	178
3978.000000	184
3982.420166	179
3986.840088	184
3991.260010	193
3995.680176	207
4000.100098	203
4004.520020	209
4008.940186	218
4013.360107	220
4017.780029	230
4022.199951	232
4026.620117	233
4031.040039	231
4035.459961	239
4039.880127	240
4044.300049	239
4048.719971	231
4053.140137	237
4057.560059	251
4061.979980	249
4066.400146	247
4070.820068	250
4075.239990	243
4079.660156	238
4084.080078	239
4088.500000	258
4092.920166	274
4097.339844	277
4101.760254	268
4106.180176	272
4110.600098	271
4115.020020	266
4119.439941	269
4123.859863	261
4128.280273	270
4132.700195	269
4137.120117	265
4141.540039	266
4145.959961	270
4150.379883	273
4154.800293	270
4159.220215	272
4163.640137	272
4168.060059	269
4172.479980	271
4176.899902	281
4181.320313	290
4185.740234	285
4190.160156	280
4194.580078	284
4199.000000	289
4203.419922	286
4207.839844	298
4212.260254	303
4216.680176	308
4221.100098	303
4225.520020	295
4229.939941	300
4234.359863	305
4238.780273	312
4243.200195	328
4247.620117	328
4252.040039	335
4256.459961	339
4260.879883	355
4265.300293	357
4269.720215	351
4274.140137	339
4278.560059	348
4282.979980	350
4287.399902	352
4291.820313	352
4296.240234	344
4300.660156	327
4305.080078	337
4309.500000	355
4313.919922	381
4318.339844	411
4322.760254	413
4327.180176	414
4331.600098	423
4336.020020	430
4340.439941	436
4344.859863	444
4349.280273	459
4353.700195	481
4358.120117	501
4362.540039	501
4366.959961	501
4371.379883	488
4375.800293	470
4380.220215	468
4384.640137	466
4389.060059	467
4393.479980	469
4397.899902	489
4402.320313	496
4406.740234	485
4411.160156	489
4415.580078	500
4420.000000	507
4424.419922	512
4428.839844	519
4433.260254	521
4437.680176	532
4442.100098	527
4446.520020	532
4450.939941	519
4455.359863	508
4459.780273	512
4464.200195	527
4468.620117	548
4473.040039	572
4477.459961	591
4481.879883	598
4486.300293	619
4490.720215	613
4495.140137	608
4499.560059	630
4503.979980	647
4508.399902	668
4512.820313	676
4517.240234	645
4521.660156	632
4526.080078	620
4530.500000	617
4534.919922	611
4539.339844	611
4543.760254	617
4548.180176	636
4552.600098	641
4557.020020	650
4561.439941	666
4565.859863	692
4570.280273	699
4574.700195	679
4579.120117	692
4583.540039	720
4587.959961	707
4592.379883	716
4596.800293	720
4601.220215	737
4605.640137	771
4610.060059	797
4614.479980	808
4618.899902	819
4623.320313	802
4627.740234	811
4632.160156	820
4636.580078	824
4641.000000	819
4645.419922	804
4649.839844	813
4654.260254	856
4658.680176	861
4663.100098	846
4667.520020	842
4671.939941	842
4676.359863	865
4680.780273	911
4685.200195	903
4689.620117	909
4694.040039	939
4698.459961	938
4702.879883	936
4707.300293	957
4711.720215	986
4716.140137	1023
4720.560059	1030
4724.979980	1029
4729.399902	1051
4733.820313	1072
4738.240234	1077
4742.660156	1092
4747.080078	1130
4751.500000	1156
4755.919922	1152
4760.339844	1153
4764.760254	1179
4769.180176	1193
4773.600098	1246
4778.020020	1245
4782.439941	1233
4786.859863	1262
4791.280273	1295
4795.700195	1288
4800.120117	1320
4804.540039	1319
4808.959961	1328
4813.379883	1358
4817.800293	1346
4822.220215	1369
4826.640137	1379
4831.060059	1350
4835.479980	1367
4839.899902	1366
4844.320313	1350
4848.740234	1345
4853.160156	1285
4857.580078	1281
4862.000000	1285
4866.419922	1276
4870.839844	1293
4875.260254	1325
4879.680176	1349
4884.100098	1374
4888.520020	1397
4892.939941	1399
4897.359863	1408
4901.780273	1410
4906.200195	1410
4910.620117	1413
4915.040039	1402
4919.459961	1404
4923.879883	1422
4928.300293	1428
4932.720215	1441
4937.140137	1468
4941.560059	1495
4945.979980	1513
4950.399902	1486
4954.820313	1476
4959.240234	1465
4963.660156	1450
4968.080078	1466
4972.500000	1434
4976.919922	1374
4981.339844	1355
4985.760254	1358
4990.180176	1346
4994.600098	1323
4999.020020	1312
5003.439941	1311
5007.859863	1286
5012.280273	1258
5016.700195	1262
5021.120117	1299
5025.540039	1306
5029.959961	1308
5034.379883	1319
5038.800293	1309
5043.220215	1326
5047.640137	1346
5052.060059	1371
5056.479980	1378
5060.899902	1372
5065.320313	1360
5069.740234	1346
5074.160156	1322
5078.580078	1307
5083.000000	1317
5087.419922	1327
5091.839844	1325
5096.260254	1328
5100.680176	1323
5105.100098	1319
5109.520020	1303
5113.939941	1286
5118.359863	1261
5122.780273	1248
5127.200195	1231
5131.620117	1208
5136.040039	1199
5140.459961	1208
5144.879883	1210
5149.300293	1202
5153.720215	1160
5158.140137	1117
5162.560059	1108
5166.979980	1111
5171.399902	1099
5175.820313	1103
5180.240234	1115
5184.660156	1128
5189.080078	1129
5193.500000	1130
5197.919922	1147
5202.340332	1128
5206.760254	1140
5211.180176	1175
5215.600098	1130
5220.020020	1148
5224.439941	1182
5228.859863	1201
5233.280273	1240
5237.700195	1224
5242.120117	1191
5246.540039	1198
5250.959961	1171
5255.379883	1144
5259.800293	1117
5264.220215	1164
5268.640137	1210
5273.060059	1223
5277.479980	1272
5281.899902	1286
5286.320313	1294
5290.740234	1320
5295.160156	1338
5299.580078	1343
5304.000000	1344
5308.419922	1341
5312.840332	1330
5317.260254	1319
5321.680176	1275
5326.100098	1291
5330.520020	1302
5334.939941	1312
5339.359863	1334
5343.780273	1359
5348.200195	1371
5352.620117	1388
5357.040039	1368
5361.459961	1355
5365.879883	1364
5370.300293	1339
5374.720215	1319
5379.140137	1301
5383.560059	1259
5387.979980	1221
5392.399902	1205
5396.820313	1233
5401.240234	1264
5405.660156	1280
5410.080078	1301
5414.500000	1296
5418.919922	1284
5423.340332	1273
5427.760254	1278
5432.180176	1278
5436.600098	1311
5441.020020	1310
5445.439941	1296
5449.859863	1299
5454.280273	1296
5458.700195	1257
5463.120117	1255
5467.540039	1267
5471.959961	1252
5476.379883	1252
5480.800293	1258
5485.220215	1254
5489.640137	1272
5494.060059	1266
5498.479980	1244
5502.899902	1258
5507.320313	1289
5511.740234	1306
5516.160156	1283
5520.580078	1268
5525.000000	1282
5529.419922	1309
5533.840332	1321
5538.260254	1333
5542.680176	1341
5547.100098	1317
5551.520020	1296
5555.939941	1283
5560.359863	1281
5564.780273	1286
5569.200195	1275
5573.620117	1260
5578.040039	1234
5582.459961	1218
5586.879883	1236
5591.300293	1267
5595.720215	1256
5600.140137	1253
5604.560059	1247
5608.979980	1218
5613.399902	1229
5617.820313	1255
5622.240234	1232
5626.660156	1224
5631.080078	1221
5635.500000	1213
5639.919922	1191
5644.340332	1179
5648.760254	1198
5653.180176	1188
5657.600098	1199
5662.020020	1216
5666.439941	1231
5670.859863	1210
5675.280273	1193
5679.700195	1175
5684.120117	1152
5688.540039	1138
5692.959961	1130
5697.379883	1123
5701.800293	1145
5706.220215	1174
5710.640137	1178
5715.060059	1186
5719.479980	1191
5723.899902	1184
5728.320313	1200
5732.740234	1211
5737.160156	1194
5741.580078	1200
5746.000000	1198
5750.419922	1217
5754.840332	1239
5759.260254	1230
5763.680176	1203
5768.100098	1192
5772.520020	1197
5776.939941	1203
5781.359863	1224
5785.780273	1222
5790.200195	1247
5794.620117	1284
5799.040039	1314
5803.459961	1321
5807.879883	1330
5812.300293	1350
5816.720215	1375
5821.140137	1372
5825.560059	1362
5829.979980	1356
5834.399902	1351
5838.820313	1356
5843.240234	1346
5847.660156	1366
5852.080078	1377
5856.500000	1365
5860.919922	1327
5865.340332	1295
5869.760254	1267
5874.180176	1226
5878.600098	1200
5883.020020	1192
5887.439941	1219
5891.859863	1262
5896.280273	1263
5900.700195	1281
5905.120117	1313
5909.540039	1317
5913.959961	1317
5918.379883	1309
5922.800293	1318
5927.220215	1304
5931.640137	1275
5936.060059	1273
5940.479980	1276
5944.899902	1281
5949.320313	1305
5953.740234	1301
5958.160156	1307
5962.580078	1312
5967.000000	1293
5971.419922	1260
5975.840332	1252
5980.260254	1249
5984.680176	1238
5989.100098	1238
5993.520020	1224
5997.939941	1207
6002.359863	1201
6006.780273	1220
6011.200195	1236
6015.620117	1219
6020.040039	1200
6024.459961	1201
6028.879883	1211
6033.300293	1184
6037.720215	1180
6042.140137	1192
6046.560059	1179
6050.979980	1175
6055.399902	1155
6059.820313	1144
6064.240234	1123
6068.660156	1103
6073.080078	1094
6077.500000	1073
6081.919922	1069
6086.340332	1088
6090.760254	1061
6095.180176	1048
6099.600098	1045
6104.020020	1024
6108.439941	1017
6112.859863	1015
6117.280273	1024
6121.700195	985
6126.120117	959
6130.540039	980
6134.959961	986
6139.379883	967
6143.800293	962
6148.220215	973
6152.640137	972
6157.060059	963
6161.479980	947
6165.899902	945
6170.320313	968
6174.740234	976
6179.160156	960
6183.580078	949
6188.000000	932
6192.419922	935
6196.840332	921
6201.260254	906
6205.680176	897
6210.100098	898
6214.520020	896
6218.939941	886
6223.360352	867
6227.780273	869
6232.200195	869
6236.620117	854
6241.040039	848
6245.459961	851
6249.879883	859
6254.300293	862
6258.720215	850
6263.140137	852
6267.560059	846
6271.979980	854
6276.399902	864
6280.820313	877
6285.240234	860
6289.660156	838
6294.080078	852
6298.500000	871
6302.919922	871
6307.340332	870
6311.760254	867
6316.180176	874
6320.600098	868
6325.020020	874
6329.439941	859
6333.860352	869
6338.280273	872
6342.700195	871
6347.120117	885
6351.540039	899
6355.959961	909
6360.379883	886
6364.800293	884
6369.220215	890
6373.640137	881
6378.060059	869
6382.479980	872
6386.899902	877
6391.320313	877
6395.740234	882
6400.160156	861
6404.580078	842
6409.000000	854
6413.419922	875
6417.840332	877
6422.260254	888
6426.680176	884
6431.100098	873
6435.520020	886
6439.939941	875
6444.360352	873
6448.780273	881
6453.200195	877
6457.620117	869
6462.040039	863
6466.459961	866
6470.879883	852
6475.300293	837
6479.720215	827
6484.140137	827
6488.560059	843
6492.979980	869
6497.399902	873
6501.820313	865
6506.240234	867
6510.660156	865
6515.080078	852
6519.500000	857
6523.919922	855
6528.340332	852
6532.760254	861
6537.180176	866
6541.600098	831
6546.020020	835
6550.439941	846
6554.860352	848
6559.280273	844
6563.700195	860
6568.120117	879
6572.540039	869
6576.959961	859
6581.379883	854
6585.800293	864
6590.220215	892
6594.640137	890
6599.060059	894
6603.479980	902
6607.899902	897
6612.320313	898
6616.740234	903
6621.160156	897
6625.580078	894
6630.000000	898
6634.419922	921
6638.840332	936
6643.260254	927
6647.680176	918
6652.100098	931
6656.520020	936
6660.939941	927
6665.360352	925
6669.780273	924
6674.200195	943
6678.620117	921
6683.040039	912
6687.459961	920
6691.879883	943
6696.300293	947
6700.720215	951
6705.140137	951
6709.560059	935
6713.979980	936
6718.399902	954
6722.820313	946
6727.240234	934
6731.660156	928
6736.080078	940
6740.500000	960
6744.919922	969
6749.340332	970
6753.760254	938
6758.180176	938
6762.600098	933
6767.020020	944
6771.439941	973
6775.860352	964
6780.280273	949
6784.700195	971
6789.120117	978
6793.540039	989
6797.959961	989
6802.379883	984
6806.800293	991
6811.220215	981
6815.640137	967
6820.060059	960
6824.479980	962
6828.899902	952
6833.320313	950
6837.740234	952
6842.160156	911
6846.580078	886
6851.000000	865
6855.419922	863
6859.840332	867
6864.260254	876
6868.680176	889
6873.100098	886
6877.520020	890
6881.939941	909
6886.360352	915
6890.780273	915
6895.200195	927
6899.620117	927
6904.040039	911
6908.459961	922
6912.879883	940
6917.300293	947
6921.720215	957
6926.140137	967
6930.560059	960
6934.979980	959
6939.399902	960
6943.820313	967
6948.240234	967
6952.660156	960
6957.080078	980
6961.500000	972
6965.919922	966
6970.340332	976
6974.760254	984
6979.180176	963
6983.600098	967
6988.020020	979
6992.439941	969
6996.860352	968
7001.280273	964
7005.700195	977
7010.120117	977
7014.540039	993
7018.959961	1011
7023.379883	1012
7027.800293	1016
7032.220215	1008
7036.640137	1006
7041.060059	988
7045.479980	981
7049.899902	999
7054.320313	1008
7058.740234	1005
7063.160156	996
7067.580078	987
7072.000000	990
7076.419922	991
7080.840332	993
7085.260254	986
7089.680176	983
7094.100098	980
7098.520020	963
7102.939941	946
7107.360352	959
7111.780273	952
7116.200195	931
7120.620117	926
7125.040039	930
7129.459961	916
7133.879883	909
7138.300293	898
7142.720215	897
7147.140137	878
7151.560059	859
7155.979980	840
7160.399902	831
7164.820313	825
7169.240234	817
7173.660156	812
7178.080078	820
7182.500000	827
7186.919922	828
7191.340332	831
7195.760254	828
7200.180176	821
7204.600098	833
7209.020020	828
7213.439941	827
7217.860352	821
7222.280273	810
7226.700195	815
7231.120117	816
7235.540039	800
7239.959961	798
7244.379883	810
7248.800293	807
7253.220215	799
7257.640137	799
7262.060059	803
7266.479980	801
7270.899902	803
7275.320313	790
7279.740234	781
7284.160156	778
7288.580078	784
7293.000000	782
7297.419922	769
7301.840332	779
7306.260254	783
7310.680176	790
7315.100098	779
7319.520020	794
7323.939941	788
7328.360352	793
7332.780273	793
7337.200195	792
7341.620117	792
7346.040039	791
7350.459961	790
7354.879883	798
7359.300293	796
7363.720215	798
7368.140137	800
7372.560059	794
7376.979980	802
7381.399902	817
7385.820313	812
7390.240234	786
7394.660156	781
7399.080078	796
7403.500000	788
7407.919922	791
7412.340332	794
7416.760254	776
7421.180176	772
7425.600098	774
7430.020020	757
7434.439941	757
7438.860352	750
7443.280273	744
7447.700195	753
7452.120117	749
7456.540039	742
7460.959961	736
7465.380371	734
7469.800293	733
7474.220215	726
7478.640137	706
7483.060059	704
7487.479980	701
7491.899902	712
7496.320313	707
7500.740234	708
7505.160156	687
7509.580078	686
7514.000000	685
7518.419922	670
7522.840332	661
7527.260254	665
7531.680176	669
7536.100098	672
7540.520020	664
7544.939941	653
7549.360352	633
7553.780273	604
7558.200195	588
7562.620117	571
7567.040039	527
7571.459961	502
7575.880371	482
7580.300293	459
7584.720215	450
7589.140137	446
7593.560059	423
7597.979980	412
7602.399902	407
7606.820313	401
7611.240234	396
7615.660156	404
7620.080078	403
7624.500000	410
7628.919922	434
7633.340332	440
7637.760254	446
7642.180176	460
7646.600098	466
7651.020020	467
7655.439941	470
7659.860352	485
7664.280273	493
7668.700195	495
7673.120117	506
7677.540039	507
7681.959961	505
7686.380371	501
7690.800293	506
7695.220215	505
7699.640137	504
7704.060059	498
7708.479980	504
7712.899902	516
7717.320313	502
7721.740234	501
7726.160156	509
7730.580078	496
7735.000000	494
7739.419922	482
7743.840332	481
7748.260254	476
7752.680176	473
7757.100098	470
7761.520020	455
7765.939941	461
7770.360352	451
7774.780273	437
7779.200195	431
7783.620117	421
7788.040039	422
7792.459961	419
7796.880371	411
7801.300293	411
7805.720215	399
7810.140137	386
7814.560059	377
7818.979980	380
7823.399902	383
7827.820313	370
7832.240234	348
7836.660156	355
7841.080078	359
7845.500000	355
7849.919922	347
7854.340332	346
7858.760254	329
7863.180176	334
7867.600098	347
7872.020020	345
7876.439941	338
7880.860352	341
7885.280273	329
7889.700195	328
7894.120117	327
7898.540039	318
7902.959961	330
7907.380371	330
7911.800293	327
7916.220215	326
7920.640137	335
7925.060059	340
7929.479980	336
7933.899902	334
7938.320313	339
7942.740234	334
7947.160156	340
7951.580078	341
7956.000000	347
7960.419922	352
7964.840332	354
7969.260254	346
7973.680176	350
7978.100098	364
7982.520020	369
7986.939941	367
7991.360352	359
7995.780273	358
8000.200195	359
8004.620117	354
8009.040039	353
8013.459961	358
8017.880371	353
8022.300293	346
8026.720215	345
8031.140137	343
8035.560059	340
8039.979980	342
8044.399902	348
8048.820313	352
8053.240234	348
8057.660156	342
8062.080078	334
8066.500000	340
8070.919922	339
8075.340332	328
8079.760254	333
8084.180176	326
8088.600098	314
8093.020020	316
8097.439941	318
8101.860352	313
8106.280273	310
8110.700195	302
8115.120117	289
8119.540039	281
8123.959961	273
8128.380371	270
8132.800293	268
8137.220215	270
8141.640137	272
8146.060059	265
8150.479980	267
8154.899902	260
8159.320313	256
8163.740234	249
8168.160156	244
8172.580078	247
8177.000000	237
8181.419922	229
8185.840332	244
8190.260254	241
8194.679688	229
8199.100586	228
8203.520508	233
8207.940430	234
8212.360352	234
8216.780273	232
8221.200195	239
8225.620117	233
8230.040039	233
8234.459961	231
8238.879883	229
8243.299805	221
8247.719727	225
8252.140625	227
8256.560547	229
8260.980469	236
8265.400391	227
8269.820313	228
8274.240234	238
8278.660156	247
8283.080078	240
8287.500000	229
8291.919922	230
8296.339844	232
8300.759766	237
8305.179688	247
8309.600586	252
8314.020508	254
8318.440430	250
8322.860352	250
8327.280273	254
8331.700195	261
8336.120117	264
8340.540039	264
8344.959961	265
8349.379883	269
8353.799805	267
8358.219727	275
8362.640625	271
8367.060547	271
8371.480469	274
8375.900391	282
8380.320313	276
8384.740234	269
8389.160156	281
8393.580078	287
8398.000000	296
8402.419922	287
8406.839844	293
8411.259766	285
8415.679688	285
8420.100586	284
8424.520508	287
8428.940430	288
8433.360352	289
8437.780273	288
8442.200195	284
8446.620117	293
8451.040039	294
8455.459961	297
8459.879883	292
8464.299805	284
8468.719727	297
8473.140625	303
8477.560547	299
8481.980469	290
8486.400391	285
8490.820313	270
8495.240234	278
8499.660156	287
8504.080078	296
8508.500000	295
8512.919922	286
8517.339844	275
8521.759766	275
8526.179688	276
8530.600586	268
8535.020508	268
8539.440430	266
8543.860352	266
8548.280273	268
8552.700195	273
8557.120117	267
8561.540039	268
8565.959961	266
8570.379883	263
8574.799805	252
8579.219727	258
8583.640625	270
8588.060547	263
8592.480469	263
8596.900391	262
8601.320313	255
8605.740234	256
8610.160156	251
8614.580078	245
8619.000000	251
8623.419922	251
8627.839844	243
8632.259766	238
8636.679688	240
8641.100586	239
8645.520508	237
8649.940430	222
8654.360352	220
8658.780273	225
8663.200195	220
8667.620117	214
8672.040039	212
8676.459961	211
8680.879883	204
8685.299805	208
8689.719727	203
8694.140625	195
8698.560547	201
8702.980469	197
8707.400391	200
8711.820313	195
8716.240234	196
8720.660156	197
8725.080078	196
8729.500000	195
8733.919922	187
8738.339844	182
8742.759766	181
8747.179688	184
8751.600586	174
8756.020508	176
8760.440430	168
8764.860352	174
8769.280273	175
8773.700195	162
8778.120117	163
8782.540039	170
8786.959961	177
8791.379883	175
8795.799805	171
8800.219727	169
8804.640625	170
8809.060547	166
8813.480469	163
8817.900391	162
8822.320313	159
8826.740234	156
8831.160156	164
8835.580078	163
8840.000000	157
8844.419922	161
8848.839844	159
8853.259766	158
8857.679688	154
8862.100586	155
8866.520508	150
8870.940430	147
8875.360352	152
8879.780273	163
8884.200195	152
8888.620117	151
8893.040039	151
8897.459961	156
8901.879883	163
8906.299805	164
8910.719727	159
8915.140625	151
8919.560547	150
8923.980469	150
8928.400391	147
8932.820313	153
8937.240234	153
8941.660156	146
8946.080078	147
8950.500000	151
8954.919922	153
8959.339844	159
8963.759766	152
8968.179688	154
8972.600586	164
8977.020508	160
8981.440430	159
8985.860352	159
8990.280273	158
8994.700195	152
8999.120117	152
9003.540039	154
9007.959961	160
9012.379883	154
9016.799805	151
9021.219727	161
9025.640625	162
9030.060547	165
9034.480469	161
9038.900391	162
9043.320313	162
9047.740234	158
9052.160156	162
9056.580078	148
9061.000000	151
9065.419922	159
9069.839844	164
9074.259766	160
9078.679688	153
9083.100586	153
9087.520508	166
9091.940430	166
9096.360352	160
9100.780273	159
9105.200195	153
9109.620117	153
9114.040039	161
9118.459961	166
9122.879883	160
9127.299805	156
9131.719727	151
9136.140625	145
9140.560547	148
9144.980469	151
9149.400391	154
9153.820313	154
9158.240234	156
9162.660156	155
9167.080078	156
9171.500000	155
9175.919922	149
9180.339844	143
9184.759766	146
9189.179688	147
9193.600586	155
9198.020508	151
9202.440430	153
9206.860352	158
9211.280273	158
9215.700195	157
9220.120117	151
9224.540039	151
9228.959961	155
9233.379883	159
9237.799805	157
9242.219727	159
9246.640625	156
9251.060547	155
9255.480469	154
9259.900391	142
9264.320313	138
9268.740234	145
9273.160156	149
9277.580078	141
9282.000000	146
9286.419922	148
9290.839844	144
9295.259766	140
9299.679688	142
9304.100586	145
9308.520508	144
9312.940430	140
9317.360352	138
9321.780273	149
9326.200195	157
9330.620117	150
9335.040039	147
9339.459961	147
9343.879883	147
9348.299805	149
9352.719727	152
9357.140625	140
9361.560547	134
9365.980469	136
9370.400391	142
9374.820313	142
9379.240234	141
9383.660156	143
9388.080078	142
9392.500000	133
9396.919922	128
9401.339844	139
9405.759766	142
9410.179688	143
9414.600586	139
9419.020508	137
9423.440430	134
9427.860352	134
9432.280273	131
9436.700195	132
9441.120117	141
9445.540039	141
9449.959961	142
9454.379883	148
9458.799805	148
9463.219727	138
9467.640625	134
9472.060547	134
9476.480469	137
9480.900391	141
9485.320313	137
9489.740234	141
9494.160156	137
9498.580078	139
9503.000000	145
9507.419922	146
9511.839844	139
9516.259766	136
9520.679688	141
9525.100586	141
9529.520508	139
9533.940430	136
9538.360352	139
9542.780273	146
9547.200195	155
9551.620117	145
9556.040039	144
9560.459961	149
9564.879883	148
9569.299805	144
9573.719727	146
9578.140625	148
9582.560547	152
9586.980469	156
9591.400391	154
9595.820313	147
9600.240234	144
9604.660156	145
9609.080078	154
9613.500000	162
9617.919922	158
9622.339844	154
9626.759766	155
9631.179688	153
9635.600586	157
9640.020508	148
9644.440430	144
9648.860352	139
9653.280273	143
9657.700195	143
9662.120117	141
9666.540039	146
9670.959961	149
9675.379883	156
9679.799805	152
9684.219727	152
9688.640625	153
9693.060547	146
9697.480469	143
9701.900391	142
9706.320313	143
9710.740234	145
9715.160156	146
9719.580078	144
9724.000000	151
9728.419922	144
9732.839844	143
9737.259766	141
9741.679688	140
9746.100586	144
9750.520508	147
9754.940430	148
9759.360352	154
9763.780273	145
9768.200195	144
9772.620117	152
9777.040039	147
9781.459961	144
9785.879883	154
9790.299805	152
9794.719727	155
9799.140625	152
9803.560547	149
9807.980469	150
9812.400391	154
9816.820313	154
9821.240234	148
9825.660156	149
9830.080078	153
9834.500000	152
9838.919922	147
9843.339844	151
9847.759766	153
9852.179688	152
9856.600586	151
9861.020508	149
9865.440430	149
9869.860352	156
9874.280273	160
9878.700195	153
9883.120117	156
9887.540039	160
9891.959961	155
9896.379883	150
9900.799805	148
9905.219727	157
9909.640625	155
9914.060547	149
9918.480469	154
9922.900391	157
9927.320313	155
9931.740234	153
9936.160156	152
9940.580078	149
9945.000000	142
9949.419922	139
9953.839844	146
9958.259766	146
9962.679688	148
9967.100586	149
9971.520508	154
9975.940430	153
9980.360352	155
9984.780273	152
9989.200195	151
9993.620117	146
9998.040039	145
10002.459961	145
10006.879883	146
10011.299805	146
10015.719727	146
10020.140625	148
10024.560547	146
10028.980469	153
10033.400391	149
10037.820313	151
10042.240234	150
10046.660156	153
10051.080078	147
10055.500000	143
10059.919922	142
10064.339844	142
10068.759766	144
10073.179688	148
10077.600586	149
10082.020508	151
10086.440430	150
10090.860352	150
10095.280273	142
10099.700195	142
10104.120117	145
10108.540039	153
10112.959961	148
10117.379883	146
10121.799805	148
10126.219727	144
10130.640625	146
10135.060547	143
10139.480469	139
10143.900391	140
10148.320313	147
10152.740234	151
10157.160156	148
10161.580078	148
10166.000000	153
10170.419922	148
10174.839844	139
10179.259766	140
10183.679688	146
10188.100586	134
10192.520508	133
10196.940430	141
10201.360352	148
10205.780273	147
10210.200195	162
10214.620117	154
10219.040039	142
10223.459961	139
10227.879883	143
10232.299805	142
10236.719727	143
10241.140625	151
10245.560547	147
10249.980469	150
10254.400391	154
10258.820313	148
10263.240234	139
10267.660156	143
10272.080078	142
10276.500000	147
10280.919922	149
10285.339844	158
10289.759766	160
10294.180664	153
10298.600586	146
10303.020508	138
10307.440430	141
10311.860352	140
10316.280273	135
10320.700195	136
10325.120117	138
10329.540039	137
10333.959961	137
10338.379883	147
10342.799805	146
10347.219727	136
10351.640625	135
10356.060547	140
10360.480469	141
10364.900391	142
10369.320313	134
10373.740234	135
10378.160156	138
10382.580078	145
10387.000000	142
10391.419922	148
10395.839844	146
10400.259766	142
10404.680664	136
10409.100586	142
10413.520508	140
10417.940430	140
10422.360352	138
10426.780273	145
10431.200195	139
10435.620117	141
10440.040039	147
10444.459961	150
10448.879883	148
10453.299805	152
10457.719727	150
10462.140625	145
10466.560547	148
10470.980469	139
10475.400391	136
10479.820313	141
10484.240234	142
10488.660156	141
10493.080078	140
10497.500000	147
10501.919922	143
10506.339844	140
10510.759766	145
10515.180664	146
10519.600586	145
10524.020508	150
10528.440430	149
10532.860352	148
10537.280273	140
10541.700195	135
10546.120117	136
10550.540039	141
10554.959961	135
10559.379883	140
10563.799805	139
10568.219727	139
10572.640625	148
10577.060547	153
10581.480469	147
10585.900391	152
10590.320313	153
10594.740234	155
10599.160156	158
10603.580078	154
10608.000000	150
10612.419922	142
10616.839844	140
10621.259766	140
10625.680664	140
10630.100586	144
10634.520508	141
10638.940430	132
10643.360352	142
10647.780273	150
10652.200195	149
10656.620117	146
10661.040039	136
10665.459961	138
10669.879883	150
10674.299805	149
10678.719727	143
10683.140625	141
10687.560547	135
10691.980469	137
10696.400391	134
10700.820313	135
10705.240234	142
10709.660156	150
10714.080078	153
10718.500000	149
10722.919922	145
10727.339844	139
10731.759766	145
10736.180664	149
10740.600586	145
10745.020508	148
10749.440430	151
10753.860352	143
10758.280273	148
10762.700195	145
10767.120117	141
10771.540039	136
10775.959961	138
10780.379883	145
10784.799805	147
10789.219727	145
10793.640625	144
10798.060547	137
10802.480469	129
10806.900391	128
10811.320313	123
10815.740234	130
10820.160156	131
10824.580078	128
10829.000000	127
10833.419922	122
10837.839844	122
10842.259766	121
10846.680664	118
10851.100586	114
10855.520508	114
10859.940430	112
10864.360352	104
10868.780273	99
10873.200195	99
10877.620117	105
10882.040039	106
10886.459961	96
10890.879883	91
10895.299805	95
10899.719727	99
10904.140625	88
10908.560547	83
10912.980469	89
10917.400391	85
10921.820313	75
10926.240234	77
10930.660156	79
10935.080078	76
10939.500000	69
10943.919922	61
10948.339844	56
10952.759766	52
10957.180664	53
10961.600586	50
10966.020508	46
10970.440430	44
10974.860352	43
10979.280273	44
10983.700195	43
10988.120117	38
10992.540039	33
10996.959961	33
11001.379883	34
11005.799805	31
11010.219727	28
11014.640625	28
11019.060547	27
11023.480469	20
11027.900391	18
11032.320313	18
11036.740234	19
11041.160156	14
11045.580078	10
11050.000000	10
11054.419922	10
11058.839844	8
11063.259766	6
11067.680664	4
11072.100586	2
11076.520508	0
11080.940430	0
11085.360352	0
11089.780273	0
11094.200195	0
11098.620117	0
11103.040039	0
11107.459961	0
11111.879883	0
11116.299805	0
11120.719727	0
11125.140625	0
11129.560547	0
11133.980469	0
11138.400391	0
11142.820313	0
11147.240234	0
11151.660156	0
11156.080078	0
11160.500000	0
11164.919922	0
11169.339844	0
11173.759766	0
11178.180664	0
11182.600586	0
11187.020508	0
11191.440430	0
11195.860352	0
11200.280273	0
11204.700195	0
11209.120117	0
11213.540039	0
11217.959961	0
11222.379883	0
11226.799805	0
11231.219727	0
11235.640625	0
11240.060547	0
11244.480469	0
11248.900391	0
11253.320313	0
11257.740234	0
11262.160156	0
11266.580078	0
11271.000000	0
11275.419922	0
11279.839844	0
11284.259766	0
11288.680664	0
11293.100586	0
11297.520508	0
11301.940430	0
11306.360352	0
11310.780273	0
11315.200195	0
11319.620117	0
11324.040039	0
11328.459961	0
11332.879883	0
11337.299805	0
11341.719727	0
11346.140625	0
11350.560547	0
11354.980469	0
11359.400391	0
11363.820313	0
11368.240234	0
11372.660156	0
11377.080078	0
11381.500000	0
11385.919922	0
11390.339844	0
11394.759766	0
11399.180664	0
11403.600586	0
11408.020508	0
11412.440430	0
11416.860352	0
11421.280273	0
11425.700195	0
11430.120117	0
11434.540039	0
11438.959961	0
11443.379883	0
11447.799805	0
11452.219727	0
11456.640625	0
11461.060547	0
11465.480469	0
11469.900391	0
11474.320313	0
11478.740234	0
11483.160156	0
11487.580078	0
11492.000000	0
11496.419922	0
11500.839844	0
11505.259766	0
11509.680664	0
11514.100586	0
11518.520508	0
11522.940430	0
11527.360352	0
11531.780273	0
11536.200195	0
11540.620117	0
11545.040039	0
11549.459961	0
11553.879883	0
11558.299805	0
11562.719727	0
11567.140625	0
11571.560547	0
11575.980469	0
11580.400391	0
11584.820313	0
11589.240234	0
11593.660156	0
11598.080078	0
11602.500000	0
11606.919922	0
11611.339844	0
11615.759766	0
11620.180664	0
11624.600586	0
11629.020508	0
11633.440430	0
11637.860352	0
11642.280273	0
11646.700195	0
11651.120117	0
11655.540039	0
11659.959961	0
11664.379883	0
11668.799805	0
11673.219727	0
11677.640625	0
11682.060547	0
11686.480469	0
11690.900391	0
11695.320313	0
11699.740234	0
11704.160156	0
11708.580078	0
11713.000000	0
11717.419922	0
11721.839844	0
11726.259766	0
11730.680664	0
11735.100586	0
11739.520508	0
11743.940430	0
11748.360352	0
11752.780273	0
11757.200195	0
11761.620117	0
11766.040039	0
11770.459961	0
11774.879883	0
11779.299805	0
11783.719727	0
11788.140625	0
11792.560547	0
11796.980469	0
11801.400391	0
11805.820313	0
11810.240234	0
11814.660156	0
11819.080078	0
11823.500000	0
11827.919922	0
11832.339844	0
11836.759766	0
11841.180664	0
11845.600586	0
11850.020508	0
11854.440430	0
11858.860352	0
11863.280273	0
11867.700195	0
11872.120117	0
11876.540039	0
11880.959961	0
11885.379883	0
11889.799805	0
11894.219727	0
11898.640625	0
11903.060547	0
11907.480469	0
11911.900391	0
11916.320313	0
11920.740234	0
11925.160156	0
11929.580078	0
11934.000000	0
11938.419922	0
11942.839844	0
11947.259766	0
11951.680664	0
11956.100586	0
11960.520508	0
11964.940430	0
11969.360352	0
11973.780273	0
11978.200195	0
11982.620117	0
11987.040039	0
11991.459961	0
11995.879883	0
12000.299805	0
12004.719727	0
12009.140625	0
12013.560547	0
12017.980469	0
12022.400391	0
12026.820313	0
12031.240234	0
12035.660156	0
12040.080078	0
12044.500000	0
12048.919922	0
12053.339844	0
12057.759766	0
12062.180664	0
12066.600586	0
12071.020508	0
12075.440430	0
12079.860352	0
12084.280273	0
12088.700195	0
12093.120117	0
12097.540039	0
12101.959961	0
12106.379883	0
12110.799805	0
12115.219727	0
12119.640625	0
12124.060547	0
12128.480469	0
12132.900391	0
12137.320313	0
12141.740234	0
12146.160156	0
12150.580078	0
12155.000000	0
12159.419922	0
12163.839844	0
12168.259766	0
12172.680664	0
12177.100586	0
12181.520508	0
12185.940430	0
12190.360352	0
12194.780273	0
12199.200195	0
12203.620117	0
12208.040039	0
12212.459961	0
12216.879883	0
12221.299805	0
12225.719727	0
12230.140625	0
12234.560547	0
12238.980469	0
12243.400391	0
12247.820313	0
12252.240234	0
12256.660156	0
12261.080078	0
12265.500000	0
12269.919922	0
12274.339844	0
12278.759766	0
12283.180664	0
12287.600586	0
12292.020508	0
12296.440430	0
12300.860352	0
12305.280273	0
12309.700195	0
12314.120117	0
12318.540039	0
12322.959961	0
12327.379883	0
12331.799805	0
12336.219727	0
12340.640625	0
12345.060547	0
12349.480469	0
12353.900391	0
12358.320313	0
12362.740234	0
12367.160156	0
12371.580078	0
12376.000000	0
12380.419922	0
12384.839844	0
12389.259766	0
12393.680664	0
12398.100586	0
12402.520508	0
12406.940430	0
12411.360352	0
12415.780273	0
12420.200195	0
12424.620117	0
12429.040039	0
12433.459961	0
12437.879883	0
12442.299805	0
12446.720703	0
12451.140625	0
12455.560547	0
12459.980469	0
12464.400391	0
12468.820313	0
12473.240234	0
12477.660156	0
12482.080078	0
12486.500000	0
12490.919922	0
12495.339844	0
12499.759766	0
12504.180664	0
12508.600586	0
12513.020508	0
12517.440430	0
12521.860352	0
12526.280273	0
12530.700195	0
12535.120117	0
12539.540039	0
12543.959961	0
12548.379883	0
12552.799805	0
12557.220703	0
12561.640625	0
12566.060547	0
12570.480469	0
12574.900391	0
12579.320313	0
12583.740234	0
12588.160156	0
12592.580078	0
12597.000000	0
12601.419922	0
12605.839844	0
12610.259766	0
12614.680664	0
12619.100586	0
12623.520508	0
12627.940430	0
12632.360352	0
12636.780273	0
12641.200195	0
12645.620117	0
12650.040039	0
12654.459961	0
12658.879883	0
12663.299805	0
12667.720703	0
12672.140625	0
12676.560547	0
12680.980469	0
12685.400391	0
12689.820313	0
12694.240234	0
12698.660156	0
12703.080078	0
12707.500000	0
12711.919922	0
12716.339844	0
12720.759766	0
12725.180664	0
12729.600586	0
12734.020508	0
12738.440430	0
12742.860352	0
12747.280273	0
12751.700195	0
12756.120117	0
12760.540039	0
12764.959961	0
12769.379883	0
12773.799805	0
12778.220703	0
12782.640625	0
12787.060547	0
12791.480469	0
12795.900391	0
12800.320313	0
12804.740234	0
12809.160156	0
12813.580078	0
12818.000000	0
12822.419922	0
12826.839844	0
12831.259766	0
12835.680664	0
12840.100586	0
12844.520508	0
12848.940430	0
12853.360352	0
12857.780273	0
12862.200195	0
12866.620117	0
12871.040039	0
12875.459961	0
12879.879883	0
12884.299805	0
12888.720703	0
12893.140625	0
12897.560547	0
12901.980469	0
12906.400391	0
12910.820313	0
12915.240234	0
12919.660156	0
12924.080078	0
12928.500000	0
12932.919922	0
12937.339844	0
12941.759766	0
12946.180664	0
12950.600586	0
12955.020508	0
12959.440430	0
12963.860352	0
12968.280273	0
12972.700195	0
12977.120117	0
12981.540039	0
12985.959961	0
12990.379883	0
12994.799805	0
12999.220703	0
13003.640625	0
13008.060547	0
13012.480469	0
13016.900391	0
13021.320313	0
13025.740234	0
13030.160156	0
13034.580078	0
13039.000000	0
13043.419922	0
13047.839844	0
13052.259766	0
13056.680664	0
13061.100586	0
13065.520508	0
13069.940430	0
13074.360352	0
13078.780273	0
13083.200195	0
13087.620117	0
13092.040039	0
13096.459961	0
13100.879883	0
13105.299805	0
13109.720703	0
13114.140625	0
13118.560547	0
13122.980469	0
13127.400391	0
13131.820313	0
13136.240234	0
13140.660156	0
13145.080078	0
13149.500000	0
13153.919922	0
13158.339844	0
13162.759766	0
13167.180664	0
13171.600586	0
13176.020508	0
13180.440430	0
13184.860352	0
13189.280273	0
13193.700195	0
13198.120117	0
13202.540039	0
13206.959961	0
13211.379883	0
13215.799805	0
13220.220703	0
13224.640625	0
13229.060547	0
13233.480469	0
13237.900391	0
13242.320313	0
13246.740234	0
13251.160156	0
13255.580078	0
13260.000000	0
13264.419922	0
13268.839844	0
13273.259766	0
13277.680664	0
13282.100586	0
13286.520508	0
13290.940430	0
13295.360352	0
13299.780273	0
13304.200195	0
13308.620117	0
13313.040039	0
13317.459961	0
13321.879883	0
13326.299805	0
13330.720703	0
13335.140625	0
13339.560547	0
13343.980469	0
13348.400391	0
13352.820313	0
13357.240234	0
13361.660156	0
13366.080078	0
13370.500000	0
13374.919922	0
13379.339844	0
13383.759766	0
13388.180664	0
13392.600586	0
13397.020508	0
13401.440430	0
13405.860352	0
13410.280273	0
13414.700195	0
13419.120117	0
13423.540039	0
13427.959961	0
13432.379883	0
13436.799805	0
13441.220703	0
13445.640625	0
13450.060547	0
13454.480469	0
13458.900391	0
13463.320313	0
13467.740234	0
13472.160156	0
13476.580078	0
13481.000000	0
13485.419922	0
13489.839844	0
13494.259766	0
13498.680664	0
13503.100586	0
13507.520508	0
13511.940430	0
13516.360352	0
13520.780273	0
13525.200195	0
13529.620117	0
13534.040039	0
13538.459961	0
13542.879883	0
13547.299805	0
13551.720703	0
13556.140625	0
13560.560547	0
13564.980469	0
13569.400391	0
13573.820313	0
