-4114.102539	0
-4109.698730	0
-4105.294922	0
-4100.890625	0
-4096.486816	0
-4092.083008	0
-4087.679199	0
-4083.275391	0
-4078.871338	0
-4074.467529	0
-4070.063721	0
-4065.659912	0
-4061.255859	0
-4056.852051	0
-4052.448242	0
-4048.044189	0
-4043.640381	0
-4039.236572	0
-4034.832764	0
-4030.428711	0
-4026.024902	0
-4021.621094	0
-4017.217285	0
-4012.813232	0
-4008.409424	0
-4004.005615	0
-3999.601563	0
-3995.197754	0
-3990.793945	0
-3986.390137	0
-3981.986084	0
-3977.582275	0
-3973.178467	0
-3968.774414	0
-3964.370605	0
-3959.966797	0
-3955.562988	0
-3951.158936	0
-3946.755127	0
-3942.351318	0
-3937.947266	0
-3933.543457	0
-3929.139648	0
-3924.735840	0
-3920.331787	0
-3915.927979	0
-3911.524170	0
-3907.120117	0
-3902.716309	0
-3898.312500	0
-3893.908691	0
-3889.504639	0
-3885.100830	0
-3880.697021	0
-3876.292969	0
-3871.889160	0
-3867.485352	0
-3863.081543	0
-3858.677490	0
-3854.273682	0
-3849.869873	0
-3845.465820	0
-3841.062012	0
-3836.658203	0
-3832.254395	0
-3827.850342	0
-3823.446533	0
-3819.042725	0
-3814.638916	0
-3810.234863	0
-3805.831055	0
-3801.427246	0
-3797.023193	0
-3792.619385	0
-3788.215576	0
-3783.811768	0
-3779.407715	0
-3775.003906	0
-3770.600098	0
-3766.196045	0
-3761.792236	0
-3757.388428	0
-3752.984619	0
-3748.580566	0
-3744.176758	0
-3739.772949	0
-3735.368896	0
-3730.965088	0
-3726.561279	0
-3722.157471	0
-3717.753418	0
-3713.349609	0
-3708.945801	0
-3704.541748	0
-3700.137939	0
-3695.734131	0
-3691.330322	0
-3686.926270	0
-3682.522461	0
-3678.118652	0
-3673.714600	0
-3669.310791	0
-3664.906982	0
-3660.503174	0
-3656.099121	0
-3651.695313	0
-3647.291504	0
-3642.887695	0
-3638.483643	0
-3634.079834	0
-3629.676025	0
-3625.271973	0
-3620.868164	0
-3616.464355	0
-3612.060547	0
-3607.656494	0
-3603.252686	0
-3598.848877	0
-3594.444824	0
-3590.041016	0
-3585.637207	0
-3581.233398	0
-3576.829346	0
-3572.425537	0
-3568.021729	0
-3563.617676	0
-3559.213867	0
-3554.810059	0
-3550.406250	0
-3546.002197	0
-3541.598389	0
-3537.194580	0
-3532.790527	0
-3528.386719	0
-3523.982910	0
-3519.579102	0
-3515.175049	0
-3510.771240	0
-3506.367432	0
-3501.963379	0
-3497.559570	0
-3493.155762	0
-3488.751953	0
-3484.347900	0
-3479.944092	0
-3475.540283	0
-3471.136230	0
-3466.732422	0
-3462.328613	0
-3457.924805	0
-3453.520752	0
-3449.116943	0
-3444.713135	0
-3440.309326	0
-3435.905273	0
-3431.501465	0
-3427.097656	0
-3422.693604	0
-3418.289795	0
-3413.885986	0
-3409.482178	0
-3405.078125	0
-3400.674316	0
-3396.270508	0
-3391.866455	0
-3387.462646	0
-3383.058838	0
-3378.655029	0
-3374.250977	0
-3369.847168	0
-3365.443359	0
-3361.039307	0
-3356.635498	0
-3352.231689	0
-3347.827881	0
-3343.423828	0
-3339.020020	0
-3334.616211	0
-3330.212158	0
-3325.808350	0
-3321.404541	0
-3317.000732	0
-3312.596680	0
-3308.192871	0
-3303.789063	0
-3299.385010	0
-3294.981201	0
-3290.577393	0
-3286.173584	2
-3281.769531	1
-3277.365723	3
-3272.961914	3
-3268.557861	2
-3264.154053	4
-3259.750244	2
-3255.346436	2
-3250.942383	1
-3246.538574	8
-3242.134766	2
-3237.730957	4
-3233.326904	10
-3228.923096	12
-3224.519287	7
-3220.115234	9
-3215.711426	13
-3211.307617	10
-3206.903809	3
-3202.499756	10
-3198.095947	8
-3193.692139	11
-3189.288086	15
-3184.884277	16
-3180.480469	13
-3176.076660	8
-3171.672607	15
-3167.268799	12
-3162.864990	10
-3158.460938	17
-3154.057129	19
-3149.653320	17
-3145.249512	16
-3140.845459	14
-3136.441650	17
-3132.037842	18
-3127.633789	17
-3123.229980	20
-3118.826172	25
-3114.422363	18
-3110.018311	17
-3105.614502	22
-3101.210693	17
-3096.806641	23
-3092.402832	25
-3087.999023	15
-3083.595215	26
-3079.191162	26
-3074.787354	32
-3070.383545	27
-3065.979492	27
-3061.575684	28
-3057.171875	20
-3052.768066	25
-3048.364014	20
-3043.960205	26
-3039.556396	23
-3035.152588	26
-3030.748535	39
-3026.344727	41
-3021.940918	33
-3017.536865	31
-3013.133057	34
-3008.729248	38
-3004.325439	41
-2999.921387	41
-2995.517578	26
-2991.113770	32
-2986.709717	39
-2982.305908	31
-2977.902100	34
-2973.498291	37
-2969.094238	34
-2964.690430	40
-2960.286621	43
-2955.882568	42
-2951.478760	42
-2947.074951	41
-2942.671143	42
-2938.267090	42
-2933.863281	46
-2929.459473	48
-2925.055420	45
-2920.651611	40
-2916.247803	47
-2911.843994	36
-2907.439941	40
-2903.036133	45
-2898.632324	39
-2894.228271	43
-2889.824463	43
-2885.420654	48
-2881.016846	50
-2876.612793	45
-2872.208984	47
-2867.805176	49
-2863.401123	47
-2858.997314	43
-2854.593506	41
-2850.189697	61
-2845.785645	49
-2841.381836	54
-2836.978027	51
-2832.574219	47
-2828.170166	55
-2823.766357	55
-2819.362549	49
-2814.958496	54
-2810.554688	59
-2806.150879	52
-2801.747070	54
-2797.343018	46
-2792.939209	40
-2788.535400	55
-2784.131348	49
-2779.727539	57
-2775.323730	48
-2770.919922	56
-2766.515869	57
-2762.112061	69
-2757.708252	49
-2753.304199	60
-2748.900391	59
-2744.496582	53
-2740.092773	64
-2735.688721	60
-2731.284912	61
-2726.881104	64
-2722.477051	63
-2718.073242	61
-2713.669434	62
-2709.265625	79
-2704.861572	71
-2700.457764	72
-2696.053955	67
-2691.649902	67
-2687.246094	75
-2682.842285	71
-2678.438477	59
-2674.034424	58
-2669.630615	72
-2665.226807	65
-2660.822998	71
-2656.418945	84
-2652.015137	69
-2647.611328	62
-2643.207275	69
-2638.803467	69
-2634.399658	62
-2629.995850	58
-2625.591797	52
-2621.187988	66
-2616.784180	67
-2612.380127	59
-2607.976318	56
-2603.572510	57
-2599.168701	62
-2594.764648	63
-2590.360840	63
-2585.957031	68
-2581.552979	62
-2577.149170	62
-2572.745361	63
-2568.341553	72
-2563.937500	76
-2559.533691	69
-2555.129883	65
-2550.725830	46
-2546.322021	49
-2541.918213	46
-2537.514404	46
-2533.110352	68
-2528.706543	65
-2524.302734	65
-2519.898682	71
-2515.494873	65
-2511.091064	82
-2506.687256	90
-2502.283203	73
-2497.879395	84
-2493.475586	85
-2489.071533	71
-2484.667725	71
-2480.263916	67
-2475.860107	62
-2471.456055	76
-2467.052246	68
-2462.648438	68
-2458.244629	58
-2453.840576	62
-2449.436768	63
-2445.032959	72
-2440.628906	65
-2436.225098	68
-2431.821289	60
-2427.417480	65
-2423.013428	62
-2418.609619	61
-2414.205811	62
-2409.801758	59
-2405.397949	63
-2400.994141	58
-2396.590332	64
-2392.186279	66
-2387.782471	70
-2383.378662	68
-2378.974609	58
-2374.570801	59
-2370.166992	59
-2365.763184	50
-2361.359131	59
-2356.955322	55
-2352.551514	59
-2348.147461	71
-2343.743652	71
-2339.339844	68
-2334.936035	52
-2330.531982	46
-2326.128174	53
-2321.724365	56
-2317.320313	51
-2312.916504	64
-2308.512695	61
-2304.108887	44
-2299.704834	62
-2295.301025	59
-2290.897217	58
-2286.493164	59
-2282.089355	62
-2277.685547	58
-2273.281738	67
-2268.877686	53
-2264.473877	57
-2260.070068	62
-2255.666260	59
-2251.262207	57
-2246.858398	58
-2242.454590	51
-2238.050537	62
-2233.646729	64
-2229.242920	52
-2224.839111	57
-2220.435059	55
-2216.031250	60
-2211.627441	63
-2207.223389	68
-2202.819580	53
-2198.415771	68
-2194.011963	72
-2189.607910	87
-2185.204102	66
-2180.800293	61
-2176.396240	68
-2171.992432	66
-2167.588623	61
-2163.184814	55
-2158.780762	59
-2154.376953	54
-2149.973145	57
-2145.569092	59
-2141.165283	61
-2136.761475	67
-2132.357666	67
-2127.953613	59
-2123.549805	50
-2119.145996	59
-2114.741943	55
-2110.338135	62
-2105.934326	58
-2101.530518	59
-2097.126465	63
-2092.722656	69
-2088.318848	62
-2083.914795	71
-2079.510986	48
-2075.107178	55
-2070.703369	65
-2066.299316	61
-2061.895508	55
-2057.491699	54
-2053.087891	77
-2048.683838	71
-2044.280029	68
-2039.876099	67
-2035.472290	63
-2031.068359	75
-2026.664551	74
-2022.260620	78
-2017.856812	67
-2013.452881	67
-2009.048950	60
-2004.645142	55
-2000.241211	65
-1995.837402	57
-1991.433472	57
-1987.029663	63
-1982.625732	63
-1978.221802	59
-1973.817993	51
-1969.414063	69
-1965.010254	69
-1960.606323	61
-1956.202515	69
-1951.798584	75
-1947.394653	65
-1942.990845	63
-1938.586914	66
-1934.183105	62
-1929.779175	58
-1925.375366	56
-1920.971436	57
-1916.567627	48
-1912.163696	53
-1907.759766	61
-1903.355957	63
-1898.952026	68
-1894.548218	62
-1890.144287	68
-1885.740479	66
-1881.336548	53
-1876.932617	53
-1872.528809	59
-1868.124878	60
-1863.721069	63
-1859.317139	55
-1854.913330	74
-1850.509399	59
-1846.105469	57
-1841.701660	68
-1837.297729	76
-1832.893921	67
-1828.489990	61
-1824.086182	57
-1819.682251	72
-1815.278442	63
-1810.874512	56
-1806.470581	59
-1802.066772	62
-1797.662842	67
-1793.259033	68
-1788.855103	75
-1784.451294	57
-1780.047363	71
-1775.643433	79
-1771.239624	67
-1766.835693	64
-1762.431885	64
-1758.027954	63
-1753.624146	59
-1749.220215	58
-1744.816284	49
-1740.412476	52
-1736.008545	47
-1731.604736	48
-1727.200806	65
-1722.796997	58
-1718.393066	49
-1713.989258	66
-1709.585327	60
-1705.181396	60
-1700.777588	63
-1696.373657	63
-1691.969849	59
-1687.565918	57
-1683.162109	52
-1678.758179	58
-1674.354248	64
-1669.950439	66
-1665.546509	58
-1661.142700	52
-1656.738770	65
-1652.334961	62
-1647.931030	68
-1643.527100	72
-1639.123291	64
-1634.719360	66
-1630.315552	71
-1625.911621	62
-1621.507813	53
-1617.103882	67
-1612.700073	61
-1608.296143	58
-1603.892212	56
-1599.488403	54
-1595.084473	58
-1590.680664	68
-1586.276733	67
-1581.872925	73
-1577.468994	76
-1573.065063	74
-1568.661255	73
-1564.257324	67
-1559.853516	56
-1555.449585	60
-1551.045776	63
-1546.641846	63
-1542.238037	75
-1537.834106	67
-1533.430176	71
-1529.026367	69
-1524.622437	59
-1520.218628	53
-1515.814697	58
-1511.410889	68
-1507.006958	70
-1502.603027	62
-1498.199219	65
-1493.795288	61
-1489.391479	62
-1484.987549	54
-1480.583740	56
-1476.179810	58
-1471.775879	64
-1467.372070	62
-1462.968140	64
-1458.564331	56
-1454.160400	61
-1449.756592	68
-1445.352661	52
-1440.948853	61
-1436.544922	59
-1432.140991	64
-1427.737183	54
-1423.333252	65
-1418.929443	51
-1414.525513	52
-1410.121704	62
-1405.717773	64
-1401.313843	48
-1396.910034	56
-1392.506104	70
-1388.102295	65
-1383.698364	57
-1379.294556	63
-1374.890625	66
-1370.486694	61
-1366.082886	64
-1361.678955	72
-1357.275146	61
-1352.871216	67
-1348.467407	64
-1344.063477	50
-1339.659668	65
-1335.255737	68
-1330.851807	64
-1326.447998	78
-1322.044067	56
-1317.640259	74
-1313.236328	74
-1308.832520	64
-1304.428589	78
-1300.024658	59
-1295.620850	62
-1291.216919	77
-1286.813110	62
-1282.409180	59
-1278.005371	53
-1273.601440	61
-1269.197510	71
-1264.793701	64
-1260.389771	54
-1255.985962	49
-1251.582031	54
-1247.178223	57
-1242.774292	50
-1238.370483	54
-1233.966553	72
-1229.562622	57
-1225.158813	56
-1220.754883	60
-1216.351074	54
-1211.947144	70
-1207.543335	64
-1203.139404	60
-1198.735474	74
-1194.331665	66
-1189.927734	66
-1185.523926	71
-1181.119995	71
-1176.716187	62
-1172.312256	66
-1167.908325	75
-1163.504517	93
-1159.100586	88
-1154.696777	79
-1150.292847	68
-1145.889038	56
-1141.485107	62
-1137.081299	60
-1132.677368	60
-1128.273438	64
-1123.869629	55
-1119.465698	51
-1115.061890	62
-1110.657959	54
-1106.254150	67
-1101.850220	57
-1097.446289	54
-1093.042480	65
-1088.638550	65
-1084.234741	68
-1079.830811	64
-1075.427002	65
-1071.023071	61
-1066.619141	60
-1062.215332	69
-1057.811401	67
-1053.407593	56
-1049.003662	64
-1044.599854	61
-1040.195923	67
-1035.792114	76
-1031.388184	66
-1026.984253	74
-1022.580444	50
-1018.176575	44
-1013.772644	68
-1009.368774	68
-1004.964905	68
-1000.561035	74
-996.157166	57
-991.753296	70
-987.349426	75
-982.945496	68
-978.541626	69
-974.137756	63
-969.733887	57
-965.330017	53
-960.926147	49
-956.522278	76
-952.118408	79
-947.714478	72
-943.310608	64
-938.906738	58
-934.502869	63
-930.098999	78
-925.695129	67
-921.291260	70
-916.887390	74
-912.483459	67
-908.079590	65
-903.675720	66
-899.271851	54
-894.867981	59
-890.464111	67
-886.060242	73
-881.656372	65
-877.252441	70
-872.848572	68
-868.444702	71
-864.040833	85
-859.636963	69
-855.233093	74
-850.829224	69
-846.425293	58
-842.021423	58
-837.617554	69
-833.213684	54
-828.809814	61
-824.405945	60
-820.002075	59
-815.598206	68
-811.194275	72
-806.790405	60
-802.386536	55
-797.982666	65
-793.578796	71
-789.174927	70
-784.771057	71
-780.367188	68
-775.963257	63
-771.559387	64
-767.155518	71
-762.751648	57
-758.347778	64
-753.943909	56
-749.540039	63
-745.136108	72
-740.732239	66
-736.328369	88
-731.924500	63
-727.520630	69
-723.116760	65
-718.712891	60
-714.309021	80
-709.905090	85
-705.501221	84
-701.097351	50
-696.693481	57
-692.289612	64
-687.885742	66
-683.481873	72
-679.078003	64
-674.674072	69
-670.270203	69
-665.866333	80
-661.462463	67
-657.058594	62
-652.654724	73
-648.250854	64
-643.846924	68
-639.443054	65
-635.039185	50
-630.635315	61
-626.231445	66
-621.827576	66
-617.423706	64
-613.019836	78
-608.615906	76
-604.212036	66
-599.808167	79
-595.404297	67
-591.000427	57
-586.596558	69
-582.192688	79
-577.788818	75
-573.384888	81
-568.981018	87
-564.577148	75
-560.173279	72
-555.769409	71
-551.365540	74
-546.961670	74
-542.557739	81
-538.153870	58
-533.750000	63
-529.346130	69
-524.942261	73
-520.538391	70
-516.134521	69
-511.730621	65
-507.326752	74
-502.922882	79
-498.518982	77
-494.115112	80
-489.711243	82
-485.307373	87
-480.903473	76
-476.499603	68
-472.095734	78
-467.691864	68
-463.287964	78
-458.884094	75
-454.480225	91
-450.076355	81
-445.672455	80
-441.268585	92
-436.864716	80
-432.460815	74
-428.056946	78
-423.653076	90
-419.249207	87
-414.845306	76
-410.441437	67
-406.037567	100
-401.633698	90
-397.229797	88
-392.825928	87
-388.422058	96
-384.018188	84
-379.614288	72
-375.210419	91
-370.806549	88
-366.402679	97
-361.998779	98
-357.594910	100
-353.191040	98
-348.787170	96
-344.383270	100
-339.979401	96
-335.575531	106
-331.171661	109
-326.767761	99
-322.363892	89
-317.960022	80
-313.556122	88
-309.152252	84
-304.748383	96
-300.344513	100
-295.940613	99
-291.536743	95
-287.132874	105
-282.729004	111
-278.325104	95
-273.921234	107
-269.517365	105
-265.113495	112
-260.709595	117
-256.305725	116
-251.901855	103
-247.497971	105
-243.094101	118
-238.690216	116
-234.286346	115
-229.882462	107
-225.478592	118
-221.074707	119
-216.670837	128
-212.266953	130
-207.863068	126
-203.459198	134
-199.055313	142
-194.651443	138
-190.247559	142
-185.843689	153
-181.439804	150
-177.035934	162
-172.632050	161
-168.228180	163
-163.824295	183
-159.420425	177
-155.016541	185
-150.612671	185
-146.208786	186
-141.804916	209
-137.401031	229
-132.997162	232
-128.593277	240
-124.189400	260
-119.785522	259
-115.381645	278
-110.977768	307
-106.573891	346
-102.170013	379
-97.766136	393
-93.362259	422
-88.958382	453
-84.554504	498
-80.150627	558
-75.746750	597
-71.342873	637
-66.938995	726
-62.535114	816
-58.131237	923
-53.727360	1058
-49.323483	1207
-44.919605	1393
-40.515728	1611
-36.111851	1839
-31.707972	2138
-27.304094	2554
-22.900217	3060
-18.496340	3653
-14.092462	4470
-9.688584	5311
-5.284707	6000
-0.880829	6461
3.523048	6814
7.926926	7099
12.330804	7328
16.734680	7549
21.138559	7681
25.542437	7720
29.946314	7768
34.350193	7797
38.754070	7749
43.157948	7656
47.561825	7539
51.965702	7384
56.369579	7186
60.773457	6935
65.177338	6637
69.581215	6345
73.985092	6013
78.388969	5525
82.792847	4864
87.196724	4082
91.600601	3342
96.004478	2722
100.408356	2244
104.812233	1885
109.216110	1592
113.619987	1344
118.023865	1171
122.427742	1046
126.831619	903
131.235504	782
135.639374	694
140.043259	623
144.447128	564
148.851013	492
153.254883	463
157.658768	452
162.062637	400
166.466522	365
170.870392	341
175.274277	326
179.678146	314
184.082031	295
188.485901	272
192.889786	251
197.293655	234
201.697540	218
206.101410	220
210.505295	205
214.909164	187
219.313049	180
223.716919	186
228.120804	182
232.524689	173
236.928558	168
241.332443	171
245.736313	157
250.140198	142
254.544067	132
258.947937	135
263.351837	135
267.755707	134
272.159576	135
276.563446	138
280.967346	117
285.371216	104
289.775085	117
294.178955	120
298.582855	121
302.986725	112
307.390594	96
311.794464	102
316.198364	121
320.602234	118
325.006104	105
329.409973	117
333.813873	113
338.217743	101
342.621613	104
347.025513	88
351.429382	97
355.833252	109
360.237122	104
364.641022	104
369.044891	112
373.448761	98
377.852631	85
382.256531	94
386.660400	96
391.064270	105
395.468140	96
399.872040	91
404.275909	78
408.679779	91
413.083649	94
417.487549	97
421.891418	105
426.295288	96
430.699158	105
435.103058	100
439.506927	98
443.910797	91
448.314697	96
452.718567	99
457.122437	87
461.526306	82
465.930206	82
470.334076	80
474.737946	82
479.141815	93
483.545715	91
487.949585	78
492.353455	87
496.757324	85
501.161224	80
505.565094	84
509.968964	81
514.372864	96
518.776733	83
523.180603	79
527.584473	84
531.988342	86
536.392212	98
540.796082	78
545.200012	82
549.603882	77
554.007751	87
558.411621	65
562.815491	85
567.219360	95
571.623230	77
576.027161	80
580.431030	80
584.834900	86
589.238770	99
593.642639	87
598.046509	98
602.450378	101
606.854248	96
611.258179	100
615.662048	92
620.065918	88
624.469788	91
628.873657	86
633.277527	89
637.681396	89
642.085266	84
646.489197	97
650.893066	96
655.296936	92
659.700806	96
664.104675	89
668.508545	76
672.912415	71
677.316345	77
681.720215	75
686.124084	75
690.527954	82
694.931824	84
699.335693	70
703.739563	73
708.143433	76
712.547363	85
716.951233	79
721.355103	87
725.758972	84
730.162842	74
734.566711	83
738.970581	74
743.374451	79
747.778381	81
752.182251	81
756.586121	83
760.989990	84
765.393860	85
769.797729	85
774.201599	91
778.605530	75
783.009399	65
787.413269	79
791.817139	82
796.221008	93
800.624878	73
805.028748	73
809.432617	80
813.836548	79
818.240417	78
822.644287	77
827.048157	67
831.452026	80
835.855896	93
840.259766	92
844.663635	78
849.067566	73
853.471436	85
857.875305	90
862.279175	88
866.683044	88
871.086914	93
875.490784	104
879.894653	86
884.298584	81
888.702454	83
893.106323	90
897.510193	82
901.914063	88
906.317932	87
910.721802	98
915.125732	80
919.529602	74
923.933472	72
928.337341	90
932.741211	95
937.145081	85
941.548950	93
945.952820	89
950.356750	85
954.760620	76
959.164490	83
963.568359	75
967.972229	80
972.376099	80
976.779968	83
981.183838	91
985.587769	82
989.991638	80
994.395508	84
998.799377	82
1003.203247	81
1007.607117	84
1012.010986	84
1016.414917	84
1020.818787	83
1025.222656	93
1029.626465	84
1034.030396	78
1038.434326	75
1042.838135	77
1047.242065	85
1051.645874	95
1056.049805	79
1060.453613	92
1064.857544	79
1069.261475	91
1073.665283	84
1078.069214	86
1082.473022	88
1086.876953	88
1091.280762	92
1095.684692	103
1100.088501	93
1104.492432	86
1108.896362	90
1113.300171	89
1117.704102	88
1122.107910	76
1126.511841	81
1130.915649	84
1135.319580	88
1139.723511	58
1144.127319	72
1148.531250	87
1152.935059	87
1157.338989	87
1161.742798	88
1166.146729	94
1170.550659	93
1174.954468	84
1179.358398	93
1183.762207	101
1188.166138	106
1192.569946	92
1196.973877	88
1201.377686	79
1205.781616	86
1210.185547	91
1214.589355	95
1218.993286	89
1223.397095	84
1227.801025	76
1232.204834	91
1236.608765	90
1241.012695	79
1245.416504	82
1249.820435	81
1254.224243	89
1258.628174	99
1263.031982	91
1267.435913	80
1271.839844	103
1276.243652	109
1280.647583	89
1285.051392	82
1289.455322	78
1293.859131	77
1298.263062	89
1302.666870	97
1307.070801	101
1311.474731	83
1315.878540	92
1320.282471	95
1324.686279	86
1329.090210	90
1333.494019	85
1337.897949	84
1342.301880	78
1346.705688	82
1351.109619	77
1355.513428	94
1359.917358	101
1364.321167	94
1368.725098	94
1373.129028	87
1377.532837	89
1381.936768	95
1386.340576	88
1390.744507	92
1395.148315	89
1399.552246	98
1403.956055	82
1408.359985	77
1412.763916	87
1417.167725	71
1421.571655	82
1425.975464	98
1430.379395	101
1434.783203	89
1439.187134	86
1443.591064	82
1447.994873	97
1452.398804	91
1456.802612	85
1461.206543	87
1465.610352	95
1470.014282	80
1474.418213	83
1478.822021	92
1483.225952	80
1487.629761	87
1492.033691	97
1496.437500	97
1500.841431	99
1505.245239	81
1509.649170	86
1514.053101	90
1518.456909	88
1522.860840	81
1527.264648	96
1531.668579	94
1536.072388	94
1540.476318	95
1544.880249	93
1549.284058	99
1553.687988	96
1558.091797	90
1562.495728	97
1566.899536	87
1571.303467	83
1575.707397	86
1580.111206	90
1584.515137	83
1588.918945	101
1593.322876	98
1597.726685	92
1602.130615	82
1606.534424	81
1610.938354	92
1615.342285	87
1619.746094	96
1624.150024	101
1628.553833	103
1632.957764	84
1637.361572	85
1641.765503	102
1646.169434	92
1650.573242	88
1654.977173	89
1659.380981	83
1663.784912	86
1668.188721	98
1672.592651	88
1676.996582	78
1681.400391	85
1685.804321	99
1690.208130	97
1694.612061	94
1699.015869	98
1703.419800	106
1707.823608	103
1712.227539	103
1716.631470	90
1721.035278	102
1725.439209	86
1729.843018	101
1734.246948	97
1738.650757	88
1743.054688	90
1747.458618	98
1751.862427	91
1756.266357	88
1760.670166	94
1765.074097	93
1769.477905	80
1773.881836	84
1778.285767	86
1782.689575	90
1787.093506	101
1791.497314	99
1795.901245	93
1800.305054	97
1804.708984	101
1809.112793	82
1813.516724	89
1817.920654	97
1822.324463	96
1826.728394	92
1831.132202	99
1835.536133	97
1839.939941	90
1844.343872	99
1848.747803	110
1853.151611	104
1857.555542	102
1861.959351	91
1866.363281	97
1870.767090	98
1875.171021	89
1879.574829	90
1883.978760	101
1888.382690	92
1892.786499	90
1897.190430	98
1901.594238	101
1905.998169	99
1910.401978	94
1914.805908	88
1919.209839	86
1923.613647	101
1928.017578	101
1932.421387	96
1936.825317	94
1941.229126	100
1945.633057	92
1950.036987	91
1954.440796	88
1958.844727	92
1963.248535	91
1967.652466	103
1972.056274	95
1976.460205	87
1980.864014	94
1985.267944	109
1989.671875	96
1994.075684	107
1998.479614	98
2002.883423	96
2007.287354	94
2011.691162	102
2016.095093	87
2020.499023	86
2024.902832	95
2029.306763	100
2033.710571	99
2038.114502	89
2042.518311	83
2046.922241	97
2051.326172	101
2055.729980	99
2060.133789	109
2064.537842	108
2068.941650	99
2073.345459	106
2077.749268	97
2082.153320	90
2086.557129	104
2090.960938	98
2095.364990	96
2099.768799	110
2104.172607	113
2108.576416	116
2112.980469	111
2117.384277	97
2121.788086	101
2126.192139	109
2130.595947	108
2134.999756	97
2139.403564	91
2143.807617	91
2148.211426	100
2152.615234	95
2157.019287	90
2161.423096	96
2165.826904	93
2170.230713	85
2174.634766	87
2179.038574	99
2183.442383	101
2187.846436	98
2192.250244	97
2196.654053	102
2201.057861	94
2205.461914	102
2209.865723	108
2214.269531	109
2218.673584	89
2223.077393	91
2227.481201	103
2231.885010	102
2236.289063	102
2240.692871	104
2245.096680	103
2249.500488	96
2253.904541	98
2258.308350	110
2262.712158	103
2267.116211	107
2271.520020	106
2275.923828	101
2280.327637	95
2284.731689	105
2289.135498	111
2293.539307	102
2297.943359	99
2302.347168	92
2306.750977	92
2311.154785	100
2315.558838	103
2319.962646	101
2324.366455	109
2328.770508	110
2333.174316	110
2337.578125	93
2341.981934	87
2346.385986	100
2350.789795	100
2355.193604	85
2359.597656	96
2364.001465	95
2368.405273	89
2372.809082	109
2377.213135	109
2381.616943	95
2386.020752	95
2390.424805	108
2394.828613	107
2399.232422	114
2403.636230	106
2408.040283	106
2412.444092	109
2416.847900	119
2421.251709	119
2425.655762	113
2430.059570	110
2434.463379	103
2438.867432	107
2443.271240	99
2447.675049	92
2452.078857	90
2456.482910	83
2460.886719	95
2465.290527	102
2469.694580	104
2474.098389	97
2478.502197	99
2482.906006	102
2487.310059	112
2491.713867	129
2496.117676	116
2500.521729	109
2504.925537	98
2509.329346	102
2513.733154	106
2518.137207	123
2522.541016	105
2526.944824	102
2531.348877	93
2535.752686	100
2540.156494	117
2544.560303	103
2548.964355	97
2553.368164	97
2557.771973	106
2562.176025	109
2566.579834	101
2570.983643	102
2575.387451	106
2579.791504	108
2584.195313	112
2588.599121	109
2593.003174	101
2597.406982	108
2601.810791	91
2606.214600	104
2610.618652	124
2615.022461	113
2619.426270	96
2623.830078	96
2628.234131	104
2632.637939	110
2637.041748	109
2641.445801	110
2645.849609	112
2650.253418	105
2654.657227	106
2659.061279	110
2663.465088	109
2667.868896	110
2672.272949	110
2676.676758	101
2681.080566	90
2685.484375	100
2689.888428	105
2694.292236	102
2698.696045	106
2703.100098	100
2707.503906	111
2711.907715	94
2716.311523	103
2720.715576	110
2725.119385	111
2729.523193	101
2733.927246	106
2738.331055	98
2742.734863	96
2747.138672	98
2751.542725	109
2755.946533	102
2760.350342	105
2764.754395	92
2769.158203	96
2773.562012	104
2777.965820	105
2782.369873	109
2786.773682	88
2791.177490	93
2795.581543	112
2799.985352	114
2804.389160	106
2808.792969	118
2813.197021	118
2817.600830	97
2822.004639	104
2826.408447	103
2830.812500	103
2835.216309	106
2839.620117	113
2844.024170	114
2848.427979	103
2852.831787	116
2857.235596	113
2861.639648	122
2866.043457	112
2870.447266	119
2874.851318	126
2879.255127	123
2883.658936	110
2888.062744	120
2892.466797	109
2896.870605	99
2901.274414	110
2905.678467	102
2910.082275	106
2914.486084	98
2918.889893	110
2923.293945	109
2927.697754	103
2932.101563	97
2936.505615	103
2940.909424	98
2945.313232	103
2949.717041	107
2954.121094	101
2958.524902	96
2962.928711	111
2967.332764	110
2971.736572	100
2976.140381	114
2980.544189	112
2984.948242	96
2989.352051	116
2993.755859	104
2998.159912	99
3002.563721	109
3006.967529	94
3011.371338	97
3015.775391	102
3020.179199	108
3024.583008	111
3028.986816	110
3033.390869	119
3037.794678	117
3042.198486	110
3046.602539	103
3051.006348	119
3055.410156	114
3059.813965	112
3064.218018	103
3068.621826	101
3073.025635	103
3077.429688	109
3081.833496	109
3086.237305	110
3090.641113	115
3095.045166	118
3099.448975	116
3103.852783	119
3108.256836	118
3112.660645	106
3117.064453	96
3121.468262	113
3125.872314	107
3130.276123	119
3134.679932	110
3139.083984	107
3143.487793	103
3147.891602	95
3152.295410	99
3156.699463	105
3161.103271	114
3165.507080	108
3169.911133	103
3174.314941	109
3178.718750	111
3183.122559	101
3187.526611	100
3191.930420	107
3196.334229	116
3200.738037	119
3205.142090	109
3209.545898	101
3213.949707	112
3218.353760	114
3222.757568	104
3227.161377	93
3231.565186	109
3235.969238	119
3240.373047	115
3244.776855	99
3249.180908	113
3253.584717	119
3257.988525	120
3262.392334	109
3266.796387	114
3271.200195	118
3275.604004	109
3280.008057	103
3284.411865	99
3288.815674	110
3293.219482	118
3297.623535	104
3302.027344	97
3306.431152	107
3310.835205	114
3315.239014	113
3319.642822	122
3324.046631	112
3328.450684	111
3332.854492	115
3337.258301	114
3341.662354	104
3346.066162	111
3350.469971	115
3354.873779	117
3359.277832	113
3363.681641	102
3368.085449	112
3372.489502	115
3376.893311	103
3381.297119	116
3385.700928	109
3390.104980	104
3394.508789	111
3398.912598	94
3403.316406	107
3407.720459	109
3412.124268	116
3416.528076	123
3420.932129	130
3425.335938	127
3429.739746	120
3434.143555	117
3438.547607	111
3442.951416	117
3447.355225	122
3451.759277	122
3456.163086	120
3460.566895	117
3464.970703	117
3469.374756	126
3473.778564	118
3478.182373	112
3482.586426	119
3486.990234	125
3491.394043	123
3495.797852	123
3500.201904	133
3504.605713	142
3509.009521	129
3513.413574	129
3517.817383	121
3522.221191	136
3526.625000	143
3531.029053	142
3535.432861	132
3539.836670	132
3544.240723	144
3548.644531	140
3553.048340	136
3557.452148	146
3561.856201	151
3566.260010	152
3570.663818	168
3575.067871	163
3579.471680	159
3583.875488	164
3588.279297	167
3592.683350	170
3597.087158	175
3601.490967	179
3605.894775	180
3610.298828	171
3614.702637	165
3619.106445	168
3623.510498	190
3627.914307	198
3632.318115	189
3636.721924	210
3641.125977	202
3645.529785	208
3649.933594	214
3654.337646	231
3658.741455	239
3663.145264	245
3667.549072	256
3671.953125	262
3676.356934	260
3680.760742	254
3685.164795	259
3689.568604	278
3693.972412	281
3698.376221	287
3702.780273	291
3707.184082	312
3711.587891	323
3715.991943	323
3720.395752	348
3724.799561	365
3729.203369	389
3733.607422	395
3738.011230	407
3742.415039	426
3746.819092	462
3751.222900	502
3755.626709	519
3760.030518	524
3764.434570	554
3768.838379	569
3773.242188	586
3777.646240	604
3782.050049	621
3786.453857	633
3790.857666	659
3795.261719	681
3799.665527	724
3804.069336	749
3808.473145	777
3812.877197	814
3817.281006	873
3821.684814	954
3826.088867	1034
3830.492676	1097
3834.896484	1143
3839.300293	1211
3843.704346	1283
3848.108154	1341
3852.511963	1366
3856.916016	1401
3861.319824	1467
3865.723633	1519
3870.127441	1583
3874.531494	1665
3878.935303	1744
3883.339111	1786
3887.743164	1826
3892.146973	1867
3896.550781	1897
3900.954590	1934
3905.358643	1993
3909.762451	2051
3914.166260	2093
3918.570313	2136
3922.974121	2166
3927.377930	2193
3931.781738	2271
3936.185791	2329
3940.589600	2351
3944.993408	2374
3949.397461	2395
3953.801270	2428
3958.205078	2435
3962.608887	2451
3967.012939	2419
3971.416748	2428
3975.820557	2471
3980.224609	2446
3984.628418	2444
3989.032227	2475
3993.436035	2437
3997.840088	2428
4002.243896	2444
4006.647705	2462
4011.051514	2475
4015.455566	2497
4019.859375	2498
4024.263184	2491
4028.667236	2477
4033.071045	2482
4037.474854	2480
4041.878662	2501
4046.282715	2479
4050.686523	2447
4055.090332	2433
4059.494385	2416
4063.898193	2414
4068.302002	2416
4072.705811	2436
4077.109863	2434
4081.513672	2421
4085.917480	2410
4090.321533	2388
4094.725342	2381
4099.129395	2383
4103.533203	2352
4107.937012	2346
4112.340820	2306
4116.744629	2253
4121.148438	2246
4125.552246	2239
4129.956543	2236
4134.360352	2226
4138.764160	2233
4143.167969	2242
4147.571777	2263
4151.975586	2280
4156.379395	2283
4160.783691	2254
4165.187500	2262
4169.591309	2268
4173.995117	2246
4178.398926	2200
4182.802734	2206
4187.206543	2204
4191.610840	2174
4196.014648	2171
4200.418457	2162
4204.822266	2132
4209.226074	2115
4213.629883	2114
4218.033691	2120
4222.437988	2124
4226.841797	2094
4231.245605	2072
4235.649414	2091
4240.053223	2088
4244.457031	2053
4248.860840	2037
4253.265137	2015
4257.668945	2006
4262.072754	2015
4266.476563	1996
4270.880371	1981
4275.284180	1991
4279.687988	1999
4284.091797	1995
4288.496094	1977
4292.899902	1940
4297.303711	1931
4301.707520	1924
4306.111328	1914
4310.515137	1916
4314.918945	1938
4319.323242	1925
4323.727051	1909
4328.130859	1912
4332.534668	1903
4336.938477	1904
4341.342285	1896
4345.746094	1881
4350.150391	1906
4354.554199	1899
4358.958008	1896
4363.361816	1923
4367.765625	1909
4372.169434	1925
4376.573242	1969
4380.977539	1966
4385.381348	2007
4389.785156	2000
4394.188965	1985
4398.592773	2027
4402.996582	2027
4407.400391	2006
4411.804688	2047
4416.208496	2072
4420.612305	2070
4425.016113	2093
4429.419922	2103
4433.823730	2086
4438.227539	2127
4442.631836	2110
4447.035645	2103
4451.439453	2129
4455.843262	2105
4460.247070	2100
4464.650879	2106
4469.054688	2102
4473.458984	2132
4477.862793	2117
4482.266602	2081
4486.670410	2105
4491.074219	2086
4495.478027	2087
4499.881836	2075
4504.286133	2045
4508.689941	2036
4513.093750	2058
4517.497559	2063
4521.901367	2025
4526.305176	2030
4530.708984	2018
4535.113281	1998
4539.517090	1982
4543.920898	1972
4548.324707	1984
4552.728516	1991
4557.132324	1986
4561.536133	1975
4565.940430	1974
4570.344238	1971
4574.748047	1977
4579.151855	1991
4583.555664	2017
4587.959473	2021
4592.363281	2028
4596.767578	2053
4601.171387	2050
4605.575195	2046
4609.979004	2053
4614.382813	2078
4618.786621	2090
4623.190430	2122
4627.594727	2173
4631.998535	2196
4636.402344	2216
4640.806152	2239
4645.209961	2246
4649.613770	2267
4654.017578	2337
4658.421875	2392
4662.825684	2409
4667.229492	2446
4671.633301	2499
4676.037109	2507
4680.440918	2564
4684.844727	2603
4689.248535	2641
4693.652832	2672
4698.056641	2709
4702.460449	2732
4706.864258	2782
4711.268066	2810
4715.671875	2851
4720.075684	2881
4724.479980	2881
4728.883789	2917
4733.287598	2939
4737.691406	2964
4742.095215	3009
4746.499023	3044
4750.902832	3071
4755.307129	3100
4759.710938	3088
4764.114746	3104
4768.518555	3155
4772.922363	3160
4777.326172	3182
4781.729980	3222
4786.134277	3204
4790.538086	3193
4794.941895	3225
4799.345703	3235
4803.749512	3255
4808.153320	3272
4812.557129	3254
4816.961426	3290
4821.365234	3288
4825.769043	3290
4830.172852	3311
4834.576660	3328
4838.980469	3350
4843.384277	3340
4847.788574	3312
4852.192383	3314
4856.596191	3325
4861.000000	3307
4865.403809	3323
4869.807617	3314
4874.211426	3303
4878.615723	3339
4883.019531	3371
4887.423340	3350
4891.827148	3340
4896.230957	3353
4900.634766	3356
4905.038574	3350
4909.442871	3364
4913.846680	3379
4918.250488	3384
4922.654297	3352
4927.058105	3336
4931.461914	3350
4935.865723	3342
4940.270020	3321
4944.673828	3351
4949.077637	3358
4953.481445	3357
4957.885254	3363
4962.289063	3369
4966.692871	3356
4971.097168	3354
4975.500977	3380
4979.904785	3375
4984.308594	3326
4988.712402	3318
4993.116211	3311
4997.520020	3322
5001.924316	3319
5006.328125	3317
5010.731934	3298
5015.135742	3308
5019.539551	3309
5023.943359	3275
5028.347168	3271
5032.751465	3278
5037.155273	3291
5041.559082	3301
5045.962891	3269
5050.366699	3261
5054.770508	3256
5059.174316	3233
5063.578125	3229
5067.982422	3242
5072.386230	3219
5076.790039	3238
5081.193848	3235
5085.597656	3191
5090.001465	3184
5094.405273	3161
5098.809570	3161
5103.213379	3183
5107.617188	3190
5112.020996	3160
5116.424805	3165
5120.828613	3174
5125.232422	3165
5129.636719	3161
5134.040527	3157
5138.444336	3125
5142.848145	3128
5147.251953	3112
5151.655762	3114
5156.059570	3096
5160.463867	3091
5164.867676	3071
5169.271484	3058
5173.675293	3076
5178.079102	3083
5182.482910	3077
5186.886719	3068
5191.291016	3039
5195.694824	3022
5200.098633	3043
5204.502441	3028
5208.906250	3009
5213.310059	3022
5217.713867	2997
5222.118164	2999
5226.521973	2995
5230.925781	2982
5235.329590	2991
5239.733398	2968
5244.137207	2961
5248.541016	2956
5252.945313	2944
5257.349121	2924
5261.752930	2950
5266.156738	2951
5270.560547	2946
5274.964355	2923
5279.368164	2913
5283.772461	2918
5288.176270	2915
5292.580078	2894
5296.983887	2895
5301.387695	2887
5305.791504	2857
5310.195313	2834
5314.599609	2855
5319.003418	2836
5323.407227	2835
5327.811035	2844
5332.214844	2830
5336.618652	2839
5341.022461	2809
5345.426758	2798
5349.830566	2809
5354.234375	2783
5358.638184	2766
5363.041992	2740
5367.445801	2728
5371.849609	2748
5376.253906	2734
5380.657715	2721
5385.061523	2719
5389.465332	2708
5393.869141	2690
5398.272949	2698
5402.676758	2702
5407.081055	2709
5411.484863	2707
5415.888672	2675
5420.292480	2652
5424.696289	2650
5429.100098	2652
5433.503906	2650
5437.908203	2648
5442.312012	2640
5446.715820	2619
5451.119629	2605
5455.523438	2594
5459.927246	2594
5464.331055	2598
5468.734863	2610
5473.139160	2604
5477.542969	2562
5481.946777	2571
5486.350586	2573
5490.754395	2553
5495.158203	2525
5499.562012	2510
5503.966309	2491
5508.370117	2486
5512.773926	2501
5517.177734	2521
5521.581543	2508
5525.985352	2475
5530.389160	2501
5534.793457	2484
5539.197266	2480
5543.601074	2474
5548.004883	2466
5552.408691	2456
5556.812500	2450
5561.216309	2453
5565.620605	2431
5570.024414	2397
5574.428223	2403
5578.832031	2388
5583.235840	2370
5587.639648	2374
5592.043457	2358
5596.447754	2361
5600.851563	2349
5605.255371	2337
5609.659180	2352
5614.062988	2369
5618.466797	2362
5622.870605	2354
5627.274902	2325
5631.678711	2312
5636.082520	2302
5640.486328	2310
5644.890137	2306
5649.293945	2289
5653.697754	2274
5658.102051	2273
5662.505859	2284
5666.909668	2270
5671.313477	2285
5675.717285	2289
5680.121094	2270
5684.524902	2235
5688.929199	2224
5693.333008	2235
5697.736816	2248
5702.140625	2234
5706.544434	2212
5710.948242	2211
5715.352051	2209
5719.756348	2194
5724.160156	2167
5728.563965	2171
5732.967773	2170
5737.371582	2166
5741.775391	2172
5746.179199	2171
5750.583496	2171
5754.987305	2175
5759.391113	2177
5763.794922	2193
5768.198730	2178
5772.602539	2184
5777.006348	2211
5781.410645	2213
5785.814453	2234
5790.218262	2219
5794.622070	2223
5799.025879	2252
5803.429688	2256
5807.833496	2277
5812.237793	2270
5816.641602	2255
5821.045410	2275
5825.449219	2304
5829.853027	2282
5834.256836	2268
5838.660645	2272
5843.064453	2287
5847.468750	2297
5851.872559	2294
5856.276367	2279
5860.680176	2256
5865.083984	2272
5869.487793	2274
5873.891602	2261
5878.295898	2273
5882.699707	2266
5887.103516	2283
5891.507324	2280
5895.911133	2259
5900.314941	2244
5904.718750	2221
5909.123047	2227
5913.526855	2246
5917.930664	2210
5922.334473	2218
5926.738281	2196
5931.142090	2191
5935.545898	2228
5939.950195	2216
5944.354004	2181
5948.757813	2168
5953.161621	2171
5957.565430	2168
5961.969238	2163
5966.373047	2157
5970.777344	2131
5975.181152	2124
5979.584961	2117
5983.988770	2096
5988.392578	2092
5992.796387	2094
5997.200195	2063
6001.604492	2032
6006.008301	2032
6010.412109	2026
6014.815918	2022
6019.219727	1999
6023.623535	2006
6028.027344	1990
6032.431641	1994
6036.835449	1968
6041.239258	1962
6045.643066	1938
6050.046875	1908
6054.450684	1908
6058.854492	1900
6063.258789	1903
6067.662598	1902
6072.066406	1901
6076.470215	1861
6080.874023	1845
6085.277832	1835
6089.681641	1815
6094.085938	1816
6098.489746	1812
6102.893555	1789
6107.297363	1758
6111.701172	1717
6116.104980	1741
6120.508789	1746
6124.913086	1735
6129.316895	1740
6133.720703	1724
6138.124512	1681
6142.528320	1660
6146.932129	1676
6151.335938	1649
6155.740234	1650
6160.144043	1647
6164.547852	1609
6168.951660	1615
6173.355469	1606
6177.759277	1582
6182.163086	1558
6186.567383	1547
6190.971191	1548
6195.375000	1552
6199.778809	1546
6204.182617	1526
6208.586426	1516
6212.990234	1494
6217.394531	1489
6221.798340	1494
6226.202148	1484
6230.605957	1478
6235.009766	1473
6239.413574	1458
6243.817383	1449
6248.221191	1437
6252.625488	1404
6257.029297	1412
6261.433105	1395
6265.836914	1407
6270.240723	1405
6274.644531	1401
6279.048340	1391
6283.452637	1388
6287.856445	1388
6292.260254	1378
6296.664063	1386
6301.067871	1369
6305.471680	1351
6309.875488	1362
6314.279785	1366
6318.683594	1380
6323.087402	1354
6327.491211	1344
6331.895020	1339
6336.298828	1330
6340.702637	1340
6345.106934	1328
6349.510742	1326
6353.914551	1322
6358.318359	1309
6362.722168	1310
6367.125977	1327
6371.529785	1329
6375.934082	1331
6380.337891	1315
6384.741699	1312
6389.145508	1302
6393.549316	1277
6397.953125	1321
6402.356934	1305
6406.761230	1301
6411.165039	1289
6415.568848	1286
6419.972656	1277
6424.376465	1278
6428.780273	1270
6433.184082	1267
6437.588379	1257
6441.992188	1246
6446.395996	1243
6450.799805	1240
6455.203613	1248
6459.607422	1264
6464.011230	1247
6468.415527	1234
6472.819336	1255
6477.223145	1254
6481.626953	1219
6486.030762	1208
6490.434570	1229
6494.838379	1233
6499.242676	1226
6503.646484	1224
6508.050293	1200
6512.454102	1211
6516.857910	1222
6521.261719	1211
6525.665527	1204
6530.069824	1199
6534.473633	1200
6538.877441	1175
6543.281250	1169
6547.685059	1179
6552.088867	1173
6556.492676	1185
6560.896973	1177
6565.300781	1193
6569.704590	1194
6574.108398	1215
6578.512207	1218
6582.916016	1179
6587.319824	1190
6591.724121	1209
6596.127930	1205
6600.531738	1208
6604.935547	1232
6609.339355	1237
6613.743164	1234
6618.146973	1227
6622.550781	1225
6626.955078	1227
6631.358887	1209
6635.762695	1201
6640.166504	1215
6644.570313	1223
6648.974121	1228
6653.377930	1213
6657.782227	1229
6662.186035	1220
6666.589844	1219
6670.993652	1229
6675.397461	1231
6679.801270	1218
6684.205078	1211
6688.609375	1215
6693.013184	1209
6697.416992	1221
6701.820801	1232
6706.224609	1213
6710.628418	1230
6715.032227	1237
6719.436523	1232
6723.840332	1235
6728.244141	1231
6732.647949	1246
6737.051758	1252
6741.455566	1240
6745.859375	1238
6750.263672	1250
6754.667480	1235
6759.071289	1222
6763.475098	1225
6767.878906	1238
6772.282715	1256
6776.686523	1232
6781.090820	1228
6785.494629	1242
6789.898438	1269
6794.302246	1262
6798.706055	1249
6803.109863	1236
6807.513672	1248
6811.917969	1264
6816.321777	1250
6820.725586	1228
6825.129395	1230
6829.533203	1221
6833.937012	1197
6838.340820	1173
6842.745117	1151
6847.148926	1116
6851.552734	1101
6855.956543	1116
6860.360352	1107
6864.764160	1101
6869.167969	1096
6873.572266	1114
6877.976074	1122
6882.379883	1109
6886.783691	1129
6891.187500	1164
6895.591309	1186
6899.995117	1199
6904.399414	1189
6908.803223	1187
6913.207031	1197
6917.610840	1216
6922.014648	1217
6926.418457	1193
6930.822266	1202
6935.226563	1215
6939.630371	1207
6944.034180	1222
6948.437988	1224
6952.841797	1202
6957.245605	1232
6961.649414	1249
6966.053711	1237
6970.457520	1232
6974.861328	1253
6979.265137	1257
6983.668945	1237
6988.072754	1247
6992.476563	1254
6996.880859	1259
7001.284668	1243
7005.688477	1235
7010.092285	1243
7014.496094	1255
7018.899902	1234
7023.303711	1221
7027.707520	1227
7032.111816	1217
7036.515625	1220
7040.919434	1219
7045.323242	1216
7049.727051	1223
7054.130859	1207
7058.534668	1202
7062.938965	1208
7067.342773	1216
7071.746582	1193
7076.150391	1192
7080.554199	1217
7084.958008	1220
7089.361816	1198
7093.766113	1201
7098.169922	1185
7102.573730	1182
7106.977539	1198
7111.381348	1184
7115.785156	1175
7120.188965	1181
7124.593262	1163
7128.997070	1134
7133.400879	1139
7137.804688	1131
7142.208496	1119
7146.612305	1108
7151.016113	1085
7155.420410	1058
7159.824219	1066
7164.228027	1065
7168.631836	1052
7173.035645	1060
7177.439453	1069
7181.843262	1053
7186.247559	1057
7190.651367	1029
7195.055176	1008
7199.458984	1030
7203.862793	1016
7208.266602	987
7212.670410	989
7217.074707	994
7221.478516	988
7225.882324	971
7230.286133	957
7234.689941	946
7239.093750	956
7243.497559	961
7247.901855	951
7252.305664	938
7256.709473	916
7261.113281	910
7265.517090	943
7269.920898	946
7274.324707	940
7278.729004	943
7283.132813	925
7287.536621	905
7291.940430	894
7296.344238	901
7300.748047	915
7305.151855	918
7309.556152	899
7313.959961	884
7318.363770	923
7322.767578	917
7327.171387	893
7331.575195	854
7335.979004	853
7340.383301	871
7344.787109	900
7349.190918	880
7353.594727	861
7357.998535	855
7362.402344	862
7366.806152	847
7371.210449	850
7375.614258	847
7380.018066	844
7384.421875	826
7388.825684	828
7393.229492	837
7397.633301	830
7402.037598	825
7406.441406	831
7410.845215	828
7415.249023	812
7419.652832	807
7424.056641	802
7428.460449	779
7432.864258	758
7437.268555	770
7441.672363	762
7446.076172	746
7450.479980	741
7454.883789	747
7459.287598	741
7463.691406	747
7468.095703	743
7472.499512	720
7476.903320	711
7481.307129	717
7485.710938	705
7490.114746	688
7494.518555	685
7498.922852	680
7503.326660	676
7507.730469	668
7512.134277	673
7516.538086	658
7520.941895	645
7525.345703	625
7529.750000	627
7534.153809	619
7538.557617	614
7542.961426	607
7547.365234	575
7551.769043	547
7556.172852	536
7560.577148	510
7564.980957	490
7569.384766	462
7573.788574	442
7578.192383	428
7582.596191	409
7587.000000	395
7591.404297	409
7595.808105	404
7600.211914	381
7604.615723	370
7609.019531	392
7613.423340	398
7617.827148	403
7622.231445	403
7626.635254	410
7631.039063	439
7635.442871	451
7639.846680	431
7644.250488	434
7648.654297	454
7653.058594	440
7657.462402	426
7661.866211	438
7666.270020	438
7670.673828	433
7675.077637	446
7679.481445	450
7683.885742	448
7688.289551	446
7692.693359	428
7697.097168	443
7701.500977	440
7705.904785	427
7710.308594	435
7714.712891	419
7719.116699	411
7723.520508	410
7727.924316	411
7732.328125	401
7736.731934	392
7741.135742	383
7745.540039	388
7749.943848	400
7754.347656	387
7758.751465	375
7763.155273	372
7767.559082	380
7771.962891	365
7776.367188	360
7780.770996	348
7785.174805	350
7789.578613	335
7793.982422	332
7798.386230	328
7802.790039	336
7807.193848	317
7811.598145	322
7816.001953	317
7820.405762	303
7824.809570	303
7829.213379	304
7833.617188	304
7838.020996	296
7842.425293	282
7846.829102	280
7851.232910	289
7855.636719	295
7860.040527	293
7864.444336	293
7868.848145	295
7873.252441	291
7877.656250	287
7882.060059	292
7886.463867	295
7890.867676	287
7895.271484	282
7899.675293	282
7904.079590	279
7908.483398	282
7912.887207	271
7917.291016	278
7921.694824	286
7926.098633	304
7930.502441	300
7934.906738	299
7939.310547	310
7943.714355	301
7948.118164	305
7952.521973	298
7956.925781	300
7961.329590	301
7965.733887	296
7970.137695	279
7974.541504	298
7978.945313	316
7983.349121	298
7987.752930	294
7992.156738	288
7996.561035	281
8000.964844	293
8005.368652	293
8009.772461	291
8014.176270	297
8018.580078	301
8022.983887	293
8027.388184	295
8031.791992	285
8036.195801	278
8040.599609	290
8045.003418	296
8049.407227	278
8053.811035	283
8058.215332	275
8062.619141	273
8067.022949	281
8071.426758	292
8075.830566	285
8080.234375	276
8084.638184	262
8089.042480	265
8093.446289	258
8097.850098	246
8102.253906	250
8106.657715	242
8111.061523	241
8115.465332	226
8119.869629	221
8124.273438	246
8128.677246	233
8133.081055	231
8137.484863	233
8141.888672	217
8146.292480	212
8150.696777	219
8155.100586	222
8159.504395	218
8163.908203	203
8168.312012	205
8172.715820	203
8177.119629	193
8181.523926	194
8185.927734	187
8190.331543	193
8194.735352	191
8199.139648	185
8203.542969	192
8207.947266	192
8212.350586	195
8216.754883	205
8221.158203	203
8225.562500	184
8229.966797	182
8234.370117	188
8238.774414	198
8243.177734	207
8247.582031	198
8251.985352	201
8256.389648	196
8260.793945	185
8265.197266	191
8269.601563	190
8274.004883	191
8278.409180	182
8282.812500	189
8287.216797	194
8291.621094	193
8296.024414	206
8300.428711	217
8304.832031	203
8309.236328	202
8313.639648	204
8318.043945	213
8322.448242	222
8326.851563	217
8331.255859	214
8335.659180	213
8340.063477	215
8344.466797	219
8348.871094	221
8353.275391	228
8357.678711	229
8362.083008	224
8366.486328	245
8370.890625	247
8375.293945	232
8379.698242	238
8384.101563	222
8388.505859	222
8392.910156	220
8397.313477	234
8401.717773	238
8406.121094	233
8410.525391	234
8414.928711	233
8419.333008	212
8423.737305	219
8428.140625	216
8432.544922	228
8436.948242	237
8441.352539	238
8445.755859	237
8450.160156	231
8454.564453	236
8458.967773	227
8463.372070	230
8467.775391	229
8472.179688	224
8476.583008	216
8480.987305	234
8485.391602	226
8489.794922	222
8494.199219	217
8498.602539	220
8503.006836	225
8507.410156	222
8511.814453	200
8516.218750	216
8520.622070	220
8525.026367	233
8529.429688	236
8533.833984	220
8538.237305	222
8542.641602	215
8547.045898	208
8551.449219	214
8555.853516	211
8560.256836	204
8564.661133	202
8569.064453	207
8573.468750	211
8577.873047	198
8582.276367	212
8586.680664	203
8591.083984	189
8595.488281	197
8599.891602	197
8604.295898	192
8608.700195	199
8613.103516	185
8617.507813	170
8621.911133	177
8626.315430	177
8630.718750	178
8635.123047	179
8639.527344	189
8643.930664	172
8648.334961	176
8652.738281	186
8657.142578	175
8661.545898	165
8665.950195	164
8670.354492	162
8674.757813	169
8679.162109	160
8683.565430	163
8687.969727	171
8692.373047	168
8696.777344	155
8701.181641	148
8705.584961	148
8709.989258	161
8714.392578	142
8718.796875	147
8723.200195	150
8727.604492	149
8732.008789	138
8736.412109	130
8740.816406	128
8745.219727	142
8749.624023	145
8754.027344	142
8758.431641	137
8762.835938	140
8767.239258	142
8771.643555	131
8776.046875	143
8780.451172	135
8784.854492	139
8789.258789	141
8793.663086	141
8798.066406	136
8802.470703	147
8806.874023	134
8811.278320	126
8815.681641	134
8820.085938	130
8824.490234	133
8828.893555	137
8833.297852	142
8837.701172	138
8842.105469	113
8846.508789	128
8850.913086	140
8855.317383	128
8859.720703	119
8864.125000	127
8868.528320	138
8872.932617	131
8877.335938	123
8881.740234	130
8886.144531	151
8890.547852	153
8894.952148	128
8899.355469	128
8903.759766	126
8908.163086	137
8912.567383	145
8916.971680	131
8921.375000	120
8925.779297	121
8930.182617	129
8934.586914	116
8938.990234	129
8943.394531	142
8947.798828	136
8952.202148	132
8956.606445	121
8961.009766	124
8965.414063	125
8969.817383	129
8974.221680	133
8978.625977	133
8983.029297	140
8987.433594	132
8991.836914	126
8996.241211	113
9000.644531	115
9005.048828	129
9009.453125	130
9013.856445	133
9018.260742	124
9022.664063	134
9027.068359	128
9031.471680	123
9035.875977	139
9040.280273	143
9044.683594	142
9049.087891	147
9053.491211	138
9057.895508	132
9062.298828	126
9066.703125	113
9071.107422	126
9075.510742	146
9079.915039	131
9084.318359	126
9088.722656	123
9093.125977	138
9097.530273	144
9101.934570	128
9106.337891	136
9110.742188	131
9115.145508	135
9119.549805	130
9123.953125	132
9128.357422	127
9132.761719	136
9137.165039	128
9141.569336	131
9145.972656	138
9150.376953	128
9154.780273	127
9159.184570	128
9163.587891	136
9167.992188	154
9172.396484	130
9176.799805	129
9181.204102	133
9185.607422	127
9190.011719	133
9194.415039	122
9198.819336	117
9203.223633	134
9207.626953	124
9212.031250	130
9216.434570	126
9220.838867	128
9225.242188	122
9229.646484	112
9234.050781	121
9238.454102	123
9242.858398	125
9247.261719	123
9251.666016	142
9256.069336	146
9260.473633	127
9264.877930	130
9269.281250	128
9273.685547	124
9278.088867	132
9282.493164	141
9286.896484	131
9291.300781	126
9295.705078	124
9300.108398	136
9304.512695	136
9308.916016	125
9313.320313	134
9317.723633	157
9322.127930	149
9326.532227	131
9330.935547	137
9335.339844	143
9339.743164	134
9344.147461	143
9348.550781	140
9352.955078	137
9357.359375	125
9361.762695	119
9366.166992	114
9370.570313	122
9374.974609	126
9379.377930	129
9383.782227	137
9388.186523	116
9392.589844	122
9396.994141	117
9401.397461	136
9405.801758	145
9410.205078	143
9414.609375	136
9419.013672	142
9423.416992	136
9427.821289	145
9432.224609	153
9436.628906	149
9441.032227	142
9445.436523	139
9449.840820	134
9454.244141	139
9458.648438	143
9463.051758	147
9467.456055	145
9471.859375	124
9476.263672	130
9480.667969	154
9485.071289	164
9489.475586	156
9493.878906	149
9498.283203	143
9502.686523	159
9507.090820	161
9511.495117	155
9515.898438	134
9520.302734	145
9524.706055	138
9529.110352	139
9533.513672	155
9537.917969	142
9542.322266	146
9546.725586	145
9551.129883	152
9555.533203	159
9559.937500	161
9564.340820	157
9568.745117	160
9573.149414	165
9577.552734	166
9581.957031	157
9586.360352	147
9590.764648	163
9595.167969	173
9599.572266	162
9603.976563	165
9608.379883	166
9612.784180	181
9617.187500	170
9621.591797	163
9625.995117	150
9630.399414	149
9634.803711	153
9639.207031	162
9643.611328	165
9648.014648	159
9652.418945	164
9656.822266	170
9661.226563	173
9665.630859	162
9670.034180	160
9674.438477	169
9678.841797	169
9683.246094	156
9687.649414	147
9692.053711	169
9696.458008	170
9700.861328	172
9705.265625	160
9709.668945	166
9714.073242	182
9718.476563	175
9722.880859	161
9727.285156	155
9731.688477	161
9736.092773	180
9740.496094	169
9744.900391	173
9749.303711	160
9753.708008	180
9758.112305	180
9762.515625	181
9766.919922	157
9771.323242	160
9775.727539	168
9780.130859	165
9784.535156	172
9788.939453	173
9793.342773	148
9797.747070	150
9802.150391	168
9806.554688	172
9810.958008	159
9815.362305	176
9819.766602	173
9824.169922	178
9828.574219	173
9832.977539	161
9837.381836	161
9841.785156	160
9846.189453	166
9850.593750	172
9854.997070	175
9859.401367	176
9863.804688	176
9868.208984	163
9872.612305	153
9877.016602	164
9881.420898	165
9885.824219	173
9890.228516	179
9894.631836	179
9899.036133	168
9903.439453	171
9907.843750	160
9912.248047	163
9916.651367	167
9921.055664	161
9925.458984	173
9929.863281	173
9934.266602	164
9938.670898	154
9943.075195	158
9947.478516	158
9951.882813	165
9956.286133	153
9960.690430	150
9965.093750	159
9969.498047	162
9973.901367	168
9978.305664	150
9982.709961	150
9987.113281	149
9991.517578	145
9995.920898	150
10000.325195	158
10004.728516	160
10009.132813	156
10013.537109	139
10017.940430	145
10022.344727	161
10026.748047	153
10031.152344	134
10035.555664	151
10039.959961	144
10044.364258	144
10048.767578	137
10053.171875	138
10057.575195	143
10061.979492	138
10066.382813	144
10070.787109	133
10075.191406	126
10079.594727	130
10083.999023	109
10088.402344	109
10092.806641	104
10097.209961	91
10101.614258	86
10106.018555	85
10110.421875	83
10114.826172	79
10119.229492	63
10123.633789	59
10128.037109	60
10132.441406	52
10136.845703	36
10141.249023	38
10145.653320	40
10150.056641	38
10154.460938	38
10158.864258	35
10163.268555	30
10167.672852	31
10172.076172	36
10176.480469	32
10180.883789	31
10185.288086	28
10189.691406	28
10194.095703	27
10198.500000	24
10202.903320	31
10207.307617	25
10211.710938	25
10216.115234	21
10220.518555	19
10224.922852	22
10229.327148	26
10233.730469	19
10238.134766	26
10242.538086	19
10246.942383	20
10251.345703	23
10255.750000	25
10260.154297	27
10264.557617	20
10268.961914	16
10273.365234	15
10277.769531	18
10282.172852	20
10286.577148	26
10290.981445	23
10295.384766	21
10299.789063	18
10304.192383	22
10308.596680	13
10313.000000	9
10317.404297	13
10321.808594	14
10326.211914	6
10330.616211	9
10335.019531	17
10339.423828	12
10343.827148	10
10348.231445	11
10352.635742	16
10357.039063	15
10361.443359	15
10365.846680	18
10370.250977	6
10374.654297	4
10379.058594	8
10383.462891	10
10387.866211	4
10392.270508	3
10396.673828	7
10401.078125	6
10405.481445	3
10409.885742	9
10414.290039	9
10418.693359	4
10423.097656	4
10427.500977	4
10431.905273	4
10436.308594	3
10440.712891	1
10445.117188	1
10449.520508	1
10453.924805	0
10458.328125	0
10462.732422	0
10467.135742	0
10471.540039	0
10475.944336	0
10480.347656	0
10484.751953	0
10489.155273	0
10493.559570	0
10497.962891	0
10502.367188	0
10506.771484	0
10511.174805	0
10515.579102	0
10519.982422	0
10524.386719	0
10528.790039	0
10533.194336	0
10537.598633	0
10542.001953	0
10546.406250	0
10550.809570	0
10555.213867	0
10559.617188	0
10564.021484	0
10568.425781	0
10572.829102	0
10577.233398	0
10581.636719	0
10586.041016	0
10590.444336	0
10594.848633	0
10599.252930	0
10603.656250	0
10608.060547	0
10612.463867	0
10616.868164	0
10621.271484	0
10625.675781	0
10630.080078	0
10634.483398	0
10638.887695	0
10643.291016	0
10647.695313	0
10652.098633	0
10656.502930	0
10660.907227	0
10665.310547	0
10669.714844	0
10674.118164	0
10678.522461	0
10682.925781	0
10687.330078	0
10691.734375	0
10696.137695	0
10700.541992	0
10704.945313	0
10709.349609	0
10713.752930	0
10718.157227	0
10722.561523	0
10726.964844	0
10731.369141	0
10735.772461	0
10740.176758	0
10744.580078	0
10748.984375	0
10753.387695	0
10757.791992	0
10762.196289	0
10766.599609	0
10771.003906	0
10775.407227	0
10779.811523	0
10784.214844	0
10788.619141	0
10793.023438	0
10797.426758	0
10801.831055	0
10806.234375	0
10810.638672	0
10815.041992	0
10819.446289	0
10823.850586	0
10828.253906	0
10832.658203	0
10837.061523	0
10841.465820	0
10845.869141	0
10850.273438	0
10854.677734	0
10859.081055	0
10863.485352	0
10867.888672	0
10872.292969	0
10876.696289	0
10881.100586	0
10885.504883	0
10889.908203	0
10894.312500	0
10898.715820	0
10903.120117	0
10907.523438	0
10911.927734	0
10916.332031	0
10920.735352	0
10925.139648	0
10929.542969	0
10933.947266	0
10938.350586	0
10942.754883	0
10947.159180	0
10951.562500	0
10955.966797	0
10960.370117	0
10964.774414	0
10969.177734	0
10973.582031	0
10977.986328	0
10982.389648	0
10986.793945	0
10991.197266	0
10995.601563	0
11000.004883	0
11004.409180	0
11008.813477	0
11013.216797	0
11017.621094	0
11022.024414	0
11026.428711	0
11030.832031	0
11035.236328	0
11039.640625	0
11044.043945	0
11048.448242	0
11052.851563	0
11057.255859	0
11061.659180	0
11066.063477	0
11070.467773	0
11074.871094	0
11079.275391	0
11083.678711	0
11088.083008	0
11092.486328	0
11096.890625	0
11101.294922	0
11105.698242	0
11110.102539	0
11114.505859	0
11118.910156	0
11123.313477	0
11127.717773	0
11132.122070	0
11136.525391	0
11140.929688	0
11145.333008	0
11149.737305	0
11154.140625	0
11158.544922	0
11162.949219	0
11167.352539	0
11171.756836	0
11176.160156	0
11180.564453	0
11184.967773	0
11189.372070	0
11193.776367	0
11198.179688	0
11202.583984	0
11206.987305	0
11211.391602	0
11215.794922	0
11220.199219	0
11224.603516	0
11229.006836	0
11233.411133	0
11237.814453	0
11242.218750	0
11246.622070	0
11251.026367	0
11255.430664	0
11259.833984	0
11264.238281	0
11268.641602	0
11273.045898	0
11277.449219	0
11281.853516	0
11286.257813	0
11290.661133	0
11295.065430	0
11299.468750	0
11303.873047	0
11308.276367	0
11312.680664	0
11317.084961	0
11321.488281	0
11325.892578	0
11330.295898	0
11334.700195	0
11339.103516	0
11343.507813	0
11347.912109	0
11352.315430	0
11356.719727	0
11361.123047	0
11365.527344	0
11369.930664	0
11374.334961	0
11378.739258	0
11383.142578	0
11387.546875	0
11391.950195	0
11396.354492	0
11400.757813	0
11405.162109	0
11409.566406	0
11413.969727	0
11418.374023	0
11422.777344	0
11427.181641	0
11431.584961	0
11435.989258	0
11440.393555	0
11444.796875	0
11449.201172	0
11453.604492	0
11458.008789	0
11462.412109	0
11466.816406	0
11471.220703	0
11475.624023	0
11480.028320	0
11484.431641	0
11488.835938	0
11493.239258	0
11497.643555	0
11502.047852	0
11506.451172	0
11510.855469	0
11515.258789	0
11519.663086	0
11524.066406	0
11528.470703	0
11532.874023	0
11537.278320	0
11541.682617	0
11546.085938	0
11550.490234	0
11554.893555	0
11559.297852	0
11563.701172	0
11568.105469	0
11572.509766	0
11576.913086	0
11581.317383	0
11585.720703	0
11590.125000	0
11594.528320	0
11598.932617	0
11603.336914	0
11607.740234	0
11612.144531	0
11616.547852	0
11620.952148	0
11625.355469	0
11629.759766	0
11634.164063	0
11638.567383	0
11642.971680	0
11647.375000	0
11651.779297	0
11656.182617	0
11660.586914	0
11664.991211	0
11669.394531	0
11673.798828	0
11678.202148	0
11682.606445	0
11687.009766	0
11691.414063	0
11695.818359	0
11700.221680	0
11704.625977	0
11709.029297	0
11713.433594	0
11717.836914	0
11722.241211	0
11726.645508	0
11731.048828	0
11735.453125	0
11739.856445	0
11744.260742	0
11748.664063	0
11753.068359	0
11757.472656	0
11761.875977	0
11766.280273	0
11770.683594	0
11775.087891	0
11779.491211	0
11783.895508	0
11788.299805	0
11792.703125	0
11797.107422	0
11801.510742	0
11805.915039	0
11810.318359	0
11814.722656	0
11819.126953	0
11823.530273	0
11827.934570	0
11832.337891	0
11836.742188	0
11841.145508	0
11845.549805	0
11849.954102	0
11854.357422	0
11858.761719	0
11863.165039	0
11867.569336	0
11871.972656	0
11876.376953	0
11880.781250	0
11885.184570	0
11889.588867	0
11893.992188	0
11898.396484	0
11902.799805	0
11907.204102	0
11911.608398	0
11916.011719	0
11920.416016	0
11924.819336	0
11929.223633	0
11933.626953	0
11938.031250	0
11942.435547	0
11946.838867	0
11951.243164	0
11955.646484	0
11960.050781	0
11964.454102	0
11968.858398	0
11973.262695	0
11977.666016	0
11982.070313	0
11986.473633	0
11990.877930	0
11995.281250	0
11999.685547	0
12004.089844	0
12008.493164	0
12012.897461	0
12017.300781	0
12021.705078	0
12026.108398	0
12030.512695	0
12034.916992	0
12039.320313	0
12043.724609	0
12048.127930	0
12052.532227	0
12056.935547	0
12061.339844	0
12065.744141	0
12070.147461	0
12074.551758	0
12078.955078	0
12083.359375	0
12087.762695	0
12092.166992	0
12096.571289	0
12100.974609	0
12105.378906	0
12109.782227	0
12114.186523	0
12118.589844	0
12122.994141	0
12127.398438	0
12131.801758	0
12136.206055	0
12140.609375	0
12145.013672	0
12149.416992	0
12153.821289	0
12158.225586	0
12162.628906	0
12167.033203	0
12171.436523	0
12175.840820	0
12180.244141	0
12184.648438	0
12189.052734	0
12193.456055	0
12197.860352	0
12202.263672	0
12206.667969	0
12211.071289	0
12215.475586	0
12219.879883	0
12224.283203	0
12228.687500	0
12233.090820	0
12237.495117	0
12241.898438	0
12246.302734	0
12250.707031	0
12255.110352	0
12259.514648	0
12263.917969	0
12268.322266	0
12272.725586	0
12277.129883	0
12281.534180	0
12285.937500	0
12290.341797	0
12294.745117	0
12299.149414	0
12303.552734	0
12307.957031	0
12312.360352	0
12316.764648	0
12321.168945	0
12325.572266	0
12329.976563	0
12334.379883	0
12338.784180	0
12343.187500	0
12347.591797	0
12351.996094	0
12356.399414	0
12360.803711	0
12365.207031	0
12369.611328	0
12374.014648	0
12378.418945	0
12382.823242	0
12387.226563	0
12391.630859	0
12396.034180	0
12400.438477	0
12404.841797	0
12409.246094	0
12413.650391	0
12418.053711	0
12422.458008	0
12426.861328	0
12431.265625	0
12435.668945	0
12440.073242	0
12444.477539	0
12448.880859	0
12453.285156	0
12457.688477	0
12462.092773	0
12466.496094	0
12470.900391	0
12475.304688	0
12479.708008	0
12484.112305	0
12488.515625	0
12492.919922	0
12497.323242	0
12501.727539	0
12506.131836	0
12510.535156	0
12514.939453	0
12519.342773	0
12523.747070	0
12528.150391	0
12532.554688	0
12536.958984	0
12541.362305	0
12545.766602	0
12550.169922	0
12554.574219	0
12558.977539	0
12563.381836	0
12567.786133	0
12572.189453	0
12576.593750	0
12580.997070	0
12585.401367	0
12589.804688	0
12594.208984	0
12598.613281	0
12603.016602	0
12607.420898	0
12611.824219	0
12616.228516	0
12620.631836	0
12625.036133	0
12629.440430	0
12633.843750	0
12638.248047	0
12642.651367	0
12647.055664	0
12651.458984	0
12655.863281	0
12660.267578	0
12664.670898	0
12669.075195	0
12673.478516	0
12677.882813	0
12682.286133	0
12686.690430	0
12691.094727	0
12695.498047	0
12699.902344	0
12704.305664	0
12708.709961	0
12713.113281	0
12717.517578	0
12721.921875	0
12726.325195	0
12730.729492	0
12735.132813	0
12739.537109	0
12743.940430	0
12748.344727	0
12752.749023	0
12757.152344	0
12761.556641	0
12765.959961	0
12770.364258	0
12774.767578	0
12779.171875	0
12783.576172	0
12787.979492	0
12792.383789	0
