-4178.599121	0
-4174.167969	0
-4169.736328	0
-4165.305176	0
-4160.874023	0
-4156.442871	0
-4152.011719	0
-4147.580566	0
-4143.149414	0
-4138.718262	0
-4134.287109	0
-4129.855957	0
-4125.424805	0
-4120.993652	0
-4116.562500	0
-4112.131348	0
-4107.700195	0
-4103.269043	0
-4098.837891	0
-4094.406494	0
-4089.975342	0
-4085.544189	0
-4081.113037	0
-4076.681885	0
-4072.250732	0
-4067.819580	0
-4063.388428	0
-4058.957275	0
-4054.525879	0
-4050.094727	0
-4045.663574	0
-4041.232422	0
-4036.801270	0
-4032.370117	0
-4027.938965	0
-4023.507813	0
-4019.076660	0
-4014.645508	0
-4010.214111	0
-4005.782959	0
-4001.351807	0
-3996.920654	0
-3992.489502	0
-3988.058350	0
-3983.627197	0
-3979.196045	0
-3974.764893	0
-3970.333740	0
-3965.902344	0
-3961.471191	0
-3957.040039	0
-3952.608887	0
-3948.177734	0
-3943.746582	0
-3939.315430	0
-3934.884277	0
-3930.453125	0
-3926.021973	0
-3921.590820	0
-3917.159424	0
-3912.728271	0
-3908.297119	0
-3903.865967	0
-3899.434814	0
-3895.003662	0
-3890.572510	0
-3886.141357	0
-3881.710205	0
-3877.279053	0
-3872.847656	0
-3868.416504	0
-3863.985352	0
-3859.554199	0
-3855.123047	0
-3850.691895	0
-3846.260742	0
-3841.829590	0
-3837.398438	0
-3832.967285	0
-3828.535889	0
-3824.104736	0
-3819.673584	0
-3815.242432	0
-3810.811279	0
-3806.380127	0
-3801.948975	0
-3797.517822	0
-3793.086670	0
-3788.655518	0
-3784.224365	0
-3779.792969	0
-3775.361816	0
-3770.930664	0
-3766.499512	0
-3762.068359	0
-3757.637207	0
-3753.206055	0
-3748.774902	0
-3744.343750	0
-3739.912598	0
-3735.481201	0
-3731.050049	0
-3726.618896	0
-3722.187744	0
-3717.756592	0
-3713.325439	0
-3708.894287	0
-3704.463135	0
-3700.031982	0
-3695.600830	0
-3691.169434	0
-3686.738281	0
-3682.307129	0
-3677.875977	0
-3673.444824	0
-3669.013672	0
-3664.582520	0
-3660.151367	0
-3655.720215	0
-3651.289063	0
-3646.857910	0
-3642.426514	0
-3637.995361	0
-3633.564209	0
-3629.133057	0
-3624.701904	0
-3620.270752	0
-3615.839600	0
-3611.408447	0
-3606.977295	0
-3602.546143	0
-3598.114746	0
-3593.683594	0
-3589.252441	0
-3584.821289	0
-3580.390137	0
-3575.958984	0
-3571.527832	0
-3567.096680	0
-3562.665527	0
-3558.234375	0
-3553.802979	0
-3549.371826	0
-3544.940674	0
-3540.509521	0
-3536.078369	0
-3531.647217	0
-3527.216064	0
-3522.784912	0
-3518.353760	0
-3513.922607	0
-3509.491455	0
-3505.060059	0
-3500.628906	0
-3496.197754	0
-3491.766602	0
-3487.335449	0
-3482.904297	0
-3478.473145	0
-3474.041992	0
-3469.610840	0
-3465.179688	0
-3460.748291	0
-3456.317139	0
-3451.885986	0
-3447.454834	0
-3443.023682	0
-3438.592529	0
-3434.161377	0
-3429.730225	0
-3425.299072	0
-3420.867920	0
-3416.436523	0
-3412.005371	0
-3407.574219	0
-3403.143066	0
-3398.711914	0
-3394.280762	0
-3389.849609	0
-3385.418457	0
-3380.987305	0
-3376.556152	0
-3372.125000	0
-3367.693604	0
-3363.262451	0
-3358.831299	0
-3354.400146	0
-3349.968994	0
-3345.537842	0
-3341.106689	0
-3336.675537	2
-3332.244385	1
-3327.813232	2
-3323.381836	5
-3318.950684	5
-3314.519531	4
-3310.088379	3
-3305.657227	1
-3301.226074	1
-3296.794922	1
-3292.363770	3
-3287.932617	6
-3283.501465	3
-3279.070313	2
-3274.638916	4
-3270.207764	8
-3265.776611	3
-3261.345459	5
-3256.914307	4
-3252.483154	7
-3248.052002	2
-3243.620850	6
-3239.189697	6
-3234.758545	8
-3230.327148	10
-3225.895996	13
-3221.464844	5
-3217.033691	6
-3212.602539	9
-3208.171387	12
-3203.740234	10
-3199.309082	17
-3194.877930	15
-3190.446777	11
-3186.015381	5
-3181.584229	8
-3177.153076	10
-3172.721924	9
-3168.290771	12
-3163.859619	8
-3159.428467	5
-3154.997314	11
-3150.566162	16
-3146.135010	14
-3141.703857	11
-3137.272461	12
-3132.841309	19
-3128.410156	19
-3123.979004	17
-3119.547852	15
-3115.116699	14
-3110.685547	17
-3106.254395	16
-3101.823242	14
-3097.392090	11
-3092.960693	14
-3088.529541	12
-3084.098389	11
-3079.667236	10
-3075.236084	14
-3070.804932	16
-3066.373779	17
-3061.942627	20
-3057.511475	16
-3053.080322	15
-3048.648926	22
-3044.217773	20
-3039.786621	18
-3035.355469	21
-3030.924316	15
-3026.493164	16
-3022.062012	23
-3017.630859	19
-3013.199707	30
-3008.768555	25
-3004.337402	28
-2999.906006	25
-2995.474854	24
-2991.043701	18
-2986.612549	24
-2982.181396	31
-2977.750244	21
-2973.319092	32
-2968.887939	31
-2964.456787	18
-2960.025635	28
-2955.594238	34
-2951.163086	31
-2946.731934	19
-2942.300781	32
-2937.869629	21
-2933.438477	22
-2929.007324	26
-2924.576172	34
-2920.145020	22
-2915.713867	22
-2911.282471	23
-2906.851318	30
-2902.420166	30
-2897.989014	29
-2893.557861	25
-2889.126709	32
-2884.695557	31
-2880.264404	35
-2875.833252	22
-2871.402100	20
-2866.970947	23
-2862.539551	24
-2858.108398	32
-2853.677246	34
-2849.246094	24
-2844.814941	31
-2840.383789	32
-2835.952637	35
-2831.521484	39
-2827.090332	26
-2822.659180	41
-2818.227783	39
-2813.796631	38
-2809.365479	30
-2804.934326	41
-2800.503174	35
-2796.072021	36
-2791.640869	33
-2787.209717	39
-2782.778564	41
-2778.347412	39
-2773.916016	35
-2769.484863	36
-2765.053711	42
-2760.622559	24
-2756.191406	29
-2751.760254	21
-2747.329102	40
-2742.897949	49
-2738.466797	37
-2734.035645	47
-2729.604492	35
-2725.173096	27
-2720.741943	39
-2716.310791	41
-2711.879639	31
-2707.448486	34
-2703.017334	41
-2698.586182	43
-2694.155029	43
-2689.723877	29
-2685.292725	24
-2680.861328	25
-2676.430176	29
-2671.999023	36
-2667.567871	36
-2663.136719	32
-2658.705566	37
-2654.274414	35
-2649.843262	45
-2645.412109	37
-2640.980957	41
-2636.549561	48
-2632.118408	43
-2627.687256	42
-2623.256104	41
-2618.824951	35
-2614.393799	45
-2609.962646	58
-2605.531494	52
-2601.100342	29
-2596.669189	34
-2592.238037	31
-2587.806641	29
-2583.375488	36
-2578.944336	41
-2574.513184	38
-2570.082031	41
-2565.650879	34
-2561.219727	43
-2556.788574	42
-2552.357422	42
-2547.926270	43
-2543.494873	30
-2539.063721	49
-2534.632568	46
-2530.201416	42
-2525.770264	44
-2521.339111	34
-2516.907959	43
-2512.476807	34
-2508.045654	49
-2503.614502	51
-2499.183105	45
-2494.751953	31
-2490.320801	34
-2485.889648	30
-2481.458496	41
-2477.027344	47
-2472.596191	50
-2468.165039	31
-2463.733887	36
-2459.302734	44
-2454.871582	44
-2450.440186	32
-2446.009033	49
-2441.577881	33
-2437.146729	42
-2432.715576	34
-2428.284424	46
-2423.853271	34
-2419.422119	30
-2414.990967	48
-2410.559814	53
-2406.128418	41
-2401.697266	47
-2397.266113	44
-2392.834961	36
-2388.403809	44
-2383.972656	45
-2379.541504	32
-2375.110352	29
-2370.679199	31
-2366.248047	30
-2361.816895	35
-2357.385498	32
-2352.954346	42
-2348.523193	36
-2344.092041	39
-2339.660889	31
-2335.229736	37
-2330.798584	35
-2326.367432	46
-2321.936279	36
-2317.505127	29
-2313.073730	40
-2308.642578	33
-2304.211426	33
-2299.780273	30
-2295.349121	30
-2290.917969	38
-2286.486816	40
-2282.055664	32
-2277.624512	42
-2273.193359	40
-2268.761963	31
-2264.330811	34
-2259.899658	50
-2255.468506	38
-2251.037354	26
-2246.606201	42
-2242.175049	35
-2237.743896	46
-2233.312744	37
-2228.881592	31
-2224.450439	31
-2220.019043	31
-2215.587891	37
-2211.156738	36
-2206.725586	40
-2202.294434	36
-2197.863281	26
-2193.432129	32
-2189.000977	33
-2184.569824	41
-2180.138672	38
-2175.707275	29
-2171.276123	33
-2166.844971	46
-2162.413818	36
-2157.982666	36
-2153.551514	43
-2149.120361	40
-2144.689209	37
-2140.258057	35
-2135.826904	40
-2131.395508	39
-2126.964355	43
-2122.533203	38
-2118.102051	31
-2113.670898	40
-2109.239746	35
-2104.808594	40
-2100.377441	47
-2095.946289	55
-2091.515137	40
-2087.083984	38
-2082.652588	35
-2078.221436	30
-2073.790283	33
-2069.359131	42
-2064.927979	40
-2060.496826	29
-2056.065674	30
-2051.634521	44
-2047.203247	38
-2042.772095	37
-2038.340942	33
-2033.909790	55
-2029.478638	46
-2025.047363	47
-2020.616211	43
-2016.185059	41
-2011.753906	40
-2007.322754	55
-2002.891479	43
-1998.460327	39
-1994.029175	36
-1989.598022	32
-1985.166870	35
-1980.735596	34
-1976.304443	40
-1971.873291	47
-1967.442139	39
-1963.010986	44
-1958.579712	40
-1954.148560	30
-1949.717407	35
-1945.286255	25
-1940.855103	27
-1936.423828	27
-1931.992676	41
-1927.561523	32
-1923.130371	43
-1918.699219	36
-1914.267944	27
-1909.836792	34
-1905.405640	28
-1900.974487	32
-1896.543335	30
-1892.112183	30
-1887.680908	36
-1883.249756	40
-1878.818604	34
-1874.387451	36
-1869.956299	33
-1865.525024	30
-1861.093872	27
-1856.662720	43
-1852.231567	44
-1847.800415	35
-1843.369141	38
-1838.937988	33
-1834.506836	35
-1830.075684	32
-1825.644531	30
-1821.213257	40
-1816.782104	34
-1812.350952	33
-1807.919800	37
-1803.488647	38
-1799.057373	31
-1794.626221	35
-1790.195068	25
-1785.763916	29
-1781.332764	42
-1776.901489	35
-1772.470337	41
-1768.039185	30
-1763.608032	38
-1759.176880	39
-1754.745728	33
-1750.314453	28
-1745.883301	43
-1741.452148	41
-1737.020996	29
-1732.589844	35
-1728.158569	26
-1723.727417	23
-1719.296265	37
-1714.865112	52
-1710.433960	47
-1706.002686	42
-1701.571533	34
-1697.140381	30
-1692.709229	33
-1688.278076	41
-1683.846802	35
-1679.415649	31
-1674.984497	39
-1670.553345	35
-1666.122192	33
-1661.690918	35
-1657.259766	40
-1652.828613	38
-1648.397461	38
-1643.966309	50
-1639.535156	42
-1635.103882	34
-1630.672729	33
-1626.241577	44
-1621.810425	28
-1617.379272	26
-1612.947998	41
-1608.516846	38
-1604.085693	34
-1599.654541	34
-1595.223389	43
-1590.792114	33
-1586.360962	38
-1581.929810	56
-1577.498657	41
-1573.067505	39
-1568.636230	26
-1564.205078	30
-1559.773926	25
-1555.342773	35
-1550.911621	39
-1546.480347	35
-1542.049194	30
-1537.618042	34
-1533.186890	33
-1528.755737	29
-1524.324463	40
-1519.893311	44
-1515.462158	34
-1511.031006	37
-1506.599854	43
-1502.168701	39
-1497.737427	38
-1493.306274	47
-1488.875122	42
-1484.443970	38
-1480.012817	32
-1475.581543	24
-1471.150391	27
-1466.719238	36
-1462.288086	27
-1457.856934	28
-1453.425659	34
-1448.994507	39
-1444.563354	35
-1440.132202	35
-1435.701050	39
-1431.269775	36
-1426.838623	33
-1422.407471	33
-1417.976318	46
-1413.545166	34
-1409.113892	32
-1404.682739	34
-1400.251587	42
-1395.820435	39
-1391.389282	45
-1386.958008	50
-1382.526855	32
-1378.095703	43
-1373.664551	24
-1369.233398	44
-1364.802246	44
-1360.370972	45
-1355.939819	45
-1351.508667	47
-1347.077515	43
-1342.646362	37
-1338.215088	34
-1333.783936	39
-1329.352783	32
-1324.921631	43
-1320.490479	30
-1316.059204	34
-1311.628052	35
-1307.196899	31
-1302.765747	32
-1298.334595	27
-1293.903320	35
-1289.472168	37
-1285.041016	42
-1280.609863	51
-1276.178711	27
-1271.747437	29
-1267.316284	41
-1262.885132	47
-1258.453979	35
-1254.022827	35
-1249.591553	36
-1245.160400	37
-1240.729248	35
-1236.298096	37
-1231.866943	44
-1227.435791	37
-1223.004517	30
-1218.573364	45
-1214.142212	52
-1209.711060	41
-1205.279907	37
-1200.848633	49
-1196.417480	51
-1191.986328	43
-1187.555176	31
-1183.124023	37
-1178.692749	33
-1174.261597	39
-1169.830444	30
-1165.399292	24
-1160.968140	38
-1156.536865	39
-1152.105713	35
-1147.674561	32
-1143.243408	44
-1138.812256	26
-1134.380981	36
-1129.949829	41
-1125.518677	46
-1121.087524	39
-1116.656372	50
-1112.225220	46
-1107.793945	42
-1103.362793	32
-1098.931641	33
-1094.500488	46
-1090.069336	41
-1085.638062	42
-1081.206909	40
-1076.775757	47
-1072.344604	43
-1067.913452	45
-1063.482178	45
-1059.051025	39
-1054.619873	41
-1050.188721	44
-1045.757568	39
-1041.326294	36
-1036.895142	42
-1032.463989	42
-1028.032837	35
-1023.601624	29
-1019.170471	33
-1014.739319	32
-1010.308105	37
-1005.876953	30
-1001.445740	28
-997.014587	28
-992.583435	43
-988.152222	37
-983.721069	43
-979.289856	43
-974.858704	46
-970.427551	25
-965.996338	29
-961.565186	34
-957.133972	26
-952.702820	34
-948.271667	39
-943.840454	52
-939.409302	32
-934.978149	37
-930.546936	38
-926.115784	46
-921.684570	50
-917.253418	37
-912.822266	27
-908.391052	42
-903.959900	46
-899.528687	33
-895.097534	44
-890.666382	48
-886.235168	42
-881.804016	40
-877.372864	28
-872.941650	44
-868.510498	38
-864.079285	31
-859.648132	44
-855.216980	42
-850.785767	32
-846.354614	39
-841.923401	44
-837.492249	45
-833.061096	43
-828.629883	33
-824.198730	35
-819.767578	48
-815.336365	39
-810.905212	36
-806.473999	31
-802.042847	38
-797.611694	49
-793.180481	42
-788.749329	36
-784.318115	34
-779.886963	35
-775.455811	34
-771.024597	38
-766.593445	43
-762.162231	47
-757.731079	41
-753.299927	40
-748.868713	40
-744.437561	40
-740.006409	38
-735.575195	35
-731.144043	45
-726.712830	41
-722.281677	41
-717.850525	42
-713.419312	33
-708.988159	34
-704.556946	31
-700.125793	41
-695.694641	34
-691.263428	45
-686.832275	38
-682.401123	43
-677.969910	35
-673.538757	44
-669.107544	40
-664.676392	46
-660.245239	41
-655.814026	32
-651.382874	33
-646.951660	46
-642.520508	33
-638.089355	35
-633.658142	36
-629.226990	42
-624.795776	49
-620.364624	45
-615.933472	50
-611.502258	43
-607.071106	37
-602.639954	45
-598.208740	46
-593.777588	48
-589.346375	44
-584.915222	39
-580.484070	36
-576.052856	52
-571.621704	44
-567.190491	38
-562.759338	41
-558.328186	40
-553.896973	40
-549.465820	42
-545.034668	35
-540.603455	43
-536.172302	31
-531.741089	48
-527.309937	47
-522.878784	42
-518.447571	41
-514.016418	33
-509.585236	47
-505.154053	42
-500.722870	35
-496.291718	55
-491.860535	41
-487.429352	44
-482.998169	53
-478.566986	38
-474.135834	45
-469.704651	52
-465.273468	51
-460.842285	46
-456.411133	49
-451.979950	47
-447.548767	51
-443.117584	38
-438.686432	43
-434.255249	32
-429.824066	39
-425.392883	49
-420.961700	56
-416.530548	40
-412.099365	40
-407.668182	43
-403.237000	45
-398.805847	55
-394.374664	38
-389.943481	45
-385.512299	50
-381.081116	39
-376.649963	49
-372.218781	56
-367.787598	57
-363.356415	56
-358.925262	46
-354.494080	48
-350.062897	62
-345.631714	50
-341.200562	52
-336.769379	54
-332.338196	48
-327.907013	49
-323.475830	47
-319.044678	49
-314.613495	54
-310.182312	57
-305.751129	60
-301.319977	59
-296.888794	54
-292.457611	55
-288.026428	51
-283.595245	49
-279.164093	53
-274.732910	58
-270.301727	68
-265.870544	65
-261.439392	71
-257.008209	51
-252.577026	52
-248.145859	68
-243.714676	64
-239.283493	73
-234.852325	59
-230.421143	65
-225.989975	89
-221.558792	84
-217.127625	87
-212.696442	80
-208.265274	93
-203.834091	73
-199.402924	83
-194.971741	90
-190.540558	82
-186.109390	94
-181.678207	92
-177.247040	94
-172.815857	101
-168.384689	116
-163.953506	123
-159.522339	120
-155.091156	127
-150.659988	139
-146.228806	159
-141.797623	161
-137.366455	172
-132.935272	170
-128.504105	188
-124.072929	216
-119.641747	237
-115.210571	253
-110.779396	265
-106.348221	297
-101.917046	332
-97.485870	370
-93.054695	402
-88.623520	457
-84.192345	518
-79.761169	579
-75.329994	653
-70.898811	757
-66.467636	887
-62.036465	1041
-57.605286	1257
-53.174110	1510
-48.742935	1807
-44.311760	2205
-39.880585	2754
-35.449406	3529
-31.018232	4281
-26.587055	4892
-22.155880	5339
-17.724703	5664
-13.293528	5869
-8.862351	6003
-4.431176	6106
0.000000	6160
4.431176	6153
8.862351	6108
13.293528	6027
17.724703	5918
22.155880	5773
26.587055	5593
31.018232	5338
35.449406	4982
39.880585	4529
44.311760	3920
48.742935	3127
53.174110	2453
57.605286	1895
62.036465	1501
66.467636	1251
70.898811	1007
75.329994	830
79.761169	712
84.192345	613
88.623520	517
93.054695	473
97.485870	418
101.917046	354
106.348221	323
110.779396	297
115.210571	266
119.641747	239
124.072929	216
128.504105	202
132.935272	188
137.366455	180
141.797623	168
146.228806	147
150.659988	128
155.091156	126
159.522339	130
163.953506	115
168.384689	115
172.815857	121
177.247040	115
181.678207	96
186.109390	101
190.540558	93
194.971741	89
199.402924	86
203.834091	94
208.265274	77
212.696442	66
217.127625	75
221.558792	78
225.989975	78
230.421143	72
234.852325	73
239.283493	68
243.714676	68
248.145859	69
252.577026	62
257.008209	62
261.439392	63
265.870544	58
270.301727	48
274.732910	57
279.164093	59
283.595245	70
288.026428	70
292.457611	48
296.888794	61
301.319977	54
305.751129	46
310.182312	59
314.613495	63
319.044678	73
323.475830	73
327.907013	57
332.338196	54
336.769379	57
341.200562	45
345.631714	43
350.062897	49
354.494080	40
358.925262	54
363.356415	59
367.787598	57
372.218781	66
376.649963	46
381.081116	41
385.512299	46
389.943481	44
394.374664	51
398.805847	48
403.237000	56
407.668182	44
412.099365	49
416.530548	48
420.961700	45
425.392883	42
429.824066	41
434.255249	42
438.686432	59
443.117584	59
447.548767	52
451.979950	51
456.411133	54
460.842285	38
465.273468	44
469.704651	57
474.135834	48
478.566986	46
482.998169	42
487.429352	46
491.860535	45
496.291718	49
500.722870	51
505.154053	37
509.585236	42
514.016418	53
518.447571	65
522.878784	60
527.309937	61
531.741089	48
536.172302	57
540.603455	52
545.034668	53
549.465820	54
553.896973	48
558.328186	44
562.759338	54
567.190491	59
571.621704	53
576.052856	48
580.484070	43
584.915222	47
589.346375	52
593.777588	55
598.208740	61
602.639954	56
607.071106	55
611.502258	47
615.933472	52
620.364624	55
624.795776	59
629.226990	44
633.658142	39
638.089355	47
642.520508	45
646.951660	48
651.382874	45
655.814026	50
660.245239	46
664.676392	46
669.107544	45
673.538757	46
677.969910	35
682.401123	38
686.832275	50
691.263428	45
695.694641	54
700.125793	52
704.556946	48
708.988159	47
713.419312	43
717.850525	52
722.281677	49
726.712830	45
731.144043	52
735.575195	55
740.006409	58
744.437561	52
748.868713	37
753.299927	39
757.731079	48
762.162231	39
766.593445	54
771.024597	42
775.455811	42
779.886963	40
784.318115	38
788.749329	45
793.180481	44
797.611694	49
802.042847	46
806.473999	51
810.905212	43
815.336365	44
819.767578	46
824.198730	50
828.629883	55
833.061096	45
837.492249	52
841.923401	52
846.354614	43
850.785767	48
855.216980	55
859.648132	38
864.079285	42
868.510498	46
872.941650	51
877.372864	44
881.804016	40
886.235168	37
890.666382	37
895.097534	40
899.528687	46
903.959900	54
908.391052	49
912.822266	51
917.253418	50
921.684570	63
926.115784	60
930.546936	55
934.978149	44
939.409302	45
943.840454	52
948.271667	51
952.702820	51
957.133972	45
961.565186	52
965.996338	55
970.427551	54
974.858704	54
979.289856	56
983.721069	52
988.152222	55
992.583435	61
997.014587	37
1001.445740	46
1005.876953	52
1010.308105	59
1014.739319	49
1019.170471	42
1023.601624	35
1028.032837	47
1032.463989	51
1036.895142	50
1041.326294	34
1045.757568	47
1050.188721	52
1054.619873	43
1059.051025	52
1063.482178	59
1067.913452	52
1072.344604	41
1076.775757	38
1081.206909	35
1085.638062	34
1090.069336	47
1094.500488	55
1098.931641	38
1103.362793	52
1107.793945	51
1112.225220	43
1116.656372	39
1121.087524	51
1125.518677	47
1129.949829	49
1134.380981	50
1138.812256	55
1143.243408	45
1147.674561	42
1152.105713	50
1156.536865	57
1160.968140	53
1165.399292	45
1169.830444	47
1174.261597	39
1178.692749	42
1183.124023	41
1187.555176	55
1191.986328	56
1196.417480	46
1200.848633	39
1205.279907	41
1209.711060	41
1214.142212	39
1218.573364	39
1223.004517	34
1227.435791	54
1231.866943	49
1236.298096	48
1240.729248	46
1245.160400	47
1249.591553	42
1254.022827	49
1258.453979	48
1262.885132	48
1267.316284	52
1271.747437	56
1276.178711	49
1280.609863	47
1285.041016	47
1289.472168	45
1293.903320	37
1298.334595	46
1302.765747	58
1307.196899	61
1311.628052	52
1316.059204	46
1320.490479	39
1324.921631	38
1329.352783	46
1333.783936	48
1338.215088	50
1342.646362	56
1347.077515	54
1351.508667	43
1355.939819	41
1360.370972	42
1364.802246	51
1369.233398	67
1373.664551	56
1378.095703	57
1382.526855	46
1386.958008	55
1391.389282	63
1395.820435	53
1400.251587	53
1404.682739	47
1409.113892	61
1413.545166	56
1417.976318	47
1422.407471	51
1426.838623	48
1431.269775	54
1435.701050	52
1440.132202	50
1444.563354	44
1448.994507	41
1453.425659	35
1457.856934	51
1462.288086	49
1466.719238	52
1471.150391	62
1475.581543	55
1480.012817	48
1484.443970	50
1488.875122	45
1493.306274	39
1497.737427	37
1502.168701	52
1506.599854	49
1511.031006	42
1515.462158	42
1519.893311	44
1524.324463	55
1528.755737	50
1533.186890	52
1537.618042	55
1542.049194	54
1546.480347	54
1550.911621	50
1555.342773	46
1559.773926	55
1564.205078	59
1568.636230	54
1573.067505	46
1577.498657	46
1581.929810	46
1586.360962	40
1590.792114	38
1595.223389	45
1599.654541	54
1604.085693	55
1608.516846	55
1612.947998	57
1617.379272	56
1621.810425	57
1626.241577	56
1630.672729	61
1635.103882	58
1639.535156	57
1643.966309	51
1648.397461	47
1652.828613	49
1657.259766	57
1661.690918	58
1666.122192	63
1670.553345	46
1674.984497	41
1679.415649	51
1683.846802	59
1688.278076	56
1692.709229	66
1697.140381	61
1701.571533	60
1706.002686	46
1710.433960	56
1714.865112	42
1719.296265	45
1723.727417	46
1728.158569	57
1732.589844	63
1737.020996	63
1741.452148	58
1745.883301	54
1750.314453	47
1754.745728	45
1759.176880	60
1763.608032	53
1768.039185	42
1772.470337	44
1776.901489	45
1781.332764	48
1785.763916	60
1790.195068	53
1794.626221	53
1799.057373	46
1803.488647	44
1807.919800	50
1812.350952	52
1816.782104	58
1821.213257	43
1825.644531	48
1830.075684	56
1834.506836	51
1838.937988	48
1843.369141	56
1847.800415	62
1852.231567	51
1856.662720	43
1861.093872	55
1865.525024	52
1869.956299	57
1874.387451	41
1878.818604	40
1883.249756	51
1887.680908	59
1892.112183	61
1896.543335	51
1900.974487	39
1905.405640	53
1909.836792	56
1914.267944	58
1918.699219	48
1923.130371	43
1927.561523	51
1931.992676	58
1936.423828	53
1940.855103	48
1945.286255	67
1949.717407	69
1954.148560	61
1958.579712	58
1963.010986	57
1967.442139	60
1971.873291	60
1976.304443	41
1980.735596	38
1985.166870	54
1989.598022	45
1994.029175	56
1998.460327	54
2002.891479	61
2007.322754	51
2011.753906	52
2016.185059	59
2020.616211	58
2025.047363	57
2029.478638	56
2033.909790	58
2038.340942	55
2042.772095	58
2047.203247	54
2051.634521	47
2056.065674	49
2060.496826	55
2064.927979	46
2069.359131	59
2073.790283	56
2078.221436	60
2082.652588	53
2087.083984	58
2091.515137	53
2095.946289	64
2100.377441	47
2104.808594	50
2109.239746	56
2113.670898	54
2118.102051	55
2122.533203	64
2126.964355	55
2131.395508	50
2135.826904	48
2140.258057	48
2144.689209	56
2149.120361	49
2153.551514	55
2157.982666	54
2162.413818	67
2166.844971	66
2171.276123	67
2175.707275	55
2180.138672	67
2184.569824	61
2189.000977	60
2193.432129	58
2197.863281	51
2202.294434	53
2206.725586	52
2211.156738	54
2215.587891	48
2220.019043	53
2224.450439	59
2228.881592	55
2233.312744	56
2237.743896	54
2242.175049	42
2246.606201	50
2251.037354	56
2255.468506	61
2259.899658	58
2264.330811	58
2268.761963	57
2273.193359	61
2277.624512	59
2282.055664	63
2286.486816	48
2290.917969	50
2295.349121	46
2299.780273	50
2304.211426	51
2308.642578	57
2313.073730	58
2317.505127	46
2321.936279	46
2326.367432	63
2330.798584	58
2335.229736	52
2339.660889	47
2344.092041	57
2348.523193	60
2352.954346	60
2357.385498	56
2361.816895	50
2366.248047	58
2370.679199	51
2375.110352	44
2379.541504	52
2383.972656	62
2388.403809	57
2392.834961	61
2397.266113	55
2401.697266	55
2406.128418	49
2410.559814	59
2414.990967	54
2419.422119	59
2423.853271	63
2428.284424	72
2432.715576	58
2437.146729	64
2441.577881	63
2446.009033	54
2450.440186	65
2454.871582	75
2459.302734	62
2463.733887	61
2468.165039	61
2472.596191	48
2477.027344	58
2481.458496	55
2485.889648	56
2490.320801	53
2494.751953	57
2499.183105	65
2503.614502	60
2508.045654	68
2512.476807	55
2516.907959	51
2521.339111	49
2525.770264	63
2530.201416	61
2534.632568	52
2539.063721	53
2543.494873	55
2547.926270	55
2552.357422	51
2556.788574	59
2561.219727	58
2565.650879	66
2570.082031	72
2574.513184	73
2578.944336	58
2583.375488	55
2587.806641	69
2592.238037	60
2596.669189	65
2601.100342	61
2605.531494	62
2609.962646	67
2614.393799	65
2618.824951	59
2623.256104	57
2627.687256	66
2632.118408	50
2636.549561	63
2640.980957	57
2645.412109	64
2649.843262	64
2654.274414	57
2658.705566	62
2663.136719	70
2667.567871	61
2671.999023	58
2676.430176	61
2680.861328	65
2685.292725	59
2689.723877	60
2694.155029	68
2698.586182	73
2703.017334	59
2707.448486	57
2711.879639	62
2716.310791	69
2720.741943	72
2725.173096	50
2729.604492	60
2734.035645	69
2738.466797	68
2742.897949	59
2747.329102	53
2751.760254	47
2756.191406	56
2760.622559	64
2765.053711	63
2769.484863	61
2773.916016	59
2778.347412	56
2782.778564	66
2787.209717	72
2791.640869	60
2796.072021	63
2800.503174	64
2804.934326	52
2809.365479	53
2813.796631	61
2818.227783	66
2822.659180	48
2827.090332	48
2831.521484	58
2835.952637	58
2840.383789	63
2844.814941	61
2849.246094	67
2853.677246	71
2858.108398	75
2862.539551	68
2866.970947	68
2871.402100	55
2875.833252	55
2880.264404	63
2884.695557	62
2889.126709	58
2893.557861	56
2897.989014	60
2902.420166	70
2906.851318	60
2911.282471	52
2915.713867	58
2920.145020	58
2924.576172	63
2929.007324	65
2933.438477	60
2937.869629	63
2942.300781	72
2946.731934	71
2951.163086	67
2955.594238	61
2960.025635	57
2964.456787	58
2968.887939	69
2973.319092	59
2977.750244	65
2982.181396	58
2986.612549	58
2991.043701	48
2995.474854	54
2999.906006	53
3004.337402	58
3008.768555	41
3013.199707	52
3017.630859	64
3022.062012	53
3026.493164	55
3030.924316	54
3035.355469	77
3039.786621	57
3044.217773	47
3048.648926	55
3053.080322	56
3057.511475	61
3061.942627	70
3066.373779	73
3070.804932	62
3075.236084	68
3079.667236	57
3084.098389	69
3088.529541	62
3092.960693	52
3097.392090	52
3101.823242	41
3106.254395	54
3110.685547	67
3115.116699	61
3119.547852	61
3123.979004	56
3128.410156	55
3132.841309	55
3137.272461	58
3141.703857	55
3146.135010	57
3150.566162	60
3154.997314	57
3159.428467	63
3163.859619	65
3168.290771	60
3172.721924	60
3177.153076	62
3181.584229	70
3186.015381	63
3190.446777	77
3194.877930	79
3199.309082	69
3203.740234	58
3208.171387	54
3212.602539	60
3217.033691	59
3221.464844	63
3225.895996	55
3230.327148	53
3234.758545	64
3239.189697	53
3243.620850	55
3248.052002	58
3252.483154	70
3256.914307	76
3261.345459	66
3265.776611	54
3270.207764	59
3274.638916	55
3279.070313	52
3283.501465	56
3287.932617	59
3292.363770	59
3296.794922	65
3301.226074	59
3305.657227	60
3310.088379	59
3314.519531	76
3318.950684	66
3323.381836	61
3327.813232	51
3332.244385	57
3336.675537	63
3341.106689	70
3345.537842	65
3349.968994	50
3354.400146	45
3358.831299	59
3363.262451	61
3367.693604	66
3372.125000	59
3376.556152	60
3380.987305	67
3385.418457	68
3389.849609	64
3394.280762	64
3398.711914	61
3403.143066	64
3407.574219	75
3412.005371	64
3416.436523	66
3420.867920	68
3425.299072	68
3429.730225	67
3434.161377	66
3438.592529	72
3443.023682	63
3447.454834	67
3451.885986	65
3456.317139	62
3460.748291	72
3465.179688	58
3469.610840	73
3474.041992	77
3478.473145	69
3482.904297	67
3487.335449	71
3491.766602	71
3496.197754	79
3500.628906	84
3505.060059	71
3509.491455	71
3513.922607	84
3518.353760	92
3522.784912	77
3527.216064	78
3531.647217	82
3536.078369	88
3540.509521	91
3544.940674	89
3549.371826	70
3553.802979	89
3558.234375	87
3562.665527	86
3567.096680	78
3571.527832	79
3575.958984	91
3580.390137	81
3584.821289	81
3589.252441	101
3593.683594	95
3598.114746	85
3602.546143	94
3606.977295	91
3611.408447	100
3615.839600	89
3620.270752	93
3624.701904	99
3629.133057	112
3633.564209	103
3637.995361	104
3642.426514	109
3646.857910	109
3651.289063	131
3655.720215	119
3660.151367	135
3664.582520	131
3669.013672	125
3673.444824	128
3677.875977	143
3682.307129	157
3686.738281	157
3691.169434	162
3695.600830	152
3700.031982	161
3704.463135	146
3708.894287	164
3713.325439	175
3717.756592	174
3722.187744	188
3726.618896	202
3731.050049	215
3735.481201	230
3739.912598	243
3744.343750	253
3748.774902	257
3753.206055	271
3757.637207	276
3762.068359	293
3766.499512	306
3770.930664	310
3775.361816	315
3779.792969	322
3784.224365	336
3788.655518	336
3793.086670	345
3797.517822	371
3801.948975	397
3806.380127	422
3810.811279	451
3815.242432	498
3819.673584	523
3824.104736	537
3828.535889	563
3832.967285	604
3837.398438	631
3841.829590	671
3846.260742	714
3850.691895	726
3855.123047	745
3859.554199	780
3863.985352	777
3868.416504	826
3872.847656	877
3877.279053	895
3881.710205	934
3886.141357	987
3890.572510	1017
3895.003662	1034
3899.434814	1061
3903.865967	1097
3908.297119	1133
3912.728271	1186
3917.159424	1238
3921.590820	1245
3926.021973	1255
3930.453125	1279
3934.884277	1313
3939.315430	1323
3943.746582	1352
3948.177734	1363
3952.608887	1371
3957.040039	1405
3961.471191	1434
3965.902344	1445
3970.333740	1413
3974.764893	1425
3979.196045	1437
3983.627197	1432
3988.058350	1447
3992.489502	1449
3996.920654	1456
4001.351807	1474
4005.782959	1507
4010.214111	1514
4014.645508	1526
4019.076660	1512
4023.507813	1493
4027.938965	1519
4032.370117	1534
4036.801270	1512
4041.232422	1500
4045.663574	1504
4050.094727	1482
4054.525879	1503
4058.957275	1518
4063.388428	1504
4067.819580	1514
4072.250732	1526
4076.681885	1502
4081.113037	1493
4085.544189	1510
4089.975342	1487
4094.406494	1482
4098.837891	1459
4103.269043	1459
4107.700195	1442
4112.131348	1406
4116.562500	1440
4120.993652	1450
4125.424805	1425
4129.855957	1426
4134.287109	1447
4138.718262	1425
4143.149414	1414
4147.580566	1426
4152.011719	1437
4156.442871	1452
4160.874023	1448
4165.305176	1434
4169.736328	1411
4174.167969	1413
4178.599121	1424
4183.030273	1419
4187.461426	1398
4191.892578	1396
4196.323730	1400
4200.754883	1400
4205.186035	1417
4209.617188	1398
4214.048340	1378
4218.479492	1383
4222.910645	1363
4227.341797	1362
4231.772949	1348
4236.204102	1331
4240.635254	1345
4245.066406	1338
4249.497559	1319
4253.928711	1320
4258.359863	1317
4262.791016	1330
4267.222656	1337
4271.653809	1327
4276.084961	1325
4280.516113	1324
4284.947266	1320
4289.378418	1312
4293.809570	1286
4298.240723	1284
4302.671875	1291
4307.103027	1283
4311.534180	1271
4315.965332	1274
4320.396484	1289
4324.827637	1298
4329.258789	1282
4333.689941	1270
4338.121094	1260
4342.552246	1264
4346.983398	1269
4351.414551	1258
4355.845703	1260
4360.277344	1259
4364.708496	1265
4369.139648	1280
4373.570801	1290
4378.001953	1289
4382.433105	1312
4386.864258	1315
4391.295410	1307
4395.726563	1312
4400.157715	1298
4404.588867	1322
4409.020020	1351
4413.451172	1350
4417.882324	1348
4422.313477	1358
4426.744629	1360
4431.175781	1388
4435.606934	1386
4440.038086	1356
4444.469238	1362
4448.900879	1356
4453.332031	1372
4457.763184	1418
4462.194336	1398
4466.625488	1407
4471.056641	1406
4475.487793	1375
4479.918945	1385
4484.350098	1410
4488.781250	1381
4493.212402	1377
4497.643555	1371
4502.074707	1359
4506.505859	1373
4510.937012	1381
4515.368164	1357
4519.799316	1379
4524.230469	1369
4528.661621	1354
4533.092773	1380
4537.523926	1353
4541.955566	1354
4546.386719	1357
4550.817871	1343
4555.249023	1370
4559.680176	1371
4564.111328	1340
4568.542480	1353
4572.973633	1358
4577.404785	1340
4581.835938	1357
4586.267090	1345
4590.698242	1350
4595.129395	1369
4599.560547	1363
4603.991699	1360
4608.422852	1384
4612.854004	1385
4617.285156	1390
4621.716309	1414
4626.147461	1420
4630.578613	1454
4635.010254	1458
4639.441406	1463
4643.872559	1486
4648.303711	1507
4652.734863	1514
4657.166016	1528
4661.597168	1539
4666.028320	1546
4670.459473	1566
4674.890625	1599
4679.321777	1622
4683.752930	1645
4688.184082	1686
4692.615234	1709
4697.046387	1733
4701.477539	1772
4705.908691	1799
4710.339844	1844
4714.770996	1849
4719.202148	1868
4723.633789	1921
4728.064941	1955
4732.496094	2000
4736.927246	2067
4741.358398	2087
4745.789551	2103
4750.220703	2148
4754.651855	2157
4759.083008	2188
4763.514160	2242
4767.945313	2244
4772.376465	2252
4776.807617	2258
4781.238770	2281
4785.669922	2295
4790.101074	2308
4794.532227	2314
4798.963379	2333
4803.394531	2348
4807.825684	2379
4812.256836	2392
4816.688477	2397
4821.119629	2389
4825.550781	2395
4829.981934	2423
4834.413086	2423
4838.844238	2428
4843.275391	2432
4847.706543	2451
4852.137695	2451
4856.568848	2415
4861.000000	2395
4865.431152	2421
4869.862305	2417
4874.293457	2400
4878.724609	2417
4883.155762	2425
4887.586914	2433
4892.018066	2441
4896.449219	2429
4900.880371	2419
4905.311523	2427
4909.743164	2448
4914.174316	2434
4918.605469	2435
4923.036621	2442
4927.467773	2446
4931.898926	2446
4936.330078	2435
4940.761230	2447
4945.192383	2430
4949.623535	2405
4954.054688	2405
4958.485840	2433
4962.916992	2449
4967.348145	2438
4971.779297	2435
4976.210449	2396
4980.641602	2372
4985.072754	2394
4989.503906	2403
4993.935059	2422
4998.366211	2417
5002.797852	2394
5007.229004	2395
5011.660156	2369
5016.091309	2342
5020.522461	2359
5024.953613	2357
5029.384766	2355
5033.815918	2350
5038.247070	2327
5042.678223	2316
5047.109375	2326
5051.540527	2316
5055.971680	2313
5060.402832	2333
5064.833984	2312
5069.265137	2270
5073.696289	2288
5078.127441	2284
5082.558594	2273
5086.989746	2275
5091.421387	2280
5095.852539	2266
5100.283691	2256
5104.714844	2263
5109.145996	2254
5113.577148	2230
5118.008301	2214
5122.439453	2222
5126.870605	2237
5131.301758	2202
5135.732910	2191
5140.164063	2192
5144.595215	2195
5149.026367	2169
5153.457520	2154
5157.888672	2149
5162.319824	2137
5166.750977	2132
5171.182129	2134
5175.613281	2116
5180.044434	2114
5184.476074	2112
5188.907227	2085
5193.338379	2079
5197.769531	2080
5202.200684	2053
5206.631836	2053
5211.062988	2072
5215.494141	2033
5219.925293	2010
5224.356445	2035
5228.787598	2029
5233.218750	1993
5237.649902	1967
5242.081055	1958
5246.512207	1949
5250.943359	1954
5255.374512	1963
5259.805664	1939
5264.236816	1924
5268.667969	1946
5273.099121	1946
5277.530762	1933
5281.961914	1913
5286.393066	1896
5290.824219	1886
5295.255371	1887
5299.686523	1881
5304.117676	1858
5308.548828	1871
5312.979980	1875
5317.411133	1878
5321.842285	1866
5326.273438	1847
5330.704590	1845
5335.135742	1848
5339.566895	1825
5343.998047	1792
5348.429199	1775
5352.860352	1772
5357.291504	1781
5361.722656	1786
5366.154297	1794
5370.585449	1779
5375.016602	1756
5379.447754	1771
5383.878906	1761
5388.310059	1731
5392.741211	1728
5397.172363	1747
5401.603516	1736
5406.034668	1741
5410.465820	1731
5414.896973	1698
5419.328125	1688
5423.759277	1687
5428.190430	1683
5432.621582	1693
5437.052734	1676
5441.483887	1666
5445.915039	1666
5450.346191	1643
5454.777344	1638
5459.208984	1645
5463.640137	1642
5468.071289	1653
5472.502441	1646
5476.933594	1617
5481.364746	1622
5485.795898	1620
5490.227051	1617
5494.658203	1596
5499.089355	1593
5503.520508	1589
5507.951660	1565
5512.382813	1583
5516.813965	1594
5521.245117	1593
5525.676270	1592
5530.107422	1571
5534.538574	1565
5538.969727	1573
5543.400879	1548
5547.832031	1538
5552.263672	1542
5556.694824	1526
5561.125977	1522
5565.557129	1519
5569.988281	1499
5574.419434	1497
5578.850586	1473
5583.281738	1487
5587.712891	1503
5592.144043	1494
5596.575195	1480
5601.006348	1461
5605.437500	1462
5609.868652	1475
5614.299805	1462
5618.730957	1472
5623.162109	1455
5627.593262	1428
5632.024414	1441
5636.455566	1424
5640.887207	1409
5645.318359	1387
5649.749512	1392
5654.180664	1395
5658.611816	1397
5663.042969	1398
5667.474121	1406
5671.905273	1394
5676.336426	1389
5680.767578	1378
5685.198730	1384
5689.629883	1372
5694.061035	1366
5698.492188	1371
5702.923340	1368
5707.354492	1364
5711.785645	1353
5716.216797	1337
5720.647949	1359
5725.079102	1324
5729.510254	1318
5733.941895	1330
5738.373047	1320
5742.804199	1300
5747.235352	1283
5751.666504	1297
5756.097656	1305
5760.528809	1299
5764.959961	1327
5769.391113	1329
5773.822266	1310
5778.253418	1300
5782.684570	1345
5787.115723	1343
5791.546875	1352
5795.978027	1345
5800.409180	1341
5804.840332	1335
5809.271484	1338
5813.702637	1342
5818.133789	1386
5822.564941	1405
5826.996582	1386
5831.427734	1398
5835.858887	1404
5840.290039	1395
5844.721191	1371
5849.152344	1373
5853.583496	1373
5858.014648	1375
5862.445801	1369
5866.876953	1370
5871.308105	1351
5875.739258	1350
5880.170410	1356
5884.601563	1345
5889.032715	1335
5893.463867	1348
5897.895020	1325
5902.326172	1326
5906.757324	1328
5911.188477	1323
5915.619629	1317
5920.051270	1329
5924.482422	1309
5928.913574	1285
5933.344727	1303
5937.775879	1302
5942.207031	1297
5946.638184	1277
5951.069336	1261
5955.500488	1278
5959.931641	1251
5964.362793	1230
5968.793945	1229
5973.225098	1206
5977.656250	1202
5982.087402	1218
5986.518555	1208
5990.949707	1199
5995.380859	1195
5999.812012	1189
6004.243164	1187
6008.674805	1182
6013.105957	1143
6017.537109	1138
6021.968262	1144
6026.399414	1126
6030.830566	1113
6035.261719	1084
6039.692871	1085
6044.124023	1096
6048.555176	1083
6052.986328	1072
6057.417480	1067
6061.848633	1042
6066.279785	1019
6070.710938	1024
6075.142090	1006
6079.573242	1001
6084.004395	992
6088.435547	973
6092.866699	991
6097.297852	996
6101.729492	976
6106.160645	978
6110.591797	957
6115.022949	932
6119.454102	938
6123.885254	942
6128.316406	937
6132.747559	931
6137.178711	897
6141.609863	903
6146.041016	901
6150.472168	890
6154.903320	878
6159.334473	879
6163.765625	879
6168.196777	863
6172.627930	861
6177.059082	853
6181.490234	855
6185.921387	836
6190.352539	805
6194.784180	816
6199.215332	822
6203.646484	827
6208.077637	815
6212.508789	800
6216.939941	811
6221.371094	808
6225.802246	786
6230.233398	785
6234.664551	789
6239.095703	809
6243.526855	812
6247.958008	787
6252.389160	769
6256.820313	766
6261.251465	766
6265.682617	746
6270.113770	746
6274.544922	772
6278.976074	772
6283.407715	756
6287.838867	745
6292.270020	726
6296.701172	743
6301.132324	732
6305.563477	738
6309.994629	750
6314.425781	740
6318.856934	729
6323.288086	715
6327.719238	724
6332.150391	722
6336.581543	712
6341.012695	720
6345.443848	721
6349.875000	723
6354.306152	719
6358.737305	709
6363.168457	714
6367.599609	714
6372.030762	700
6376.462402	695
6380.893555	694
6385.324707	693
6389.755859	682
6394.187012	671
6398.618164	672
6403.049316	690
6407.480469	693
6411.911621	683
6416.342773	698
6420.773926	714
6425.205078	702
6429.636230	698
6434.067383	694
6438.498535	679
6442.929688	675
6447.360840	674
6451.791992	688
6456.223145	679
6460.654297	674
6465.085449	667
6469.517090	660
6473.948242	672
6478.379395	665
6482.810547	666
6487.241699	662
6491.672852	674
6496.104004	670
6500.535156	659
6504.966309	659
6509.397461	662
6513.828613	645
6518.259766	650
6522.690918	657
6527.122070	656
6531.553223	640
6535.984375	647
6540.415527	652
6544.846680	627
6549.277832	604
6553.708984	619
6558.140625	624
6562.571777	626
6567.002930	629
6571.434082	630
6575.865234	638
6580.296387	638
6584.727539	646
6589.158691	640
6593.589844	622
6598.020996	631
6602.452148	634
6606.883301	620
6611.314453	631
6615.745605	633
6620.176758	649
6624.607910	643
6629.039063	650
6633.470215	647
6637.901367	644
6642.332520	637
6646.763672	652
6651.195313	648
6655.626465	624
6660.057617	621
6664.488770	614
6668.919922	622
6673.351074	632
6677.782227	625
6682.213379	631
6686.644531	658
6691.075684	642
6695.506836	631
6699.937988	641
6704.369141	626
6708.800293	637
6713.231445	639
6717.662598	647
6722.093750	640
6726.524902	640
6730.956055	635
6735.387207	633
6739.818359	635
6744.250000	654
6748.681152	652
6753.112305	642
6757.543457	628
6761.974609	612
6766.405762	625
6770.836914	632
6775.268066	640
6779.699219	625
6784.130371	632
6788.561523	628
6792.992676	631
6797.423828	627
6801.854980	624
6806.286133	632
6810.717285	641
6815.148438	630
6819.579590	626
6824.010742	626
6828.441895	626
6832.873047	638
6837.304688	635
6841.735840	613
6846.166992	590
6850.598145	589
6855.029297	569
6859.460449	557
6863.891602	554
6868.322754	544
6872.753906	545
6877.185059	552
6881.616211	562
6886.047363	573
6890.478516	552
6894.909668	560
6899.340820	569
6903.771973	592
6908.203125	588
6912.634277	580
6917.065430	600
6921.496582	601
6925.928223	580
6930.359375	577
6934.790527	592
6939.221680	611
6943.652832	604
6948.083984	588
6952.515137	603
6956.946289	611
6961.377441	615
6965.808594	633
6970.239746	634
6974.670898	627
6979.102051	621
6983.533203	624
6987.964355	615
6992.395508	619
6996.826660	618
7001.257813	608
7005.688965	623
7010.120117	633
7014.551270	647
7018.982910	660
7023.414063	622
7027.845215	625
7032.276367	628
7036.707520	645
7041.138672	622
7045.569824	629
7050.000977	640
7054.432129	636
7058.863281	627
7063.294434	625
7067.725586	616
7072.156738	600
7076.587891	609
7081.019043	626
7085.450195	627
7089.881348	611
7094.312500	610
7098.743652	598
7103.174805	590
7107.605957	600
7112.037598	599
7116.468750	603
7120.899902	606
7125.331055	612
7129.762207	601
7134.193359	588
7138.624512	588
7143.055664	575
7147.486816	582
7151.917969	575
7156.349121	570
7160.780273	551
7165.211426	547
7169.642578	542
7174.073730	522
7178.504883	518
7182.936035	519
7187.367188	522
7191.798340	527
7196.229492	526
7200.661133	522
7205.092285	514
7209.523438	513
7213.954590	520
7218.385742	510
7222.816895	508
7227.248047	504
7231.679199	498
7236.110352	496
7240.541504	495
7244.972656	486
7249.403809	478
7253.834961	484
7258.266113	471
7262.697266	464
7267.128418	478
7271.559570	492
7275.990723	473
7280.421875	463
7284.853027	476
7289.284180	484
7293.715820	474
7298.146973	485
7302.578125	487
7307.009277	493
7311.440430	463
7315.871582	455
7320.302734	468
7324.733887	483
7329.165039	464
7333.596191	472
7338.027344	461
7342.458496	449
7346.889648	448
7351.320801	452
7355.751953	434
7360.183105	456
7364.614258	460
7369.045410	441
7373.476563	446
7377.907715	436
7382.338867	422
7386.770508	424
7391.201660	434
7395.632813	424
7400.063965	414
7404.495117	405
7408.926270	410
7413.357422	417
7417.788574	427
7422.219727	412
7426.650879	406
7431.082031	413
7435.513184	396
7439.944336	399
7444.375488	397
7448.806641	419
7453.237793	405
7457.668945	377
7462.100098	393
7466.531250	394
7470.962402	386
7475.394043	381
7479.825195	376
7484.256348	376
7488.687500	369
7493.118652	366
7497.549805	352
7501.980957	345
7506.412109	344
7510.843262	371
7515.274414	357
7519.705566	340
7524.136719	333
7528.567871	333
7532.999023	338
7537.430176	337
7541.861328	337
7546.292480	321
7550.723633	310
7555.154785	303
7559.585938	289
7564.017090	294
7568.448730	290
7572.879883	264
7577.311035	262
7581.742188	238
7586.173340	240
7590.604492	217
7595.035645	213
7599.466797	214
7603.897949	217
7608.329102	214
7612.760254	210
7617.191406	212
7621.622559	217
7626.053711	204
7630.484863	196
7634.916016	209
7639.347168	220
7643.778320	224
7648.209473	208
7652.640625	194
7657.071777	216
7661.503418	228
7665.934570	234
7670.365723	229
7674.796875	216
7679.228027	214
7683.659180	223
7688.090332	224
7692.521484	212
7696.952637	198
7701.383789	208
7705.814941	236
7710.246094	235
7714.677246	231
7719.108398	226
7723.539551	223
7727.970703	215
7732.401855	215
7736.833008	217
7741.264160	213
7745.695313	207
7750.126953	207
7754.558105	213
7758.989258	195
7763.420410	202
7767.851563	196
7772.282715	198
7776.713867	203
7781.145020	199
7785.576172	187
7790.007324	191
7794.438477	184
7798.869629	169
7803.300781	150
7807.731934	161
7812.163086	165
7816.594238	162
7821.025391	155
7825.456543	160
7829.887695	162
7834.318848	163
7838.750000	152
7843.181641	146
7847.612793	136
7852.043945	154
7856.475098	155
7860.906250	144
7865.337402	147
7869.768555	162
7874.199707	170
7878.630859	162
7883.062012	155
7887.493164	146
7891.924316	148
7896.355469	149
7900.786621	150
7905.217773	144
7909.648926	148
7914.080078	145
7918.511230	163
7922.942383	165
7927.373535	160
7931.804688	163
7936.236328	156
7940.667480	153
7945.098633	160
7949.529785	153
7953.960938	154
7958.392090	136
7962.823242	133
7967.254395	133
7971.685547	150
7976.116699	151
7980.547852	150
7984.979004	154
7989.410156	160
7993.841309	165
7998.272461	171
8002.703613	163
8007.134766	155
8011.565918	157
8015.997070	145
8020.428223	147
8024.859375	152
8029.291016	139
8033.722168	151
8038.153320	137
8042.584473	138
8047.015625	147
8051.446777	157
8055.877930	153
8060.309082	132
8064.740234	140
8069.171387	147
8073.602539	143
8078.033691	140
8082.464844	142
8086.895996	150
8091.327148	154
8095.758301	158
8100.189453	136
8104.620605	127
8109.051758	133
8113.482910	138
8117.914551	128
8122.345703	127
8126.776855	132
8131.208008	117
8135.639160	135
8140.070313	119
8144.501465	112
8148.932617	127
8153.363770	119
8157.794922	119
8162.226074	113
8166.657227	113
8171.088379	110
8175.519531	117
8179.950684	116
8184.381836	112
8188.812988	110
8193.244141	113
8197.675781	102
8202.106445	107
8206.538086	103
8210.968750	107
8215.400391	103
8219.831055	106
8224.262695	104
8228.693359	115
8233.125000	109
8237.555664	98
8241.987305	105
8246.417969	106
8250.849609	94
8255.281250	94
8259.711914	100
8264.143555	92
8268.574219	93
8273.005859	108
8277.436523	110
8281.868164	120
8286.298828	112
8290.730469	104
8295.161133	111
8299.592773	106
8304.023438	96
8308.455078	99
8312.885742	108
8317.317383	98
8321.748047	103
8326.179688	122
8330.610352	119
8335.041992	115
8339.472656	113
8343.904297	110
8348.335938	105
8352.766602	118
8357.198242	102
8361.628906	107
8366.060547	110
8370.491211	110
8374.922852	128
8379.353516	126
8383.785156	117
8388.215820	123
8392.647461	123
8397.078125	117
8401.509766	123
8405.940430	114
8410.372070	126
8414.802734	135
8419.234375	126
8423.665039	108
8428.096680	113
8432.527344	130
8436.958984	118
8441.390625	122
8445.821289	118
8450.252930	112
8454.683594	122
8459.115234	114
8463.545898	132
8467.977539	124
8472.408203	121
8476.839844	127
8481.270508	119
8485.702148	117
8490.132813	116
8494.564453	112
8498.995117	113
8503.426758	126
8507.857422	118
8512.289063	117
8516.719727	117
8521.151367	121
8525.582031	116
8530.013672	119
8534.445313	126
8538.875977	109
8543.307617	108
8547.738281	107
8552.169922	127
8556.600586	116
8561.032227	111
8565.462891	118
8569.894531	108
8574.325195	119
8578.756836	124
8583.187500	107
8587.619141	104
8592.049805	120
8596.481445	110
8600.912109	107
8605.343750	99
8609.774414	106
8614.206055	103
8618.636719	108
8623.068359	106
8627.500000	102
8631.930664	106
8636.362305	107
8640.792969	110
8645.224609	96
8649.655273	98
8654.086914	97
8658.517578	90
8662.949219	86
8667.379883	86
8671.811523	89
8676.242188	97
8680.673828	88
8685.104492	82
8689.536133	87
8693.966797	70
8698.398438	80
8702.829102	81
8707.260742	86
8711.691406	97
8716.123047	85
8720.554688	81
8724.985352	80
8729.416992	86
8733.847656	88
8738.279297	75
8742.709961	76
8747.141602	77
8751.572266	69
8756.003906	78
8760.434570	74
8764.866211	78
8769.296875	83
8773.728516	77
8778.159180	80
8782.590820	80
8787.021484	77
8791.453125	72
8795.883789	72
8800.315430	75
8804.746094	78
8809.177734	69
8813.609375	67
8818.040039	76
8822.471680	78
8826.902344	70
8831.333984	71
8835.764648	64
8840.196289	76
8844.626953	77
8849.058594	80
8853.489258	82
8857.920898	77
8862.351563	68
8866.783203	66
8871.213867	68
8875.645508	69
8880.076172	64
8884.507813	61
8888.938477	63
8893.370117	61
8897.801758	58
8902.232422	62
8906.664063	69
8911.094727	69
8915.526367	61
8919.957031	69
8924.388672	68
8928.819336	70
8933.250977	67
8937.681641	69
8942.113281	59
8946.543945	62
8950.975586	67
8955.406250	58
8959.837891	51
8964.268555	72
8968.700195	67
8973.130859	61
8977.562500	70
8981.993164	79
8986.424805	83
8990.856445	73
8995.287109	71
8999.718750	85
9004.149414	73
9008.581055	60
9013.011719	67
9017.443359	71
9021.874023	68
9026.305664	57
9030.736328	58
9035.167969	64
9039.598633	66
9044.030273	77
9048.460938	74
9052.892578	75
9057.323242	65
9061.754883	67
9066.185547	72
9070.617188	79
9075.047852	74
9079.479492	63
9083.911133	68
9088.341797	62
9092.773438	71
9097.204102	74
9101.635742	79
9106.066406	73
9110.498047	69
9114.928711	72
9119.360352	67
9123.791016	81
9128.222656	59
9132.653320	60
9137.084961	63
9141.515625	65
9145.947266	65
9150.377930	68
9154.809570	80
9159.240234	81
9163.671875	73
9168.102539	71
9172.534180	75
9176.965820	68
9181.396484	64
9185.828125	72
9190.258789	74
9194.690430	66
9199.121094	74
9203.552734	70
9207.983398	69
9212.415039	64
9216.845703	70
9221.277344	66
9225.708008	61
9230.139648	69
9234.570313	71
9239.001953	79
9243.432617	76
9247.864258	77
9252.294922	71
9256.726563	69
9261.157227	76
9265.588867	76
9270.020508	71
9274.451172	58
9278.882813	65
9283.313477	68
9287.745117	70
9292.175781	81
9296.607422	63
9301.038086	61
9305.469727	67
9309.900391	68
9314.332031	62
9318.762695	56
9323.194336	62
9327.625000	68
9332.056641	71
9336.487305	74
9340.918945	73
9345.349609	69
9349.781250	77
9354.211914	78
9358.643555	68
9363.075195	69
9367.505859	66
9371.937500	74
9376.368164	80
9380.799805	66
9385.230469	78
9389.662109	57
9394.092773	66
9398.524414	60
9402.955078	59
9407.386719	67
9411.817383	72
9416.249023	72
9420.679688	65
9425.111328	73
9429.541992	73
9433.973633	64
9438.404297	67
9442.835938	77
9447.267578	69
9451.698242	71
9456.129883	67
9460.560547	65
9464.992188	70
9469.422852	79
9473.854492	66
9478.285156	64
9482.716797	72
9487.147461	76
9491.579102	78
9496.009766	78
9500.441406	77
9504.872070	87
9509.303711	87
9513.734375	84
9518.166016	71
9522.596680	77
9527.028320	85
9531.458984	74
9535.890625	75
9540.322266	75
9544.752930	76
9549.184570	91
9553.615234	87
9558.046875	79
9562.477539	73
9566.909180	82
9571.339844	78
9575.771484	84
9580.202148	82
9584.633789	86
9589.064453	86
9593.496094	72
9597.926758	64
9602.358398	75
9606.789063	95
9611.220703	77
9615.651367	78
9620.083008	89
9624.513672	93
9628.945313	95
9633.376953	93
9637.807617	91
9642.239258	104
9646.669922	98
9651.101563	90
9655.532227	92
9659.963867	97
9664.394531	88
9668.826172	93
9673.256836	92
9677.688477	94
9682.119141	91
9686.550781	89
9690.981445	94
9695.413086	91
9699.843750	90
9704.275391	83
9708.706055	90
9713.137695	87
9717.568359	96
9722.000000	84
9726.431641	75
9730.862305	106
9735.293945	91
9739.724609	85
9744.156250	80
9748.586914	89
9753.018555	90
9757.449219	98
9761.880859	88
9766.311523	83
9770.743164	88
9775.173828	98
9779.605469	99
9784.036133	85
9788.467773	87
9792.898438	86
9797.330078	93
9801.760742	89
9806.192383	85
9810.623047	80
9815.054688	78
9819.486328	84
9823.916992	83
9828.348633	77
9832.779297	96
9837.210938	91
9841.641602	82
9846.073242	80
9850.503906	99
9854.935547	87
9859.366211	85
9863.797852	89
9868.228516	85
9872.660156	93
9877.090820	96
9881.522461	88
9885.953125	82
9890.384766	96
9894.815430	96
9899.247070	88
9903.677734	89
9908.109375	99
9912.541016	93
9916.971680	93
9921.403320	78
9925.833984	80
9930.265625	91
9934.696289	89
9939.127930	83
9943.558594	80
9947.990234	98
9952.420898	93
9956.852539	94
9961.283203	89
9965.714844	80
9970.145508	77
9974.577148	87
9979.007813	83
9983.439453	87
9987.870117	85
9992.301758	74
9996.732422	80
10001.164063	85
10005.595703	84
10010.026367	91
10014.458008	82
10018.888672	81
10023.320313	76
10027.750977	71
10032.182617	74
10036.613281	73
10041.044922	82
10045.475586	69
10049.907227	71
10054.337891	62
10058.769531	75
10063.200195	82
10067.631836	78
10072.062500	85
10076.494141	84
10080.924805	67
10085.356445	73
10089.788086	72
10094.218750	80
10098.650391	68
10103.081055	67
10107.512695	57
10111.943359	54
10116.375000	62
10120.805664	63
10125.237305	49
10129.667969	39
10134.099609	48
10138.530273	37
10142.961914	30
10147.392578	26
10151.824219	28
10156.254883	28
10160.686523	22
10165.117188	20
10169.548828	19
10173.979492	16
10178.411133	11
10182.842773	19
10187.273438	17
10191.705078	20
10196.135742	17
10200.567383	18
10204.998047	7
10209.429688	15
10213.860352	16
10218.291992	16
10222.722656	19
10227.154297	20
10231.584961	22
10236.016602	15
10240.447266	16
10244.878906	14
10249.309570	13
10253.741211	12
10258.171875	11
10262.603516	14
10267.034180	16
10271.465820	12
10275.897461	7
10280.328125	12
10284.759766	19
10289.190430	13
10293.622070	17
10298.052734	11
10302.484375	12
10306.915039	13
10311.346680	9
10315.777344	7
10320.208984	14
10324.639648	11
10329.071289	9
10333.501953	8
10337.933594	7
10342.364258	8
10346.795898	8
10351.226563	6
10355.658203	5
10360.088867	5
10364.520508	5
10368.952148	1
10373.382813	7
10377.814453	9
10382.245117	9
10386.676758	6
10391.107422	4
10395.539063	5
10399.969727	2
10404.401367	2
10408.832031	4
10413.263672	4
10417.694336	3
10422.125977	2
10426.556641	2
10430.988281	2
10435.418945	3
10439.850586	4
10444.281250	2
10448.712891	0
10453.143555	1
10457.575195	3
10462.006836	2
10466.437500	0
10470.869141	1
10475.299805	0
10479.731445	0
10484.162109	0
10488.593750	0
10493.024414	0
10497.456055	0
10501.886719	0
10506.318359	0
10510.749023	0
10515.180664	0
10519.611328	0
10524.042969	0
10528.473633	0
10532.905273	0
10537.335938	0
10541.767578	0
10546.198242	0
10550.629883	0
10555.061523	0
10559.492188	0
10563.923828	0
10568.354492	0
10572.786133	0
10577.216797	0
10581.648438	0
10586.079102	0
10590.510742	0
10594.941406	0
10599.373047	0
10603.803711	0
10608.235352	0
10612.666016	0
10617.097656	0
10621.528320	0
10625.959961	0
10630.390625	0
10634.822266	0
10639.253906	0
10643.684570	0
10648.116211	0
10652.546875	0
10656.978516	0
10661.409180	0
10665.840820	0
10670.271484	0
10674.703125	0
10679.133789	0
10683.565430	0
10687.996094	0
10692.427734	0
10696.858398	0
10701.290039	0
10705.720703	0
10710.152344	0
10714.583008	0
10719.014648	0
10723.445313	0
10727.876953	0
10732.308594	0
10736.739258	0
10741.170898	0
10745.601563	0
10750.033203	0
10754.463867	0
10758.895508	0
10763.326172	0
10767.757813	0
10772.188477	0
10776.620117	0
10781.050781	0
10785.482422	0
10789.913086	0
10794.344727	0
10798.775391	0
10803.207031	0
10807.637695	0
10812.069336	0
10816.500000	0
10820.931641	0
10825.363281	0
10829.793945	0
10834.225586	0
10838.656250	0
10843.087891	0
10847.518555	0
10851.950195	0
10856.380859	0
10860.812500	0
10865.243164	0
10869.674805	0
10874.105469	0
10878.537109	0
10882.967773	0
10887.399414	0
10891.830078	0
10896.261719	0
10900.692383	0
10905.124023	0
10909.554688	0
10913.986328	0
10918.417969	0
10922.848633	0
10927.280273	0
10931.710938	0
10936.142578	0
10940.573242	0
10945.004883	0
10949.435547	0
10953.867188	0
10958.297852	0
10962.729492	0
10967.160156	0
10971.591797	0
10976.022461	0
10980.454102	0
10984.884766	0
10989.316406	0
10993.747070	0
10998.178711	0
11002.609375	0
11007.041016	0
11011.472656	0
11015.903320	0
11020.334961	0
11024.765625	0
11029.197266	0
11033.627930	0
11038.059570	0
11042.490234	0
11046.921875	0
11051.352539	0
11055.784180	0
11060.214844	0
11064.646484	0
11069.077148	0
11073.508789	0
11077.939453	0
11082.371094	0
11086.801758	0
11091.233398	0
11095.664063	0
11100.095703	0
11104.527344	0
11108.958008	0
11113.389648	0
11117.820313	0
11122.251953	0
11126.682617	0
11131.114258	0
11135.544922	0
11139.976563	0
11144.407227	0
11148.838867	0
11153.269531	0
11157.701172	0
11162.131836	0
11166.563477	0
11170.994141	0
11175.425781	0
11179.856445	0
11184.288086	0
11188.718750	0
11193.150391	0
11197.582031	0
11202.012695	0
11206.444336	0
11210.875000	0
11215.306641	0
11219.737305	0
11224.168945	0
11228.599609	0
11233.031250	0
11237.461914	0
11241.893555	0
11246.324219	0
11250.755859	0
11255.186523	0
11259.618164	0
11264.048828	0
11268.480469	0
11272.911133	0
11277.342773	0
11281.774414	0
11286.205078	0
11290.636719	0
11295.067383	0
11299.499023	0
11303.929688	0
11308.361328	0
11312.791992	0
11317.223633	0
11321.654297	0
11326.085938	0
11330.516602	0
11334.948242	0
11339.378906	0
11343.810547	0
11348.241211	0
11352.672852	0
11357.103516	0
11361.535156	0
11365.965820	0
11370.397461	0
11374.829102	0
11379.259766	0
11383.691406	0
11388.122070	0
11392.553711	0
11396.984375	0
11401.416016	0
11405.846680	0
11410.278320	0
11414.708984	0
11419.140625	0
11423.571289	0
11428.002930	0
11432.433594	0
11436.865234	0
11441.295898	0
11445.727539	0
11450.158203	0
11454.589844	0
11459.020508	0
11463.452148	0
11467.883789	0
11472.314453	0
11476.746094	0
11481.176758	0
11485.608398	0
11490.039063	0
11494.470703	0
11498.901367	0
11503.333008	0
11507.763672	0
11512.195313	0
11516.625977	0
11521.057617	0
11525.488281	0
11529.919922	0
11534.350586	0
11538.782227	0
11543.212891	0
11547.644531	0
11552.075195	0
11556.506836	0
11560.938477	0
11565.369141	0
11569.800781	0
11574.231445	0
11578.663086	0
11583.093750	0
11587.525391	0
11591.956055	0
11596.387695	0
11600.818359	0
11605.250000	0
11609.680664	0
11614.112305	0
11618.542969	0
11622.974609	0
11627.405273	0
11631.836914	0
11636.267578	0
11640.699219	0
11645.129883	0
11649.561523	0
11653.993164	0
11658.423828	0
11662.855469	0
11667.286133	0
11671.717773	0
11676.148438	0
11680.580078	0
11685.010742	0
11689.442383	0
11693.873047	0
11698.304688	0
11702.735352	0
11707.166992	0
11711.597656	0
11716.029297	0
11720.459961	0
11724.891602	0
11729.322266	0
11733.753906	0
11738.184570	0
11742.616211	0
11747.047852	0
11751.478516	0
11755.910156	0
11760.340820	0
11764.772461	0
11769.203125	0
11773.634766	0
11778.065430	0
11782.497070	0
11786.927734	0
11791.359375	0
11795.790039	0
11800.221680	0
11804.652344	0
11809.083984	0
11813.514648	0
11817.946289	0
11822.376953	0
11826.808594	0
11831.239258	0
11835.670898	0
11840.102539	0
11844.533203	0
11848.964844	0
11853.395508	0
11857.827148	0
11862.257813	0
11866.689453	0
11871.120117	0
11875.551758	0
11879.982422	0
11884.414063	0
11888.844727	0
11893.276367	0
11897.707031	0
11902.138672	0
11906.569336	0
11911.000977	0
11915.431641	0
11919.863281	0
11924.294922	0
11928.725586	0
11933.157227	0
11937.587891	0
11942.019531	0
11946.450195	0
11950.881836	0
11955.312500	0
11959.744141	0
11964.174805	0
11968.606445	0
11973.037109	0
11977.468750	0
11981.899414	0
11986.331055	0
11990.761719	0
11995.193359	0
11999.624023	0
12004.055664	0
12008.486328	0
12012.917969	0
12017.349609	0
12021.780273	0
12026.211914	0
12030.642578	0
12035.074219	0
12039.504883	0
12043.936523	0
12048.367188	0
12052.798828	0
12057.229492	0
12061.661133	0
12066.091797	0
12070.523438	0
12074.954102	0
12079.385742	0
12083.816406	0
12088.248047	0
12092.678711	0
12097.110352	0
12101.541016	0
12105.972656	0
12110.404297	0
12114.834961	0
12119.266602	0
12123.697266	0
12128.128906	0
12132.559570	0
12136.991211	0
12141.421875	0
12145.853516	0
12150.284180	0
12154.715820	0
12159.146484	0
12163.578125	0
12168.008789	0
12172.440430	0
12176.871094	0
12181.302734	0
12185.733398	0
12190.165039	0
12194.595703	0
12199.027344	0
12203.458984	0
12207.889648	0
12212.321289	0
12216.751953	0
12221.183594	0
12225.614258	0
12230.045898	0
12234.476563	0
12238.908203	0
12243.338867	0
12247.770508	0
12252.201172	0
12256.632813	0
12261.063477	0
12265.495117	0
12269.925781	0
12274.357422	0
12278.788086	0
12283.219727	0
12287.650391	0
12292.082031	0
12296.513672	0
12300.944336	0
12305.375977	0
12309.806641	0
12314.238281	0
12318.668945	0
12323.100586	0
12327.531250	0
12331.962891	0
12336.393555	0
12340.825195	0
12345.255859	0
12349.687500	0
12354.118164	0
12358.549805	0
12362.980469	0
12367.412109	0
12371.842773	0
12376.274414	0
12380.705078	0
12385.136719	0
12389.568359	0
12393.999023	0
12398.430664	0
12402.861328	0
12407.292969	0
12411.723633	0
12416.155273	0
12420.585938	0
12425.017578	0
12429.448242	0
12433.879883	0
12438.310547	0
12442.742188	0
12447.172852	0
12451.604492	0
12456.035156	0
12460.466797	0
12464.897461	0
12469.329102	0
12473.760742	0
12478.191406	0
12482.623047	0
12487.053711	0
12491.485352	0
12495.916016	0
12500.347656	0
12504.778320	0
12509.209961	0
12513.640625	0
12518.072266	0
12522.502930	0
12526.934570	0
12531.365234	0
12535.796875	0
12540.227539	0
12544.659180	0
12549.089844	0
12553.521484	0
12557.952148	0
12562.383789	0
12566.815430	0
12571.246094	0
12575.677734	0
12580.108398	0
12584.540039	0
12588.970703	0
12593.402344	0
12597.833008	0
12602.264648	0
12606.695313	0
12611.126953	0
12615.557617	0
12619.989258	0
12624.419922	0
12628.851563	0
12633.282227	0
12637.713867	0
12642.144531	0
12646.576172	0
12651.006836	0
12655.438477	0
12659.870117	0
12664.300781	0
12668.732422	0
12673.163086	0
12677.594727	0
12682.025391	0
12686.457031	0
12690.887695	0
12695.319336	0
12699.750000	0
12704.181641	0
12708.612305	0
12713.043945	0
12717.474609	0
12721.906250	0
12726.336914	0
12730.768555	0
12735.199219	0
12739.630859	0
12744.061523	0
12748.493164	0
12752.924805	0
12757.355469	0
12761.787109	0
12766.217773	0
12770.649414	0
12775.080078	0
12779.511719	0
12783.942383	0
12788.374023	0
12792.804688	0
12797.236328	0
12801.666992	0
12806.098633	0
12810.529297	0
12814.960938	0
12819.391602	0
12823.823242	0
12828.253906	0
12832.685547	0
