-4146.929688	0
-4142.494629	0
-4138.059082	0
-4133.624023	0
-4129.188965	0
-4124.753418	0
-4120.318359	0
-4115.883301	0
-4111.447754	0
-4107.012695	0
-4102.577637	0
-4098.142578	0
-4093.707031	0
-4089.271973	0
-4084.836670	0
-4080.401367	0
-4075.966309	0
-4071.531006	0
-4067.095703	0
-4062.660645	0
-4058.225342	0
-4053.790039	0
-4049.354980	0
-4044.919678	0
-4040.484375	0
-4036.049316	0
-4031.614014	0
-4027.178711	0
-4022.743652	0
-4018.308350	0
-4013.873291	0
-4009.437988	0
-4005.002686	0
-4000.567627	0
-3996.132324	0
-3991.697021	0
-3987.261963	0
-3982.826660	0
-3978.391357	0
-3973.956299	0
-3969.520996	0
-3965.085693	0
-3960.650635	0
-3956.215332	0
-3951.780029	0
-3947.344971	0
-3942.909668	0
-3938.474365	0
-3934.039307	0
-3929.604004	0
-3925.168701	0
-3920.733643	0
-3916.298340	0
-3911.863037	0
-3907.427979	0
-3902.992676	0
-3898.557373	0
-3894.122314	0
-3889.687012	0
-3885.251709	0
-3880.816650	0
-3876.381348	0
-3871.946289	0
-3867.510986	0
-3863.075684	0
-3858.640625	0
-3854.205322	0
-3849.770020	0
-3845.334961	0
-3840.899658	0
-3836.464355	0
-3832.029297	0
-3827.593994	0
-3823.158691	0
-3818.723633	0
-3814.288330	0
-3809.853027	0
-3805.417969	0
-3800.982666	0
-3796.547363	0
-3792.112305	0
-3787.677002	0
-3783.241699	0
-3778.806641	0
-3774.371338	0
-3769.936035	0
-3765.500977	0
-3761.065674	0
-3756.630371	0
-3752.195313	0
-3747.760010	0
-3743.324707	0
-3738.889648	0
-3734.454346	0
-3730.019043	0
-3725.583984	0
-3721.148682	0
-3716.713623	0
-3712.278320	0
-3707.843018	0
-3703.407959	0
-3698.972656	0
-3694.537354	0
-3690.102295	0
-3685.666992	0
-3681.231689	0
-3676.796631	0
-3672.361328	0
-3667.926025	0
-3663.490967	0
-3659.055664	0
-3654.620361	0
-3650.185303	0
-3645.750000	0
-3641.314697	0
-3636.879639	0
-3632.444336	0
-3628.009033	0
-3623.573975	0
-3619.138672	0
-3614.703369	0
-3610.268311	0
-3605.833008	0
-3601.397705	0
-3596.962646	0
-3592.527344	0
-3588.092041	0
-3583.656982	0
-3579.221680	0
-3574.786377	0
-3570.351318	0
-3565.916016	0
-3561.480957	0
-3557.045654	0
-3552.610352	0
-3548.175293	0
-3543.739990	0
-3539.304688	0
-3534.869629	0
-3530.434326	0
-3525.999023	0
-3521.563965	0
-3517.128662	0
-3512.693359	0
-3508.258301	0
-3503.822998	0
-3499.387695	0
-3494.952637	0
-3490.517334	0
-3486.082031	0
-3481.646973	0
-3477.211670	0
-3472.776367	0
-3468.341309	0
-3463.906006	0
-3459.470703	0
-3455.035645	0
-3450.600342	0
-3446.165039	0
-3441.729980	0
-3437.294678	0
-3432.859375	0
-3428.424316	0
-3423.989014	0
-3419.553711	0
-3415.118652	0
-3410.683350	0
-3406.248291	0
-3401.812988	0
-3397.377686	0
-3392.942627	0
-3388.507324	0
-3384.072021	0
-3379.636963	0
-3375.201660	0
-3370.766357	0
-3366.331299	0
-3361.895996	0
-3357.460693	0
-3353.025635	0
-3348.590332	0
-3344.155029	0
-3339.719971	0
-3335.284668	0
-3330.849365	0
-3326.414307	0
-3321.979004	0
-3317.543701	0
-3313.108643	0
-3308.673340	0
-3304.238037	0
-3299.802979	0
-3295.367676	0
-3290.932373	0
-3286.497314	0
-3282.062012	0
-3277.626709	0
-3273.191650	0
-3268.756348	0
-3264.321289	0
-3259.885986	0
-3255.450684	0
-3251.015625	0
-3246.580322	0
-3242.145020	0
-3237.709961	0
-3233.274658	2
-3228.839355	4
-3224.404297	4
-3219.968994	5
-3215.533691	9
-3211.098633	13
-3206.663330	13
-3202.228027	16
-3197.792969	21
-3193.357666	24
-3188.922363	23
-3184.487305	25
-3180.052002	32
-3175.616699	34
-3171.181641	34
-3166.746338	37
-3162.311035	44
-3157.875977	42
-3153.440674	41
-3149.005371	33
-3144.570313	43
-3140.135010	46
-3135.699707	53
-3131.264648	54
-3126.829346	49
-3122.394043	56
-3117.958984	63
-3113.523682	60
-3109.088623	58
-3104.653320	60
-3100.218018	57
-3095.782959	65
-3091.347656	69
-3086.912354	69
-3082.477295	73
-3078.041992	67
-3073.606689	66
-3069.171631	72
-3064.736328	73
-3060.301025	73
-3055.865967	86
-3051.430664	82
-3046.995361	83
-3042.560303	91
-3038.125000	98
-3033.689697	94
-3029.254639	93
-3024.819336	93
-3020.384033	96
-3015.948975	102
-3011.513672	100
-3007.078369	99
-3002.643311	111
-2998.208008	105
-2993.772705	115
-2989.337646	109
-2984.902344	110
-2980.467041	117
-2976.031982	130
-2971.596680	133
-2967.161377	125
-2962.726318	120
-2958.291016	136
-2953.855957	132
-2949.420654	121
-2944.985352	119
-2940.550293	130
-2936.114990	133
-2931.679688	134
-2927.244629	149
-2922.809326	154
-2918.374023	145
-2913.938965	148
-2909.503662	131
-2905.068359	138
-2900.633301	147
-2896.197998	160
-2891.762695	155
-2887.327637	166
-2882.892334	168
-2878.457031	165
-2874.021973	178
-2869.586670	180
-2865.151367	177
-2860.716309	182
-2856.281006	176
-2851.845703	177
-2847.410645	172
-2842.975342	177
-2838.540039	174
-2834.104980	178
-2829.669678	172
-2825.234375	171
-2820.799316	180
-2816.364014	184
-2811.928711	181
-2807.493652	198
-2803.058350	195
-2798.623291	186
-2794.187988	202
-2789.752686	216
-2785.317627	204
-2780.882324	187
-2776.447021	207
-2772.011963	202
-2767.576660	207
-2763.141357	213
-2758.706299	215
-2754.270996	213
-2749.835693	214
-2745.400635	224
-2740.965332	210
-2736.530029	211
-2732.094971	214
-2727.659668	226
-2723.224365	233
-2718.789307	230
-2714.354004	230
-2709.918701	213
-2705.483643	225
-2701.048340	233
-2696.613037	242
-2692.177979	237
-2687.742676	235
-2683.307373	238
-2678.872314	234
-2674.437012	240
-2670.001709	232
-2665.566650	245
-2661.131348	263
-2656.696289	256
-2652.260986	244
-2647.825684	251
-2643.390625	258
-2638.955322	273
-2634.520020	281
-2630.084961	277
-2625.649658	261
-2621.214355	264
-2616.779297	253
-2612.343994	260
-2607.908691	278
-2603.473633	278
-2599.038330	278
-2594.603027	262
-2590.167969	243
-2585.732666	238
-2581.297363	240
-2576.862305	248
-2572.427002	254
-2567.991699	269
-2563.556641	278
-2559.121338	276
-2554.686035	256
-2550.250977	242
-2545.815674	254
-2541.380371	263
-2536.945313	260
-2532.510010	271
-2528.074707	289
-2523.639648	280
-2519.204346	274
-2514.769043	269
-2510.333984	271
-2505.898682	264
-2501.463623	255
-2497.028320	268
-2492.593018	282
-2488.157959	291
-2483.722656	273
-2479.287354	267
-2474.852295	243
-2470.416992	253
-2465.981689	273
-2461.546631	272
-2457.111328	264
-2452.676025	246
-2448.240967	241
-2443.805664	255
-2439.370361	268
-2434.935303	263
-2430.500000	256
-2426.064697	260
-2421.629639	263
-2417.194336	274
-2412.759033	259
-2408.323975	260
-2403.888672	269
-2399.453369	293
-2395.018311	283
-2390.583008	251
-2386.147705	252
-2381.712646	269
-2377.277344	267
-2372.842041	251
-2368.406982	256
-2363.971680	273
-2359.536377	278
-2355.101318	279
-2350.666016	267
-2346.230957	261
-2341.795654	269
-2337.360352	259
-2332.925293	259
-2328.489990	263
-2324.054688	261
-2319.619629	268
-2315.184326	265
-2310.749023	265
-2306.313965	293
-2301.878662	286
-2297.443359	266
-2293.008301	263
-2288.572998	277
-2284.137695	259
-2279.702637	265
-2275.267334	268
-2270.832031	261
-2266.396973	249
-2261.961670	253
-2257.526367	247
-2253.091309	257
-2248.656006	251
-2244.220703	261
-2239.785645	247
-2235.350342	251
-2230.915039	262
-2226.479980	263
-2222.044678	262
-2217.609375	268
-2213.174316	256
-2208.739014	267
-2204.303711	259
-2199.868652	273
-2195.433350	270
-2190.998291	266
-2186.562988	256
-2182.127686	265
-2177.692627	254
-2173.257324	253
-2168.822021	268
-2164.386963	268
-2159.951660	258
-2155.516357	267
-2151.081299	244
-2146.645996	262
-2142.210693	268
-2137.775635	269
-2133.340332	259
-2128.905029	263
-2124.469971	270
-2120.034668	269
-2115.599365	291
-2111.164307	293
-2106.729004	271
-2102.293701	262
-2097.858643	272
-2093.423340	265
-2088.988037	243
-2084.552979	249
-2080.117676	239
-2075.682373	251
-2071.247314	269
-2066.812012	269
-2062.376709	285
-2057.941650	274
-2053.506348	275
-2049.071289	282
-2044.635986	263
-2040.200684	255
-2035.765503	274
-2031.330322	275
-2026.895020	273
-2022.459839	273
-2018.024658	269
-2013.589355	259
-2009.154175	258
-2004.718994	263
-2000.283813	268
-1995.848511	282
-1991.413330	272
-1986.978149	257
-1982.542847	257
-1978.107666	253
-1973.672485	234
-1969.237183	244
-1964.802002	274
-1960.366821	285
-1955.931519	271
-1951.496338	242
-1947.061157	250
-1942.625854	246
-1938.190674	235
-1933.755493	253
-1929.320313	266
-1924.885010	265
-1920.449829	274
-1916.014648	289
-1911.579346	270
-1907.144165	261
-1902.708984	256
-1898.273682	261
-1893.838501	265
-1889.403320	274
-1884.968018	280
-1880.532837	266
-1876.097656	267
-1871.662354	279
-1867.227173	284
-1862.791992	279
-1858.356812	282
-1853.921509	279
-1849.486328	267
-1845.051147	277
-1840.615845	292
-1836.180664	259
-1831.745483	259
-1827.310181	253
-1822.875000	256
-1818.439819	243
-1814.004517	252
-1809.569336	281
-1805.134155	274
-1800.698853	249
-1796.263672	256
-1791.828491	250
-1787.393188	269
-1782.958008	268
-1778.522827	270
-1774.087646	271
-1769.652344	262
-1765.217163	268
-1760.781982	265
-1756.346680	263
-1751.911499	276
-1747.476318	272
-1743.041016	269
-1738.605835	275
-1734.170654	262
-1729.735352	270
-1725.300171	261
-1720.864990	268
-1716.429688	284
-1711.994507	274
-1707.559326	266
-1703.124146	259
-1698.688843	257
-1694.253662	271
-1689.818481	264
-1685.383179	256
-1680.947998	259
-1676.512817	262
-1672.077515	263
-1667.642334	257
-1663.207153	272
-1658.771851	271
-1654.336670	265
-1649.901489	252
-1645.466187	250
-1641.031006	271
-1636.595825	287
-1632.160645	269
-1627.725342	255
-1623.290161	256
-1618.854980	267
-1614.419678	267
-1609.984497	282
-1605.549316	300
-1601.114014	282
-1596.678833	262
-1592.243652	269
-1587.808350	275
-1583.373169	262
-1578.937988	256
-1574.502686	250
-1570.067505	243
-1565.632324	255
-1561.197021	280
-1556.761841	280
-1552.326660	266
-1547.891479	258
-1543.456177	276
-1539.020996	266
-1534.585815	257
-1530.150513	258
-1525.715332	266
-1521.280151	267
-1516.844849	250
-1512.409668	255
-1507.974487	258
-1503.539185	255
-1499.104004	261
-1494.668823	265
-1490.233521	255
-1485.798340	255
-1481.363159	267
-1476.927979	277
-1472.492676	264
-1468.057495	262
-1463.622314	284
-1459.187012	293
-1454.751831	255
-1450.316650	258
-1445.881348	263
-1441.446167	277
-1437.010986	283
-1432.575684	276
-1428.140503	265
-1423.705322	265
-1419.270020	255
-1414.834839	260
-1410.399658	264
-1405.964355	275
-1401.529175	288
-1397.093994	266
-1392.658813	253
-1388.223511	257
-1383.788330	252
-1379.353149	270
-1374.917847	252
-1370.482666	255
-1366.047485	262
-1361.612183	276
-1357.177002	261
-1352.741821	277
-1348.306519	276
-1343.871338	269
-1339.436157	267
-1335.000854	282
-1330.565674	274
-1326.130493	276
-1321.695313	269
-1317.260010	258
-1312.824829	255
-1308.389648	271
-1303.954346	283
-1299.519165	276
-1295.083984	273
-1290.648682	280
-1286.213501	256
-1281.778320	272
-1277.343018	282
-1272.907837	284
-1268.472656	278
-1264.037354	268
-1259.602173	274
-1255.166992	259
-1250.731812	253
-1246.296509	265
-1241.861328	267
-1237.426147	266
-1232.990845	265
-1228.555664	276
-1224.120483	275
-1219.685181	270
-1215.250000	262
-1210.814819	276
-1206.379517	291
-1201.944336	278
-1197.509155	278
-1193.073853	269
-1188.638672	265
-1184.203491	264
-1179.768188	276
-1175.333008	283
-1170.897827	278
-1166.462646	274
-1162.027344	277
-1157.592163	276
-1153.156982	279
-1148.721680	267
-1144.286499	260
-1139.851318	276
-1135.416016	271
-1130.980835	277
-1126.545654	268
-1122.110352	267
-1117.675171	260
-1113.239990	255
-1108.804688	273
-1104.369507	275
-1099.934326	283
-1095.499146	282
-1091.063843	288
-1086.628662	258
-1082.193481	268
-1077.758179	294
-1073.322998	291
-1068.887817	262
-1064.452515	270
-1060.017334	278
-1055.582153	270
-1051.146851	263
-1046.711670	262
-1042.276489	248
-1037.841187	246
-1033.406006	273
-1028.970825	281
-1024.535645	264
-1020.100342	272
-1015.665161	266
-1011.229919	257
-1006.794678	282
-1002.359497	283
-997.924255	280
-993.489075	270
-989.053833	268
-984.618591	261
-980.183411	272
-975.748169	269
-971.312927	270
-966.877747	277
-962.442505	269
-958.007324	271
-953.572083	267
-949.136841	282
-944.701660	282
-940.266418	289
-935.831177	279
-931.395996	272
-926.960754	283
-922.525574	265
-918.090332	259
-913.655090	290
-909.219910	309
-904.784668	291
-900.349426	289
-895.914246	280
-891.479004	274
-887.043823	258
-882.608582	258
-878.173340	255
-873.738159	269
-869.302917	262
-864.867676	263
-860.432495	270
-855.997253	273
-851.562073	252
-847.126831	254
-842.691589	259
-838.256409	275
-833.821167	272
-829.385925	246
-824.950745	250
-820.515503	251
-816.080322	274
-811.645081	286
-807.209839	284
-802.774658	287
-798.339417	280
-793.904175	282
-789.468994	305
-785.033752	292
-780.598511	266
-776.163330	251
-771.728088	277
-767.292908	270
-762.857666	269
-758.422424	266
-753.987244	283
-749.552002	289
-745.116760	285
-740.681580	282
-736.246338	269
-731.811157	290
-727.375916	288
-722.940674	281
-718.505493	277
-714.070251	274
-709.635010	257
-705.199829	273
-700.764587	273
-696.329407	279
-691.894165	268
-687.458923	273
-683.023743	270
-678.588501	290
-674.153259	268
-669.718079	258
-665.282837	299
-660.847656	285
-656.412415	272
-651.977173	280
-647.541992	284
-643.106750	281
-638.671509	302
-634.236328	298
-629.801086	283
-625.365906	285
-620.930664	287
-616.495422	281
-612.060242	276
-607.625000	254
-603.189758	256
-598.754578	285
-594.319336	300
-589.884094	306
-585.448914	296
-581.013672	292
-576.578491	287
-572.143250	294
-567.708008	281
-563.272827	295
-558.837585	285
-554.402344	294
-549.967163	266
-545.531921	265
-541.096741	276
-536.661499	285
-532.226257	292
-527.791077	286
-523.355835	291
-518.920593	302
-514.485413	295
-510.050171	270
-505.614960	285
-501.179749	281
-496.744537	286
-492.309296	280
-487.874084	291
-483.438873	289
-479.003662	274
-474.568420	268
-470.133209	272
-465.697998	285
-461.262787	291
-456.827545	302
-452.392334	301
-447.957123	309
-443.521912	311
-439.086670	317
-434.651459	297
-430.216248	295
-425.781036	326
-421.345795	343
-416.910583	332
-412.475372	307
-408.040161	306
-403.604919	301
-399.169708	303
-394.734497	306
-390.299255	311
-385.864044	321
-381.428833	312
-376.993622	308
-372.558380	340
-368.123169	342
-363.687958	342
-359.252747	340
-354.817505	325
-350.382294	315
-345.947083	308
-341.511871	315
-337.076630	310
-332.641418	301
-328.206207	318
-323.770996	327
-319.335754	319
-314.900543	329
-310.465332	342
-306.030121	344
-301.594879	331
-297.159668	328
-292.724457	344
-288.289246	366
-283.854004	367
-279.418793	369
-274.983582	370
-270.548370	354
-266.113129	385
-261.677917	396
-257.242706	413
-252.807480	411
-248.372269	380
-243.937042	388
-239.501831	410
-235.066605	407
-230.631393	422
-226.196167	422
-221.760956	417
-217.325729	435
-212.890518	465
-208.455292	463
-204.020081	459
-199.584854	465
-195.149628	501
-190.714417	533
-186.279190	548
-181.843979	567
-177.408752	582
-172.973541	587
-168.538315	615
-164.103104	675
-159.667877	739
-155.232666	777
-150.797440	816
-146.362228	817
-141.927002	878
-137.491791	935
-133.056564	997
-128.621353	1087
-124.186134	1151
-119.750916	1243
-115.315697	1335
-110.880478	1487
-106.445259	1614
-102.010040	1781
-97.574814	2022
-93.139595	2280
-88.704376	2488
-84.269157	2793
-79.833939	3232
-75.398720	3706
-70.963501	4303
-66.528282	5077
-62.093067	5960
-57.657848	6860
-53.222630	7556
-48.787407	8086
-44.352188	8467
-39.916969	8755
-35.481750	8971
-31.046534	9272
-26.611315	9552
-22.176094	9764
-17.740875	9905
-13.305657	10040
-8.870438	10132
-4.435219	10233
0.000000	10241
4.435219	10059
8.870438	9920
13.305657	9867
17.740875	9752
22.176094	9550
26.611315	9321
31.046534	9013
35.481750	8643
39.916969	8294
44.352188	7882
48.787407	7395
53.222630	6854
57.657848	6159
62.093067	5291
66.528282	4475
70.963501	3820
75.398720	3285
79.833939	2855
84.269157	2511
88.704376	2135
93.139595	1891
97.574814	1722
102.010040	1604
106.445259	1429
110.880478	1288
115.315697	1210
119.750916	1093
124.186134	1015
128.621353	941
133.056564	871
137.491791	843
141.927002	771
146.362228	729
150.797440	698
155.232666	682
159.667877	633
164.103104	593
168.538315	586
172.973541	577
177.408752	570
181.843979	543
186.279190	515
190.714417	520
195.149628	494
199.584854	464
204.020081	434
208.455292	447
212.890518	451
217.325729	442
221.760956	425
226.196167	408
230.631393	397
235.066605	400
239.501831	412
243.937042	383
248.372269	382
252.807480	387
257.242706	351
261.677917	349
266.113129	352
270.548370	352
274.983582	352
279.418793	359
283.854004	364
288.289246	361
292.724457	367
297.159668	353
301.594879	342
306.030121	340
310.465332	357
314.900543	366
319.335754	342
323.770996	334
328.206207	340
332.641418	364
337.076630	343
341.511871	322
345.947083	328
350.382294	331
354.817505	319
359.252747	329
363.687958	333
368.123169	325
372.558380	329
376.993622	313
381.428833	320
385.864044	330
390.299255	342
394.734497	321
399.169708	296
403.604919	301
408.040161	308
412.475372	314
416.910583	329
421.345795	324
425.781036	332
430.216248	332
434.651459	338
439.086670	327
443.521912	301
447.957123	309
452.392334	312
456.827545	315
461.262787	306
465.697998	319
470.133209	311
474.568420	322
479.003662	329
483.438873	311
487.874084	312
492.309296	303
496.744537	313
501.179749	306
505.614960	309
510.050171	309
514.485413	313
518.920593	321
523.355835	300
527.791077	294
532.226257	295
536.661499	297
541.096741	297
545.531921	315
549.967163	321
554.402344	316
558.837585	319
563.272827	325
567.708008	308
572.143250	308
576.578491	302
581.013672	320
585.448914	313
589.884094	298
594.319336	318
598.754578	318
603.189758	306
607.625000	312
612.060242	298
616.495422	289
620.930664	290
625.365906	290
629.801086	297
634.236328	319
638.671509	323
643.106750	315
647.541992	294
651.977173	287
656.412415	293
660.847656	303
665.282837	306
669.718079	315
674.153259	308
678.588501	316
683.023743	286
687.458923	278
691.894165	278
696.329407	292
700.764587	308
705.199829	299
709.635010	303
714.070251	292
718.505493	277
722.940674	286
727.375916	287
731.811157	297
736.246338	301
740.681580	296
745.116760	292
749.552002	289
753.987244	315
758.422424	316
762.857666	281
767.292908	275
771.728088	270
776.163330	286
780.598511	316
785.033752	310
789.468994	302
793.904175	303
798.339417	322
802.774658	309
807.209839	304
811.645081	305
816.080322	313
820.515503	328
824.950745	326
829.385925	331
833.821167	323
838.256409	309
842.691589	300
847.126831	313
851.562073	305
855.997253	315
860.432495	295
864.867676	306
869.302917	319
873.738159	302
878.173340	276
882.608582	303
887.043823	302
891.479004	300
895.914246	289
900.349426	285
904.784668	289
909.219910	284
913.655090	276
918.090332	303
922.525574	315
926.960754	299
931.395996	279
935.831177	298
940.266418	300
944.701660	307
949.136841	314
953.572083	308
958.007324	303
962.442505	308
966.877747	312
971.312927	308
975.748169	321
980.183411	304
984.618591	303
989.053833	308
993.489075	312
997.924255	323
1002.359497	334
1006.794678	310
1011.229919	304
1015.665161	325
1020.100342	332
1024.535645	320
1028.970825	318
1033.406006	318
1037.841187	296
1042.276489	290
1046.711670	302
1051.146851	300
1055.582153	303
1060.017334	309
1064.452515	292
1068.887817	296
1073.322998	311
1077.758179	305
1082.193481	300
1086.628662	293
1091.063843	297
1095.499146	306
1099.934326	322
1104.369507	296
1108.804688	286
1113.239990	309
1117.675171	303
1122.110352	305
1126.545654	308
1130.980835	293
1135.416016	300
1139.851318	317
1144.286499	327
1148.721680	334
1153.156982	323
1157.592163	299
1162.027344	291
1166.462646	294
1170.897827	294
1175.333008	311
1179.768188	307
1184.203491	280
1188.638672	286
1193.073853	314
1197.509155	315
1201.944336	317
1206.379517	329
1210.814819	330
1215.250000	330
1219.685181	318
1224.120483	287
1228.555664	298
1232.990845	306
1237.426147	321
1241.861328	320
1246.296509	320
1250.731812	318
1255.166992	317
1259.602173	328
1264.037354	320
1268.472656	331
1272.907837	327
1277.343018	304
1281.778320	290
1286.213501	308
1290.648682	329
1295.083984	322
1299.519165	304
1303.954346	319
1308.389648	328
1312.824829	330
1317.260010	320
1321.695313	323
1326.130493	318
1330.565674	312
1335.000854	338
1339.436157	341
1343.871338	318
1348.306519	328
1352.741821	324
1357.177002	308
1361.612183	312
1366.047485	325
1370.482666	333
1374.917847	342
1379.353149	329
1383.788330	310
1388.223511	315
1392.658813	309
1397.093994	341
1401.529175	341
1405.964355	323
1410.399658	305
1414.834839	315
1419.270020	337
1423.705322	353
1428.140503	346
1432.575684	315
1437.010986	306
1441.446167	302
1445.881348	325
1450.316650	332
1454.751831	325
1459.187012	333
1463.622314	325
1468.057495	303
1472.492676	297
1476.927979	308
1481.363159	313
1485.798340	326
1490.233521	316
1494.668823	298
1499.104004	305
1503.539185	303
1507.974487	312
1512.409668	313
1516.844849	324
1521.280151	332
1525.715332	318
1530.150513	308
1534.585815	338
1539.020996	344
1543.456177	325
1547.891479	313
1552.326660	316
1556.761841	317
1561.197021	318
1565.632324	323
1570.067505	336
1574.502686	334
1578.937988	327
1583.373169	331
1587.808350	334
1592.243652	324
1596.678833	329
1601.114014	340
1605.549316	333
1609.984497	328
1614.419678	327
1618.854980	333
1623.290161	343
1627.725342	338
1632.160645	363
1636.595825	352
1641.031006	314
1645.466187	321
1649.901489	321
1654.336670	332
1658.771851	348
1663.207153	345
1667.642334	322
1672.077515	309
1676.512817	321
1680.947998	323
1685.383179	335
1689.818481	334
1694.253662	322
1698.688843	328
1703.124146	319
1707.559326	320
1711.994507	342
1716.429688	325
1720.864990	331
1725.300171	363
1729.735352	356
1734.170654	330
1738.605835	320
1743.041016	342
1747.476318	342
1751.911499	320
1756.346680	326
1760.781982	332
1765.217163	329
1769.652344	336
1774.087646	357
1778.522827	336
1782.958008	333
1787.393188	349
1791.828491	343
1796.263672	335
1800.698853	313
1805.134155	322
1809.569336	322
1814.004517	334
1818.439819	335
1822.875000	358
1827.310181	354
1831.745483	352
1836.180664	355
1840.615845	340
1845.051147	327
1849.486328	348
1853.921509	342
1858.356812	343
1862.791992	332
1867.227173	320
1871.662354	315
1876.097656	326
1880.532837	352
1884.968018	323
1889.403320	322
1893.838501	341
1898.273682	333
1902.708984	352
1907.144165	337
1911.579346	340
1916.014648	360
1920.449829	357
1924.885010	345
1929.320313	336
1933.755493	346
1938.190674	326
1942.625854	332
1947.061157	342
1951.496338	346
1955.931519	355
1960.366821	345
1964.802002	338
1969.237183	327
1973.672485	341
1978.107666	334
1982.542847	329
1986.978149	340
1991.413330	340
1995.848511	347
2000.283813	336
2004.718994	324
2009.154175	332
2013.589355	347
2018.024658	330
2022.459839	336
2026.895020	328
2031.330322	326
2035.765503	330
2040.200684	319
2044.635986	326
2049.071289	321
2053.506348	319
2057.941650	316
2062.376709	315
2066.812012	315
2071.247314	332
2075.682373	343
2080.117676	339
2084.552979	347
2088.988037	338
2093.423340	319
2097.858643	308
2102.293701	328
2106.729004	340
2111.164307	324
2115.599365	312
2120.034668	326
2124.469971	331
2128.905029	350
2133.340332	369
2137.775635	357
2142.210693	350
2146.645996	342
2151.081299	318
2155.516357	313
2159.951660	331
2164.386963	358
2168.822021	347
2173.257324	342
2177.692627	347
2182.127686	342
2186.562988	335
2190.998291	342
2195.433350	335
2199.868652	337
2204.303711	326
2208.739014	336
2213.174316	342
2217.609375	336
2222.044678	345
2226.479980	334
2230.915039	334
2235.350342	318
2239.785645	323
2244.220703	339
2248.656006	321
2253.091309	320
2257.526367	338
2261.961670	341
2266.396973	325
2270.832031	340
2275.267334	344
2279.702637	345
2284.137695	348
2288.572998	346
2293.008301	334
2297.443359	328
2301.878662	338
2306.313965	323
2310.749023	323
2315.184326	327
2319.619629	352
2324.054688	362
2328.489990	372
2332.925293	354
2337.360352	334
2341.795654	314
2346.230957	312
2350.666016	333
2355.101318	337
2359.536377	349
2363.971680	352
2368.406982	348
2372.842041	349
2377.277344	333
2381.712646	337
2386.147705	362
2390.583008	361
2395.018311	363
2399.453369	346
2403.888672	330
2408.323975	357
2412.759033	345
2417.194336	337
2421.629639	340
2426.064697	338
2430.500000	342
2434.935303	348
2439.370361	360
2443.805664	338
2448.240967	330
2452.676025	324
2457.111328	353
2461.546631	361
2465.981689	349
2470.416992	354
2474.852295	336
2479.287354	340
2483.722656	355
2488.157959	360
2492.593018	326
2497.028320	358
2501.463623	343
2505.898682	331
2510.333984	333
2514.769043	355
2519.204346	343
2523.639648	359
2528.074707	368
2532.510010	343
2536.945313	344
2541.380371	335
2545.815674	346
2550.250977	366
2554.686035	361
2559.121338	343
2563.556641	350
2567.991699	363
2572.427002	349
2576.862305	349
2581.297363	370
2585.732666	378
2590.167969	360
2594.603027	364
2599.038330	359
2603.473633	352
2607.908691	336
2612.343994	361
2616.779297	358
2621.214355	369
2625.649658	368
2630.084961	346
2634.520020	349
2638.955322	369
2643.390625	358
2647.825684	348
2652.260986	351
2656.696289	368
2661.131348	375
2665.566650	370
2670.001709	360
2674.437012	363
2678.872314	356
2683.307373	356
2687.742676	366
2692.177979	364
2696.613037	353
2701.048340	352
2705.483643	351
2709.918701	332
2714.354004	351
2718.789307	343
2723.224365	353
2727.659668	376
2732.094971	367
2736.530029	368
2740.965332	380
2745.400635	355
2749.835693	354
2754.270996	351
2758.706299	346
2763.141357	358
2767.576660	348
2772.011963	355
2776.447021	356
2780.882324	336
2785.317627	332
2789.752686	338
2794.187988	339
2798.623291	353
2803.058350	348
2807.493652	337
2811.928711	351
2816.364014	338
2820.799316	326
2825.234375	355
2829.669678	361
2834.104980	360
2838.540039	363
2842.975342	335
2847.410645	350
2851.845703	358
2856.281006	370
2860.716309	378
2865.151367	356
2869.586670	370
2874.021973	362
2878.457031	356
2882.892334	360
2887.327637	365
2891.762695	382
2896.197998	367
2900.633301	335
2905.068359	344
2909.503662	355
2913.938965	354
2918.374023	352
2922.809326	360
2927.244629	374
2931.679688	364
2936.114990	364
2940.550293	371
2944.985352	361
2949.420654	346
2953.855957	333
2958.291016	351
2962.726318	356
2967.161377	359
2971.596680	361
2976.031982	345
2980.467041	352
2984.902344	349
2989.337646	349
2993.772705	353
2998.208008	355
3002.643311	369
3007.078369	366
3011.513672	361
3015.948975	361
3020.384033	354
3024.819336	344
3029.254639	352
3033.689697	345
3038.125000	368
3042.560303	384
3046.995361	381
3051.430664	376
3055.865967	365
3060.301025	349
3064.736328	347
3069.171631	367
3073.606689	352
3078.041992	371
3082.477295	367
3086.912354	350
3091.347656	359
3095.782959	356
3100.218018	340
3104.653320	340
3109.088623	348
3113.523682	363
3117.958984	374
3122.394043	343
3126.829346	337
3131.264648	328
3135.699707	322
3140.135010	342
3144.570313	346
3149.005371	371
3153.440674	378
3157.875977	371
3162.311035	357
3166.746338	353
3171.181641	364
3175.616699	361
3180.052002	347
3184.487305	358
3188.922363	367
3193.357666	381
3197.792969	368
3202.228027	358
3206.663330	368
3211.098633	371
3215.533691	368
3219.968994	371
3224.404297	355
3228.839355	351
3233.274658	343
3237.709961	338
3242.145020	339
3246.580322	339
3251.015625	346
3255.450684	363
3259.885986	368
3264.321289	360
3268.756348	357
3273.191650	370
3277.626709	389
3282.062012	395
3286.497314	388
3290.932373	382
3295.367676	383
3299.802979	387
3304.238037	394
3308.673340	382
3313.108643	374
3317.543701	349
3321.979004	342
3326.414307	368
3330.849365	369
3335.284668	362
3339.719971	347
3344.155029	367
3348.590332	389
3353.025635	378
3357.460693	381
3361.895996	391
3366.331299	382
3370.766357	392
3375.201660	363
3379.636963	370
3384.072021	379
3388.507324	377
3392.942627	390
3397.377686	392
3401.812988	394
3406.248291	387
3410.683350	392
3415.118652	404
3419.553711	413
3423.989014	400
3428.424316	380
3432.859375	380
3437.294678	402
3441.729980	391
3446.165039	384
3450.600342	386
3455.035645	399
3459.470703	391
3463.906006	389
3468.341309	393
3472.776367	389
3477.211670	402
3481.646973	409
3486.082031	405
3490.517334	407
3494.952637	410
3499.387695	410
3503.822998	404
3508.258301	413
3512.693359	432
3517.128662	428
3521.563965	442
3525.999023	421
3530.434326	414
3534.869629	445
3539.304688	439
3543.739990	426
3548.175293	423
3552.610352	465
3557.045654	475
3561.480957	472
3565.916016	473
3570.351318	459
3574.786377	461
3579.221680	472
3583.656982	464
3588.092041	460
3592.527344	478
3596.962646	497
3601.397705	494
3605.833008	503
3610.268311	527
3614.703369	557
3619.138672	573
3623.573975	570
3628.009033	547
3632.444336	557
3636.879639	601
3641.314697	622
3645.750000	641
3650.185303	646
3654.620361	653
3659.055664	670
3663.490967	684
3667.926025	685
3672.361328	689
3676.796631	727
3681.231689	769
3685.666992	775
3690.102295	798
3694.537354	802
3698.972656	790
3703.407959	805
3707.843018	855
3712.278320	868
3716.713623	928
3721.148682	1011
3725.583984	1044
3730.019043	1084
3734.454346	1138
3738.889648	1184
3743.324707	1218
3747.760010	1266
3752.195313	1334
3756.630371	1404
3761.065674	1433
3765.500977	1461
3769.936035	1495
3774.371338	1538
3778.806641	1588
3783.241699	1608
3787.677002	1663
3792.112305	1738
3796.547363	1805
3800.982666	1904
3805.417969	2047
3809.853027	2170
3814.288330	2256
3818.723633	2439
3823.158691	2614
3827.593994	2725
3832.029297	2817
3836.464355	2905
3840.899658	2939
3845.334961	3073
3849.770020	3149
3854.205322	3216
3858.640625	3346
3863.075684	3441
3867.510986	3519
3871.946289	3608
3876.381348	3692
3880.816650	3783
3885.251709	3811
3889.687012	3922
3894.122314	3999
3898.557373	3992
3902.992676	3879
3907.427979	3919
3911.863037	4006
3916.298340	4091
3920.733643	4213
3925.168701	4223
3929.604004	4244
3934.039307	4322
3938.474365	4365
3942.909668	4347
3947.344971	4316
3951.780029	4327
3956.215332	4332
3960.650635	4275
3965.085693	4252
3969.520996	4316
3973.956299	4362
3978.391357	4391
3982.826660	4340
3987.261963	4272
3991.697021	4243
3996.132324	4253
4000.567627	4233
4005.002686	4249
4009.437988	4220
4013.873291	4235
4018.308350	4259
4022.743652	4248
4027.178711	4195
4031.614014	4116
4036.049316	4074
4040.484375	4079
4044.919678	4102
4049.354980	4071
4053.790039	4060
4058.225342	4055
4062.660645	4047
4067.095703	4063
4071.531006	4024
4075.966309	3958
4080.401367	3930
4084.836670	3917
4089.271973	3925
4093.707031	3903
4098.142578	3851
4102.577637	3864
4107.012695	3902
4111.447754	3856
4115.883301	3751
4120.318359	3741
4124.753418	3755
4129.188965	3734
4133.624023	3690
4138.059082	3715
4142.494629	3746
4146.929688	3700
4151.364746	3703
4155.800293	3719
4160.235352	3702
4164.670410	3714
4169.105957	3672
4173.541016	3650
4177.976074	3653
4182.411621	3674
4186.846680	3668
4191.281738	3627
4195.717285	3625
4200.152344	3623
4204.587402	3562
4209.022949	3530
4213.458008	3527
4217.893066	3525
4222.328613	3492
4226.763672	3471
4231.198730	3432
4235.634277	3404
4240.069336	3365
4244.504395	3340
4248.939941	3316
4253.375000	3325
4257.810059	3334
4262.245605	3334
4266.680664	3315
4271.115723	3314
4275.551270	3312
4279.986328	3255
4284.421387	3230
4288.856934	3232
4293.291992	3243
4297.727051	3225
4302.162598	3172
4306.597656	3182
4311.032715	3232
4315.468262	3210
4319.903320	3224
4324.338379	3262
4328.773926	3184
4333.208984	3168
4337.644043	3164
4342.079590	3150
4346.514648	3175
4350.949707	3194
4355.385254	3227
4359.820313	3194
4364.255371	3200
4368.690918	3234
4373.125977	3210
4377.561035	3187
4381.996582	3238
4386.431641	3293
4390.866699	3300
4395.302246	3324
4399.737305	3324
4404.172363	3338
4408.607422	3377
4413.042969	3326
4417.478027	3260
4421.913086	3325
4426.348633	3382
4430.783691	3426
4435.218750	3428
4439.654297	3397
4444.089355	3453
4448.524414	3421
4452.959961	3403
4457.395020	3427
4461.830078	3375
4466.265625	3350
4470.700684	3365
4475.135742	3366
4479.571289	3346
4484.006348	3340
4488.441406	3307
4492.876953	3340
4497.312012	3379
4501.747070	3318
4506.182617	3268
4510.617676	3305
4515.052734	3318
4519.488281	3298
4523.923340	3325
4528.358398	3330
4532.793945	3329
4537.229004	3324
4541.664063	3316
4546.099609	3287
4550.534668	3261
4554.969727	3260
4559.405273	3281
4563.840332	3299
4568.275391	3300
4572.710938	3298
4577.145996	3278
4581.581055	3312
4586.016602	3346
4590.451660	3353
4594.886719	3400
4599.322266	3427
4603.757324	3408
4608.192383	3417
4612.627930	3406
4617.062988	3460
4621.498047	3496
4625.933594	3497
4630.368652	3529
4634.803711	3564
4639.239258	3558
4643.674316	3563
4648.109375	3596
4652.544922	3614
4656.979980	3619
4661.415039	3666
4665.850586	3681
4670.285645	3719
4674.720703	3766
4679.156250	3812
4683.591309	3804
4688.026367	3810
4692.461914	3834
4696.896973	3851
4701.332031	3887
4705.767578	3955
4710.202637	3952
4714.637695	3959
4719.072754	3983
4723.508301	4017
4727.943359	4054
4732.378418	4073
4736.813965	4061
4741.249023	4101
4745.684082	4125
4750.119629	4174
4754.554688	4196
4758.989746	4201
4763.425293	4230
4767.860352	4257
4772.295410	4239
4776.730957	4304
4781.166016	4361
4785.601074	4358
4790.036621	4387
4794.471680	4404
4798.906738	4394
4803.342285	4458
4807.777344	4505
4812.212402	4480
4816.647949	4490
4821.083008	4497
4825.518066	4490
4829.953613	4551
4834.388672	4588
4838.823730	4595
4843.259277	4545
4847.694336	4500
4852.129395	4495
4856.564941	4486
4861.000000	4480
4865.435059	4518
4869.870605	4515
4874.305664	4538
4878.740723	4506
4883.176270	4447
4887.611328	4484
4892.046387	4494
4896.481934	4536
4900.916992	4605
4905.352051	4594
4909.787598	4576
4914.222656	4593
4918.657715	4590
4923.093262	4572
4927.528320	4568
4931.963379	4585
4936.398926	4578
4940.833984	4571
4945.269043	4573
4949.704590	4578
4954.139648	4583
4958.574707	4576
4963.010254	4592
4967.445313	4564
4971.880371	4598
4976.315918	4593
4980.750977	4537
4985.186035	4477
4989.621582	4470
4994.056641	4559
4998.491699	4546
5002.927246	4507
5007.362305	4531
5011.797363	4553
5016.232422	4535
5020.667969	4545
5025.103027	4515
5029.538086	4492
5033.973633	4495
5038.408691	4494
5042.843750	4530
5047.279297	4504
5051.714355	4510
5056.149414	4466
5060.584961	4459
5065.020020	4484
5069.455078	4518
5073.890625	4477
5078.325684	4442
5082.760742	4452
5087.196289	4460
5091.631348	4434
5096.066406	4414
5100.501953	4410
5104.937012	4424
5109.372070	4455
5113.807617	4445
5118.242676	4400
5122.677734	4390
5127.113281	4395
5131.548340	4421
5135.983398	4441
5140.418945	4473
5144.854004	4478
5149.289063	4426
5153.724609	4356
5158.159668	4396
5162.594727	4405
5167.030273	4393
5171.465332	4362
5175.900391	4348
5180.335938	4348
5184.770996	4355
5189.206055	4391
5193.641602	4381
5198.076660	4345
5202.511719	4330
5206.947266	4328
5211.382324	4325
5215.817383	4282
5220.252930	4276
5224.687988	4343
5229.123047	4311
5233.558594	4265
5237.993652	4269
5242.428711	4253
5246.864258	4287
5251.299316	4315
5255.734375	4298
5260.169922	4346
5264.604980	4322
5269.040039	4267
5273.475586	4254
5277.910645	4229
5282.345703	4241
5286.781250	4280
5291.216309	4259
5295.651367	4251
5300.086914	4263
5304.521973	4207
5308.957031	4205
5313.392578	4194
5317.827637	4154
5322.262695	4156
5326.697754	4226
5331.133301	4211
5335.568359	4183
5340.003418	4156
5344.438965	4112
5348.874023	4151
5353.309082	4129
5357.744629	4096
5362.179688	4108
5366.614746	4098
5371.050293	4116
5375.485352	4145
5379.920410	4132
5384.355957	4066
5388.791016	4031
5393.226074	4005
5397.661621	4081
5402.096680	4132
5406.531738	4108
5410.967285	4070
5415.402344	4074
5419.837402	4075
5424.272949	4051
5428.708008	4049
5433.143066	3975
5437.578613	3982
5442.013672	3977
5446.448730	3943
5450.884277	3902
5455.319336	3890
5459.754395	3936
5464.189941	3879
5468.625000	3850
5473.060059	3876
5477.495605	3885
5481.930664	3890
5486.365723	3939
5490.801270	3916
5495.236328	3887
5499.671387	3918
5504.106934	3894
5508.541992	3879
5512.977051	3895
5517.412598	3852
5521.847656	3857
5526.282715	3854
5530.718262	3804
5535.153320	3823
5539.588379	3859
5544.023926	3843
5548.458984	3812
5552.894043	3765
5557.329590	3791
5561.764648	3808
5566.199707	3780
5570.635254	3788
5575.070313	3725
5579.505371	3697
5583.940918	3771
5588.375977	3794
5592.811035	3790
5597.246582	3769
5601.681641	3763
5606.116699	3731
5610.552246	3717
5614.987305	3721
5619.422363	3686
5623.857422	3675
5628.292969	3702
5632.728027	3710
5637.163086	3702
5641.598633	3702
5646.033691	3728
5650.468750	3687
5654.904297	3639
5659.339355	3626
5663.774414	3613
5668.209961	3588
5672.645020	3567
5677.080078	3587
5681.515625	3600
5685.950684	3611
5690.385742	3580
5694.821289	3576
5699.256348	3542
5703.691406	3509
5708.126953	3545
5712.562012	3568
5716.997070	3559
5721.432617	3559
5725.867676	3571
5730.302734	3565
5734.738281	3575
5739.173340	3556
5743.608398	3550
5748.043945	3574
5752.479004	3620
5756.914063	3618
5761.349609	3576
5765.784668	3523
5770.219727	3553
5774.655273	3613
5779.090332	3615
5783.525391	3586
5787.960938	3565
5792.395996	3546
5796.831055	3583
5801.266602	3598
5805.701660	3618
5810.136719	3647
5814.572266	3602
5819.007324	3625
5823.442383	3639
5827.877930	3634
5832.312988	3646
5836.748047	3652
5841.183594	3642
5845.618652	3655
5850.053711	3629
5854.489258	3621
5858.924316	3639
5863.359375	3615
5867.794922	3616
5872.229980	3623
5876.665039	3663
5881.100586	3704
5885.535645	3667
5889.970703	3632
5894.406250	3631
5898.841309	3598
5903.276367	3623
5907.711914	3606
5912.146973	3575
5916.582031	3612
5921.017578	3646
5925.452637	3609
5929.887695	3582
5934.322754	3601
5938.758301	3625
5943.193359	3610
5947.628418	3551
5952.063965	3551
5956.499023	3543
5960.934082	3529
5965.369629	3545
5969.804688	3564
5974.239746	3524
5978.675293	3495
5983.110352	3479
5987.545410	3470
5991.980957	3465
5996.416016	3472
6000.851074	3467
6005.286621	3437
6009.721680	3443
6014.156738	3447
6018.592285	3424
6023.027344	3389
6027.462402	3399
6031.897949	3356
6036.333008	3334
6040.768066	3288
6045.203613	3267
6049.638672	3323
6054.073730	3343
6058.509277	3259
6062.944336	3246
6067.379395	3260
6071.814941	3275
6076.250000	3277
6080.685059	3251
6085.120605	3201
6089.555664	3206
6093.990723	3188
6098.426270	3182
6102.861328	3175
6107.296387	3152
6111.731934	3150
6116.166992	3163
6120.602051	3128
6125.037598	3085
6129.472656	3027
6133.907715	3042
6138.343262	3055
6142.778320	3038
6147.213379	3043
6151.648926	3014
6156.083984	2994
6160.519043	3003
6164.954590	2976
6169.389648	2963
6173.824707	2940
6178.260254	2927
6182.695313	2928
6187.130371	2875
6191.565918	2865
6196.000977	2875
6200.436035	2828
6204.871582	2829
6209.306641	2875
6213.741699	2884
6218.177246	2847
6222.612305	2860
6227.047363	2851
6231.482422	2776
6235.917969	2711
6240.353027	2744
6244.788086	2813
6249.223633	2825
6253.658691	2827
6258.093750	2793
6262.529297	2773
6266.964355	2764
6271.399414	2742
6275.834961	2735
6280.270020	2723
6284.705078	2740
6289.140625	2788
6293.575684	2798
6298.010742	2759
6302.446289	2736
6306.881348	2755
6311.316406	2774
6315.751953	2762
6320.187012	2740
6324.622070	2688
6329.057617	2702
6333.492676	2721
6337.927734	2693
6342.363281	2727
6346.798340	2705
6351.233398	2673
6355.668945	2685
6360.104004	2725
6364.539063	2680
6368.974609	2615
6373.409668	2663
6377.844727	2673
6382.280273	2629
6386.715332	2624
6391.150391	2667
6395.585938	2686
6400.020996	2651
6404.456055	2676
6408.891602	2635
6413.326660	2624
6417.761719	2649
6422.197266	2631
6426.632324	2637
6431.067383	2661
6435.502930	2657
6439.937988	2626
6444.373047	2618
6448.808594	2623
6453.243652	2606
6457.678711	2627
6462.114258	2645
6466.549316	2593
6470.984375	2592
6475.419922	2579
6479.854980	2560
6484.290039	2567
6488.725586	2622
6493.160645	2631
6497.595703	2600
6502.031250	2608
6506.466309	2563
6510.901367	2575
6515.336914	2617
6519.771973	2617
6524.207031	2565
6528.642578	2576
6533.077637	2594
6537.512695	2594
6541.947754	2583
6546.383301	2529
6550.818359	2467
6555.253418	2449
6559.688965	2478
6564.124023	2512
6568.559082	2525
6572.994629	2584
6577.429688	2559
6581.864746	2542
6586.300293	2587
6590.735352	2580
6595.170410	2567
6599.605957	2591
6604.041016	2594
6608.476074	2587
6612.911621	2567
6617.346680	2593
6621.781738	2603
6626.217285	2507
6630.652344	2514
6635.087402	2584
6639.522949	2613
6643.958008	2615
6648.393066	2610
6652.828613	2606
6657.263672	2619
6661.698730	2599
6666.134277	2580
6670.569336	2550
6675.004395	2607
6679.439941	2662
6683.875000	2638
6688.310059	2655
6692.745605	2650
6697.180664	2665
6701.615723	2704
6706.051270	2699
6710.486328	2632
6714.921387	2617
6719.356934	2687
6723.791992	2680
6728.227051	2665
6732.662598	2697
6737.097656	2661
6741.532715	2626
6745.968262	2630
6750.403320	2666
6754.838379	2674
6759.273926	2658
6763.708984	2668
6768.144043	2723
6772.579590	2724
6777.014648	2693
6781.449707	2708
6785.885254	2741
6790.320313	2755
6794.755371	2726
6799.190918	2686
6803.625977	2681
6808.061035	2704
6812.496582	2659
6816.931641	2646
6821.366699	2698
6825.802246	2680
6830.237305	2660
6834.672363	2647
6839.107422	2679
6843.542969	2657
6847.978027	2656
6852.413086	2645
6856.848633	2571
6861.283691	2497
6865.718750	2462
6870.154297	2419
6874.589355	2443
6879.024414	2501
6883.459961	2527
6887.895020	2494
6892.330078	2510
6896.765625	2581
6901.200684	2548
6905.635742	2582
6910.071289	2621
6914.506348	2615
6918.941406	2586
6923.376953	2553
6927.812012	2614
6932.247070	2656
6936.682617	2623
6941.117676	2620
6945.552734	2665
6949.988281	2709
6954.423340	2749
6958.858398	2729
6963.293945	2748
6967.729004	2775
6972.164063	2765
6976.599609	2710
6981.034668	2744
6985.469727	2763
6989.905273	2720
6994.340332	2746
6998.775391	2710
7003.210938	2721
7007.645996	2792
7012.081055	2822
7016.516602	2830
7020.951660	2817
7025.386719	2770
7029.822266	2760
7034.257324	2745
7038.692383	2703
7043.127930	2690
7047.562988	2708
7051.998047	2754
7056.433594	2753
7060.868652	2734
7065.303711	2738
7069.739258	2761
7074.174316	2751
7078.609375	2737
7083.044922	2723
7087.479980	2733
7091.915039	2733
7096.350586	2723
7100.785645	2738
7105.220703	2716
7109.656250	2701
7114.091309	2784
7118.526367	2803
7122.961914	2716
7127.396973	2681
7131.832031	2671
7136.267578	2665
7140.702637	2672
7145.137695	2677
7149.572754	2634
7154.008301	2514
7158.443359	2463
7162.878418	2488
7167.313965	2468
7171.749023	2442
7176.184082	2432
7180.619629	2414
7185.054688	2402
7189.489746	2380
7193.925293	2398
7198.360352	2397
7202.795410	2427
7207.230957	2414
7211.666016	2380
7216.101074	2348
7220.536621	2343
7224.971680	2316
7229.406738	2300
7233.842285	2303
7238.277344	2263
7242.712402	2251
7247.147949	2246
7251.583008	2187
7256.018066	2205
7260.453613	2229
7264.888672	2187
7269.323730	2203
7273.759277	2180
7278.194336	2151
7282.629395	2130
7287.064941	2095
7291.500000	2114
7295.935059	2132
7300.370605	2111
7304.805664	2109
7309.240723	2156
7313.676270	2157
7318.111328	2133
7322.546387	2137
7326.981934	2205
7331.416992	2187
7335.852051	2107
7340.287598	2097
7344.722656	2138
7349.157715	2139
7353.593262	2100
7358.028320	2117
7362.463379	2127
7366.898926	2102
7371.333984	2088
7375.769043	2059
7380.204590	2047
7384.639648	2069
7389.074707	2010
7393.510254	1980
7397.945313	1983
7402.380371	2011
7406.815918	1998
7411.250977	1977
7415.686035	1926
7420.121582	1898
7424.556641	1891
7428.991699	1879
7433.427246	1894
7437.862305	1914
7442.297363	1887
7446.732422	1782
7451.167969	1841
7455.603027	1913
7460.038086	1842
7464.473633	1835
7468.908691	1853
7473.343750	1833
7477.779297	1759
7482.214355	1788
7486.649414	1841
7491.084961	1775
7495.520020	1695
7499.955078	1664
7504.390625	1688
7508.825684	1659
7513.260742	1681
7517.696289	1710
7522.131348	1671
7526.566406	1583
7531.001953	1536
7535.437012	1560
7539.872070	1609
7544.307617	1616
7548.742676	1562
7553.177734	1495
7557.613281	1503
7562.048340	1506
7566.483398	1452
7570.918945	1411
7575.354004	1353
7579.789063	1252
7584.224609	1160
7588.659668	1117
7593.094727	1091
7597.530273	1048
7601.965332	999
7606.400391	984
7610.835938	1027
7615.270996	1067
7619.706055	1069
7624.141602	1000
7628.576660	973
7633.011719	1000
7637.447266	1048
7641.882324	1048
7646.317383	1022
7650.752930	1014
7655.187988	1025
7659.623047	1066
7664.058594	1105
7668.493652	1122
7672.928711	1121
7677.364258	1097
7681.799316	1104
7686.234375	1118
7690.669922	1162
7695.104980	1182
7699.540039	1157
7703.975586	1128
7708.410645	1092
7712.845703	1063
7717.281250	1079
7721.716309	1071
7726.151367	1059
7730.586914	1079
7735.021973	1078
7739.457031	1106
7743.892578	1102
7748.327637	1081
7752.762695	1070
7757.197754	1061
7761.633301	1003
7766.068359	995
7770.503418	1014
7774.938965	1009
7779.374023	1014
7783.809082	985
7788.244629	935
7792.679688	910
7797.114746	866
7801.550293	850
7805.985352	848
7810.420410	897
7814.855957	893
7819.291016	864
7823.726074	871
7828.161621	873
7832.596680	845
7837.031738	800
7841.467285	802
7845.902344	786
7850.337402	790
7854.772949	792
7859.208008	797
7863.643066	836
7868.078613	790
7872.513672	774
7876.948730	767
7881.384277	759
7885.819336	727
7890.254395	722
7894.689941	769
7899.125000	799
7903.560059	760
7907.995605	743
7912.430664	774
7916.865723	762
7921.301270	745
7925.736328	761
7930.171387	774
7934.606934	784
7939.041992	793
7943.477051	776
7947.912598	784
7952.347656	789
7956.782715	797
7961.218262	780
7965.653320	775
7970.088379	778
7974.523926	763
7978.958984	778
7983.394043	786
7987.829590	786
7992.264648	785
7996.699707	768
8001.135254	803
8005.570313	837
8010.005371	812
8014.440918	785
8018.875977	756
8023.311035	739
8027.746582	764
8032.181641	807
8036.616699	785
8041.052246	761
8045.487305	765
8049.922363	789
8054.357422	766
8058.792969	746
8063.228027	730
8067.663086	762
8072.098633	790
8076.533691	755
8080.968750	762
8085.404297	738
8089.839355	750
8094.274414	757
8098.709961	761
8103.145020	735
8107.580078	729
8112.015625	709
8116.450684	681
8120.885742	665
8125.321289	671
8129.756348	666
8134.191406	652
8138.626953	635
8143.062012	632
8147.497070	658
8151.932617	668
8156.367676	647
8160.802734	628
8165.238281	616
8169.673340	560
8174.108398	571
8178.543945	605
8182.979004	591
8187.414063	561
8191.849609	571
8196.285156	579
8200.719727	552
8205.155273	521
8209.589844	554
8214.025391	553
8218.460938	536
8222.895508	535
8227.331055	526
8231.766602	546
8236.201172	545
8240.636719	550
8245.072266	556
8249.506836	547
8253.942383	537
8258.377930	532
8262.812500	540
8267.248047	547
8271.683594	543
8276.118164	557
8280.553711	557
8284.989258	523
8289.423828	518
8293.859375	536
8298.294922	574
8302.729492	595
8307.165039	585
8311.600586	596
8316.035156	589
8320.470703	595
8324.906250	585
8329.340820	553
8333.776367	552
8338.211914	580
8342.646484	578
8347.082031	593
8351.517578	603
8355.952148	607
8360.387695	603
8364.823242	598
8369.257813	611
8373.693359	595
8378.128906	599
8382.563477	627
8386.999023	632
8391.434570	625
8395.869141	609
8400.304688	617
8404.740234	663
8409.174805	671
8413.610352	664
8418.045898	642
8422.480469	641
8426.916016	625
8431.351563	638
8435.786133	657
8440.221680	643
8444.657227	659
8449.091797	667
8453.527344	636
8457.962891	607
8462.397461	627
8466.833008	641
8471.268555	645
8475.703125	660
8480.138672	680
8484.574219	668
8489.008789	660
8493.444336	641
8497.879883	631
8502.314453	602
8506.750000	605
8511.185547	638
8515.620117	672
8520.055664	646
8524.491211	642
8528.925781	651
8533.361328	629
8537.796875	625
8542.231445	598
8546.666992	582
8551.102539	595
8555.537109	601
8559.972656	600
8564.408203	598
8568.842773	581
8573.278320	569
8577.713867	588
8582.148438	582
8586.583984	573
8591.019531	572
8595.454102	576
8599.889648	593
8604.325195	594
8608.759766	602
8613.195313	575
8617.630859	560
8622.065430	561
8626.500977	544
8630.936523	546
8635.371094	575
8639.806641	539
8644.242188	527
8648.676758	531
8653.112305	526
8657.547852	542
8661.982422	535
8666.417969	511
8670.853516	519
8675.288086	516
8679.723633	472
8684.159180	457
8688.593750	486
8693.029297	502
8697.464844	515
8701.899414	506
8706.334961	461
8710.770508	470
8715.205078	472
8719.640625	470
8724.076172	456
8728.510742	440
8732.946289	422
8737.381836	419
8741.816406	445
8746.251953	449
8750.687500	431
8755.122070	430
8759.557617	438
8763.993164	428
8768.427734	416
8772.863281	398
8777.298828	397
8781.733398	419
8786.168945	429
8790.604492	426
8795.039063	433
8799.474609	440
8803.910156	443
8808.344727	432
8812.780273	416
8817.214844	416
8821.650391	442
8826.085938	428
8830.520508	441
8834.956055	442
8839.391602	412
8843.826172	388
8848.261719	417
8852.697266	443
8857.131836	429
8861.567383	427
8866.002930	400
8870.437500	375
8874.873047	381
8879.308594	393
8883.743164	400
8888.178711	406
8892.614258	402
8897.048828	409
8901.484375	398
8905.919922	390
8910.354492	376
8914.790039	396
8919.225586	422
8923.660156	430
8928.095703	433
8932.531250	423
8936.965820	416
8941.401367	372
8945.836914	378
8950.271484	365
8954.707031	368
8959.142578	396
8963.577148	415
8968.012695	400
8972.448242	400
8976.882813	432
8981.318359	443
8985.753906	431
8990.188477	405
8994.624023	405
8999.059570	419
9003.494141	413
9007.929688	397
9012.365234	408
9016.799805	428
9021.235352	406
9025.670898	380
9030.105469	396
9034.541016	398
9038.976563	400
9043.411133	426
9047.846680	422
9052.282227	395
9056.716797	403
9061.152344	417
9065.587891	400
9070.022461	419
9074.458008	400
9078.893555	401
9083.328125	420
9087.763672	419
9092.199219	392
9096.633789	362
9101.069336	363
9105.504883	393
9109.939453	442
9114.375000	421
9118.810547	399
9123.245117	405
9127.680664	406
9132.116211	430
9136.550781	430
9140.986328	417
9145.421875	403
9149.856445	396
9154.291992	403
9158.727539	407
9163.162109	383
9167.597656	383
9172.033203	411
9176.467773	411
9180.903320	417
9185.338867	409
9189.773438	414
9194.208984	401
9198.644531	398
9203.079102	406
9207.514648	433
9211.950195	424
9216.384766	412
9220.820313	399
9225.255859	396
9229.690430	407
9234.125977	397
9238.561523	391
9242.996094	409
9247.431641	413
9251.867188	408
9256.301758	422
9260.737305	439
9265.172852	435
9269.607422	407
9274.042969	406
9278.478516	410
9282.913086	417
9287.348633	415
9291.784180	436
9296.218750	437
9300.654297	428
9305.089844	414
9309.524414	376
9313.959961	377
9318.395508	390
9322.830078	399
9327.265625	413
9331.701172	398
9336.135742	417
9340.571289	422
9345.006836	414
9349.441406	409
9353.876953	414
9358.312500	400
9362.747070	430
9367.182617	430
9371.618164	414
9376.052734	410
9380.488281	405
9384.923828	414
9389.358398	428
9393.793945	441
9398.229492	432
9402.664063	412
9407.099609	414
9411.535156	418
9415.969727	401
9420.405273	419
9424.839844	422
9429.275391	435
9433.710938	436
9438.145508	431
9442.581055	414
9447.016602	416
9451.451172	429
9455.886719	423
9460.322266	411
9464.756836	433
9469.192383	448
9473.627930	447
9478.062500	443
9482.498047	434
9486.933594	441
9491.368164	437
9495.803711	448
9500.239258	426
9504.673828	447
9509.109375	438
9513.544922	422
9517.979492	440
9522.415039	467
9526.850586	453
9531.285156	435
9535.720703	428
9540.156250	452
9544.590820	467
9549.026367	461
9553.461914	445
9557.896484	439
9562.332031	455
9566.767578	450
9571.202148	450
9575.637695	442
9580.073242	445
9584.507813	459
9588.943359	470
9593.378906	488
9597.813477	488
9602.249023	477
9606.684570	479
9611.119141	470
9615.554688	465
9619.990234	453
9624.424805	460
9628.860352	510
9633.295898	515
9637.730469	492
9642.166016	472
9646.601563	471
9651.036133	513
9655.471680	476
9659.907227	454
9664.341797	469
9668.777344	454
9673.212891	450
9677.647461	462
9682.083008	490
9686.518555	539
9690.953125	519
9695.388672	483
9699.824219	493
9704.258789	495
9708.694336	509
9713.129883	512
9717.564453	503
9722.000000	501
9726.435547	492
9730.870117	475
9735.305664	479
9739.741211	515
9744.175781	528
9748.611328	477
9753.046875	461
9757.481445	503
9761.916992	494
9766.352539	507
9770.787109	501
9775.222656	495
9779.658203	487
9784.092773	497
9788.528320	511
9792.963867	510
9797.398438	505
9801.833984	487
9806.269531	497
9810.704102	499
9815.139648	491
9819.575195	484
9824.009766	484
9828.445313	532
9832.880859	501
9837.315430	471
9841.750977	477
9846.186523	498
9850.621094	520
9855.056641	501
9859.492188	504
9863.926758	493
9868.362305	518
9872.797852	539
9877.232422	509
9881.667969	494
9886.103516	483
9890.538086	501
9894.973633	482
9899.409180	469
9903.843750	476
9908.279297	495
9912.714844	528
9917.149414	560
9921.584961	560
9926.020508	506
9930.455078	479
9934.890625	473
9939.326172	506
9943.760742	474
9948.196289	466
9952.631836	512
9957.066406	545
9961.501953	516
9965.937500	509
9970.372070	492
9974.807617	460
9979.243164	493
9983.677734	492
9988.113281	492
9992.548828	529
9996.983398	529
10001.418945	515
10005.854492	503
10010.289063	495
10014.724609	492
10019.160156	484
10023.594727	488
10028.030273	481
10032.464844	487
10036.900391	483
10041.335938	476
10045.770508	501
10050.206055	494
10054.641602	454
10059.076172	436
10063.511719	443
10067.947266	455
10072.381836	458
10076.817383	459
10081.252930	465
10085.687500	466
10090.123047	448
10094.558594	429
10098.993164	441
10103.428711	479
10107.864258	465
10112.298828	433
10116.734375	413
10121.169922	413
10125.604492	440
10130.040039	431
10134.475586	433
10138.910156	434
10143.345703	417
10147.781250	418
10152.215820	438
10156.651367	434
10161.086914	400
10165.521484	401
10169.957031	399
10174.392578	396
10178.827148	411
10183.262695	399
10187.698242	390
10192.132813	389
10196.568359	381
10201.003906	375
10205.438477	378
10209.874023	382
10214.309570	364
10218.744141	357
10223.179688	339
10227.615234	327
10232.049805	336
10236.485352	320
10240.920898	277
10245.355469	247
10249.791016	234
10254.226563	209
10258.661133	189
10263.096680	193
10267.532227	178
10271.966797	169
10276.402344	167
10280.837891	175
10285.272461	154
10289.708008	147
10294.143555	148
10298.578125	148
10303.013672	140
10307.449219	135
10311.883789	135
10316.319336	139
10320.754883	139
10325.189453	138
10329.625000	138
10334.060547	121
10338.495117	120
10342.930664	120
10347.366211	118
10351.800781	120
10356.236328	115
10360.671875	120
10365.106445	122
10369.541992	116
10373.977539	110
10378.412109	121
10382.847656	111
10387.283203	110
10391.717773	95
10396.153320	92
10400.588867	90
10405.023438	93
10409.458984	92
10413.894531	87
10418.329102	87
10422.764648	81
10427.200195	82
10431.634766	63
10436.070313	67
10440.505859	71
10444.940430	70
10449.375977	75
10453.811523	70
10458.246094	64
10462.681641	61
10467.117188	65
10471.551758	61
10475.987305	65
10480.422852	59
10484.857422	56
10489.292969	49
10493.728516	48
10498.163086	46
10502.598633	46
10507.034180	44
10511.468750	38
10515.904297	47
10520.339844	46
10524.774414	39
10529.209961	37
10533.645508	32
10538.080078	27
10542.515625	27
10546.951172	27
10551.385742	25
10555.821289	23
10560.256836	17
10564.691406	18
10569.126953	12
10573.562500	17
10577.997070	16
10582.432617	16
10586.868164	9
10591.302734	9
10595.738281	10
10600.173828	6
10604.608398	2
10609.043945	0
10613.479492	0
10617.914063	0
10622.349609	0
10626.785156	0
10631.219727	0
10635.655273	0
10640.089844	0
10644.525391	0
10648.960938	0
10653.395508	0
10657.831055	0
10662.266602	0
10666.701172	0
10671.136719	0
10675.572266	0
10680.006836	0
10684.442383	0
10688.877930	0
10693.312500	0
10697.748047	0
10702.183594	0
10706.618164	0
10711.053711	0
10715.489258	0
10719.923828	0
10724.359375	0
10728.794922	0
10733.229492	0
10737.665039	0
10742.100586	0
10746.535156	0
10750.970703	0
10755.406250	0
10759.840820	0
10764.276367	0
10768.711914	0
10773.146484	0
10777.582031	0
10782.017578	0
10786.452148	0
10790.887695	0
10795.323242	0
10799.757813	0
10804.193359	0
10808.628906	0
10813.063477	0
10817.499023	0
10821.934570	0
10826.369141	0
10830.804688	0
10835.240234	0
10839.674805	0
10844.110352	0
10848.545898	0
10852.980469	0
10857.416016	0
10861.851563	0
10866.286133	0
10870.721680	0
10875.157227	0
10879.591797	0
10884.027344	0
10888.462891	0
10892.897461	0
10897.333008	0
10901.768555	0
10906.203125	0
10910.638672	0
10915.074219	0
10919.508789	0
10923.944336	0
10928.379883	0
10932.814453	0
10937.250000	0
10941.685547	0
10946.120117	0
10950.555664	0
10954.991211	0
10959.425781	0
10963.861328	0
10968.296875	0
10972.731445	0
10977.166992	0
10981.602539	0
10986.037109	0
10990.472656	0
10994.908203	0
10999.342773	0
11003.778320	0
11008.213867	0
11012.648438	0
11017.083984	0
11021.519531	0
11025.954102	0
11030.389648	0
11034.825195	0
11039.259766	0
11043.695313	0
11048.130859	0
11052.565430	0
11057.000977	0
11061.436523	0
11065.871094	0
11070.306641	0
11074.742188	0
11079.176758	0
11083.612305	0
11088.047852	0
11092.482422	0
11096.917969	0
11101.353516	0
11105.788086	0
11110.223633	0
11114.659180	0
11119.093750	0
11123.529297	0
11127.964844	0
11132.399414	0
11136.834961	0
11141.270508	0
11145.705078	0
11150.140625	0
11154.576172	0
11159.010742	0
11163.446289	0
11167.881836	0
11172.316406	0
11176.751953	0
11181.187500	0
11185.622070	0
11190.057617	0
11194.493164	0
11198.927734	0
11203.363281	0
11207.798828	0
11212.233398	0
11216.668945	0
11221.104492	0
11225.539063	0
11229.974609	0
11234.410156	0
11238.844727	0
11243.280273	0
11247.714844	0
11252.150391	0
11256.585938	0
11261.020508	0
11265.456055	0
11269.891602	0
11274.326172	0
11278.761719	0
11283.197266	0
11287.631836	0
11292.067383	0
11296.502930	0
11300.937500	0
11305.373047	0
11309.808594	0
11314.243164	0
11318.678711	0
11323.114258	0
11327.548828	0
11331.984375	0
11336.419922	0
11340.854492	0
11345.290039	0
11349.725586	0
11354.160156	0
11358.595703	0
11363.031250	0
11367.465820	0
11371.901367	0
11376.336914	0
11380.771484	0
11385.207031	0
11389.642578	0
11394.077148	0
11398.512695	0
11402.948242	0
11407.382813	0
11411.818359	0
11416.253906	0
11420.688477	0
11425.124023	0
11429.559570	0
11433.994141	0
11438.429688	0
11442.865234	0
11447.299805	0
11451.735352	0
11456.170898	0
11460.605469	0
11465.041016	0
11469.476563	0
11473.911133	0
11478.346680	0
11482.782227	0
11487.216797	0
11491.652344	0
11496.087891	0
11500.522461	0
11504.958008	0
11509.393555	0
11513.828125	0
11518.263672	0
11522.699219	0
11527.133789	0
11531.569336	0
11536.004883	0
11540.439453	0
11544.875000	0
11549.310547	0
11553.745117	0
11558.180664	0
11562.616211	0
11567.050781	0
11571.486328	0
11575.921875	0
11580.356445	0
11584.791992	0
11589.227539	0
11593.662109	0
11598.097656	0
11602.533203	0
11606.967773	0
11611.403320	0
11615.838867	0
11620.273438	0
11624.708984	0
11629.144531	0
11633.579102	0
11638.014648	0
11642.450195	0
11646.884766	0
11651.320313	0
11655.755859	0
11660.190430	0
11664.625977	0
11669.061523	0
11673.496094	0
11677.931641	0
11682.367188	0
11686.801758	0
11691.237305	0
11695.672852	0
11700.107422	0
11704.542969	0
11708.978516	0
11713.413086	0
11717.848633	0
11722.284180	0
11726.718750	0
11731.154297	0
11735.589844	0
11740.024414	0
11744.459961	0
11748.895508	0
11753.330078	0
11757.765625	0
11762.201172	0
11766.635742	0
11771.071289	0
11775.506836	0
11779.941406	0
11784.376953	0
11788.812500	0
11793.247070	0
11797.682617	0
11802.118164	0
11806.552734	0
11810.988281	0
11815.423828	0
11819.858398	0
11824.293945	0
11828.729492	0
11833.164063	0
11837.599609	0
11842.035156	0
11846.469727	0
11850.905273	0
11855.339844	0
11859.775391	0
11864.210938	0
11868.645508	0
11873.081055	0
11877.516602	0
11881.951172	0
11886.386719	0
11890.822266	0
11895.256836	0
11899.692383	0
11904.127930	0
11908.562500	0
11912.998047	0
11917.433594	0
11921.868164	0
11926.303711	0
11930.739258	0
11935.173828	0
11939.609375	0
11944.044922	0
11948.479492	0
11952.915039	0
11957.350586	0
11961.785156	0
11966.220703	0
11970.656250	0
11975.090820	0
11979.526367	0
11983.961914	0
11988.396484	0
11992.832031	0
11997.267578	0
12001.702148	0
12006.137695	0
12010.573242	0
12015.007813	0
12019.443359	0
12023.878906	0
12028.313477	0
12032.749023	0
12037.184570	0
12041.619141	0
12046.054688	0
12050.490234	0
12054.924805	0
12059.360352	0
12063.795898	0
12068.230469	0
12072.666016	0
12077.101563	0
12081.536133	0
12085.971680	0
12090.407227	0
12094.841797	0
12099.277344	0
12103.712891	0
12108.147461	0
12112.583008	0
12117.018555	0
12121.453125	0
12125.888672	0
12130.324219	0
12134.758789	0
12139.194336	0
12143.629883	0
12148.064453	0
12152.500000	0
12156.935547	0
12161.370117	0
12165.805664	0
12170.241211	0
12174.675781	0
12179.111328	0
12183.546875	0
12187.981445	0
12192.416992	0
12196.852539	0
12201.287109	0
12205.722656	0
12210.158203	0
12214.592773	0
12219.028320	0
12223.463867	0
12227.898438	0
12232.333984	0
12236.769531	0
12241.204102	0
12245.639648	0
12250.075195	0
12254.509766	0
12258.945313	0
12263.380859	0
12267.815430	0
12272.250977	0
12276.686523	0
12281.121094	0
12285.556641	0
12289.992188	0
12294.426758	0
12298.862305	0
12303.297852	0
12307.732422	0
12312.167969	0
12316.603516	0
12321.038086	0
12325.473633	0
12329.909180	0
12334.343750	0
12338.779297	0
12343.214844	0
12347.649414	0
12352.084961	0
12356.520508	0
12360.955078	0
12365.390625	0
12369.826172	0
12374.260742	0
12378.696289	0
12383.131836	0
12387.566406	0
12392.001953	0
12396.437500	0
12400.872070	0
12405.307617	0
12409.743164	0
12414.177734	0
12418.613281	0
12423.048828	0
12427.483398	0
12431.918945	0
12436.354492	0
12440.789063	0
12445.224609	0
12449.660156	0
12454.094727	0
12458.530273	0
12462.964844	0
12467.400391	0
12471.835938	0
12476.270508	0
12480.706055	0
12485.141602	0
12489.576172	0
12494.011719	0
12498.447266	0
12502.881836	0
12507.317383	0
12511.752930	0
12516.187500	0
12520.623047	0
12525.058594	0
12529.493164	0
12533.928711	0
12538.364258	0
12542.798828	0
12547.234375	0
12551.669922	0
12556.104492	0
12560.540039	0
12564.975586	0
12569.410156	0
12573.845703	0
12578.281250	0
12582.715820	0
12587.151367	0
12591.586914	0
12596.021484	0
12600.457031	0
12604.892578	0
12609.327148	0
12613.762695	0
12618.198242	0
12622.632813	0
12627.068359	0
12631.503906	0
12635.938477	0
12640.374023	0
12644.809570	0
12649.244141	0
12653.679688	0
12658.115234	0
12662.549805	0
12666.985352	0
12671.420898	0
12675.855469	0
12680.291016	0
12684.726563	0
12689.161133	0
12693.596680	0
12698.032227	0
12702.466797	0
12706.902344	0
12711.337891	0
12715.772461	0
12720.208008	0
12724.643555	0
12729.078125	0
12733.513672	0
12737.949219	0
12742.383789	0
12746.819336	0
12751.254883	0
12755.689453	0
12760.125000	0
12764.560547	0
12768.995117	0
12773.430664	0
12777.866211	0
12782.300781	0
12786.736328	0
12791.171875	0
12795.606445	0
12800.041992	0
12804.477539	0
12808.912109	0
12813.347656	0
12817.783203	0
12822.217773	0
12826.653320	0
12831.088867	0
12835.523438	0
12839.958984	0
12844.394531	0
12848.829102	0
12853.264648	0
12857.700195	0
12862.134766	0
12866.570313	0
12871.005859	0
12875.440430	0
12879.875977	0
