-4145.959961	0
-4141.540039	0
-4137.120117	0
-4132.700195	0
-4128.280273	0
-4123.859863	0
-4119.439941	0
-4115.020020	0
-4110.600098	0
-4106.180176	0
-4101.760254	0
-4097.339844	0
-4092.920166	0
-4088.500000	0
-4084.080078	0
-4079.660156	0
-4075.239990	0
-4070.820068	0
-4066.400146	0
-4061.979980	0
-4057.560059	0
-4053.140137	0
-4048.719971	0
-4044.300049	0
-4039.880127	0
-4035.459961	0
-4031.040039	0
-4026.620117	0
-4022.199951	0
-4017.780029	0
-4013.360107	0
-4008.940186	0
-4004.520020	0
-4000.100098	0
-3995.680176	0
-3991.260010	0
-3986.840088	0
-3982.420166	0
-3978.000000	0
-3973.580078	0
-3969.160156	0
-3964.739990	0
-3960.320068	0
-3955.900146	0
-3951.479980	0
-3947.060059	0
-3942.640137	0
-3938.219971	0
-3933.800049	0
-3929.380127	0
-3924.959961	0
-3920.540039	0
-3916.120117	0
-3911.699951	0
-3907.280029	0
-3902.860107	0
-3898.440186	0
-3894.020020	0
-3889.600098	0
-3885.180176	0
-3880.760010	0
-3876.340088	0
-3871.920166	0
-3867.500000	0
-3863.080078	0
-3858.660156	0
-3854.239990	0
-3849.820068	0
-3845.400146	0
-3840.979980	0
-3836.560059	0
-3832.140137	0
-3827.719971	0
-3823.300049	0
-3818.880127	0
-3814.459961	0
-3810.040039	0
-3805.620117	0
-3801.199951	0
-3796.780029	0
-3792.360107	0
-3787.940186	0
-3783.520020	0
-3779.100098	0
-3774.680176	0
-3770.260010	0
-3765.840088	0
-3761.420166	0
-3757.000000	0
-3752.580078	0
-3748.160156	0
-3743.739990	0
-3739.320068	0
-3734.900146	0
-3730.479980	0
-3726.060059	0
-3721.640137	0
-3717.219971	0
-3712.800049	0
-3708.380127	0
-3703.959961	0
-3699.540039	0
-3695.120117	0
-3690.699951	0
-3686.280029	0
-3681.860107	0
-3677.439941	0
-3673.020020	0
-3668.600098	0
-3664.180176	0
-3659.760010	0
-3655.340088	0
-3650.920166	0
-3646.500000	0
-3642.080078	0
-3637.660156	0
-3633.239990	0
-3628.820068	0
-3624.400146	0
-3619.979980	0
-3615.560059	0
-3611.140137	0
-3606.719971	0
-3602.300049	0
-3597.880127	0
-3593.459961	0
-3589.040039	0
-3584.620117	0
-3580.199951	0
-3575.780029	0
-3571.360107	0
-3566.939941	0
-3562.520020	0
-3558.100098	0
-3553.680176	0
-3549.260010	0
-3544.840088	0
-3540.420166	0
-3536.000000	0
-3531.580078	0
-3527.160156	0
-3522.739990	0
-3518.320068	0
-3513.900146	0
-3509.479980	0
-3505.060059	0
-3500.640137	0
-3496.219971	0
-3491.800049	0
-3487.380127	0
-3482.959961	0
-3478.540039	0
-3474.120117	0
-3469.699951	0
-3465.280029	0
-3460.860107	0
-3456.439941	0
-3452.020020	0
-3447.600098	0
-3443.180176	0
-3438.760010	0
-3434.340088	0
-3429.920166	0
-3425.500000	0
-3421.080078	0
-3416.660156	0
-3412.239990	0
-3407.820068	0
-3403.400146	0
-3398.979980	0
-3394.560059	0
-3390.140137	0
-3385.719971	0
-3381.300049	0
-3376.880127	0
-3372.459961	0
-3368.040039	0
-3363.620117	0
-3359.199951	0
-3354.780029	0
-3350.360107	0
-3345.939941	0
-3341.520020	0
-3337.100098	0
-3332.680176	0
-3328.260010	0
-3323.840088	0
-3319.420166	0
-3315.000000	0
-3310.580078	0
-3306.160156	0
-3301.739990	0
-3297.320068	0
-3292.900146	0
-3288.479980	0
-3284.060059	0
-3279.640137	0
-3275.219971	0
-3270.800049	0
-3266.380127	0
-3261.959961	0
-3257.540039	0
-3253.120117	0
-3248.699951	0
-3244.280029	0
-3239.860107	0
-3235.439941	1
-3231.020020	2
-3226.600098	3
-3222.180176	5
-3217.760010	8
-3213.340088	9
-3208.920166	10
-3204.500000	12
-3200.080078	12
-3195.660156	18
-3191.239990	19
-3186.820068	20
-3182.400146	23
-3177.979980	23
-3173.560059	22
-3169.140137	24
-3164.719971	30
-3160.300049	27
-3155.880127	28
-3151.459961	30
-3147.040039	33
-3142.620117	41
-3138.199951	39
-3133.780029	40
-3129.360107	40
-3124.939941	43
-3120.520020	44
-3116.100098	40
-3111.680176	50
-3107.260010	53
-3102.840088	51
-3098.420166	56
-3094.000000	56
-3089.580078	46
-3085.160156	50
-3080.739990	53
-3076.320068	60
-3071.900146	61
-3067.479980	62
-3063.060059	60
-3058.640137	59
-3054.219971	65
-3049.800049	65
-3045.380127	63
-3040.959961	65
-3036.540039	80
-3032.120117	83
-3027.699951	77
-3023.280029	74
-3018.860107	72
-3014.439941	77
-3010.020020	92
-3005.600098	84
-3001.179932	83
-2996.760010	97
-2992.340088	102
-2987.920166	89
-2983.500000	97
-2979.080078	96
-2974.660156	104
-2970.239990	106
-2965.820068	104
-2961.400146	105
-2956.979980	107
-2952.560059	113
-2948.140137	110
-2943.719971	113
-2939.300049	110
-2934.880127	103
-2930.459961	113
-2926.040039	120
-2921.620117	118
-2917.199951	113
-2912.780029	122
-2908.360107	137
-2903.939941	142
-2899.520020	136
-2895.100098	121
-2890.679932	115
-2886.260010	118
-2881.840088	119
-2877.420166	131
-2873.000000	128
-2868.580078	126
-2864.160156	129
-2859.739990	148
-2855.320068	142
-2850.900146	139
-2846.479980	151
-2842.060059	166
-2837.640137	160
-2833.219971	146
-2828.800049	153
-2824.380127	143
-2819.959961	156
-2815.540039	158
-2811.120117	158
-2806.699951	165
-2802.280029	163
-2797.860107	172
-2793.439941	174
-2789.020020	168
-2784.600098	157
-2780.179932	169
-2775.760010	162
-2771.340088	164
-2766.920166	170
-2762.500000	164
-2758.080078	162
-2753.660156	177
-2749.239990	176
-2744.820068	171
-2740.400146	171
-2735.979980	188
-2731.560059	175
-2727.140137	181
-2722.719971	198
-2718.300049	191
-2713.880127	185
-2709.459961	188
-2705.040039	182
-2700.620117	189
-2696.199951	201
-2691.780029	194
-2687.360107	191
-2682.939941	195
-2678.520020	204
-2674.100098	211
-2669.679932	210
-2665.260010	208
-2660.840088	193
-2656.420166	194
-2652.000000	204
-2647.580078	185
-2643.160156	197
-2638.739990	230
-2634.320068	211
-2629.900146	215
-2625.479980	210
-2621.060059	218
-2616.640137	207
-2612.219971	226
-2607.800049	191
-2603.380127	202
-2598.959961	227
-2594.540039	223
-2590.120117	209
-2585.699951	212
-2581.280029	227
-2576.860107	217
-2572.439941	206
-2568.020020	217
-2563.600098	201
-2559.179932	202
-2554.760010	219
-2550.340088	224
-2545.919922	235
-2541.500000	237
-2537.080078	232
-2532.660156	233
-2528.239990	248
-2523.820068	239
-2519.400146	232
-2514.979980	221
-2510.560059	226
-2506.140137	216
-2501.719971	215
-2497.300049	218
-2492.880127	210
-2488.459961	211
-2484.040039	198
-2479.620117	213
-2475.199951	222
-2470.780029	231
-2466.360107	223
-2461.939941	219
-2457.520020	205
-2453.100098	200
-2448.679932	213
-2444.260010	212
-2439.840088	196
-2435.419922	206
-2431.000000	206
-2426.580078	221
-2422.160156	228
-2417.739990	212
-2413.320068	210
-2408.900146	221
-2404.479980	214
-2400.060059	226
-2395.640137	227
-2391.219971	220
-2386.800049	224
-2382.380127	215
-2377.959961	223
-2373.540039	217
-2369.120117	215
-2364.699951	212
-2360.280029	200
-2355.860107	197
-2351.439941	205
-2347.020020	207
-2342.600098	208
-2338.179932	216
-2333.760010	198
-2329.340088	202
-2324.919922	207
-2320.500000	212
-2316.080078	233
-2311.660156	243
-2307.239990	221
-2302.820068	227
-2298.400146	222
-2293.979980	215
-2289.560059	220
-2285.140137	210
-2280.719971	202
-2276.300049	206
-2271.880127	214
-2267.459961	228
-2263.040039	231
-2258.620117	226
-2254.199951	227
-2249.780029	210
-2245.360107	198
-2240.939941	200
-2236.520020	204
-2232.100098	227
-2227.679932	222
-2223.260010	221
-2218.840088	215
-2214.419922	217
-2210.000000	206
-2205.580078	203
-2201.160156	215
-2196.739990	217
-2192.320068	210
-2187.900146	227
-2183.479980	219
-2179.060059	213
-2174.640137	219
-2170.219971	242
-2165.800049	222
-2161.380127	214
-2156.959961	201
-2152.540039	203
-2148.120117	202
-2143.699951	200
-2139.280029	211
-2134.860107	221
-2130.439941	225
-2126.020020	223
-2121.600098	215
-2117.179932	224
-2112.760010	223
-2108.340088	213
-2103.919922	202
-2099.500000	195
-2095.080078	205
-2090.660156	193
-2086.239990	190
-2081.820068	184
-2077.400146	203
-2072.979980	210
-2068.560059	228
-2064.140137	228
-2059.719971	211
-2055.300049	205
-2050.880127	207
-2046.460083	200
-2042.040039	195
-2037.619995	208
-2033.200073	212
-2028.780029	209
-2024.359985	211
-2019.940063	213
-2015.520020	204
-2011.099976	207
-2006.680054	213
-2002.260010	212
-1997.840088	225
-1993.420044	219
-1989.000000	231
-1984.580078	234
-1980.160034	206
-1975.739990	210
-1971.320068	223
-1966.900024	211
-1962.479980	211
-1958.060059	210
-1953.640015	204
-1949.220093	215
-1944.800049	224
-1940.380005	217
-1935.960083	225
-1931.540039	226
-1927.119995	223
-1922.700073	216
-1918.280029	202
-1913.859985	215
-1909.440063	221
-1905.020020	213
-1900.599976	202
-1896.180054	206
-1891.760010	213
-1887.340088	210
-1882.920044	212
-1878.500000	200
-1874.080078	199
-1869.660034	199
-1865.239990	202
-1860.820068	199
-1856.400024	213
-1851.979980	209
-1847.560059	226
-1843.140015	218
-1838.719971	226
-1834.300049	223
-1829.880005	233
-1825.460083	228
-1821.040039	221
-1816.619995	214
-1812.200073	204
-1807.780029	207
-1803.359985	208
-1798.940063	200
-1794.520020	196
-1790.099976	211
-1785.680054	210
-1781.260010	195
-1776.840088	212
-1772.420044	197
-1768.000000	207
-1763.580078	222
-1759.160034	213
-1754.739990	207
-1750.320068	211
-1745.900024	220
-1741.479980	210
-1737.060059	198
-1732.640015	197
-1728.219971	211
-1723.800049	230
-1719.380005	239
-1714.960083	218
-1710.540039	200
-1706.119995	210
-1701.700073	210
-1697.280029	207
-1692.859985	206
-1688.440063	223
-1684.020020	235
-1679.599976	229
-1675.180054	211
-1670.760010	207
-1666.340088	211
-1661.920044	226
-1657.500000	214
-1653.080078	214
-1648.660034	217
-1644.239990	197
-1639.820068	221
-1635.400024	242
-1630.979980	232
-1626.560059	216
-1622.140015	219
-1617.719971	240
-1613.300049	227
-1608.880005	232
-1604.460083	233
-1600.040039	220
-1595.619995	210
-1591.200073	211
-1586.780029	209
-1582.359985	221
-1577.940063	211
-1573.520020	204
-1569.099976	198
-1564.680054	210
-1560.260010	229
-1555.840088	217
-1551.420044	203
-1547.000000	202
-1542.580078	210
-1538.160034	225
-1533.739990	205
-1529.320068	199
-1524.900024	214
-1520.479980	228
-1516.060059	223
-1511.640015	222
-1507.219971	211
-1502.800049	207
-1498.380005	221
-1493.960083	219
-1489.540039	214
-1485.119995	209
-1480.700073	216
-1476.280029	221
-1471.859985	217
-1467.440063	220
-1463.020020	218
-1458.599976	215
-1454.180054	220
-1449.760010	222
-1445.339966	208
-1440.920044	200
-1436.500000	206
-1432.080078	208
-1427.660034	212
-1423.239990	208
-1418.820068	204
-1414.400024	216
-1409.979980	220
-1405.560059	209
-1401.140015	198
-1396.719971	206
-1392.300049	212
-1387.880005	223
-1383.460083	235
-1379.040039	227
-1374.619995	218
-1370.200073	217
-1365.780029	219
-1361.359985	209
-1356.940063	213
-1352.520020	218
-1348.099976	220
-1343.680054	217
-1339.260010	213
-1334.839966	212
-1330.420044	217
-1326.000000	202
-1321.580078	191
-1317.160034	200
-1312.739990	218
-1308.320068	221
-1303.900024	215
-1299.479980	203
-1295.060059	200
-1290.640015	208
-1286.219971	210
-1281.800049	213
-1277.380005	208
-1272.959961	197
-1268.540039	221
-1264.119995	224
-1259.700073	208
-1255.280029	206
-1250.859985	232
-1246.440063	208
-1242.020020	200
-1237.599976	216
-1233.180054	230
-1228.760010	217
-1224.339966	216
-1219.920044	234
-1215.500000	208
-1211.080078	196
-1206.660034	203
-1202.239990	198
-1197.820068	196
-1193.400024	192
-1188.979980	188
-1184.560059	205
-1180.140015	222
-1175.719971	214
-1171.300049	206
-1166.880005	212
-1162.459961	216
-1158.040039	229
-1153.619995	224
-1149.200073	226
-1144.780029	226
-1140.359985	227
-1135.940063	220
-1131.520020	207
-1127.099976	217
-1122.680054	203
-1118.260010	206
-1113.839966	203
-1109.420044	206
-1105.000000	206
-1100.580078	200
-1096.160034	197
-1091.739990	205
-1087.320068	207
-1082.900024	212
-1078.479980	211
-1074.060059	213
-1069.640015	223
-1065.219971	231
-1060.800049	218
-1056.380005	223
-1051.959961	218
-1047.540039	205
-1043.119995	192
-1038.700073	212
-1034.280029	206
-1029.859985	208
-1025.440063	194
-1021.020020	198
-1016.600037	217
-1012.179993	217
-1007.760010	208
-1003.340027	209
-998.920044	207
-994.500000	215
-990.080017	215
-985.660034	213
-981.239990	201
-976.820007	205
-972.400024	218
-967.980042	230
-963.559998	229
-959.140015	223
-954.720032	201
-950.299988	211
-945.880005	216
-941.460022	222
-937.040039	207
-932.619995	213
-928.200012	212
-923.780029	220
-919.359985	213
-914.940002	220
-910.520020	233
-906.100037	229
-901.679993	224
-897.260010	221
-892.840027	218
-888.420044	210
-884.000000	215
-879.580017	213
-875.160034	223
-870.739990	224
-866.320007	220
-861.900024	205
-857.480042	226
-853.059998	235
-848.640015	227
-844.220032	222
-839.799988	244
-835.380005	238
-830.960022	248
-826.540039	247
-822.119995	239
-817.700012	231
-813.280029	204
-808.859985	213
-804.440002	215
-800.020020	218
-795.600037	210
-791.179993	201
-786.760010	201
-782.340027	218
-777.920044	215
-773.500000	211
-769.080017	225
-764.660034	237
-760.239990	235
-755.820007	224
-751.400024	207
-746.980042	208
-742.559998	205
-738.140015	208
-733.720032	227
-729.299988	223
-724.880005	220
-720.460022	210
-716.040039	211
-711.619995	218
-707.200012	222
-702.780029	223
-698.359985	224
-693.940002	213
-689.520020	218
-685.100037	216
-680.679993	214
-676.260010	223
-671.840027	224
-667.419983	241
-663.000000	247
-658.580017	241
-654.160034	232
-649.739990	221
-645.320007	222
-640.900024	218
-636.479980	216
-632.059998	218
-627.640015	209
-623.220032	201
-618.799988	237
-614.380005	227
-609.960022	226
-605.540039	232
-601.119995	220
-596.700012	214
-592.280029	233
-587.859985	230
-583.440002	216
-579.020020	217
-574.600037	224
-570.179993	228
-565.760010	218
-561.340027	235
-556.919983	232
-552.500000	223
-548.080017	225
-543.660034	207
-539.239990	227
-534.820007	234
-530.400024	227
-525.979980	234
-521.559998	234
-517.140015	217
-512.720032	220
-508.300018	232
-503.880005	216
-499.460022	204
-495.040009	206
-490.619995	219
-486.200012	233
-481.779999	237
-477.360016	228
-472.940002	222
-468.520020	221
-464.100006	213
-459.679993	235
-455.260010	239
-450.839996	242
-446.420013	253
-442.000000	249
-437.580017	230
-433.160004	240
-428.740021	242
-424.320007	237
-419.899994	241
-415.480011	234
-411.059998	237
-406.640015	233
-402.220001	246
-397.800018	248
-393.380005	252
-388.960022	252
-384.540009	240
-380.119995	243
-375.700012	247
-371.279999	258
-366.860016	250
-362.440002	257
-358.020020	249
-353.600006	233
-349.179993	239
-344.760010	231
-340.339996	256
-335.920013	250
-331.500000	257
-327.080017	243
-322.660004	240
-318.239990	270
-313.820007	254
-309.399994	261
-304.980011	256
-300.559998	257
-296.140015	273
-291.720001	269
-287.300018	268
-282.880005	264
-278.459991	264
-274.040009	262
-269.619995	277
-265.200012	282
-260.779999	277
-256.360016	283
-251.940002	279
-247.520004	306
-243.100006	315
-238.680008	302
-234.260010	297
-229.839996	309
-225.419998	313
-221.000000	322
-216.580002	330
-212.160004	349
-207.740005	357
-203.320007	346
-198.900009	344
-194.480011	354
-190.059998	385
-185.639999	385
-181.220001	393
-176.800003	392
-172.380005	416
-167.960007	406
-163.540009	454
-159.119995	477
-154.699997	485
-150.279999	479
-145.860001	503
-141.440002	543
-137.020004	564
-132.600006	586
-128.180008	665
-123.760002	714
-119.340004	759
-114.919998	837
-110.500000	874
-106.080002	930
-101.660004	1058
-97.240005	1182
-92.820000	1267
-88.400002	1393
-83.980003	1587
-79.559998	1766
-75.139999	2058
-70.720001	2352
-66.300003	2673
-61.880001	3179
-57.459999	3743
-53.040001	4368
-48.620003	5125
-44.200001	5973
-39.779999	6713
-35.360001	7253
-30.940001	7618
-26.520000	7990
-22.100000	8241
-17.680000	8369
-13.260000	8465
-8.840000	8578
-4.420000	8630
0.000000	8609
4.420000	8545
8.840000	8474
13.260000	8389
17.680000	8236
22.100000	8117
26.520000	7959
30.940001	7746
35.360001	7413
39.779999	7072
44.200001	6693
48.620003	6199
53.040001	5569
57.459999	4787
61.880001	3893
66.300003	3171
70.720001	2590
75.139999	2200
79.559998	1980
83.980003	1749
88.400002	1518
92.820000	1332
97.240005	1206
101.660004	1102
106.080002	955
110.500000	869
114.919998	812
119.340004	724
123.760002	665
128.180008	621
132.600006	586
137.020004	572
141.440002	552
145.860001	532
150.279999	509
154.699997	485
159.119995	455
163.540009	426
167.960007	401
172.380005	403
176.800003	396
181.220001	374
185.639999	377
190.059998	376
194.480011	368
198.900009	358
203.320007	340
207.740005	328
212.160004	313
216.580002	312
221.000000	306
225.419998	310
229.839996	283
234.260010	293
238.680008	296
243.100006	320
247.520004	304
251.940002	281
256.360016	274
260.779999	301
265.200012	290
269.619995	270
274.040009	253
278.459991	264
282.880005	277
287.300018	286
291.720001	273
296.140015	282
300.559998	276
304.980011	253
309.399994	274
313.820007	282
318.239990	279
322.660004	259
327.080017	240
331.500000	258
335.920013	258
340.339996	265
344.760010	253
349.179993	252
353.600006	236
358.020020	237
362.440002	236
366.860016	238
371.279999	246
375.700012	249
380.119995	256
384.540009	255
388.960022	263
393.380005	248
397.800018	251
402.220001	250
406.640015	257
411.059998	248
415.480011	237
419.899994	236
424.320007	244
428.740021	265
433.160004	246
437.580017	230
442.000000	223
446.420013	236
450.839996	242
455.260010	238
459.679993	234
464.100006	236
468.520020	247
472.940002	244
477.360016	230
481.779999	220
486.200012	237
490.619995	228
495.040009	222
499.460022	228
503.880005	249
508.300018	237
512.720032	242
517.140015	258
521.559998	245
525.979980	249
530.400024	269
534.820007	246
539.239990	226
543.660034	236
548.080017	239
552.500000	231
556.919983	242
561.340027	241
565.760010	251
570.179993	241
574.600037	242
579.020020	235
583.440002	239
587.859985	252
592.280029	251
596.700012	227
601.119995	238
605.540039	250
609.960022	247
614.380005	229
618.799988	244
623.220032	240
627.640015	238
632.059998	232
636.479980	221
640.900024	221
645.320007	237
649.739990	244
654.160034	229
658.580017	240
663.000000	260
667.419983	248
671.840027	254
676.260010	238
680.679993	231
685.100037	229
689.520020	239
693.940002	243
698.359985	235
702.780029	237
707.200012	260
711.619995	244
716.040039	237
720.460022	239
724.880005	252
729.299988	245
733.720032	248
738.140015	246
742.559998	236
746.980042	236
751.400024	232
755.820007	239
760.239990	244
764.660034	245
769.080017	235
773.500000	225
777.920044	220
782.340027	221
786.760010	222
791.179993	236
795.600037	238
800.020020	247
804.440002	270
808.859985	260
813.280029	228
817.700012	223
822.119995	237
826.540039	241
830.960022	232
835.380005	229
839.799988	227
844.220032	226
848.640015	234
853.059998	237
857.480042	231
861.900024	219
866.320007	214
870.739990	221
875.160034	253
879.580017	258
884.000000	251
888.420044	246
892.840027	243
897.260010	239
901.679993	221
906.100037	219
910.520020	242
914.940002	246
919.359985	241
923.780029	243
928.200012	230
932.619995	231
937.040039	246
941.460022	233
945.880005	233
950.299988	243
954.720032	243
959.140015	221
963.559998	238
967.980042	237
972.400024	236
976.820007	254
981.239990	248
985.660034	259
990.080017	267
994.500000	250
998.920044	244
1003.340027	238
1007.760010	237
1012.179993	241
1016.600037	234
1021.020020	222
1025.440063	228
1029.859985	258
1034.280029	256
1038.700073	231
1043.119995	235
1047.540039	230
1051.959961	225
1056.380005	233
1060.800049	245
1065.219971	247
1069.640015	257
1074.060059	249
1078.479980	249
1082.900024	254
1087.320068	269
1091.739990	261
1096.160034	244
1100.580078	235
1105.000000	225
1109.420044	229
1113.839966	240
1118.260010	228
1122.680054	248
1127.099976	278
1131.520020	275
1135.940063	258
1140.359985	228
1144.780029	237
1149.200073	230
1153.619995	237
1158.040039	252
1162.459961	240
1166.880005	238
1171.300049	249
1175.719971	249
1180.140015	253
1184.560059	245
1188.979980	241
1193.400024	237
1197.820068	239
1202.239990	235
1206.660034	244
1211.080078	243
1215.500000	251
1219.920044	239
1224.339966	241
1228.760010	238
1233.180054	246
1237.599976	252
1242.020020	278
1246.440063	272
1250.859985	254
1255.280029	266
1259.700073	264
1264.119995	238
1268.540039	235
1272.959961	230
1277.380005	240
1281.800049	252
1286.219971	254
1290.640015	252
1295.060059	240
1299.479980	241
1303.900024	238
1308.320068	243
1312.739990	232
1317.160034	233
1321.580078	250
1326.000000	258
1330.420044	234
1334.839966	245
1339.260010	264
1343.680054	256
1348.099976	264
1352.520020	270
1356.940063	260
1361.359985	253
1365.780029	236
1370.200073	250
1374.619995	254
1379.040039	241
1383.460083	237
1387.880005	254
1392.300049	253
1396.719971	262
1401.140015	248
1405.560059	226
1409.979980	236
1414.400024	231
1418.820068	250
1423.239990	242
1427.660034	229
1432.080078	225
1436.500000	240
1440.920044	255
1445.339966	255
1449.760010	246
1454.180054	238
1458.599976	246
1463.020020	247
1467.440063	237
1471.859985	245
1476.280029	237
1480.700073	240
1485.119995	238
1489.540039	244
1493.960083	241
1498.380005	250
1502.800049	229
1507.219971	231
1511.640015	251
1516.060059	271
1520.479980	257
1524.900024	250
1529.320068	236
1533.739990	232
1538.160034	241
1542.580078	250
1547.000000	268
1551.420044	245
1555.840088	245
1560.260010	253
1564.680054	245
1569.099976	244
1573.520020	258
1577.940063	265
1582.359985	264
1586.780029	251
1591.200073	269
1595.619995	276
1600.040039	274
1604.460083	253
1608.880005	247
1613.300049	244
1617.719971	257
1622.140015	252
1626.560059	252
1630.979980	267
1635.400024	269
1639.820068	252
1644.239990	238
1648.660034	241
1653.080078	230
1657.500000	244
1661.920044	253
1666.340088	243
1670.760010	233
1675.180054	244
1679.599976	255
1684.020020	273
1688.440063	261
1692.859985	258
1697.280029	250
1701.700073	252
1706.119995	239
1710.540039	228
1714.960083	224
1719.380005	229
1723.800049	263
1728.219971	277
1732.640015	265
1737.060059	251
1741.479980	252
1745.900024	261
1750.320068	283
1754.739990	265
1759.160034	243
1763.580078	253
1768.000000	264
1772.420044	262
1776.840088	243
1781.260010	247
1785.680054	251
1790.099976	240
1794.520020	240
1798.940063	238
1803.359985	228
1807.780029	237
1812.200073	263
1816.619995	266
1821.040039	259
1825.460083	254
1829.880005	246
1834.300049	253
1838.719971	246
1843.140015	237
1847.560059	237
1851.979980	236
1856.400024	245
1860.820068	268
1865.239990	253
1869.660034	247
1874.080078	257
1878.500000	260
1882.920044	253
1887.340088	255
1891.760010	242
1896.180054	232
1900.599976	249
1905.020020	271
1909.440063	256
1913.859985	247
1918.280029	245
1922.700073	256
1927.119995	274
1931.540039	271
1935.960083	261
1940.380005	267
1944.800049	261
1949.220093	243
1953.640015	251
1958.060059	271
1962.479980	267
1966.900024	270
1971.320068	266
1975.739990	262
1980.160034	250
1984.580078	241
1989.000000	247
1993.420044	246
1997.840088	247
2002.260010	254
2006.680054	241
2011.099976	248
2015.520020	248
2019.940063	249
2024.359985	264
2028.780029	261
2033.200073	263
2037.619995	260
2042.040039	245
2046.460083	251
2050.880127	268
2055.300049	276
2059.719971	263
2064.140137	251
2068.560059	243
2072.979980	268
2077.400146	283
2081.820068	274
2086.239990	260
2090.660156	270
2095.080078	252
2099.500000	246
2103.919922	243
2108.340088	250
2112.760010	271
2117.179932	271
2121.600098	252
2126.020020	258
2130.439941	254
2134.860107	261
2139.280029	266
2143.699951	262
2148.120117	276
2152.540039	275
2156.959961	258
2161.380127	244
2165.800049	247
2170.219971	261
2174.640137	269
2179.060059	270
2183.479980	263
2187.900146	278
2192.320068	272
2196.739990	262
2201.160156	246
2205.580078	253
2210.000000	250
2214.419922	250
2218.840088	244
2223.260010	255
2227.679932	250
2232.100098	229
2236.520020	252
2240.939941	270
2245.360107	252
2249.780029	259
2254.199951	272
2258.620117	242
2263.040039	259
2267.459961	278
2271.880127	275
2276.300049	270
2280.719971	290
2285.140137	275
2289.560059	249
2293.979980	258
2298.400146	262
2302.820068	270
2307.239990	266
2311.660156	254
2316.080078	261
2320.500000	261
2324.919922	265
2329.340088	268
2333.760010	286
2338.179932	278
2342.600098	260
2347.020020	268
2351.439941	285
2355.860107	257
2360.280029	255
2364.699951	259
2369.120117	256
2373.540039	246
2377.959961	261
2382.380127	293
2386.800049	294
2391.219971	284
2395.640137	280
2400.060059	262
2404.479980	267
2408.900146	262
2413.320068	250
2417.739990	261
2422.160156	272
2426.580078	251
2431.000000	229
2435.419922	246
2439.840088	261
2444.260010	270
2448.679932	265
2453.100098	267
2457.520020	268
2461.939941	251
2466.360107	259
2470.780029	267
2475.199951	252
2479.620117	245
2484.040039	255
2488.459961	269
2492.880127	255
2497.300049	262
2501.719971	255
2506.140137	255
2510.560059	256
2514.979980	263
2519.400146	267
2523.820068	277
2528.239990	263
2532.660156	250
2537.080078	259
2541.500000	253
2545.919922	246
2550.340088	266
2554.760010	261
2559.179932	267
2563.600098	257
2568.020020	270
2572.439941	282
2576.860107	261
2581.280029	261
2585.699951	262
2590.120117	280
2594.540039	288
2598.959961	290
2603.380127	272
2607.800049	270
2612.219971	263
2616.640137	254
2621.060059	251
2625.479980	250
2629.900146	256
2634.320068	279
2638.739990	273
2643.160156	265
2647.580078	276
2652.000000	300
2656.420166	272
2660.840088	266
2665.260010	244
2669.679932	252
2674.100098	283
2678.520020	276
2682.939941	264
2687.360107	271
2691.780029	267
2696.199951	267
2700.620117	244
2705.040039	248
2709.459961	263
2713.880127	252
2718.300049	245
2722.719971	252
2727.140137	259
2731.560059	278
2735.979980	271
2740.400146	261
2744.820068	260
2749.239990	270
2753.660156	276
2758.080078	271
2762.500000	279
2766.920166	268
2771.340088	283
2775.760010	276
2780.179932	279
2784.600098	268
2789.020020	276
2793.439941	263
2797.860107	278
2802.280029	285
2806.699951	285
2811.120117	280
2815.540039	266
2819.959961	256
2824.380127	264
2828.800049	257
2833.219971	263
2837.640137	279
2842.060059	280
2846.479980	269
2850.900146	276
2855.320068	275
2859.739990	264
2864.160156	280
2868.580078	261
2873.000000	253
2877.420166	260
2881.840088	278
2886.260010	271
2890.679932	256
2895.100098	261
2899.520020	254
2903.939941	258
2908.360107	286
2912.780029	297
2917.199951	291
2921.620117	264
2926.040039	242
2930.459961	257
2934.880127	262
2939.300049	270
2943.719971	269
2948.140137	267
2952.560059	260
2956.979980	258
2961.400146	251
2965.820068	255
2970.239990	253
2974.660156	261
2979.080078	274
2983.500000	278
2987.920166	280
2992.340088	255
2996.760010	266
3001.179932	269
3005.600098	264
3010.020020	268
3014.439941	278
3018.860107	285
3023.280029	265
3027.699951	251
3032.120117	259
3036.540039	286
3040.959961	288
3045.380127	270
3049.800049	275
3054.219971	283
3058.640137	263
3063.060059	249
3067.479980	274
3071.900146	270
3076.320068	261
3080.739990	264
3085.160156	270
3089.580078	290
3094.000000	286
3098.420166	282
3102.840088	281
3107.260010	282
3111.680176	276
3116.100098	296
3120.520020	289
3124.939941	273
3129.360107	268
3133.780029	260
3138.199951	258
3142.620117	265
3147.040039	289
3151.459961	299
3155.880127	304
3160.300049	283
3164.719971	266
3169.140137	263
3173.560059	273
3177.979980	279
3182.400146	269
3186.820068	265
3191.239990	254
3195.660156	274
3200.080078	284
3204.500000	271
3208.920166	267
3213.340088	260
3217.760010	280
3222.180176	270
3226.600098	253
3231.020020	253
3235.439941	274
3239.860107	284
3244.280029	277
3248.699951	272
3253.120117	283
3257.540039	272
3261.959961	262
3266.380127	260
3270.800049	265
3275.219971	258
3279.640137	259
3284.060059	277
3288.479980	282
3292.900146	273
3297.320068	267
3301.739990	270
3306.160156	283
3310.580078	291
3315.000000	272
3319.420166	274
3323.840088	274
3328.260010	260
3332.680176	257
3337.100098	264
3341.520020	274
3345.939941	277
3350.360107	270
3354.780029	257
3359.199951	268
3363.620117	280
3368.040039	277
3372.459961	281
3376.880127	309
3381.300049	279
3385.719971	251
3390.140137	252
3394.560059	284
3398.979980	297
3403.400146	279
3407.820068	292
3412.239990	273
3416.660156	269
3421.080078	259
3425.500000	276
3429.920166	295
3434.340088	290
3438.760010	285
3443.180176	279
3447.600098	293
3452.020020	295
3456.439941	289
3460.860107	283
3465.280029	303
3469.699951	312
3474.120117	318
3478.540039	312
3482.959961	308
3487.380127	298
3491.800049	283
3496.219971	289
3500.640137	310
3505.060059	308
3509.479980	301
3513.900146	300
3518.320068	306
3522.739990	324
3527.160156	330
3531.580078	318
3536.000000	328
3540.420166	309
3544.840088	314
3549.260010	332
3553.680176	343
3558.100098	354
3562.520020	357
3566.939941	343
3571.360107	334
3575.780029	324
3580.199951	351
3584.620117	355
3589.040039	348
3593.459961	357
3597.880127	382
3602.300049	395
3606.719971	405
3611.140137	409
3615.560059	409
3619.979980	429
3624.400146	417
3628.820068	417
3633.239990	439
3637.660156	461
3642.080078	460
3646.500000	441
3650.920166	466
3655.340088	480
3659.760010	496
3664.180176	493
3668.600098	516
3673.020020	520
3677.439941	499
3681.860107	528
3686.280029	554
3690.699951	544
3695.120117	529
3699.540039	553
3703.959961	573
3708.380127	619
3712.800049	646
3717.219971	688
3721.640137	700
3726.060059	718
3730.479980	772
3734.900146	811
3739.320068	848
3743.739990	868
3748.160156	874
3752.580078	917
3757.000000	934
3761.420166	926
3765.840088	1000
3770.260010	1069
3774.680176	1051
3779.100098	1059
3783.520020	1060
3787.940186	1110
3792.360107	1180
3796.780029	1274
3801.199951	1337
3805.620117	1381
3810.040039	1492
3814.459961	1608
3818.880127	1658
3823.300049	1752
3827.719971	1868
3832.140137	1958
3836.560059	1965
3840.979980	2043
3845.400146	2186
3849.820068	2223
3854.239990	2245
3858.660156	2274
3863.080078	2364
3867.500000	2422
3871.920166	2437
3876.340088	2524
3880.760010	2630
3885.180176	2714
3889.600098	2745
3894.020020	2734
3898.440186	2744
3902.860107	2829
3907.280029	2901
3911.699951	2997
3916.120117	3107
3920.540039	3112
3924.959961	3100
3929.380127	3142
3933.800049	3231
3938.219971	3244
3942.640137	3253
3947.060059	3245
3951.479980	3222
3955.900146	3254
3960.320068	3286
3964.739990	3203
3969.160156	3140
3973.580078	3119
3978.000000	3141
3982.420166	3140
3986.840088	3185
3991.260010	3214
3995.680176	3240
4000.100098	3262
4004.520020	3231
4008.940186	3202
4013.360107	3245
4017.780029	3269
4022.199951	3246
4026.620117	3232
4031.040039	3193
4035.459961	3155
4039.880127	3108
4044.300049	3124
4048.719971	3080
4053.140137	3093
4057.560059	3116
4061.979980	3099
4066.400146	3043
4070.820068	3053
4075.239990	3058
4079.660156	3044
4084.080078	3049
4088.500000	2972
4092.920166	2941
4097.339844	2923
4101.760254	2911
4106.180176	2976
4110.600098	2941
4115.020020	2874
4119.439941	2847
4123.859863	2847
4128.280273	2859
4132.700195	2855
4137.120117	2836
4141.540039	2824
4145.959961	2847
4150.379883	2896
4154.800293	2873
4159.220215	2872
4163.640137	2865
4168.060059	2824
4172.479980	2797
4176.899902	2821
4181.320313	2830
4185.740234	2803
4190.160156	2761
4194.580078	2758
4199.000000	2727
4203.419922	2707
4207.839844	2706
4212.260254	2633
4216.680176	2597
4221.100098	2609
4225.520020	2589
4229.939941	2626
4234.359863	2628
4238.780273	2533
4243.200195	2506
4247.620117	2467
4252.040039	2457
4256.459961	2511
4260.879883	2479
4265.300293	2437
4269.720215	2440
4274.140137	2388
4278.560059	2397
4282.979980	2403
4287.399902	2357
4291.820313	2400
4296.240234	2440
4300.660156	2421
4305.080078	2414
4309.500000	2391
4313.919922	2398
4318.339844	2408
4322.760254	2374
4327.180176	2388
4331.600098	2333
4336.020020	2330
4340.439941	2395
4344.859863	2353
4349.280273	2326
4353.700195	2358
4358.120117	2373
4362.540039	2440
4366.959961	2456
4371.379883	2400
4375.800293	2418
4380.220215	2461
4384.640137	2479
4389.060059	2524
4393.479980	2591
4397.899902	2597
4402.320313	2562
4406.740234	2592
4411.160156	2591
4415.580078	2593
4420.000000	2572
4424.419922	2565
4428.839844	2594
4433.260254	2614
4437.680176	2601
4442.100098	2593
4446.520020	2600
4450.939941	2589
4455.359863	2626
4459.780273	2626
4464.200195	2563
4468.620117	2542
4473.040039	2534
4477.459961	2519
4481.879883	2555
4486.300293	2525
4490.720215	2531
4495.140137	2564
4499.560059	2551
4503.979980	2584
4508.399902	2586
4512.820313	2527
4517.240234	2519
4521.660156	2492
4526.080078	2436
4530.500000	2423
4534.919922	2413
4539.339844	2406
4543.760254	2391
4548.180176	2401
4552.600098	2404
4557.020020	2429
4561.439941	2444
4565.859863	2436
4570.280273	2463
4574.700195	2479
4579.120117	2484
4583.540039	2539
4587.959961	2513
4592.379883	2510
4596.800293	2513
4601.220215	2498
4605.640137	2581
4610.060059	2627
4614.479980	2634
4618.899902	2668
4623.320313	2735
4627.740234	2790
4632.160156	2777
4636.580078	2779
4641.000000	2745
4645.419922	2822
4649.839844	2865
4654.260254	2890
4658.680176	2931
4663.100098	2923
4667.520020	2931
4671.939941	2953
4676.359863	3028
4680.780273	3093
4685.200195	3125
4689.620117	3109
4694.040039	3158
4698.459961	3167
4702.879883	3146
4707.300293	3242
4711.720215	3270
4716.140137	3227
4720.560059	3252
4724.979980	3282
4729.399902	3335
4733.820313	3429
4738.240234	3455
4742.660156	3432
4747.080078	3435
4751.500000	3448
4755.919922	3430
4760.339844	3480
4764.760254	3446
4769.180176	3455
4773.600098	3528
4778.020020	3548
4782.439941	3544
4786.859863	3538
4791.280273	3522
4795.700195	3540
4800.120117	3559
4804.540039	3599
4808.959961	3630
4813.379883	3598
4817.800293	3610
4822.220215	3662
4826.640137	3646
4831.060059	3637
4835.479980	3665
4839.899902	3646
4844.320313	3633
4848.740234	3667
4853.160156	3636
4857.580078	3593
4862.000000	3603
4866.419922	3606
4870.839844	3623
4875.260254	3609
4879.680176	3656
4884.100098	3701
4888.520020	3689
4892.939941	3666
4897.359863	3661
4901.780273	3695
4906.200195	3670
4910.620117	3669
4915.040039	3666
4919.459961	3638
4923.879883	3620
4928.300293	3649
4932.720215	3638
4937.140137	3670
4941.560059	3669
4945.979980	3669
4950.399902	3644
4954.820313	3629
4959.240234	3597
4963.660156	3606
4968.080078	3613
4972.500000	3647
4976.919922	3659
4981.339844	3653
4985.760254	3651
4990.180176	3651
4994.600098	3643
4999.020020	3649
5003.439941	3660
5007.859863	3671
5012.280273	3626
5016.700195	3603
5021.120117	3640
5025.540039	3631
5029.959961	3570
5034.379883	3543
5038.800293	3600
5043.220215	3591
5047.640137	3607
5052.060059	3628
5056.479980	3595
5060.899902	3635
5065.320313	3629
5069.740234	3580
5074.160156	3559
5078.580078	3551
5083.000000	3514
5087.419922	3536
5091.839844	3544
5096.260254	3551
5100.680176	3551
5105.100098	3519
5109.520020	3550
5113.939941	3537
5118.359863	3513
5122.780273	3516
5127.200195	3515
5131.620117	3473
5136.040039	3456
5140.459961	3434
5144.879883	3469
5149.300293	3503
5153.720215	3466
5158.140137	3418
5162.560059	3462
5166.979980	3488
5171.399902	3440
5175.820313	3421
5180.240234	3440
5184.660156	3448
5189.080078	3432
5193.500000	3476
5197.919922	3480
5202.340332	3416
5206.760254	3352
5211.180176	3311
5215.600098	3340
5220.020020	3382
5224.439941	3388
5228.859863	3384
5233.280273	3350
5237.700195	3341
5242.120117	3374
5246.540039	3362
5250.959961	3351
5255.379883	3337
5259.800293	3366
5264.220215	3387
5268.640137	3366
5273.060059	3306
5277.479980	3309
5281.899902	3323
5286.320313	3296
5290.740234	3300
5295.160156	3317
5299.580078	3284
5304.000000	3259
5308.419922	3240
5312.840332	3209
5317.260254	3226
5321.680176	3269
5326.100098	3264
5330.520020	3256
5334.939941	3246
5339.359863	3194
5343.780273	3203
5348.200195	3201
5352.620117	3191
5357.040039	3190
5361.459961	3178
5365.879883	3167
5370.300293	3155
5374.720215	3117
5379.140137	3098
5383.560059	3153
5387.979980	3170
5392.399902	3122
5396.820313	3085
5401.240234	3069
5405.660156	3071
5410.080078	3084
5414.500000	3052
5418.919922	3042
5423.340332	3044
5427.760254	3039
5432.180176	3009
5436.600098	3039
5441.020020	3051
5445.439941	3010
5449.859863	3017
5454.280273	3052
5458.700195	3057
5463.120117	3014
5467.540039	2974
5471.959961	2981
5476.379883	3004
5480.800293	2996
5485.220215	2960
5489.640137	2969
5494.060059	2963
5498.479980	2972
5502.899902	2973
5507.320313	2969
5511.740234	2972
5516.160156	2993
5520.580078	2957
5525.000000	2877
5529.419922	2904
5533.840332	2933
5538.260254	2916
5542.680176	2886
5547.100098	2832
5551.520020	2856
5555.939941	2885
5560.359863	2890
5564.780273	2903
5569.200195	2945
5573.620117	2902
5578.040039	2876
5582.459961	2833
5586.879883	2800
5591.300293	2807
5595.720215	2781
5600.140137	2793
5604.560059	2823
5608.979980	2855
5613.399902	2801
5617.820313	2733
5622.240234	2718
5626.660156	2725
5631.080078	2732
5635.500000	2745
5639.919922	2752
5644.340332	2766
5648.760254	2709
5653.180176	2684
5657.600098	2700
5662.020020	2750
5666.439941	2762
5670.859863	2730
5675.280273	2724
5679.700195	2671
5684.120117	2663
5688.540039	2679
5692.959961	2642
5697.379883	2645
5701.800293	2666
5706.220215	2720
5710.640137	2730
5715.060059	2697
5719.479980	2665
5723.899902	2605
5728.320313	2611
5732.740234	2651
5737.160156	2673
5741.580078	2681
5746.000000	2681
5750.419922	2673
5754.840332	2672
5759.260254	2684
5763.680176	2716
5768.100098	2686
5772.520020	2667
5776.939941	2684
5781.359863	2706
5785.780273	2727
5790.200195	2732
5794.620117	2748
5799.040039	2722
5803.459961	2713
5807.879883	2729
5812.300293	2748
5816.720215	2744
5821.140137	2789
5825.560059	2801
5829.979980	2788
5834.399902	2763
5838.820313	2742
5843.240234	2766
5847.660156	2760
5852.080078	2750
5856.500000	2771
5860.919922	2776
5865.340332	2762
5869.760254	2711
5874.180176	2747
5878.600098	2761
5883.020020	2757
5887.439941	2734
5891.859863	2721
5896.280273	2702
5900.700195	2704
5905.120117	2714
5909.540039	2672
5913.959961	2675
5918.379883	2707
5922.800293	2670
5927.220215	2657
5931.640137	2670
5936.060059	2686
5940.479980	2675
5944.899902	2644
5949.320313	2629
5953.740234	2643
5958.160156	2656
5962.580078	2658
5967.000000	2627
5971.419922	2560
5975.840332	2584
5980.260254	2567
5984.680176	2509
5989.100098	2471
5993.520020	2491
5997.939941	2505
6002.359863	2501
6006.780273	2524
6011.200195	2513
6015.620117	2481
6020.040039	2472
6024.459961	2464
6028.879883	2447
6033.300293	2459
6037.720215	2420
6042.140137	2402
6046.560059	2442
6050.979980	2415
6055.399902	2379
6059.820313	2359
6064.240234	2375
6068.660156	2365
6073.080078	2327
6077.500000	2360
6081.919922	2351
6086.340332	2332
6090.760254	2339
6095.180176	2290
6099.600098	2278
6104.020020	2274
6108.439941	2276
6112.859863	2239
6117.280273	2214
6121.700195	2226
6126.120117	2233
6130.540039	2202
6134.959961	2158
6139.379883	2119
6143.800293	2096
6148.220215	2108
6152.640137	2115
6157.060059	2139
6161.479980	2097
6165.899902	2033
6170.320313	2110
6174.740234	2129
6179.160156	2128
6183.580078	2120
6188.000000	2041
6192.419922	2034
6196.840332	2053
6201.260254	2076
6205.680176	2082
6210.100098	2064
6214.520020	2095
6218.939941	2076
6223.360352	2022
6227.780273	2020
6232.200195	2031
6236.620117	2031
6241.040039	2036
6245.459961	2000
6249.879883	2006
6254.300293	2004
6258.720215	1949
6263.140137	1931
6267.560059	1929
6271.979980	1938
6276.399902	1968
6280.820313	1969
6285.240234	1985
6289.660156	1995
6294.080078	1951
6298.500000	1913
6302.919922	1917
6307.340332	1906
6311.760254	1917
6316.180176	1922
6320.600098	1899
6325.020020	1872
6329.439941	1855
6333.860352	1891
6338.280273	1890
6342.700195	1884
6347.120117	1867
6351.540039	1874
6355.959961	1828
6360.379883	1832
6364.800293	1894
6369.220215	1888
6373.640137	1897
6378.060059	1938
6382.479980	1919
6386.899902	1906
6391.320313	1888
6395.740234	1907
6400.160156	1834
6404.580078	1802
6409.000000	1833
6413.419922	1861
6417.840332	1848
6422.260254	1855
6426.680176	1836
6431.100098	1804
6435.520020	1843
6439.939941	1884
6444.360352	1863
6448.780273	1809
6453.200195	1748
6457.620117	1826
6462.040039	1838
6466.459961	1805
6470.879883	1823
6475.300293	1785
6479.720215	1728
6484.140137	1749
6488.560059	1729
6492.979980	1713
6497.399902	1726
6501.820313	1714
6506.240234	1712
6510.660156	1739
6515.080078	1764
6519.500000	1765
6523.919922	1747
6528.340332	1725
6532.760254	1718
6537.180176	1708
6541.600098	1707
6546.020020	1701
6550.439941	1706
6554.860352	1666
6559.280273	1638
6563.700195	1739
6568.120117	1738
6572.540039	1711
6576.959961	1770
6581.379883	1833
6585.800293	1806
6590.220215	1755
6594.640137	1778
6599.060059	1749
6603.479980	1747
6607.899902	1801
6612.320313	1745
6616.740234	1690
6621.160156	1691
6625.580078	1729
6630.000000	1747
6634.419922	1739
6638.840332	1713
6643.260254	1707
6647.680176	1716
6652.100098	1741
6656.520020	1773
6660.939941	1747
6665.360352	1737
6669.780273	1756
6674.200195	1781
6678.620117	1794
6683.040039	1767
6687.459961	1762
6691.879883	1774
6696.300293	1816
6700.720215	1777
6705.140137	1763
6709.560059	1738
6713.979980	1735
6718.399902	1770
6722.820313	1768
6727.240234	1795
6731.660156	1814
6736.080078	1782
6740.500000	1762
6744.919922	1810
6749.340332	1806
6753.760254	1797
6758.180176	1811
6762.600098	1793
6767.020020	1798
6771.439941	1781
6775.860352	1764
6780.280273	1794
6784.700195	1811
6789.120117	1800
6793.540039	1839
6797.959961	1868
6802.379883	1829
6806.800293	1831
6811.220215	1823
6815.640137	1818
6820.060059	1794
6824.479980	1773
6828.899902	1733
6833.320313	1715
6837.740234	1685
6842.160156	1611
6846.580078	1584
6851.000000	1632
6855.419922	1640
6859.840332	1640
6864.260254	1627
6868.680176	1632
6873.100098	1628
6877.520020	1631
6881.939941	1659
6886.360352	1688
6890.780273	1706
6895.200195	1737
6899.620117	1775
6904.040039	1783
6908.459961	1784
6912.879883	1774
6917.300293	1797
6921.720215	1858
6926.140137	1799
6930.560059	1723
6934.979980	1692
6939.399902	1779
6943.820313	1808
6948.240234	1828
6952.660156	1861
6957.080078	1855
6961.500000	1803
6965.919922	1777
6970.340332	1785
6974.760254	1815
6979.180176	1865
6983.600098	1857
6988.020020	1839
6992.439941	1860
6996.860352	1875
7001.280273	1804
7005.700195	1793
7010.120117	1792
7014.540039	1807
7018.959961	1880
7023.379883	1846
7027.800293	1820
7032.220215	1779
7036.640137	1752
7041.060059	1782
7045.479980	1811
7049.899902	1792
7054.320313	1809
7058.740234	1818
7063.160156	1871
7067.580078	1840
7072.000000	1752
7076.419922	1755
7080.840332	1805
7085.260254	1818
7089.680176	1812
7094.100098	1820
7098.520020	1774
7102.939941	1740
7107.360352	1763
7111.780273	1749
7116.200195	1708
7120.620117	1707
7125.040039	1721
7129.459961	1687
7133.879883	1599
7138.300293	1619
7142.720215	1650
7147.140137	1608
7151.560059	1600
7155.979980	1571
7160.399902	1552
7164.820313	1535
7169.240234	1570
7173.660156	1555
7178.080078	1514
7182.500000	1533
7186.919922	1527
7191.340332	1554
7195.760254	1577
7200.180176	1531
7204.600098	1490
7209.020020	1465
7213.439941	1504
7217.860352	1518
7222.280273	1505
7226.700195	1442
7231.120117	1421
7235.540039	1420
7239.959961	1431
7244.379883	1457
7248.800293	1476
7253.220215	1455
7257.640137	1469
7262.060059	1465
7266.479980	1450
7270.899902	1444
7275.320313	1426
7279.740234	1380
7284.160156	1360
7288.580078	1381
7293.000000	1418
7297.419922	1451
7301.840332	1431
7306.260254	1364
7310.680176	1364
7315.100098	1388
7319.520020	1372
7323.939941	1358
7328.360352	1318
7332.780273	1341
7337.200195	1344
7341.620117	1350
7346.040039	1369
7350.459961	1357
7354.879883	1368
7359.300293	1342
7363.720215	1295
7368.140137	1298
7372.560059	1288
7376.979980	1317
7381.399902	1287
7385.820313	1254
7390.240234	1244
7394.660156	1222
7399.080078	1251
7403.500000	1261
7407.919922	1273
7412.340332	1226
7416.760254	1199
7421.180176	1187
7425.600098	1174
7430.020020	1205
7434.439941	1184
7438.860352	1177
7443.280273	1171
7447.700195	1172
7452.120117	1163
7456.540039	1134
7460.959961	1138
7465.380371	1153
7469.800293	1169
7474.220215	1144
7478.640137	1127
7483.060059	1127
7487.479980	1110
7491.899902	1091
7496.320313	1066
7500.740234	1044
7505.160156	1030
7509.580078	1038
7514.000000	1030
7518.419922	1042
7522.840332	1038
7527.260254	1007
7531.680176	987
7536.100098	970
7540.520020	908
7544.939941	909
7549.360352	912
7553.780273	842
7558.200195	806
7562.620117	776
7567.040039	744
7571.459961	726
7575.880371	690
7580.300293	668
7584.720215	652
7589.140137	648
7593.560059	651
7597.979980	643
7602.399902	637
7606.820313	649
7611.240234	663
7615.660156	649
7620.080078	650
7624.500000	661
7628.919922	694
7633.340332	696
7637.760254	717
7642.180176	736
7646.600098	734
7651.020020	710
7655.439941	745
7659.860352	759
7664.280273	738
7668.700195	751
7673.120117	755
7677.540039	715
7681.959961	745
7686.380371	744
7690.800293	714
7695.220215	709
7699.640137	718
7704.060059	730
7708.479980	674
7712.899902	689
7717.320313	718
7721.740234	730
7726.160156	700
7730.580078	696
7735.000000	702
7739.419922	646
7743.840332	647
7748.260254	637
7752.680176	632
7757.100098	633
7761.520020	616
7765.939941	626
7770.360352	635
7774.780273	633
7779.200195	640
7783.620117	626
7788.040039	618
7792.459961	612
7796.880371	593
7801.300293	571
7805.720215	560
7810.140137	558
7814.560059	558
7818.979980	547
7823.399902	518
7827.820313	531
7832.240234	532
7836.660156	530
7841.080078	506
7845.500000	488
7849.919922	487
7854.340332	491
7858.760254	489
7863.180176	489
7867.600098	476
7872.020020	502
7876.439941	504
7880.860352	516
7885.280273	543
7889.700195	523
7894.120117	522
7898.540039	519
7902.959961	514
7907.380371	503
7911.800293	512
7916.220215	524
7920.640137	528
7925.060059	543
7929.479980	545
7933.899902	542
7938.320313	544
7942.740234	514
7947.160156	519
7951.580078	536
7956.000000	546
7960.419922	558
7964.840332	545
7969.260254	535
7973.680176	516
7978.100098	507
7982.520020	497
7986.939941	513
7991.360352	528
7995.780273	558
8000.200195	566
8004.620117	528
8009.040039	527
8013.459961	546
8017.880371	568
8022.300293	541
8026.720215	532
8031.140137	546
8035.560059	518
8039.979980	497
8044.399902	520
8048.820313	508
8053.240234	502
8057.660156	511
8062.080078	506
8066.500000	505
8070.919922	476
8075.340332	483
8079.760254	488
8084.180176	485
8088.600098	463
8093.020020	448
8097.439941	442
8101.860352	450
8106.280273	440
8110.700195	438
8115.120117	446
8119.540039	431
8123.959961	431
8128.380371	460
8132.800293	448
8137.220215	415
8141.640137	405
8146.060059	388
8150.479980	402
8154.899902	413
8159.320313	413
8163.740234	416
8168.160156	418
8172.580078	388
8177.000000	393
8181.419922	394
8185.840332	387
8190.260254	402
8194.679688	391
8199.100586	356
8203.520508	363
8207.940430	375
8212.360352	369
8216.780273	383
8221.200195	390
8225.620117	373
8230.040039	373
8234.459961	372
8238.879883	378
8243.299805	379
8247.719727	394
8252.140625	397
8256.560547	373
8260.980469	368
8265.400391	390
8269.820313	409
8274.240234	412
8278.660156	392
8283.080078	389
8287.500000	378
8291.919922	388
8296.339844	406
8300.759766	392
8305.179688	412
8309.600586	435
8314.020508	397
8318.440430	385
8322.860352	404
8327.280273	426
8331.700195	436
8336.120117	444
8340.540039	438
8344.959961	424
8349.379883	407
8353.799805	411
8358.219727	433
8362.640625	442
8367.060547	441
8371.480469	448
8375.900391	432
8380.320313	445
8384.740234	448
8389.160156	441
8393.580078	447
8398.000000	447
8402.419922	443
8406.839844	440
8411.259766	402
8415.679688	410
8420.100586	446
8424.520508	463
8428.940430	470
8433.360352	459
8437.780273	445
8442.200195	440
8446.620117	454
8451.040039	447
8455.459961	445
8459.879883	444
8464.299805	469
8468.719727	450
8473.140625	455
8477.560547	430
8481.980469	421
8486.400391	405
8490.820313	394
8495.240234	408
8499.660156	412
8504.080078	419
8508.500000	423
8512.919922	413
8517.339844	425
8521.759766	430
8526.179688	413
8530.600586	418
8535.020508	434
8539.440430	431
8543.860352	428
8548.280273	404
8552.700195	420
8557.120117	446
8561.540039	439
8565.959961	405
8570.379883	408
8574.799805	382
8579.219727	391
8583.640625	421
8588.060547	422
8592.480469	402
8596.900391	374
8601.320313	371
8605.740234	385
8610.160156	371
8614.580078	373
8619.000000	372
8623.419922	379
8627.839844	373
8632.259766	367
8636.679688	364
8641.100586	352
8645.520508	367
8649.940430	376
8654.360352	366
8658.780273	341
8663.200195	346
8667.620117	333
8672.040039	337
8676.459961	333
8680.879883	336
8685.299805	329
8689.719727	336
8694.140625	311
8698.560547	297
8702.980469	295
8707.400391	294
8711.820313	308
8716.240234	321
8720.660156	315
8725.080078	311
8729.500000	312
8733.919922	302
8738.339844	305
8742.759766	293
8747.179688	300
8751.600586	300
8756.020508	310
8760.440430	316
8764.860352	321
8769.280273	314
8773.700195	318
8778.120117	318
8782.540039	315
8786.959961	312
8791.379883	292
8795.799805	309
8800.219727	327
8804.640625	301
8809.060547	293
8813.480469	289
8817.900391	297
8822.320313	295
8826.740234	302
8831.160156	292
8835.580078	291
8840.000000	298
8844.419922	301
8848.839844	286
8853.259766	311
8857.679688	302
8862.100586	291
8866.520508	298
8870.940430	306
8875.360352	305
8879.780273	306
8884.200195	298
8888.620117	303
8893.040039	299
8897.459961	307
8901.879883	303
8906.299805	311
8910.719727	299
8915.140625	281
8919.560547	295
8923.980469	304
8928.400391	283
8932.820313	272
8937.240234	287
8941.660156	302
8946.080078	304
8950.500000	303
8954.919922	299
8959.339844	295
8963.759766	309
8968.179688	325
8972.600586	307
8977.020508	278
8981.440430	298
8985.860352	302
8990.280273	317
8994.700195	303
8999.120117	293
9003.540039	293
9007.959961	302
9012.379883	304
9016.799805	294
9021.219727	307
9025.640625	302
9030.060547	300
9034.480469	297
9038.900391	301
9043.320313	304
9047.740234	307
9052.160156	306
9056.580078	297
9061.000000	298
9065.419922	305
9069.839844	301
9074.259766	289
9078.679688	292
9083.100586	307
9087.520508	304
9091.940430	299
9096.360352	294
9100.780273	273
9105.200195	287
9109.620117	304
9114.040039	272
9118.459961	266
9122.879883	295
9127.299805	280
9131.719727	284
9136.140625	312
9140.560547	307
9144.980469	313
9149.400391	325
9153.820313	331
9158.240234	320
9162.660156	311
9167.080078	312
9171.500000	311
9175.919922	289
9180.339844	312
9184.759766	320
9189.179688	319
9193.600586	321
9198.020508	303
9202.440430	295
9206.860352	297
9211.280273	296
9215.700195	291
9220.120117	293
9224.540039	279
9228.959961	284
9233.379883	290
9237.799805	282
9242.219727	299
9246.640625	302
9251.060547	292
9255.480469	293
9259.900391	297
9264.320313	289
9268.740234	317
9273.160156	297
9277.580078	273
9282.000000	279
9286.419922	291
9290.839844	297
9295.259766	296
9299.679688	310
9304.100586	308
9308.520508	293
9312.940430	283
9317.360352	273
9321.780273	292
9326.200195	295
9330.620117	284
9335.040039	296
9339.459961	312
9343.879883	312
9348.299805	328
9352.719727	317
9357.140625	314
9361.560547	315
9365.980469	306
9370.400391	301
9374.820313	287
9379.240234	272
9383.660156	267
9388.080078	298
9392.500000	317
9396.919922	312
9401.339844	308
9405.759766	315
9410.179688	321
9414.600586	317
9419.020508	328
9423.440430	319
9427.860352	321
9432.280273	321
9436.700195	329
9441.120117	319
9445.540039	302
9449.959961	318
9454.379883	326
9458.799805	326
9463.219727	347
9467.640625	327
9472.060547	300
9476.480469	297
9480.900391	318
9485.320313	332
9489.740234	314
9494.160156	315
9498.580078	319
9503.000000	321
9507.419922	318
9511.839844	319
9516.259766	323
9520.679688	315
9525.100586	316
9529.520508	323
9533.940430	329
9538.360352	339
9542.780273	327
9547.200195	312
9551.620117	329
9556.040039	324
9560.459961	326
9564.879883	332
9569.299805	345
9573.719727	355
9578.140625	344
9582.560547	349
9586.980469	354
9591.400391	336
9595.820313	337
9600.240234	334
9604.660156	336
9609.080078	336
9613.500000	335
9617.919922	346
9622.339844	329
9626.759766	344
9631.179688	346
9635.600586	339
9640.020508	345
9644.440430	342
9648.860352	345
9653.280273	348
9657.700195	360
9662.120117	365
9666.540039	353
9670.959961	323
9675.379883	344
9679.799805	358
9684.219727	372
9688.640625	349
9693.060547	344
9697.480469	330
9701.900391	322
9706.320313	329
9710.740234	339
9715.160156	347
9719.580078	330
9724.000000	325
9728.419922	329
9732.839844	328
9737.259766	357
9741.679688	354
9746.100586	344
9750.520508	353
9754.940430	363
9759.360352	358
9763.780273	359
9768.200195	369
9772.620117	358
9777.040039	367
9781.459961	365
9785.879883	360
9790.299805	355
9794.719727	340
9799.140625	350
9803.560547	357
9807.980469	341
9812.400391	346
9816.820313	352
9821.240234	355
9825.660156	376
9830.080078	390
9834.500000	372
9838.919922	344
9843.339844	339
9847.759766	340
9852.179688	334
9856.600586	356
9861.020508	376
9865.440430	362
9869.860352	353
9874.280273	358
9878.700195	348
9883.120117	334
9887.540039	331
9891.959961	340
9896.379883	345
9900.799805	345
9905.219727	330
9909.640625	346
9914.060547	355
9918.480469	341
9922.900391	324
9927.320313	349
9931.740234	392
9936.160156	385
9940.580078	367
9945.000000	345
9949.419922	341
9953.839844	338
9958.259766	354
9962.679688	360
9967.100586	340
9971.520508	335
9975.940430	327
9980.360352	329
9984.780273	335
9989.200195	330
9993.620117	328
9998.040039	321
10002.459961	305
10006.879883	317
10011.299805	333
10015.719727	337
10020.140625	328
10024.560547	323
10028.980469	332
10033.400391	310
10037.820313	321
10042.240234	328
10046.660156	311
10051.080078	327
10055.500000	327
10059.919922	302
10064.339844	298
10068.759766	309
10073.179688	320
10077.600586	332
10082.020508	308
10086.440430	282
10090.860352	281
10095.280273	308
10099.700195	334
10104.120117	321
10108.540039	314
10112.959961	301
10117.379883	290
10121.799805	272
10126.219727	258
10130.640625	275
10135.060547	275
10139.480469	255
10143.900391	259
10148.320313	272
10152.740234	283
10157.160156	293
10161.580078	264
10166.000000	259
10170.419922	277
10174.839844	271
10179.259766	250
10183.679688	234
10188.100586	248
10192.520508	236
10196.940430	231
10201.360352	221
10205.780273	205
10210.200195	188
10214.620117	162
10219.040039	160
10223.459961	155
10227.879883	152
10232.299805	154
10236.719727	146
10241.140625	132
10245.560547	116
10249.980469	114
10254.400391	113
10258.820313	107
10263.240234	109
10267.660156	115
10272.080078	118
10276.500000	108
10280.919922	111
10285.339844	111
10289.759766	102
10294.180664	100
10298.600586	101
10303.020508	103
10307.440430	99
10311.860352	90
10316.280273	91
10320.700195	87
10325.120117	84
10329.540039	82
10333.959961	81
10338.379883	84
10342.799805	81
10347.219727	74
10351.640625	80
10356.060547	83
10360.480469	73
10364.900391	59
10369.320313	55
10373.740234	55
10378.160156	59
10382.580078	63
10387.000000	69
10391.419922	65
10395.839844	53
10400.259766	49
10404.680664	49
10409.100586	57
10413.520508	50
10417.940430	52
10422.360352	41
10426.780273	40
10431.200195	41
10435.620117	38
10440.040039	43
10444.459961	48
10448.879883	43
10453.299805	40
10457.719727	37
10462.140625	39
10466.560547	36
10470.980469	36
10475.400391	30
10479.820313	24
10484.240234	26
10488.660156	34
10493.080078	30
10497.500000	21
10501.919922	16
10506.339844	14
10510.759766	18
10515.180664	16
10519.600586	12
10524.020508	13
10528.440430	13
10532.860352	8
10537.280273	7
10541.700195	6
10546.120117	3
10550.540039	2
10554.959961	1
10559.379883	0
10563.799805	0
10568.219727	0
10572.640625	0
10577.060547	0
10581.480469	0
10585.900391	0
10590.320313	0
10594.740234	0
10599.160156	0
10603.580078	0
10608.000000	0
10612.419922	0
10616.839844	0
10621.259766	0
10625.680664	0
10630.100586	0
10634.520508	0
10638.940430	0
10643.360352	0
10647.780273	0
10652.200195	0
10656.620117	0
10661.040039	0
10665.459961	0
10669.879883	0
10674.299805	0
10678.719727	0
10683.140625	0
10687.560547	0
10691.980469	0
10696.400391	0
10700.820313	0
10705.240234	0
10709.660156	0
10714.080078	0
10718.500000	0
10722.919922	0
10727.339844	0
10731.759766	0
10736.180664	0
10740.600586	0
10745.020508	0
10749.440430	0
10753.860352	0
10758.280273	0
10762.700195	0
10767.120117	0
10771.540039	0
10775.959961	0
10780.379883	0
10784.799805	0
10789.219727	0
10793.640625	0
10798.060547	0
10802.480469	0
10806.900391	0
10811.320313	0
10815.740234	0
10820.160156	0
10824.580078	0
10829.000000	0
10833.419922	0
10837.839844	0
10842.259766	0
10846.680664	0
10851.100586	0
10855.520508	0
10859.940430	0
10864.360352	0
10868.780273	0
10873.200195	0
10877.620117	0
10882.040039	0
10886.459961	0
10890.879883	0
10895.299805	0
10899.719727	0
10904.140625	0
10908.560547	0
10912.980469	0
10917.400391	0
10921.820313	0
10926.240234	0
10930.660156	0
10935.080078	0
10939.500000	0
10943.919922	0
10948.339844	0
10952.759766	0
10957.180664	0
10961.600586	0
10966.020508	0
10970.440430	0
10974.860352	0
10979.280273	0
10983.700195	0
10988.120117	0
10992.540039	0
10996.959961	0
11001.379883	0
11005.799805	0
11010.219727	0
11014.640625	0
11019.060547	0
11023.480469	0
11027.900391	0
11032.320313	0
11036.740234	0
11041.160156	0
11045.580078	0
11050.000000	0
11054.419922	0
11058.839844	0
11063.259766	0
11067.680664	0
11072.100586	0
11076.520508	0
11080.940430	0
11085.360352	0
11089.780273	0
11094.200195	0
11098.620117	0
11103.040039	0
11107.459961	0
11111.879883	0
11116.299805	0
11120.719727	0
11125.140625	0
11129.560547	0
11133.980469	0
11138.400391	0
11142.820313	0
11147.240234	0
11151.660156	0
11156.080078	0
11160.500000	0
11164.919922	0
11169.339844	0
11173.759766	0
11178.180664	0
11182.600586	0
11187.020508	0
11191.440430	0
11195.860352	0
11200.280273	0
11204.700195	0
11209.120117	0
11213.540039	0
11217.959961	0
11222.379883	0
11226.799805	0
11231.219727	0
11235.640625	0
11240.060547	0
11244.480469	0
11248.900391	0
11253.320313	0
11257.740234	0
11262.160156	0
11266.580078	0
11271.000000	0
11275.419922	0
11279.839844	0
11284.259766	0
11288.680664	0
11293.100586	0
11297.520508	0
11301.940430	0
11306.360352	0
11310.780273	0
11315.200195	0
11319.620117	0
11324.040039	0
11328.459961	0
11332.879883	0
11337.299805	0
11341.719727	0
11346.140625	0
11350.560547	0
11354.980469	0
11359.400391	0
11363.820313	0
11368.240234	0
11372.660156	0
11377.080078	0
11381.500000	0
11385.919922	0
11390.339844	0
11394.759766	0
11399.180664	0
11403.600586	0
11408.020508	0
11412.440430	0
11416.860352	0
11421.280273	0
11425.700195	0
11430.120117	0
11434.540039	0
11438.959961	0
11443.379883	0
11447.799805	0
11452.219727	0
11456.640625	0
11461.060547	0
11465.480469	0
11469.900391	0
11474.320313	0
11478.740234	0
11483.160156	0
11487.580078	0
11492.000000	0
11496.419922	0
11500.839844	0
11505.259766	0
11509.680664	0
11514.100586	0
11518.520508	0
11522.940430	0
11527.360352	0
11531.780273	0
11536.200195	0
11540.620117	0
11545.040039	0
11549.459961	0
11553.879883	0
11558.299805	0
11562.719727	0
11567.140625	0
11571.560547	0
11575.980469	0
11580.400391	0
11584.820313	0
11589.240234	0
11593.660156	0
11598.080078	0
11602.500000	0
11606.919922	0
11611.339844	0
11615.759766	0
11620.180664	0
11624.600586	0
11629.020508	0
11633.440430	0
11637.860352	0
11642.280273	0
11646.700195	0
11651.120117	0
11655.540039	0
11659.959961	0
11664.379883	0
11668.799805	0
11673.219727	0
11677.640625	0
11682.060547	0
11686.480469	0
11690.900391	0
11695.320313	0
11699.740234	0
11704.160156	0
11708.580078	0
11713.000000	0
11717.419922	0
11721.839844	0
11726.259766	0
11730.680664	0
11735.100586	0
11739.520508	0
11743.940430	0
11748.360352	0
11752.780273	0
11757.200195	0
11761.620117	0
11766.040039	0
11770.459961	0
11774.879883	0
11779.299805	0
11783.719727	0
11788.140625	0
11792.560547	0
11796.980469	0
11801.400391	0
11805.820313	0
11810.240234	0
11814.660156	0
11819.080078	0
11823.500000	0
11827.919922	0
11832.339844	0
11836.759766	0
11841.180664	0
11845.600586	0
11850.020508	0
11854.440430	0
11858.860352	0
11863.280273	0
11867.700195	0
11872.120117	0
11876.540039	0
11880.959961	0
11885.379883	0
11889.799805	0
11894.219727	0
11898.640625	0
11903.060547	0
11907.480469	0
11911.900391	0
11916.320313	0
11920.740234	0
11925.160156	0
11929.580078	0
11934.000000	0
11938.419922	0
11942.839844	0
11947.259766	0
11951.680664	0
11956.100586	0
11960.520508	0
11964.940430	0
11969.360352	0
11973.780273	0
11978.200195	0
11982.620117	0
11987.040039	0
11991.459961	0
11995.879883	0
12000.299805	0
12004.719727	0
12009.140625	0
12013.560547	0
12017.980469	0
12022.400391	0
12026.820313	0
12031.240234	0
12035.660156	0
12040.080078	0
12044.500000	0
12048.919922	0
12053.339844	0
12057.759766	0
12062.180664	0
12066.600586	0
12071.020508	0
12075.440430	0
12079.860352	0
12084.280273	0
12088.700195	0
12093.120117	0
12097.540039	0
12101.959961	0
12106.379883	0
12110.799805	0
12115.219727	0
12119.640625	0
12124.060547	0
12128.480469	0
12132.900391	0
12137.320313	0
12141.740234	0
12146.160156	0
12150.580078	0
12155.000000	0
12159.419922	0
12163.839844	0
12168.259766	0
12172.680664	0
12177.100586	0
12181.520508	0
12185.940430	0
12190.360352	0
12194.780273	0
12199.200195	0
12203.620117	0
12208.040039	0
12212.459961	0
12216.879883	0
12221.299805	0
12225.719727	0
12230.140625	0
12234.560547	0
12238.980469	0
12243.400391	0
12247.820313	0
12252.240234	0
12256.660156	0
12261.080078	0
12265.500000	0
12269.919922	0
12274.339844	0
12278.759766	0
12283.180664	0
12287.600586	0
12292.020508	0
12296.440430	0
12300.860352	0
12305.280273	0
12309.700195	0
12314.120117	0
12318.540039	0
12322.959961	0
12327.379883	0
12331.799805	0
12336.219727	0
12340.640625	0
12345.060547	0
12349.480469	0
12353.900391	0
12358.320313	0
12362.740234	0
12367.160156	0
12371.580078	0
12376.000000	0
12380.419922	0
12384.839844	0
12389.259766	0
12393.680664	0
12398.100586	0
12402.520508	0
12406.940430	0
12411.360352	0
12415.780273	0
12420.200195	0
12424.620117	0
12429.040039	0
12433.459961	0
12437.879883	0
12442.299805	0
12446.720703	0
12451.140625	0
12455.560547	0
12459.980469	0
12464.400391	0
12468.820313	0
12473.240234	0
12477.660156	0
12482.080078	0
12486.500000	0
12490.919922	0
12495.339844	0
12499.759766	0
12504.180664	0
12508.600586	0
12513.020508	0
12517.440430	0
12521.860352	0
12526.280273	0
12530.700195	0
12535.120117	0
12539.540039	0
12543.959961	0
12548.379883	0
12552.799805	0
12557.220703	0
12561.640625	0
12566.060547	0
12570.480469	0
12574.900391	0
12579.320313	0
12583.740234	0
12588.160156	0
12592.580078	0
12597.000000	0
12601.419922	0
12605.839844	0
12610.259766	0
12614.680664	0
12619.100586	0
12623.520508	0
12627.940430	0
12632.360352	0
12636.780273	0
12641.200195	0
12645.620117	0
12650.040039	0
12654.459961	0
12658.879883	0
12663.299805	0
12667.720703	0
12672.140625	0
12676.560547	0
12680.980469	0
12685.400391	0
12689.820313	0
12694.240234	0
12698.660156	0
12703.080078	0
12707.500000	0
12711.919922	0
12716.339844	0
12720.759766	0
12725.180664	0
12729.600586	0
12734.020508	0
12738.440430	0
12742.860352	0
12747.280273	0
12751.700195	0
12756.120117	0
12760.540039	0
12764.959961	0
12769.379883	0
12773.799805	0
12778.220703	0
12782.640625	0
12787.060547	0
12791.480469	0
12795.900391	0
12800.320313	0
12804.740234	0
12809.160156	0
12813.580078	0
12818.000000	0
12822.419922	0
