-2942.300781	0
-2937.869629	0
-2933.438477	0
-2929.007324	0
-2924.576172	0
-2920.145020	0
-2915.713867	0
-2911.282471	0
-2906.851318	0
-2902.420166	0
-2897.989014	0
-2893.557861	0
-2889.126709	0
-2884.695557	0
-2880.264404	0
-2875.833252	0
-2871.402100	0
-2866.970947	0
-2862.539551	0
-2858.108398	0
-2853.677246	0
-2849.246094	0
-2844.814941	0
-2840.383789	0
-2835.952637	0
-2831.521484	0
-2827.090332	0
-2822.659180	0
-2818.227783	0
-2813.796631	0
-2809.365479	0
-2804.934326	0
-2800.503174	0
-2796.072021	0
-2791.640869	0
-2787.209717	0
-2782.778564	0
-2778.347412	0
-2773.916016	0
-2769.484863	0
-2765.053711	0
-2760.622559	0
-2756.191406	0
-2751.760254	0
-2747.329102	0
-2742.897949	0
-2738.466797	0
-2734.035645	0
-2729.604492	0
-2725.173096	0
-2720.741943	0
-2716.310791	0
-2711.879639	0
-2707.448486	0
-2703.017334	0
-2698.586182	0
-2694.155029	0
-2689.723877	0
-2685.292725	0
-2680.861328	0
-2676.430176	0
-2671.999023	0
-2667.567871	0
-2663.136719	0
-2658.705566	0
-2654.274414	0
-2649.843262	0
-2645.412109	0
-2640.980957	0
-2636.549561	0
-2632.118408	0
-2627.687256	0
-2623.256104	0
-2618.824951	0
-2614.393799	0
-2609.962646	0
-2605.531494	0
-2601.100342	0
-2596.669189	0
-2592.238037	0
-2587.806641	0
-2583.375488	0
-2578.944336	0
-2574.513184	0
-2570.082031	0
-2565.650879	0
-2561.219727	0
-2556.788574	0
-2552.357422	0
-2547.926270	0
-2543.494873	0
-2539.063721	0
-2534.632568	0
-2530.201416	0
-2525.770264	0
-2521.339111	0
-2516.907959	0
-2512.476807	0
-2508.045654	0
-2503.614502	0
-2499.183105	0
-2494.751953	0
-2490.320801	0
-2485.889648	0
-2481.458496	0
-2477.027344	0
-2472.596191	0
-2468.165039	0
-2463.733887	0
-2459.302734	0
-2454.871582	0
-2450.440186	0
-2446.009033	0
-2441.577881	0
-2437.146729	0
-2432.715576	0
-2428.284424	0
-2423.853271	0
-2419.422119	0
-2414.990967	0
-2410.559814	0
-2406.128418	0
-2401.697266	0
-2397.266113	0
-2392.834961	0
-2388.403809	0
-2383.972656	0
-2379.541504	0
-2375.110352	0
-2370.679199	0
-2366.248047	0
-2361.816895	0
-2357.385498	0
-2352.954346	0
-2348.523193	0
-2344.092041	0
-2339.660889	0
-2335.229736	0
-2330.798584	0
-2326.367432	0
-2321.936279	0
-2317.505127	0
-2313.073730	0
-2308.642578	0
-2304.211426	0
-2299.780273	0
-2295.349121	0
-2290.917969	0
-2286.486816	1
-2282.055664	1
-2277.624512	3
-2273.193359	5
-2268.761963	15
-2264.330811	13
-2259.899658	16
-2255.468506	19
-2251.037354	24
-2246.606201	30
-2242.175049	31
-2237.743896	27
-2233.312744	35
-2228.881592	33
-2224.450439	37
-2220.019043	40
-2215.587891	46
-2211.156738	41
-2206.725586	51
-2202.294434	52
-2197.863281	44
-2193.432129	46
-2189.000977	52
-2184.569824	46
-2180.138672	57
-2175.707275	76
-2171.276123	62
-2166.844971	64
-2162.413818	73
-2157.982666	81
-2153.551514	85
-2149.120361	78
-2144.689209	80
-2140.258057	73
-2135.826904	76
-2131.395508	84
-2126.964355	86
-2122.533203	90
-2118.102051	98
-2113.670898	114
-2109.239746	111
-2104.808594	97
-2100.377441	106
-2095.946289	108
-2091.515137	103
-2087.083984	115
-2082.652588	115
-2078.221436	112
-2073.790283	115
-2069.359131	112
-2064.927979	108
-2060.496826	112
-2056.065674	115
-2051.634521	131
-2047.203247	125
-2042.772095	119
-2038.340942	126
-2033.909790	144
-2029.478638	161
-2025.047363	145
-2020.616211	143
-2016.185059	153
-2011.753906	153
-2007.322754	148
-2002.891479	160
-1998.460327	166
-1994.029175	167
-1989.598022	156
-1985.166870	171
-1980.735596	187
-1976.304443	185
-1971.873291	171
-1967.442139	160
-1963.010986	168
-1958.579712	187
-1954.148560	189
-1949.717407	176
-1945.286255	190
-1940.855103	197
-1936.423828	191
-1931.992676	198
-1927.561523	202
-1923.130371	209
-1918.699219	214
-1914.267944	234
-1909.836792	222
-1905.405640	200
-1900.974487	230
-1896.543335	231
-1892.112183	204
-1887.680908	215
-1883.249756	232
-1878.818604	224
-1874.387451	229
-1869.956299	250
-1865.525024	266
-1861.093872	247
-1856.662720	229
-1852.231567	232
-1847.800415	246
-1843.369141	252
-1838.937988	266
-1834.506836	253
-1830.075684	241
-1825.644531	241
-1821.213257	256
-1816.782104	239
-1812.350952	239
-1807.919800	265
-1803.488647	252
-1799.057373	262
-1794.626221	270
-1790.195068	275
-1785.763916	263
-1781.332764	278
-1776.901489	285
-1772.470337	283
-1768.039185	290
-1763.608032	287
-1759.176880	261
-1754.745728	269
-1750.314453	288
-1745.883301	290
-1741.452148	295
-1737.020996	293
-1732.589844	302
-1728.158569	316
-1723.727417	315
-1719.296265	332
-1714.865112	318
-1710.433960	320
-1706.002686	316
-1701.571533	331
-1697.140381	349
-1692.709229	325
-1688.278076	318
-1683.846802	314
-1679.415649	334
-1674.984497	355
-1670.553345	339
-1666.122192	342
-1661.690918	347
-1657.259766	345
-1652.828613	342
-1648.397461	351
-1643.966309	348
-1639.535156	353
-1635.103882	356
-1630.672729	355
-1626.241577	365
-1621.810425	351
-1617.379272	384
-1612.947998	393
-1608.516846	389
-1604.085693	384
-1599.654541	359
-1595.223389	361
-1590.792114	374
-1586.360962	403
-1581.929810	417
-1577.498657	397
-1573.067505	407
-1568.636230	400
-1564.205078	395
-1559.773926	401
-1555.342773	370
-1550.911621	351
-1546.480347	401
-1542.049194	425
-1537.618042	413
-1533.186890	429
-1528.755737	424
-1524.324463	395
-1519.893311	373
-1515.462158	398
-1511.031006	420
-1506.599854	441
-1502.168701	432
-1497.737427	403
-1493.306274	395
-1488.875122	399
-1484.443970	411
-1480.012817	411
-1475.581543	407
-1471.150391	427
-1466.719238	429
-1462.288086	430
-1457.856934	413
-1453.425659	398
-1448.994507	407
-1444.563354	427
-1440.132202	418
-1435.701050	398
-1431.269775	397
-1426.838623	390
-1422.407471	413
-1417.976318	404
-1413.545166	407
-1409.113892	403
-1404.682739	451
-1400.251587	420
-1395.820435	392
-1391.389282	387
-1386.958008	399
-1382.526855	396
-1378.095703	370
-1373.664551	410
-1369.233398	434
-1364.802246	425
-1360.370972	446
-1355.939819	427
-1351.508667	387
-1347.077515	410
-1342.646362	421
-1338.215088	415
-1333.783936	422
-1329.352783	415
-1324.921631	409
-1320.490479	399
-1316.059204	365
-1311.628052	384
-1307.196899	424
-1302.765747	404
-1298.334595	415
-1293.903320	406
-1289.472168	388
-1285.041016	400
-1280.609863	413
-1276.178711	399
-1271.747437	388
-1267.316284	374
-1262.885132	387
-1258.453979	406
-1254.022827	402
-1249.591553	397
-1245.160400	420
-1240.729248	426
-1236.298096	424
-1231.866943	446
-1227.435791	448
-1223.004517	444
-1218.573364	447
-1214.142212	434
-1209.711060	443
-1205.279907	455
-1200.848633	420
-1196.417480	397
-1191.986328	420
-1187.555176	432
-1183.124023	403
-1178.692749	428
-1174.261597	434
-1169.830444	419
-1165.399292	417
-1160.968140	397
-1156.536865	420
-1152.105713	430
-1147.674561	399
-1143.243408	399
-1138.812256	434
-1134.380981	432
-1129.949829	423
-1125.518677	433
-1121.087524	420
-1116.656372	429
-1112.225220	415
-1107.793945	388
-1103.362793	425
-1098.931641	434
-1094.500488	432
-1090.069336	428
-1085.638062	418
-1081.206909	412
-1076.775757	400
-1072.344604	396
-1067.913452	404
-1063.482178	405
-1059.051025	396
-1054.619873	409
-1050.188721	407
-1045.757568	420
-1041.326294	427
-1036.895142	406
-1032.463989	410
-1028.032837	416
-1023.601624	397
-1019.170471	396
-1014.739319	415
-1010.308105	425
-1005.876953	426
-1001.445740	406
-997.014587	415
-992.583435	415
-988.152222	432
-983.721069	440
-979.289856	409
-974.858704	395
-970.427551	408
-965.996338	438
-961.565186	429
-957.133972	408
-952.702820	404
-948.271667	399
-943.840454	427
-939.409302	414
-934.978149	417
-930.546936	399
-926.115784	394
-921.684570	413
-917.253418	445
-912.822266	424
-908.391052	408
-903.959900	415
-899.528687	417
-895.097534	439
-890.666382	449
-886.235168	406
-881.804016	408
-877.372864	411
-872.941650	407
-868.510498	409
-864.079285	408
-859.648132	415
-855.216980	396
-850.785767	427
-846.354614	437
-841.923401	413
-837.492249	394
-833.061096	407
-828.629883	423
-824.198730	425
-819.767578	413
-815.336365	390
-810.905212	401
-806.473999	442
-802.042847	417
-797.611694	413
-793.180481	393
-788.749329	375
-784.318115	382
-779.886963	410
-775.455811	416
-771.024597	420
-766.593445	410
-762.162231	427
-757.731079	439
-753.299927	431
-748.868713	411
-744.437561	427
-740.006409	432
-735.575195	440
-731.144043	428
-726.712830	412
-722.281677	412
-717.850525	392
-713.419312	409
-708.988159	423
-704.556946	432
-700.125793	405
-695.694641	411
-691.263428	437
-686.832275	447
-682.401123	436
-677.969910	430
-673.538757	434
-669.107544	429
-664.676392	423
-660.245239	416
-655.814026	406
-651.382874	397
-646.951660	380
-642.520508	418
-638.089355	429
-633.658142	418
-629.226990	404
-624.795776	364
-620.364624	371
-615.933472	402
-611.502258	423
-607.071106	428
-602.639954	432
-598.208740	421
-593.777588	397
-589.346375	385
-584.915222	401
-580.484070	426
-576.052856	430
-571.621704	429
-567.190491	413
-562.759338	403
-558.328186	414
-553.896973	419
-549.465820	406
-545.034668	419
-540.603455	421
-536.172302	416
-531.741089	432
-527.309937	451
-522.878784	429
-518.447571	431
-514.016418	422
-509.585236	427
-505.154053	411
-500.722870	408
-496.291718	421
-491.860535	407
-487.429352	421
-482.998169	445
-478.566986	432
-474.135834	445
-469.704651	451
-465.273468	415
-460.842285	404
-456.411133	428
-451.979950	440
-447.548767	426
-443.117584	410
-438.686432	391
-434.255249	389
-429.824066	404
-425.392883	411
-420.961700	421
-416.530548	411
-412.099365	400
-407.668182	386
-403.237000	379
-398.805847	384
-394.374664	415
-389.943481	439
-385.512299	426
-381.081116	431
-376.649963	399
-372.218781	409
-367.787598	435
-363.356415	438
-358.925262	418
-354.494080	398
-350.062897	419
-345.631714	430
-341.200562	423
-336.769379	403
-332.338196	404
-327.907013	414
-323.475830	416
-319.044678	395
-314.613495	391
-310.182312	430
-305.751129	428
-301.319977	443
-296.888794	443
-292.457611	429
-288.026428	413
-283.595245	415
-279.164093	440
-274.732910	451
-270.301727	452
-265.870544	443
-261.439392	452
-257.008209	448
-252.577026	427
-248.145859	414
-243.714676	432
-239.283493	441
-234.852325	464
-230.421143	462
-225.989975	431
-221.558792	411
-217.127625	422
-212.696442	450
-208.265274	446
-203.834091	457
-199.402924	472
-194.971741	474
-190.540558	487
-186.109390	489
-181.678207	452
-177.247040	455
-172.815857	507
-168.384689	503
-163.953506	496
-159.522339	454
-155.091156	450
-150.659988	452
-146.228806	490
-141.797623	482
-137.366455	501
-132.935272	524
-128.504105	541
-124.072929	563
-119.641747	568
-115.210571	591
-110.779396	609
-106.348221	607
-101.917046	651
-97.485870	678
-93.054695	677
-88.623520	736
-84.192345	820
-79.761169	899
-75.329994	971
-70.898811	1098
-66.467636	1212
-62.036465	1389
-57.605286	1645
-53.174110	1919
-48.742935	2348
-44.311760	2888
-39.880585	3680
-35.449406	4567
-31.018232	5185
-26.587055	5422
-22.155880	5798
-17.724703	6144
-13.293528	6437
-8.862351	6605
-4.431176	6702
0.000000	6709
4.431176	6635
8.862351	6552
13.293528	6377
17.724703	6170
22.155880	5957
26.587055	5616
31.018232	5273
35.449406	4773
39.880585	4152
44.311760	3543
48.742935	2814
53.174110	2261
57.605286	1924
62.036465	1641
66.467636	1387
70.898811	1225
75.329994	1089
79.761169	953
84.192345	874
88.623520	819
93.054695	761
97.485870	732
101.917046	712
106.348221	672
110.779396	651
115.210571	642
119.641747	654
124.072929	651
128.504105	603
132.935272	562
137.366455	537
141.797623	497
146.228806	507
150.659988	495
155.091156	493
159.522339	473
163.953506	465
168.384689	453
172.815857	444
177.247040	511
181.678207	538
186.109390	469
190.540558	437
194.971741	481
199.402924	456
203.834091	451
208.265274	461
212.696442	451
217.127625	447
221.558792	443
225.989975	457
230.421143	453
234.852325	433
239.283493	399
243.714676	408
248.145859	433
252.577026	438
257.008209	445
261.439392	450
265.870544	453
270.301727	475
274.732910	458
279.164093	418
283.595245	418
288.026428	435
292.457611	424
296.888794	419
301.319977	437
305.751129	431
310.182312	436
314.613495	481
319.044678	490
323.475830	467
327.907013	462
332.338196	447
336.769379	424
341.200562	427
345.631714	413
350.062897	428
354.494080	419
358.925262	410
363.356415	409
367.787598	414
372.218781	419
376.649963	443
381.081116	441
385.512299	438
389.943481	423
394.374664	430
398.805847	439
403.237000	432
407.668182	426
412.099365	427
416.530548	428
420.961700	433
425.392883	454
429.824066	442
434.255249	427
438.686432	424
443.117584	418
447.548767	434
451.979950	438
456.411133	432
460.842285	444
465.273468	461
469.704651	452
474.135834	438
478.566986	444
482.998169	438
487.429352	426
491.860535	449
496.291718	453
500.722870	438
505.154053	422
509.585236	444
514.016418	440
518.447571	407
522.878784	401
527.309937	404
531.741089	427
536.172302	444
540.603455	441
545.034668	457
549.465820	449
553.896973	409
558.328186	412
562.759338	431
567.190491	438
571.621704	446
576.052856	445
580.484070	432
584.915222	427
589.346375	423
593.777588	414
598.208740	433
602.639954	426
607.071106	429
611.502258	420
615.933472	425
620.364624	443
624.795776	428
629.226990	425
633.658142	436
638.089355	422
642.520508	410
646.951660	411
651.382874	413
655.814026	406
660.245239	415
664.676392	434
669.107544	432
673.538757	413
677.969910	396
682.401123	436
686.832275	442
691.263428	417
695.694641	424
700.125793	429
704.556946	428
708.988159	436
713.419312	445
717.850525	420
722.281677	413
726.712830	447
731.144043	449
735.575195	455
740.006409	440
744.437561	449
748.868713	430
753.299927	422
757.731079	423
762.162231	418
766.593445	424
771.024597	435
775.455811	425
779.886963	399
784.318115	421
788.749329	438
793.180481	431
797.611694	439
802.042847	452
806.473999	436
810.905212	429
815.336365	424
819.767578	431
824.198730	421
828.629883	407
833.061096	423
837.492249	453
841.923401	446
846.354614	421
850.785767	407
855.216980	429
859.648132	446
864.079285	422
868.510498	446
872.941650	444
877.372864	441
881.804016	430
886.235168	412
890.666382	412
895.097534	416
899.528687	425
903.959900	444
908.391052	453
912.822266	411
917.253418	425
921.684570	455
926.115784	420
930.546936	414
934.978149	428
939.409302	431
943.840454	438
948.271667	459
952.702820	447
957.133972	433
961.565186	426
965.996338	434
970.427551	420
974.858704	443
979.289856	437
983.721069	438
988.152222	449
992.583435	442
997.014587	422
1001.445740	450
1005.876953	465
1010.308105	461
1014.739319	454
1019.170471	454
1023.601624	443
1028.032837	417
1032.463989	432
1036.895142	418
1041.326294	403
1045.757568	417
1050.188721	427
1054.619873	434
1059.051025	452
1063.482178	429
1067.913452	411
1072.344604	422
1076.775757	420
1081.206909	411
1085.638062	412
1090.069336	433
1094.500488	430
1098.931641	445
1103.362793	462
1107.793945	444
1112.225220	436
1116.656372	425
1121.087524	403
1125.518677	423
1129.949829	455
1134.380981	443
1138.812256	428
1143.243408	420
1147.674561	401
1152.105713	394
1156.536865	404
1160.968140	416
1165.399292	434
1169.830444	446
1174.261597	420
1178.692749	399
1183.124023	410
1187.555176	425
1191.986328	416
1196.417480	438
1200.848633	442
1205.279907	424
1209.711060	403
1214.142212	424
1218.573364	431
1223.004517	463
1227.435791	435
1231.866943	422
1236.298096	438
1240.729248	434
1245.160400	426
1249.591553	422
1254.022827	421
1258.453979	419
1262.885132	434
1267.316284	421
1271.747437	425
1276.178711	432
1280.609863	441
1285.041016	442
1289.472168	418
1293.903320	414
1298.334595	431
1302.765747	429
1307.196899	461
1311.628052	471
1316.059204	403
1320.490479	411
1324.921631	439
1329.352783	457
1333.783936	434
1338.215088	436
1342.646362	450
1347.077515	469
1351.508667	435
1355.939819	408
1360.370972	413
1364.802246	420
1369.233398	412
1373.664551	410
1378.095703	424
1382.526855	448
1386.958008	465
1391.389282	478
1395.820435	462
1400.251587	423
1404.682739	420
1409.113892	419
1413.545166	411
1417.976318	408
1422.407471	393
1426.838623	381
1431.269775	419
1435.701050	433
1440.132202	444
1444.563354	435
1448.994507	433
1453.425659	428
1457.856934	411
1462.288086	408
1466.719238	430
1471.150391	423
1475.581543	441
1480.012817	489
1484.443970	453
1488.875122	452
1493.306274	452
1497.737427	446
1502.168701	421
1506.599854	431
1511.031006	418
1515.462158	435
1519.893311	437
1524.324463	406
1528.755737	451
1533.186890	479
1537.618042	451
1542.049194	426
1546.480347	418
1550.911621	409
1555.342773	399
1559.773926	429
1564.205078	451
1568.636230	436
1573.067505	396
1577.498657	402
1581.929810	411
1586.360962	418
1590.792114	433
1595.223389	422
1599.654541	416
1604.085693	438
1608.516846	442
1612.947998	423
1617.379272	433
1621.810425	446
1626.241577	426
1630.672729	420
1635.103882	443
1639.535156	440
1643.966309	446
1648.397461	418
1652.828613	418
1657.259766	447
1661.690918	451
1666.122192	447
1670.553345	435
1674.984497	432
1679.415649	422
1683.846802	417
1688.278076	450
1692.709229	454
1697.140381	423
1701.571533	445
1706.002686	458
1710.433960	455
1714.865112	442
1719.296265	427
1723.727417	422
1728.158569	419
1732.589844	451
1737.020996	448
1741.452148	436
1745.883301	434
1750.314453	424
1754.745728	430
1759.176880	440
1763.608032	415
1768.039185	416
1772.470337	421
1776.901489	458
1781.332764	469
1785.763916	432
1790.195068	445
1794.626221	461
1799.057373	443
1803.488647	435
1807.919800	460
1812.350952	472
1816.782104	470
1821.213257	428
1825.644531	414
1830.075684	417
1834.506836	439
1838.937988	439
1843.369141	432
1847.800415	439
1852.231567	447
1856.662720	453
1861.093872	476
1865.525024	480
1869.956299	476
1874.387451	450
1878.818604	478
1883.249756	466
1887.680908	436
1892.112183	448
1896.543335	460
1900.974487	445
1905.405640	435
1909.836792	444
1914.267944	469
1918.699219	465
1923.130371	470
1927.561523	455
1931.992676	436
1936.423828	453
1940.855103	473
1945.286255	440
1949.717407	438
1954.148560	451
1958.579712	447
1963.010986	436
1967.442139	435
1971.873291	457
1976.304443	463
1980.735596	428
1985.166870	409
1989.598022	404
1994.029175	435
1998.460327	460
2002.891479	461
2007.322754	454
2011.753906	429
2016.185059	435
2020.616211	458
2025.047363	456
2029.478638	443
2033.909790	434
2038.340942	443
2042.772095	436
2047.203247	440
2051.634521	450
2056.065674	441
2060.496826	452
2064.927979	471
2069.359131	453
2073.790283	433
2078.221436	437
2082.652588	426
2087.083984	447
2091.515137	478
2095.946289	449
2100.377441	406
2104.808594	423
2109.239746	438
2113.670898	444
2118.102051	438
2122.533203	420
2126.964355	423
2131.395508	433
2135.826904	427
2140.258057	440
2144.689209	431
2149.120361	445
2153.551514	492
2157.982666	474
2162.413818	432
2166.844971	438
2171.276123	464
2175.707275	437
2180.138672	442
2184.569824	427
2189.000977	414
2193.432129	404
2197.863281	433
2202.294434	448
2206.725586	447
2211.156738	421
2215.587891	437
2220.019043	431
2224.450439	405
2228.881592	409
2233.312744	426
2237.743896	457
2242.175049	471
2246.606201	453
2251.037354	446
2255.468506	434
2259.899658	428
2264.330811	419
2268.761963	424
2273.193359	437
2277.624512	417
2282.055664	418
2286.486816	453
2290.917969	456
2295.349121	440
2299.780273	419
2304.211426	450
2308.642578	469
2313.073730	425
2317.505127	442
2321.936279	448
2326.367432	450
2330.798584	453
2335.229736	441
2339.660889	442
2344.092041	422
2348.523193	427
2352.954346	461
2357.385498	455
2361.816895	429
2366.248047	397
2370.679199	416
2375.110352	445
2379.541504	452
2383.972656	436
2388.403809	425
2392.834961	445
2397.266113	456
2401.697266	468
2406.128418	461
2410.559814	449
2414.990967	447
2419.422119	417
2423.853271	430
2428.284424	449
2432.715576	465
2437.146729	475
2441.577881	449
2446.009033	448
2450.440186	440
2454.871582	453
2459.302734	451
2463.733887	452
2468.165039	450
2472.596191	442
2477.027344	437
2481.458496	453
2485.889648	448
2490.320801	432
2494.751953	448
2499.183105	437
2503.614502	428
2508.045654	449
2512.476807	435
2516.907959	433
2521.339111	434
2525.770264	456
2530.201416	483
2534.632568	476
2539.063721	467
2543.494873	471
2547.926270	455
2552.357422	448
2556.788574	459
2561.219727	446
2565.650879	446
2570.082031	452
2574.513184	438
2578.944336	451
2583.375488	438
2587.806641	432
2592.238037	446
2596.669189	429
2601.100342	439
2605.531494	440
2609.962646	455
2614.393799	459
2618.824951	444
2623.256104	430
2627.687256	433
2632.118408	474
2636.549561	481
2640.980957	458
2645.412109	454
2649.843262	421
2654.274414	401
2658.705566	395
2663.136719	414
2667.567871	437
2671.999023	444
2676.430176	446
2680.861328	453
2685.292725	430
2689.723877	430
2694.155029	443
2698.586182	438
2703.017334	429
2707.448486	416
2711.879639	402
2716.310791	434
2720.741943	476
2725.173096	484
2729.604492	455
2734.035645	446
2738.466797	455
2742.897949	448
2747.329102	420
2751.760254	436
2756.191406	442
2760.622559	417
2765.053711	437
2769.484863	456
2773.916016	453
2778.347412	455
2782.778564	467
2787.209717	459
2791.640869	464
2796.072021	465
2800.503174	441
2804.934326	474
2809.365479	460
2813.796631	436
2818.227783	439
2822.659180	452
2827.090332	437
2831.521484	427
2835.952637	423
2840.383789	427
2844.814941	444
2849.246094	459
2853.677246	445
2858.108398	439
2862.539551	425
2866.970947	433
2871.402100	457
2875.833252	458
2880.264404	462
2884.695557	474
2889.126709	504
2893.557861	498
2897.989014	483
2902.420166	455
2906.851318	432
2911.282471	439
2915.713867	433
2920.145020	433
2924.576172	416
2929.007324	439
2933.438477	470
2937.869629	456
2942.300781	421
2946.731934	429
2951.163086	441
2955.594238	429
2960.025635	450
2964.456787	463
2968.887939	453
2973.319092	439
2977.750244	450
2982.181396	435
2986.612549	424
2991.043701	436
2995.474854	427
2999.906006	416
3004.337402	444
3008.768555	450
3013.199707	478
3017.630859	477
3022.062012	455
3026.493164	467
3030.924316	479
3035.355469	455
3039.786621	445
3044.217773	468
3048.648926	476
3053.080322	448
3057.511475	441
3061.942627	435
3066.373779	440
3070.804932	449
3075.236084	447
3079.667236	451
3084.098389	449
3088.529541	461
3092.960693	460
3097.392090	446
3101.823242	449
3106.254395	463
3110.685547	456
3115.116699	447
3119.547852	474
3123.979004	492
3128.410156	476
3132.841309	465
3137.272461	457
3141.703857	427
3146.135010	439
3150.566162	473
3154.997314	445
3159.428467	422
3163.859619	429
3168.290771	436
3172.721924	421
3177.153076	438
3181.584229	437
3186.015381	455
3190.446777	463
3194.877930	415
3199.309082	419
3203.740234	428
3208.171387	422
3212.602539	434
3217.033691	441
3221.464844	419
3225.895996	420
3230.327148	453
3234.758545	476
3239.189697	492
3243.620850	496
3248.052002	472
3252.483154	427
3256.914307	452
3261.345459	477
3265.776611	469
3270.207764	452
3274.638916	417
3279.070313	405
3283.501465	441
3287.932617	487
3292.363770	476
3296.794922	452
3301.226074	456
3305.657227	460
3310.088379	447
3314.519531	437
3318.950684	468
3323.381836	457
3327.813232	446
3332.244385	454
3336.675537	459
3341.106689	468
3345.537842	454
3349.968994	403
3354.400146	410
3358.831299	434
3363.262451	442
3367.693604	483
3372.125000	471
3376.556152	452
3380.987305	455
3385.418457	473
3389.849609	463
3394.280762	453
3398.711914	430
3403.143066	428
3407.574219	451
3412.005371	443
3416.436523	444
3420.867920	454
3425.299072	473
3429.730225	468
3434.161377	495
3438.592529	498
3443.023682	488
3447.454834	432
3451.885986	438
3456.317139	463
3460.748291	467
3465.179688	482
3469.610840	503
3474.041992	521
3478.473145	472
3482.904297	432
3487.335449	454
3491.766602	478
3496.197754	488
3500.628906	474
3505.060059	450
3509.491455	454
3513.922607	482
3518.353760	497
3522.784912	481
3527.216064	460
3531.647217	452
3536.078369	451
3540.509521	452
3544.940674	470
3549.371826	487
3553.802979	482
3558.234375	513
3562.665527	500
3567.096680	463
3571.527832	440
3575.958984	474
3580.390137	495
3584.821289	516
3589.252441	480
3593.683594	488
3598.114746	481
3602.546143	500
3606.977295	508
3611.408447	512
3615.839600	496
3620.270752	499
3624.701904	507
3629.133057	529
3633.564209	505
3637.995361	503
3642.426514	516
3646.857910	506
3651.289063	493
3655.720215	488
3660.151367	530
3664.582520	537
3669.013672	530
3673.444824	542
3677.875977	544
3682.307129	597
3686.738281	594
3691.169434	558
3695.600830	577
3700.031982	554
3704.463135	570
3708.894287	608
3713.325439	640
3717.756592	649
3722.187744	631
3726.618896	651
3731.050049	711
3735.481201	732
3739.912598	749
3744.343750	777
3748.774902	822
3753.206055	849
3757.637207	860
3762.068359	879
3766.499512	904
3770.930664	953
3775.361816	965
3779.792969	1025
3784.224365	1104
3788.655518	1123
3793.086670	1134
3797.517822	1204
3801.948975	1285
3806.380127	1290
3810.811279	1296
3815.242432	1329
3819.673584	1367
3824.104736	1451
3828.535889	1528
3832.967285	1561
3837.398438	1718
3841.829590	1811
3846.260742	1815
3850.691895	1891
3855.123047	2012
3859.554199	1962
3863.985352	1873
3868.416504	1874
3872.847656	1918
3877.279053	1998
3881.710205	2067
3886.141357	2165
3890.572510	2291
3895.003662	2288
3899.434814	2238
3903.865967	2321
3908.297119	2416
3912.728271	2452
3917.159424	2461
3921.590820	2531
3926.021973	2511
3930.453125	2502
3934.884277	2557
3939.315430	2416
3943.746582	2337
3948.177734	2396
3952.608887	2387
3957.040039	2321
3961.471191	2376
3965.902344	2496
3970.333740	2552
3974.764893	2573
3979.196045	2641
3983.627197	2600
3988.058350	2625
3992.489502	2723
3996.920654	2830
4001.351807	2879
4005.782959	2895
4010.214111	2934
4014.645508	2919
4019.076660	2795
4023.507813	2824
4027.938965	2918
4032.370117	2846
4036.801270	2761
4041.232422	2734
4045.663574	2790
4050.094727	2825
4054.525879	2794
4058.957275	2814
4063.388428	2731
4067.819580	2549
4072.250732	2543
4076.681885	2454
4081.113037	2357
4085.544189	2323
4089.975342	2290
4094.406494	2344
4098.837891	2413
4103.269043	2403
4107.700195	2388
4112.131348	2382
4116.562500	2463
4120.993652	2560
4125.424805	2532
4129.855957	2491
4134.287109	2577
4138.718262	2558
4143.149414	2561
4147.580566	2663
4152.011719	2599
4156.442871	2562
4160.874023	2617
4165.305176	2568
4169.736328	2503
4174.167969	2458
4178.599121	2504
4183.030273	2503
4187.461426	2554
4191.892578	2685
4196.323730	2634
4200.754883	2589
4205.186035	2527
4209.617188	2522
4214.048340	2473
4218.479492	2409
4222.910645	2402
4227.341797	2451
4231.772949	2444
4236.204102	2358
4240.635254	2358
4245.066406	2353
4249.497559	2377
4253.928711	2455
4258.359863	2369
4262.791016	2304
4267.222656	2384
4271.653809	2377
4276.084961	2295
4280.516113	2214
4284.947266	2272
4289.378418	2302
4293.809570	2284
4298.240723	2210
4302.671875	2192
4307.103027	2149
4311.534180	2083
4315.965332	2069
4320.396484	2049
4324.827637	2040
4329.258789	1954
4333.689941	1969
4338.121094	2082
4342.552246	2093
4346.983398	2148
4351.414551	2167
4355.845703	2141
4360.277344	2222
4364.708496	2221
4369.139648	2162
4373.570801	2209
4378.001953	2267
4382.433105	2319
4386.864258	2391
4391.295410	2321
4395.726563	2323
4400.157715	2398
4404.588867	2393
4409.020020	2346
4413.451172	2379
4417.882324	2379
4422.313477	2268
4426.744629	2295
4431.175781	2371
4435.606934	2318
4440.038086	2306
4444.469238	2332
4448.900879	2359
4453.332031	2380
4457.763184	2236
4462.194336	2124
4466.625488	2218
4471.056641	2340
4475.487793	2407
4479.918945	2394
4484.350098	2304
4488.781250	2313
4493.212402	2291
4497.643555	2252
4502.074707	2245
4506.505859	2233
4510.937012	2270
4515.368164	2266
4519.799316	2253
4524.230469	2246
4528.661621	2228
4533.092773	2191
4537.523926	2267
4541.955566	2224
4546.386719	2223
4550.817871	2250
4555.249023	2151
4559.680176	2144
4564.111328	2165
4568.542480	2149
4572.973633	2243
4577.404785	2256
4581.835938	2158
4586.267090	2217
4590.698242	2248
4595.129395	2245
4599.560547	2270
4603.991699	2269
4608.422852	2288
4612.854004	2354
4617.285156	2378
4621.716309	2315
4626.147461	2296
4630.578613	2374
4635.010254	2415
4639.441406	2413
4643.872559	2496
4648.303711	2489
4652.734863	2507
4657.166016	2606
4661.597168	2615
4666.028320	2560
4670.459473	2530
4674.890625	2535
4679.321777	2670
4683.752930	2668
4688.184082	2626
4692.615234	2723
4697.046387	2755
4701.477539	2734
4705.908691	2757
4710.339844	2833
4714.770996	2899
4719.202148	2869
4723.633789	2917
4728.064941	2983
4732.496094	2938
4736.927246	2968
4741.358398	3013
4745.789551	2992
4750.220703	3034
4754.651855	3103
4759.083008	3073
4763.514160	3036
4767.945313	3035
4772.376465	3078
4776.807617	3147
4781.238770	3141
4785.669922	3106
4790.101074	3140
4794.532227	3106
4798.963379	3052
4803.394531	3096
4807.825684	3092
4812.256836	3082
4816.688477	3091
4821.119629	3106
4825.550781	3178
4829.981934	3173
4834.413086	3066
4838.844238	2965
4843.275391	2931
4847.706543	2925
4852.137695	2852
4856.568848	2726
4861.000000	2714
4865.431152	2748
4869.862305	2927
4874.293457	3001
4878.724609	2992
4883.155762	3003
4887.586914	3000
4892.018066	3052
4896.449219	3084
4900.880371	3072
4905.311523	3027
4909.743164	3050
4914.174316	3055
4918.605469	3118
4923.036621	3134
4927.467773	3102
4931.898926	3077
4936.330078	3100
4940.761230	3118
4945.192383	3027
4949.623535	3100
4954.054688	3094
4958.485840	3050
4962.916992	3076
4967.348145	3052
4971.779297	3032
4976.210449	3001
4980.641602	3012
4985.072754	3052
4989.503906	3032
4993.935059	3013
4998.366211	2962
5002.797852	2877
5007.229004	2951
5011.660156	2985
5016.091309	2930
5020.522461	2928
5024.953613	2902
5029.384766	2882
5033.815918	2897
5038.247070	2852
5042.678223	2822
5047.109375	2791
5051.540527	2839
5055.971680	2953
5060.402832	2898
5064.833984	2809
5069.265137	2842
5073.696289	2874
5078.127441	2867
5082.558594	2800
5086.989746	2810
5091.421387	2908
5095.852539	2866
5100.283691	2848
5104.714844	2880
5109.145996	2876
5113.577148	2883
5118.008301	2860
5122.439453	2830
5126.870605	2840
5131.301758	2793
5135.732910	2754
5140.164063	2769
5144.595215	2782
5149.026367	2742
5153.457520	2697
5157.888672	2679
5162.319824	2703
5166.750977	2755
5171.182129	2746
5175.613281	2712
5180.044434	2677
5184.476074	2665
5188.907227	2629
5193.338379	2623
5197.769531	2642
5202.200684	2722
5206.631836	2716
5211.062988	2646
5215.494141	2606
5219.925293	2627
5224.356445	2622
5228.787598	2565
5233.218750	2562
5237.649902	2579
5242.081055	2624
5246.512207	2608
5250.943359	2567
5255.374512	2638
5259.805664	2616
5264.236816	2582
5268.667969	2562
5273.099121	2499
5277.530762	2485
5281.961914	2499
5286.393066	2506
5290.824219	2549
5295.255371	2527
5299.686523	2488
5304.117676	2463
5308.548828	2507
5312.979980	2467
5317.411133	2398
5321.842285	2450
5326.273438	2424
5330.704590	2373
5335.135742	2466
5339.566895	2494
5343.998047	2488
5348.429199	2558
5352.860352	2477
5357.291504	2411
5361.722656	2439
5366.154297	2393
5370.585449	2421
5375.016602	2445
5379.447754	2462
5383.878906	2441
5388.310059	2370
5392.741211	2372
5397.172363	2383
5401.603516	2359
5406.034668	2374
5410.465820	2351
5414.896973	2334
5419.328125	2341
5423.759277	2308
5428.190430	2249
5432.621582	2233
5437.052734	2238
5441.483887	2280
5445.915039	2261
5450.346191	2246
5454.777344	2296
5459.208984	2263
5463.640137	2289
5468.071289	2319
5472.502441	2363
5476.933594	2402
5481.364746	2290
5485.795898	2251
5490.227051	2226
5494.658203	2191
5499.089355	2231
5503.520508	2191
5507.951660	2223
5512.382813	2203
5516.813965	2144
5521.245117	2188
5525.676270	2178
5530.107422	2170
5534.538574	2163
5538.969727	2132
5543.400879	2153
5547.832031	2142
5552.263672	2124
5556.694824	2146
5561.125977	2070
5565.557129	2084
5569.988281	2135
5574.419434	2154
5578.850586	2209
5583.281738	2221
5587.712891	2143
5592.144043	2115
5596.575195	2054
5601.006348	2001
5605.437500	2019
5609.868652	2033
5614.299805	2078
5618.730957	2123
5623.162109	2090
5627.593262	2044
5632.024414	2042
5636.455566	2031
5640.887207	2026
5645.318359	2071
5649.749512	2058
5654.180664	2003
5658.611816	2018
5663.042969	2010
5667.474121	1988
5671.905273	2008
5676.336426	2004
5680.767578	1969
5685.198730	1977
5689.629883	1895
5694.061035	1917
5698.492188	1977
5702.923340	1970
5707.354492	1987
5711.785645	2004
5716.216797	1959
5720.647949	1894
5725.079102	1903
5729.510254	1928
5733.941895	1948
5738.373047	1956
5742.804199	1950
5747.235352	1910
5751.666504	1916
5756.097656	1952
5760.528809	1981
5764.959961	1973
5769.391113	1972
5773.822266	1982
5778.253418	2024
5782.684570	2022
5787.115723	1930
5791.546875	1944
5795.978027	1975
5800.409180	1996
5804.840332	1978
5809.271484	2008
5813.702637	2030
5818.133789	2002
5822.564941	1948
5826.996582	1958
5831.427734	2062
5835.858887	2095
5840.290039	2023
5844.721191	2037
5849.152344	2095
5853.583496	2079
5858.014648	2039
5862.445801	2027
5866.876953	2067
5871.308105	2039
5875.739258	1987
5880.170410	1988
5884.601563	1944
5889.032715	1927
5893.463867	1968
5897.895020	2001
5902.326172	1986
5906.757324	1918
5911.188477	1932
5915.619629	1964
5920.051270	1988
5924.482422	1985
5928.913574	2021
5933.344727	2031
5937.775879	1957
5942.207031	1957
5946.638184	1911
5951.069336	1890
5955.500488	1896
5959.931641	1975
5964.362793	2009
5968.793945	2035
5973.225098	1999
5977.656250	1940
5982.087402	1894
5986.518555	1913
5990.949707	1897
5995.380859	1879
5999.812012	1892
6004.243164	1862
6008.674805	1830
6013.105957	1824
6017.537109	1796
6021.968262	1764
6026.399414	1781
6030.830566	1745
6035.261719	1744
6039.692871	1785
6044.124023	1791
6048.555176	1739
6052.986328	1712
6057.417480	1741
6061.848633	1766
6066.279785	1725
6070.710938	1725
6075.142090	1732
6079.573242	1712
6084.004395	1700
6088.435547	1674
6092.866699	1728
6097.297852	1755
6101.729492	1749
6106.160645	1672
6110.591797	1630
6115.022949	1610
6119.454102	1666
6123.885254	1692
6128.316406	1681
6132.747559	1685
6137.178711	1620
6141.609863	1592
6146.041016	1560
6150.472168	1509
6154.903320	1569
6159.334473	1590
6163.765625	1561
6168.196777	1531
6172.627930	1564
6177.059082	1580
6181.490234	1566
6185.921387	1549
6190.352539	1554
6194.784180	1564
6199.215332	1548
6203.646484	1504
6208.077637	1495
6212.508789	1483
6216.939941	1496
6221.371094	1456
6225.802246	1419
6230.233398	1417
6234.664551	1419
6239.095703	1408
6243.526855	1442
6247.958008	1423
6252.389160	1370
6256.820313	1366
6261.251465	1415
6265.682617	1395
6270.113770	1380
6274.544922	1394
6278.976074	1407
6283.407715	1367
6287.838867	1297
6292.270020	1331
6296.701172	1394
6301.132324	1369
6305.563477	1341
6309.994629	1312
6314.425781	1299
6318.856934	1325
6323.288086	1311
6327.719238	1300
6332.150391	1282
6336.581543	1318
6341.012695	1356
6345.443848	1357
6349.875000	1323
6354.306152	1334
6358.737305	1324
6363.168457	1267
6367.599609	1309
6372.030762	1322
6376.462402	1335
6380.893555	1304
6385.324707	1249
6389.755859	1259
6394.187012	1274
6398.618164	1281
6403.049316	1246
6407.480469	1210
6411.911621	1255
6416.342773	1314
6420.773926	1284
6425.205078	1243
6429.636230	1222
6434.067383	1230
6438.498535	1242
6442.929688	1233
6447.360840	1223
6451.791992	1231
6456.223145	1267
6460.654297	1247
6465.085449	1216
6469.517090	1285
6473.948242	1269
6478.379395	1213
6482.810547	1207
6487.241699	1223
6491.672852	1198
6496.104004	1225
6500.535156	1221
6504.966309	1173
6509.397461	1221
6513.828613	1266
6518.259766	1232
6522.690918	1166
6527.122070	1162
6531.553223	1211
6535.984375	1227
6540.415527	1214
6544.846680	1147
6549.277832	1112
6553.708984	1053
6558.140625	989
6562.571777	1034
6567.002930	1053
6571.434082	1054
6575.865234	1136
6580.296387	1110
6584.727539	1074
6589.158691	1076
6593.589844	1062
6598.020996	1052
6602.452148	1114
6606.883301	1153
6611.314453	1202
6615.745605	1234
6620.176758	1210
6624.607910	1139
6629.039063	1152
6633.470215	1158
6637.901367	1153
6642.332520	1166
6646.763672	1123
6651.195313	1099
6655.626465	1114
6660.057617	1126
6664.488770	1170
6668.919922	1172
6673.351074	1169
6677.782227	1166
6682.213379	1128
6686.644531	1148
6691.075684	1123
6695.506836	1094
6699.937988	1132
6704.369141	1122
6708.800293	1120
6713.231445	1140
6717.662598	1168
6722.093750	1148
6726.524902	1159
6730.956055	1132
6735.387207	1149
6739.818359	1128
6744.250000	1086
6748.681152	1076
6753.112305	1111
6757.543457	1121
6761.974609	1095
6766.405762	1081
6770.836914	1120
6775.268066	1151
6779.699219	1169
6784.130371	1161
6788.561523	1118
6792.992676	1111
6797.423828	1075
6801.854980	1043
6806.286133	1081
6810.717285	1042
6815.148438	1014
6819.579590	1049
6824.010742	1066
6828.441895	1012
6832.873047	995
6837.304688	1062
6841.735840	1022
6846.166992	994
6850.598145	1031
6855.029297	1063
6859.460449	1083
6863.891602	1035
6868.322754	1018
6872.753906	1011
6877.185059	962
6881.616211	934
6886.047363	947
6890.478516	953
6894.909668	940
6899.340820	953
6903.771973	986
6908.203125	1048
6912.634277	978
6917.065430	940
6921.496582	969
6925.928223	958
6930.359375	914
6934.790527	912
6939.221680	914
6943.652832	961
6948.083984	1018
6952.515137	979
6956.946289	920
6961.377441	940
6965.808594	998
6970.239746	944
6974.670898	923
6979.102051	944
6983.533203	919
6987.964355	933
6992.395508	964
6996.826660	955
7001.257813	937
7005.688965	938
7010.120117	924
7014.551270	881
7018.982910	885
7023.414063	884
7027.845215	896
7032.276367	884
7036.707520	856
7041.138672	885
7045.569824	856
7050.000977	850
7054.432129	855
7058.863281	794
7063.294434	822
7067.725586	864
7072.156738	831
7076.587891	840
7081.019043	846
7085.450195	825
7089.881348	816
7094.312500	836
7098.743652	831
7103.174805	843
7107.605957	871
7112.037598	880
7116.468750	847
7120.899902	805
7125.331055	821
7129.762207	848
7134.193359	805
7138.624512	761
7143.055664	786
7147.486816	808
7151.917969	818
7156.349121	788
7160.780273	741
7165.211426	750
7169.642578	762
7174.073730	755
7178.504883	705
7182.936035	682
7187.367188	719
7191.798340	718
7196.229492	689
7200.661133	684
7205.092285	671
7209.523438	674
7213.954590	668
7218.385742	710
7222.816895	708
7227.248047	716
7231.679199	739
7236.110352	679
7240.541504	710
7244.972656	664
7249.403809	611
7253.834961	654
7258.266113	656
7262.697266	666
7267.128418	664
7271.559570	634
7275.990723	623
7280.421875	654
7284.853027	653
7289.284180	625
7293.715820	634
7298.146973	626
7302.578125	599
7307.009277	603
7311.440430	584
7315.871582	579
7320.302734	576
7324.733887	561
7329.165039	584
7333.596191	589
7338.027344	603
7342.458496	600
7346.889648	580
7351.320801	579
7355.751953	564
7360.183105	557
7364.614258	560
7369.045410	543
7373.476563	508
7377.907715	496
7382.338867	516
7386.770508	519
7391.201660	502
7395.632813	510
7400.063965	525
7404.495117	572
7408.926270	545
7413.357422	508
7417.788574	510
7422.219727	529
7426.650879	525
7431.082031	533
7435.513184	556
7439.944336	560
7444.375488	540
7448.806641	547
7453.237793	573
7457.668945	560
7462.100098	528
7466.531250	557
7470.962402	581
7475.394043	565
7479.825195	591
7484.256348	608
7488.687500	597
7493.118652	598
7497.549805	623
7501.980957	625
7506.412109	627
7510.843262	628
7515.274414	617
7519.705566	607
7524.136719	628
7528.567871	638
7532.999023	641
7537.430176	640
7541.861328	619
7546.292480	589
7550.723633	555
7555.154785	550
7559.585938	563
7564.017090	603
7568.448730	637
7572.879883	601
7577.311035	621
7581.742188	607
7586.173340	563
7590.604492	571
7595.035645	575
7599.466797	536
7603.897949	529
7608.329102	552
7612.760254	561
7617.191406	544
7621.622559	558
7626.053711	521
7630.484863	526
7634.916016	506
7639.347168	488
7643.778320	500
7648.209473	525
7652.640625	553
7657.071777	550
7661.503418	503
7665.934570	517
7670.365723	518
7674.796875	508
7679.228027	494
7683.659180	475
7688.090332	484
7692.521484	507
7696.952637	520
7701.383789	526
7705.814941	525
7710.246094	521
7714.677246	534
7719.108398	512
7723.539551	500
7727.970703	481
7732.401855	494
7736.833008	507
7741.264160	510
7745.695313	496
7750.126953	507
7754.558105	527
7758.989258	523
7763.420410	510
7767.851563	491
7772.282715	474
7776.713867	472
7781.145020	484
7785.576172	469
7790.007324	458
7794.438477	471
7798.869629	444
7803.300781	419
7807.731934	440
7812.163086	465
7816.594238	473
7821.025391	458
7825.456543	472
7829.887695	470
7834.318848	471
7838.750000	448
7843.181641	436
7847.612793	473
7852.043945	475
7856.475098	453
7860.906250	473
7865.337402	500
7869.768555	493
7874.199707	481
7878.630859	467
7883.062012	467
7887.493164	462
7891.924316	454
7896.355469	500
7900.786621	533
7905.217773	504
7909.648926	488
7914.080078	506
7918.511230	496
7922.942383	508
7927.373535	539
7931.804688	509
7936.236328	495
7940.667480	498
7945.098633	546
7949.529785	557
7953.960938	543
7958.392090	512
7962.823242	495
7967.254395	515
7971.685547	530
7976.116699	539
7980.547852	534
7984.979004	529
7989.410156	539
7993.841309	560
7998.272461	569
8002.703613	535
8007.134766	532
8011.565918	555
8015.997070	562
8020.428223	545
8024.859375	562
8029.291016	563
8033.722168	551
8038.153320	534
8042.584473	546
8047.015625	534
8051.446777	535
8055.877930	538
8060.309082	513
8064.740234	520
8069.171387	550
8073.602539	552
8078.033691	560
8082.464844	580
8086.895996	557
8091.327148	515
8095.758301	495
8100.189453	497
8104.620605	499
8109.051758	507
8113.482910	519
8117.914551	507
8122.345703	533
8126.776855	534
8131.208008	547
8135.639160	526
8140.070313	518
8144.501465	556
8148.932617	523
8153.363770	496
8157.794922	491
8162.226074	509
8166.657227	509
8171.088379	472
8175.519531	491
8179.950684	504
8184.381836	457
8188.812988	446
8193.244141	476
8197.675781	503
8202.106445	488
8206.538086	481
8210.968750	487
8215.400391	474
8219.831055	445
8224.262695	442
8228.693359	417
8233.125000	440
8237.555664	454
8241.987305	462
8246.417969	501
8250.849609	483
8255.281250	465
8259.711914	435
8264.143555	431
8268.574219	434
8273.005859	456
8277.436523	480
8281.868164	478
8286.298828	459
8290.730469	439
8295.161133	431
8299.592773	429
8304.023438	455
8308.455078	452
8312.885742	472
8317.317383	488
8321.748047	480
8326.179688	466
8330.610352	482
8335.041992	460
8339.472656	438
8343.904297	437
8348.335938	460
8352.766602	465
8357.198242	483
8361.628906	463
8366.060547	444
8370.491211	434
8374.922852	467
8379.353516	488
8383.785156	460
8388.215820	457
8392.647461	455
8397.078125	478
8401.509766	469
8405.940430	458
8410.372070	444
8414.802734	447
8419.234375	473
8423.665039	473
8428.096680	477
8432.527344	509
8436.958984	510
8441.390625	444
8445.821289	444
8450.252930	469
8454.683594	513
8459.115234	530
8463.545898	482
8467.977539	496
8472.408203	514
8476.839844	475
8481.270508	489
8485.702148	475
8490.132813	457
8494.564453	461
8498.995117	449
8503.426758	496
8507.857422	511
8512.289063	485
8516.719727	485
8521.151367	499
8525.582031	500
8530.013672	481
8534.445313	482
8538.875977	518
8543.307617	506
8547.738281	497
8552.169922	478
8556.600586	497
8561.032227	530
8565.462891	515
8569.894531	502
8574.325195	508
8578.756836	485
8583.187500	467
8587.619141	485
8592.049805	508
8596.481445	503
8600.912109	468
8605.343750	479
8609.774414	518
8614.206055	526
8618.636719	495
8623.068359	495
8627.500000	506
8631.930664	455
8636.362305	445
8640.792969	449
8645.224609	473
8649.655273	522
8654.086914	521
8658.517578	488
8662.949219	495
8667.379883	490
8671.811523	504
8676.242188	505
8680.673828	507
8685.104492	495
8689.536133	469
8693.966797	495
8698.398438	509
8702.829102	498
8707.260742	475
8711.691406	480
8716.123047	488
8720.554688	475
8724.985352	461
8729.416992	475
8733.847656	505
8738.279297	522
8742.709961	511
8747.141602	518
8751.572266	462
8756.003906	454
8760.434570	486
8764.866211	514
8769.296875	517
8773.728516	496
8778.159180	485
8782.590820	498
8787.021484	526
8791.453125	527
8795.883789	481
8800.315430	458
8804.746094	453
8809.177734	473
8813.609375	474
8818.040039	472
8822.471680	493
8826.902344	478
8831.333984	468
8835.764648	488
8840.196289	494
8844.626953	467
8849.058594	474
8853.489258	480
8857.920898	462
8862.351563	456
8866.783203	445
8871.213867	454
8875.645508	457
8880.076172	451
8884.507813	429
8888.938477	407
8893.370117	444
8897.801758	487
8902.232422	480
8906.664063	463
8911.094727	464
8915.526367	465
8919.957031	455
8924.388672	472
8928.819336	477
8933.250977	457
8937.681641	463
8942.113281	456
8946.543945	445
8950.975586	462
8955.406250	457
8959.837891	453
8964.268555	430
8968.700195	418
8973.130859	422
8977.562500	423
8981.993164	425
8986.424805	444
8990.856445	472
8995.287109	466
8999.718750	449
9004.149414	444
9008.581055	458
9013.011719	471
9017.443359	467
9021.874023	467
9026.305664	465
9030.736328	454
9035.167969	454
9039.598633	458
9044.030273	482
9048.460938	492
9052.892578	459
9057.323242	444
9061.754883	446
9066.185547	447
9070.617188	476
9075.047852	473
9079.479492	441
9083.911133	442
9088.341797	457
9092.773438	459
9097.204102	450
9101.635742	442
9106.066406	427
9110.498047	421
9114.928711	445
9119.360352	453
9123.791016	450
9128.222656	450
9132.653320	451
9137.084961	440
9141.515625	428
9145.947266	453
9150.377930	487
9154.809570	488
9159.240234	448
9163.671875	454
9168.102539	476
9172.534180	495
9176.965820	483
9181.396484	469
9185.828125	469
9190.258789	489
9194.690430	465
9199.121094	480
9203.552734	472
9207.983398	448
9212.415039	438
9216.845703	445
9221.277344	464
9225.708008	442
9230.139648	430
9234.570313	464
9239.001953	490
9243.432617	482
9247.864258	474
9252.294922	481
9256.726563	489
9261.157227	474
9265.588867	461
9270.020508	483
9274.451172	451
9278.882813	429
9283.313477	443
9287.745117	447
9292.175781	473
9296.607422	492
9301.038086	474
9305.469727	508
9309.900391	535
9314.332031	504
9318.762695	504
9323.194336	484
9327.625000	439
9332.056641	408
9336.487305	414
9340.918945	455
9345.349609	473
9349.781250	501
9354.211914	524
9358.643555	499
9363.075195	484
9367.505859	498
9371.937500	468
9376.368164	452
9380.799805	454
9385.230469	490
9389.662109	473
9394.092773	437
9398.524414	444
9402.955078	481
9407.386719	475
9411.817383	481
9416.249023	475
9420.679688	467
9425.111328	457
9429.541992	465
9433.973633	475
9438.404297	460
9442.835938	453
9447.267578	464
9451.698242	473
9456.129883	458
9460.560547	427
9464.992188	431
9469.422852	426
9473.854492	452
9478.285156	470
9482.716797	473
9487.147461	470
9491.579102	478
9496.009766	461
9500.441406	424
9504.872070	431
9509.303711	465
9513.734375	473
9518.166016	477
9522.596680	490
9527.028320	472
9531.458984	481
9535.890625	486
9540.322266	465
9544.752930	459
9549.184570	455
9553.615234	434
9558.046875	439
9562.477539	451
9566.909180	491
9571.339844	485
9575.771484	459
9580.202148	457
9584.633789	478
9589.064453	471
9593.496094	472
9597.926758	492
9602.358398	493
9606.789063	467
9611.220703	444
9615.651367	458
9620.083008	470
9624.513672	447
9628.945313	485
9633.376953	502
9637.807617	464
9642.239258	479
9646.669922	484
9651.101563	463
9655.532227	477
9659.963867	476
9664.394531	469
9668.826172	474
9673.256836	477
9677.688477	443
9682.119141	463
9686.550781	488
9690.981445	489
9695.413086	488
9699.843750	502
9704.275391	483
9708.706055	476
9713.137695	484
9717.568359	488
9722.000000	501
9726.431641	510
9730.862305	482
9735.293945	453
9739.724609	430
9744.156250	433
9748.586914	457
9753.018555	489
9757.449219	495
9761.880859	493
9766.311523	483
9770.743164	505
9775.173828	485
9779.605469	474
9784.036133	463
9788.467773	464
9792.898438	476
9797.330078	459
9801.760742	468
9806.192383	477
9810.623047	464
9815.054688	477
9819.486328	470
9823.916992	455
9828.348633	469
9832.779297	516
9837.210938	481
9841.641602	453
9846.073242	491
9850.503906	495
9854.935547	480
9859.366211	509
9863.797852	525
9868.228516	516
9872.660156	509
9877.090820	532
9881.522461	527
9885.953125	501
9890.384766	518
9894.815430	521
9899.247070	503
9903.677734	509
9908.109375	531
9912.541016	490
9916.971680	489
9921.403320	502
9925.833984	490
9930.265625	470
9934.696289	476
9939.127930	486
9943.558594	531
9947.990234	522
9952.420898	463
9956.852539	445
9961.283203	480
9965.714844	496
9970.145508	475
9974.577148	460
9979.007813	469
9983.439453	478
9987.870117	511
9992.301758	493
9996.732422	472
10001.164063	472
10005.595703	470
10010.026367	465
10014.458008	478
10018.888672	487
10023.320313	478
10027.750977	489
10032.182617	481
10036.613281	485
10041.044922	527
10045.475586	515
10049.907227	501
10054.337891	475
10058.769531	455
10063.200195	469
10067.631836	486
10072.062500	501
10076.494141	488
10080.924805	506
10085.356445	505
10089.788086	482
10094.218750	475
10098.650391	477
10103.081055	498
10107.512695	498
10111.943359	474
10116.375000	476
10120.805664	503
10125.237305	501
10129.667969	493
10134.099609	461
10138.530273	438
10142.961914	456
10147.392578	463
10151.824219	477
10156.254883	502
10160.686523	516
10165.117188	476
10169.548828	489
10173.979492	518
10178.411133	494
10182.842773	472
10187.273438	478
10191.705078	487
10196.135742	494
10200.567383	509
10204.998047	509
10209.429688	467
10213.860352	446
10218.291992	475
10222.722656	493
10227.154297	483
10231.584961	488
10236.016602	502
10240.447266	497
10244.878906	465
10249.309570	462
10253.741211	464
10258.171875	474
10262.603516	484
10267.034180	511
10271.465820	490
10275.897461	479
10280.328125	471
10284.759766	465
10289.190430	485
10293.622070	501
10298.052734	507
10302.484375	476
10306.915039	470
10311.346680	486
10315.777344	480
10320.208984	503
10324.639648	520
10329.071289	473
10333.501953	478
10337.933594	494
10342.364258	470
10346.795898	467
10351.226563	481
10355.658203	484
10360.088867	493
10364.520508	473
10368.952148	451
10373.382813	461
10377.814453	445
10382.245117	433
10386.676758	459
10391.107422	459
10395.539063	463
10399.969727	466
10404.401367	520
10408.832031	498
10413.263672	460
10417.694336	469
10422.125977	488
10426.556641	486
10430.988281	459
10435.418945	463
10439.850586	468
10444.281250	473
10448.712891	477
10453.143555	457
10457.575195	466
10462.006836	470
10466.437500	485
10470.869141	471
10475.299805	477
10479.731445	488
10484.162109	456
10488.593750	459
10493.024414	496
10497.456055	490
10501.886719	454
10506.318359	433
10510.749023	448
10515.180664	478
10519.611328	496
10524.042969	476
10528.473633	473
10532.905273	454
10537.335938	501
10541.767578	506
10546.198242	473
10550.629883	467
10555.061523	477
10559.492188	470
10563.923828	451
10568.354492	449
10572.786133	421
10577.216797	439
10581.648438	481
10586.079102	456
10590.510742	456
10594.941406	466
10599.373047	513
10603.803711	496
10608.235352	464
10612.666016	473
10617.097656	486
10621.528320	492
10625.959961	484
10630.390625	486
10634.822266	466
10639.253906	455
10643.684570	449
10648.116211	445
10652.546875	460
10656.978516	466
10661.409180	426
10665.840820	453
10670.271484	497
10674.703125	492
10679.133789	497
10683.565430	482
10687.996094	466
10692.427734	429
10696.858398	460
10701.290039	510
10705.720703	503
10710.152344	489
10714.583008	465
10719.014648	491
10723.445313	489
10727.876953	478
10732.308594	455
10736.739258	450
10741.170898	447
10745.601563	442
10750.033203	440
10754.463867	447
10758.895508	478
10763.326172	498
10767.757813	457
10772.188477	432
10776.620117	453
10781.050781	502
10785.482422	507
10789.913086	478
10794.344727	449
10798.775391	480
10803.207031	480
10807.637695	489
10812.069336	462
10816.500000	460
10820.931641	451
10825.363281	440
10829.793945	483
10834.225586	508
10838.656250	489
10843.087891	477
10847.518555	477
10851.950195	470
10856.380859	460
10860.812500	474
10865.243164	459
10869.674805	455
10874.105469	474
10878.537109	484
10882.967773	478
10887.399414	494
10891.830078	486
10896.261719	485
10900.692383	482
10905.124023	475
10909.554688	444
10913.986328	455
10918.417969	442
10922.848633	452
10927.280273	436
10931.710938	449
10936.142578	457
10940.573242	430
10945.004883	454
10949.435547	482
10953.867188	489
10958.297852	471
10962.729492	448
10967.160156	412
10971.591797	415
10976.022461	433
10980.454102	482
10984.884766	487
10989.316406	470
10993.747070	439
10998.178711	443
11002.609375	468
11007.041016	475
11011.472656	437
11015.903320	419
11020.334961	446
11024.765625	474
11029.197266	471
11033.627930	461
11038.059570	436
11042.490234	455
11046.921875	471
11051.352539	477
11055.784180	488
11060.214844	446
11064.646484	443
11069.077148	466
11073.508789	469
11077.939453	456
11082.371094	457
11086.801758	476
11091.233398	454
11095.664063	466
11100.095703	450
11104.527344	455
11108.958008	448
11113.389648	452
11117.820313	446
11122.251953	448
11126.682617	448
11131.114258	429
11135.544922	444
11139.976563	424
11144.407227	433
11148.838867	456
11153.269531	470
11157.701172	459
11162.131836	443
11166.563477	463
11170.994141	476
11175.425781	472
11179.856445	460
11184.288086	431
11188.718750	440
11193.150391	487
11197.582031	490
11202.012695	456
11206.444336	467
11210.875000	509
11215.306641	503
11219.737305	458
11224.168945	448
11228.599609	456
11233.031250	456
11237.461914	443
11241.893555	441
11246.324219	447
11250.755859	466
11255.186523	473
11259.618164	458
11264.048828	447
11268.480469	455
11272.911133	477
11277.342773	479
11281.774414	466
11286.205078	453
11290.636719	476
11295.067383	459
11299.499023	453
11303.929688	451
11308.361328	435
11312.791992	445
11317.223633	467
11321.654297	450
11326.085938	442
11330.516602	445
11334.948242	428
11339.378906	460
11343.810547	462
11348.241211	436
11352.672852	464
11357.103516	479
11361.535156	441
11365.965820	444
11370.397461	482
11374.829102	479
11379.259766	468
11383.691406	452
11388.122070	464
11392.553711	439
11396.984375	446
11401.416016	429
11405.846680	430
11410.278320	469
11414.708984	480
11419.140625	474
11423.571289	452
11428.002930	449
11432.433594	438
11436.865234	434
11441.295898	432
11445.727539	442
11450.158203	452
11454.589844	439
11459.020508	431
11463.452148	441
11467.883789	479
11472.314453	461
11476.746094	439
11481.176758	451
11485.608398	462
11490.039063	477
11494.470703	452
11498.901367	453
11503.333008	470
11507.763672	466
11512.195313	477
11516.625977	491
11521.057617	484
11525.488281	491
11529.919922	479
11534.350586	475
11538.782227	465
11543.212891	473
11547.644531	470
11552.075195	473
11556.506836	449
11560.938477	449
11565.369141	469
11569.800781	419
11574.231445	422
11578.663086	468
11583.093750	458
11587.525391	441
11591.956055	423
11596.387695	450
11600.818359	450
11605.250000	425
11609.680664	424
11614.112305	439
11618.542969	482
11622.974609	490
11627.405273	493
11631.836914	466
11636.267578	476
11640.699219	496
11645.129883	475
11649.561523	460
11653.993164	461
11658.423828	475
11662.855469	465
11667.286133	460
11671.717773	467
11676.148438	454
11680.580078	468
11685.010742	498
11689.442383	495
11693.873047	476
11698.304688	463
11702.735352	457
11707.166992	481
11711.597656	494
11716.029297	450
11720.459961	438
11724.891602	451
11729.322266	438
11733.753906	443
11738.184570	435
11742.616211	461
11747.047852	511
11751.478516	503
11755.910156	487
11760.340820	488
11764.772461	478
11769.203125	478
11773.634766	471
11778.065430	449
11782.497070	459
11786.927734	453
11791.359375	437
11795.790039	436
11800.221680	481
11804.652344	479
11809.083984	477
11813.514648	448
11817.946289	453
11822.376953	476
11826.808594	482
11831.239258	456
11835.670898	433
11840.102539	435
11844.533203	432
11848.964844	444
11853.395508	444
11857.827148	436
11862.257813	443
11866.689453	435
11871.120117	493
11875.551758	506
11879.982422	469
11884.414063	466
11888.844727	461
11893.276367	445
11897.707031	450
11902.138672	466
11906.569336	476
11911.000977	463
11915.431641	451
11919.863281	474
11924.294922	501
11928.725586	510
11933.157227	466
11937.587891	446
11942.019531	455
11946.450195	440
11950.881836	447
11955.312500	475
11959.744141	480
11964.174805	437
11968.606445	433
11973.037109	450
11977.468750	440
11981.899414	475
11986.331055	452
11990.761719	456
11995.193359	469
11999.624023	464
12004.055664	456
12008.486328	454
12012.917969	461
12017.349609	449
12021.780273	462
12026.211914	473
12030.642578	453
12035.074219	421
12039.504883	423
12043.936523	429
12048.367188	421
12052.798828	431
12057.229492	432
12061.661133	414
12066.091797	449
12070.523438	455
12074.954102	434
12079.385742	397
12083.816406	398
12088.248047	422
12092.678711	428
12097.110352	415
12101.541016	392
12105.972656	405
12110.404297	386
12114.834961	384
12119.266602	406
12123.697266	394
12128.128906	408
12132.559570	401
12136.991211	384
12141.421875	353
12145.853516	374
12150.284180	402
12154.715820	409
12159.146484	405
12163.578125	368
12168.008789	347
12172.440430	341
12176.871094	371
12181.302734	378
12185.733398	327
12190.165039	331
12194.595703	331
12199.027344	339
12203.458984	342
12207.889648	345
12212.321289	387
12216.751953	363
12221.183594	349
12225.614258	341
12230.045898	328
12234.476563	342
12238.908203	357
12243.338867	323
12247.770508	302
12252.201172	296
12256.632813	307
12261.063477	302
12265.495117	310
12269.925781	293
12274.357422	296
12278.788086	312
12283.219727	326
12287.650391	297
12292.082031	300
12296.513672	290
12300.944336	291
12305.375977	274
12309.806641	247
12314.238281	230
12318.668945	227
12323.100586	234
12327.531250	221
12331.962891	216
12336.393555	225
12340.825195	245
12345.255859	247
12349.687500	220
12354.118164	218
12358.549805	221
12362.980469	202
12367.412109	199
12371.842773	216
12376.274414	200
12380.705078	180
12385.136719	174
12389.568359	193
12393.999023	204
12398.430664	195
12402.861328	201
12407.292969	192
12411.723633	167
12416.155273	173
12420.585938	189
12425.017578	193
12429.448242	183
12433.879883	176
12438.310547	163
12442.742188	161
12447.172852	159
12451.604492	168
12456.035156	175
12460.466797	177
12464.897461	169
12469.329102	166
12473.760742	159
12478.191406	147
12482.623047	140
12487.053711	151
12491.485352	161
12495.916016	164
12500.347656	148
12504.778320	143
12509.209961	163
12513.640625	154
12518.072266	135
12522.502930	129
12526.934570	110
12531.365234	110
12535.796875	119
12540.227539	132
12544.659180	124
12549.089844	110
12553.521484	112
12557.952148	111
12562.383789	107
12566.815430	115
12571.246094	109
12575.677734	99
12580.108398	91
12584.540039	90
12588.970703	87
12593.402344	82
12597.833008	82
12602.264648	69
12606.695313	73
12611.126953	75
12615.557617	88
12619.989258	97
12624.419922	86
12628.851563	68
12633.282227	61
12637.713867	60
12642.144531	63
12646.576172	69
12651.006836	63
12655.438477	54
12659.870117	50
12664.300781	48
12668.732422	41
12673.163086	40
12677.594727	42
12682.025391	43
12686.457031	35
12690.887695	36
12695.319336	36
12699.750000	37
12704.181641	27
12708.612305	20
12713.043945	24
12717.474609	21
12721.906250	13
12726.336914	16
12730.768555	16
12735.199219	13
12739.630859	7
12744.061523	3
12748.493164	4
12752.924805	3
12757.355469	0
12761.787109	0
12766.217773	0
12770.649414	0
12775.080078	0
12779.511719	0
12783.942383	0
12788.374023	0
12792.804688	0
12797.236328	0
12801.666992	0
12806.098633	0
12810.529297	0
12814.960938	0
12819.391602	0
12823.823242	0
12828.253906	0
12832.685547	0
12837.116211	0
12841.547852	0
12845.979492	0
12850.410156	0
12854.841797	0
12859.272461	0
12863.704102	0
12868.134766	0
12872.566406	0
12876.997070	0
12881.428711	0
12885.859375	0
12890.291016	0
12894.721680	0
12899.153320	0
12903.583984	0
12908.015625	0
12912.446289	0
12916.877930	0
12921.308594	0
12925.740234	0
12930.170898	0
12934.602539	0
12939.034180	0
12943.464844	0
12947.896484	0
12952.327148	0
12956.758789	0
12961.189453	0
12965.621094	0
12970.051758	0
12974.483398	0
12978.914063	0
12983.345703	0
12987.776367	0
12992.208008	0
12996.638672	0
13001.070313	0
13005.500977	0
13009.932617	0
13014.363281	0
13018.794922	0
13023.225586	0
13027.657227	0
13032.088867	0
13036.519531	0
13040.951172	0
13045.381836	0
13049.813477	0
13054.244141	0
13058.675781	0
13063.106445	0
13067.538086	0
13071.968750	0
13076.400391	0
13080.831055	0
13085.262695	0
13089.693359	0
13094.125000	0
13098.555664	0
13102.987305	0
13107.417969	0
13111.849609	0
13116.281250	0
13120.711914	0
13125.143555	0
13129.574219	0
13134.005859	0
13138.436523	0
13142.868164	0
13147.298828	0
13151.730469	0
13156.161133	0
13160.592773	0
13165.023438	0
13169.455078	0
13173.885742	0
13178.317383	0
13182.748047	0
13187.179688	0
13191.610352	0
13196.041992	0
13200.472656	0
13204.904297	0
13209.335938	0
13213.766602	0
13218.198242	0
13222.628906	0
13227.060547	0
13231.491211	0
13235.922852	0
13240.353516	0
13244.785156	0
13249.215820	0
13253.647461	0
13258.078125	0
13262.509766	0
13266.940430	0
13271.372070	0
13275.802734	0
13280.234375	0
13284.665039	0
13289.096680	0
13293.527344	0
13297.958984	0
13302.390625	0
13306.821289	0
13311.252930	0
13315.683594	0
13320.115234	0
13324.545898	0
13328.977539	0
13333.408203	0
13337.839844	0
13342.270508	0
13346.702148	0
13351.132813	0
13355.564453	0
13359.995117	0
13364.426758	0
13368.857422	0
13373.289063	0
13377.719727	0
13382.151367	0
13386.582031	0
13391.013672	0
13395.445313	0
13399.875977	0
13404.307617	0
13408.738281	0
13413.169922	0
13417.600586	0
13422.032227	0
13426.462891	0
13430.894531	0
13435.325195	0
13439.756836	0
13444.187500	0
13448.619141	0
13453.049805	0
13457.481445	0
13461.912109	0
13466.343750	0
13470.774414	0
13475.206055	0
13479.636719	0
13484.068359	0
13488.500000	0
13492.930664	0
13497.362305	0
13501.792969	0
13506.224609	0
13510.655273	0
13515.086914	0
13519.517578	0
13523.949219	0
13528.379883	0
13532.811523	0
13537.242188	0
13541.673828	0
13546.104492	0
13550.536133	0
13554.966797	0
13559.398438	0
13563.829102	0
13568.260742	0
13572.691406	0
13577.123047	0
13581.554688	0
13585.985352	0
13590.416992	0
13594.847656	0
13599.279297	0
13603.709961	0
13608.141602	0
13612.572266	0
13617.003906	0
13621.434570	0
13625.866211	0
13630.296875	0
13634.728516	0
13639.159180	0
13643.590820	0
13648.021484	0
13652.453125	0
13656.883789	0
13661.315430	0
13665.746094	0
13670.177734	0
13674.609375	0
13679.040039	0
13683.471680	0
13687.902344	0
13692.333984	0
13696.764648	0
13701.196289	0
13705.626953	0
13710.058594	0
13714.489258	0
13718.920898	0
13723.351563	0
13727.783203	0
13732.213867	0
13736.645508	0
13741.076172	0
13745.507813	0
13749.938477	0
13754.370117	0
13758.801758	0
13763.232422	0
13767.664063	0
13772.094727	0
13776.526367	0
13780.957031	0
13785.388672	0
13789.819336	0
13794.250977	0
13798.681641	0
13803.113281	0
13807.543945	0
13811.975586	0
13816.406250	0
13820.837891	0
13825.268555	0
13829.700195	0
13834.130859	0
13838.562500	0
13842.993164	0
13847.424805	0
13851.856445	0
13856.287109	0
13860.718750	0
13865.149414	0
13869.581055	0
13874.011719	0
13878.443359	0
13882.874023	0
13887.305664	0
13891.736328	0
13896.167969	0
13900.598633	0
13905.030273	0
13909.460938	0
13913.892578	0
13918.323242	0
13922.754883	0
13927.185547	0
13931.617188	0
13936.047852	0
13940.479492	0
13944.911133	0
13949.341797	0
13953.773438	0
13958.204102	0
13962.635742	0
13967.066406	0
13971.498047	0
13975.928711	0
13980.360352	0
13984.791016	0
13989.222656	0
13993.653320	0
13998.084961	0
14002.515625	0
14006.947266	0
14011.377930	0
14015.809570	0
14020.240234	0
14024.671875	0
14029.102539	0
14033.534180	0
14037.965820	0
14042.396484	0
14046.828125	0
14051.258789	0
14055.690430	0
14060.121094	0
14064.552734	0
14068.983398	0
