-3938.719971	0
-3934.294434	0
-3929.868896	0
-3925.443359	0
-3921.017822	0
-3916.592285	0
-3912.166748	0
-3907.741211	0
-3903.315674	0
-3898.890137	0
-3894.464600	0
-3890.039063	0
-3885.613525	0
-3881.187988	0
-3876.762451	0
-3872.336914	0
-3867.911377	0
-3863.485840	0
-3859.060303	0
-3854.634766	0
-3850.209229	0
-3845.783691	0
-3841.358154	0
-3836.932617	0
-3832.507080	0
-3828.081787	0
-3823.656250	0
-3819.230713	0
-3814.805176	0
-3810.379639	0
-3805.954102	0
-3801.528564	0
-3797.103027	0
-3792.677490	0
-3788.251953	0
-3783.826416	0
-3779.400879	0
-3774.975342	0
-3770.549805	0
-3766.124268	0
-3761.698730	0
-3757.273193	0
-3752.847656	0
-3748.422119	0
-3743.996582	0
-3739.571045	0
-3735.145508	0
-3730.719971	0
-3726.294434	0
-3721.868896	0
-3717.443359	0
-3713.017822	0
-3708.592529	0
-3704.166992	0
-3699.741455	0
-3695.315918	0
-3690.890381	0
-3686.464844	0
-3682.039307	0
-3677.613770	0
-3673.188232	0
-3668.762695	0
-3664.337158	0
-3659.911621	0
-3655.486084	0
-3651.060547	0
-3646.635010	0
-3642.209473	0
-3637.783936	0
-3633.358398	0
-3628.932861	0
-3624.507324	0
-3620.081787	0
-3615.656250	0
-3611.230713	0
-3606.805176	0
-3602.379639	0
-3597.954102	0
-3593.528809	0
-3589.103271	0
-3584.677734	0
-3580.252197	0
-3575.826660	0
-3571.401123	0
-3566.975586	0
-3562.550049	0
-3558.124512	0
-3553.698975	0
-3549.273438	0
-3544.847900	0
-3540.422363	0
-3535.996826	0
-3531.571289	0
-3527.145752	0
-3522.720215	0
-3518.294678	0
-3513.869141	0
-3509.443604	0
-3505.018066	0
-3500.592529	0
-3496.166992	0
-3491.741455	0
-3487.315918	0
-3482.890381	0
-3478.464844	0
-3474.039551	0
-3469.614014	0
-3465.188477	0
-3460.762939	0
-3456.337402	0
-3451.911865	0
-3447.486328	0
-3443.060791	0
-3438.635254	0
-3434.209717	0
-3429.784180	0
-3425.358643	0
-3420.933105	0
-3416.507568	0
-3412.082031	0
-3407.656494	0
-3403.230957	0
-3398.805420	0
-3394.379883	0
-3389.954346	0
-3385.528809	0
-3381.103271	0
-3376.677734	0
-3372.252197	0
-3367.826660	0
-3363.401123	0
-3358.975830	0
-3354.550293	0
-3350.124756	0
-3345.699219	0
-3341.273682	0
-3336.848145	0
-3332.422607	0
-3327.997070	0
-3323.571533	0
-3319.145996	0
-3314.720459	0
-3310.294922	0
-3305.869385	0
-3301.443848	0
-3297.018311	0
-3292.592773	0
-3288.167236	0
-3283.741699	0
-3279.316162	0
-3274.890625	0
-3270.465088	0
-3266.039551	0
-3261.614014	0
-3257.188477	0
-3252.762939	0
-3248.337402	0
-3243.911865	0
-3239.486572	0
-3235.061035	0
-3230.635498	0
-3226.209961	0
-3221.784424	0
-3217.358887	0
-3212.933350	0
-3208.507813	0
-3204.082275	0
-3199.656738	0
-3195.231201	0
-3190.805664	0
-3186.380127	0
-3181.954590	0
-3177.529053	0
-3173.103516	0
-3168.677979	0
-3164.252441	0
-3159.826904	0
-3155.401367	0
-3150.975830	0
-3146.550293	0
-3142.124756	0
-3137.699219	0
-3133.273682	0
-3128.848145	0
-3124.422607	0
-3119.997314	0
-3115.571777	0
-3111.146240	0
-3106.720703	0
-3102.295166	0
-3097.869629	0
-3093.444092	0
-3089.018555	0
-3084.593018	0
-3080.167480	0
-3075.741943	0
-3071.316406	0
-3066.890869	0
-3062.465332	0
-3058.039795	0
-3053.614258	0
-3049.188721	0
-3044.763184	0
-3040.337646	0
-3035.912109	0
-3031.486572	0
-3027.061035	0
-3022.635498	0
-3018.209961	0
-3013.784424	0
-3009.358887	0
-3004.933594	0
-3000.508057	0
-2996.082520	0
-2991.656982	0
-2987.231445	0
-2982.805908	0
-2978.380371	0
-2973.954834	0
-2969.529297	0
-2965.103760	0
-2960.678223	0
-2956.252686	0
-2951.827148	0
-2947.401611	0
-2942.976074	0
-2938.550537	0
-2934.125000	0
-2929.699463	0
-2925.273926	0
-2920.848389	0
-2916.422852	0
-2911.997314	0
-2907.571777	0
-2903.146240	0
-2898.720703	0
-2894.295166	0
-2889.869629	0
-2885.444336	0
-2881.018799	0
-2876.593262	0
-2872.167725	0
-2867.742188	0
-2863.316650	0
-2858.891113	0
-2854.465576	0
-2850.040039	0
-2845.614502	0
-2841.188965	0
-2836.763428	0
-2832.337891	0
-2827.912354	0
-2823.486816	0
-2819.061279	0
-2814.635742	0
-2810.210205	0
-2805.784668	0
-2801.359131	0
-2796.933594	0
-2792.508057	0
-2788.082520	0
-2783.656982	0
-2779.231445	0
-2774.805908	0
-2770.380371	0
-2765.955078	0
-2761.529541	0
-2757.104004	0
-2752.678467	0
-2748.252930	0
-2743.827393	0
-2739.401855	0
-2734.976318	0
-2730.550781	0
-2726.125244	0
-2721.699707	0
-2717.274170	0
-2712.848633	0
-2708.423096	0
-2703.997559	0
-2699.572021	0
-2695.146484	0
-2690.720947	0
-2686.295410	0
-2681.869873	0
-2677.444336	0
-2673.018799	0
-2668.593262	0
-2664.167725	0
-2659.742188	0
-2655.316650	0
-2650.891357	0
-2646.465820	0
-2642.040283	0
-2637.614746	0
-2633.189209	0
-2628.763672	0
-2624.338135	0
-2619.912598	0
-2615.487061	0
-2611.061523	0
-2606.635986	0
-2602.210449	0
-2597.784912	0
-2593.359375	0
-2588.933838	0
-2584.508301	0
-2580.082764	3
-2575.657227	4
-2571.231689	4
-2566.806152	4
-2562.380615	6
-2557.955078	7
-2553.529541	7
-2549.104004	7
-2544.678467	11
-2540.252930	13
-2535.827393	14
-2531.402100	15
-2526.976563	16
-2522.551025	19
-2518.125488	19
-2513.699951	25
-2509.274414	19
-2504.848877	18
-2500.423340	23
-2495.997803	31
-2491.572266	33
-2487.146729	25
-2482.721191	35
-2478.295654	32
-2473.870117	32
-2469.444580	33
-2465.019043	31
-2460.593506	33
-2456.167969	33
-2451.742432	34
-2447.316895	36
-2442.891357	34
-2438.465820	36
-2434.040283	31
-2429.614746	40
-2425.189209	39
-2420.763672	39
-2416.338135	39
-2411.912842	53
-2407.487305	49
-2403.061768	56
-2398.636230	57
-2394.210693	46
-2389.785156	42
-2385.359619	42
-2380.934082	49
-2376.508545	41
-2372.083008	60
-2367.657471	61
-2363.231934	62
-2358.806396	70
-2354.380859	70
-2349.955322	66
-2345.529785	62
-2341.104248	78
-2336.678711	79
-2332.253174	78
-2327.827637	64
-2323.402100	68
-2318.976563	73
-2314.551025	74
-2310.125488	71
-2305.699951	93
-2301.274414	93
-2296.849121	84
-2292.423584	84
-2287.998047	74
-2283.572510	84
-2279.146973	77
-2274.721436	78
-2270.295898	94
-2265.870361	93
-2261.444824	93
-2257.019287	85
-2252.593750	80
-2248.168213	85
-2243.742676	93
-2239.317139	79
-2234.891602	83
-2230.466064	109
-2226.040527	102
-2221.614990	101
-2217.189453	115
-2212.763916	111
-2208.338379	112
-2203.912842	118
-2199.487305	105
-2195.061768	108
-2190.636230	112
-2186.210693	104
-2181.785156	118
-2177.359863	122
-2172.934326	122
-2168.508789	117
-2164.083252	111
-2159.657715	113
-2155.232178	116
-2150.806641	114
-2146.381104	110
-2141.955566	126
-2137.530029	132
-2133.104492	137
-2128.678955	136
-2124.253418	129
-2119.827881	116
-2115.402344	129
-2110.976807	124
-2106.551270	118
-2102.125732	123
-2097.700195	131
-2093.274658	143
-2088.849121	139
-2084.423584	143
-2079.998047	132
-2075.572510	138
-2071.146973	144
-2066.721436	157
-2062.296143	158
-2057.870605	144
-2053.445068	140
-2049.019531	140
-2044.593872	138
-2040.168335	139
-2035.742798	142
-2031.317383	150
-2026.891846	152
-2022.466309	148
-2018.040771	144
-2013.615234	142
-2009.189697	152
-2004.764160	137
-2000.338623	151
-1995.913086	173
-1991.487549	164
-1987.062012	154
-1982.636475	153
-1978.210938	169
-1973.785522	169
-1969.359985	165
-1964.934448	160
-1960.508911	168
-1956.083374	153
-1951.657837	158
-1947.232300	160
-1942.806763	155
-1938.381226	161
-1933.955688	150
-1929.530151	157
-1925.104614	167
-1920.679077	170
-1916.253540	158
-1911.828125	145
-1907.402588	160
-1902.977051	166
-1898.551514	156
-1894.125977	156
-1889.700439	162
-1885.274902	155
-1880.849365	152
-1876.423828	154
-1871.998291	169
-1867.572754	158
-1863.147217	157
-1858.721680	164
-1854.296265	166
-1849.870728	155
-1845.445190	161
-1841.019653	159
-1836.594116	168
-1832.168579	166
-1827.743042	165
-1823.317505	163
-1818.891968	164
-1814.466431	166
-1810.040894	168
-1805.615356	168
-1801.189819	157
-1796.764404	162
-1792.338867	158
-1787.913330	157
-1783.487793	143
-1779.062256	150
-1774.636719	167
-1770.211182	170
-1765.785645	167
-1761.360107	170
-1756.934570	170
-1752.509033	157
-1748.083496	153
-1743.657959	152
-1739.232422	154
-1734.807007	181
-1730.381470	179
-1725.955933	171
-1721.530396	169
-1717.104858	165
-1712.679321	168
-1708.253784	167
-1703.828247	166
-1699.402710	173
-1694.977173	173
-1690.551636	164
-1686.126099	166
-1681.700562	160
-1677.275146	154
-1672.849609	161
-1668.424072	160
-1663.998535	160
-1659.572998	166
-1655.147461	175
-1650.721924	192
-1646.296387	173
-1641.870850	162
-1637.445313	172
-1633.019775	159
-1628.594238	166
-1624.168701	173
-1619.743286	161
-1615.317749	162
-1610.892212	143
-1606.466675	153
-1602.041138	168
-1597.615601	171
-1593.190063	168
-1588.764526	163
-1584.338989	162
-1579.913452	166
-1575.487915	167
-1571.062378	169
-1566.636841	180
-1562.211304	183
-1557.785889	168
-1553.360352	187
-1548.934814	170
-1544.509277	162
-1540.083740	154
-1535.658203	164
-1531.232666	166
-1526.807129	172
-1522.381592	157
-1517.956055	150
-1513.530518	143
-1509.104980	163
-1504.679443	176
-1500.254028	170
-1495.828491	178
-1491.402954	169
-1486.977417	181
-1482.551880	177
-1478.126343	148
-1473.700806	152
-1469.275269	156
-1464.849731	166
-1460.424194	184
-1455.998657	192
-1451.573120	180
-1447.147583	150
-1442.722168	147
-1438.296631	143
-1433.871094	151
-1429.445557	164
-1425.020020	158
-1420.594482	163
-1416.168945	152
-1411.743408	173
-1407.317871	181
-1402.892334	172
-1398.466797	173
-1394.041260	167
-1389.615723	168
-1385.190186	156
-1380.764771	153
-1376.339233	163
-1371.913696	171
-1367.488159	175
-1363.062622	173
-1358.637085	162
-1354.211548	165
-1349.786011	153
-1345.360474	174
-1340.934937	167
-1336.509399	169
-1332.083862	161
-1327.658325	158
-1323.232910	165
-1318.807373	174
-1314.381836	167
-1309.956299	170
-1305.530762	175
-1301.105225	185
-1296.679688	166
-1292.254150	158
-1287.828613	167
-1283.403076	173
-1278.977539	171
-1274.552002	159
-1270.126465	149
-1265.701050	162
-1261.275513	173
-1256.849976	177
-1252.424438	161
-1247.998901	156
-1243.573364	154
-1239.147827	173
-1234.722290	169
-1230.296753	170
-1225.871216	150
-1221.445679	161
-1217.020142	157
-1212.594604	145
-1208.169067	156
-1203.743652	186
-1199.318115	179
-1194.892578	161
-1190.467041	163
-1186.041504	163
-1181.615967	163
-1177.190430	162
-1172.764893	173
-1168.339355	176
-1163.913818	157
-1159.488281	158
-1155.062744	160
-1150.637207	150
-1146.211792	166
-1141.786255	168
-1137.360718	164
-1132.935181	161
-1128.509644	167
-1124.084106	169
-1119.658569	156
-1115.233032	154
-1110.807495	161
-1106.381958	173
-1101.956421	169
-1097.530884	169
-1093.105347	168
-1088.679932	161
-1084.254395	170
-1079.828857	167
-1075.403320	171
-1070.977783	173
-1066.552246	157
-1062.126709	158
-1057.701172	172
-1053.275635	173
-1048.850098	181
-1044.424561	168
-1039.999023	161
-1035.573486	172
-1031.148071	170
-1026.722534	170
-1022.296936	169
-1017.871399	169
-1013.445923	163
-1009.020386	165
-1004.594849	167
-1000.169312	171
-995.743774	166
-991.318237	173
-986.892761	169
-982.467224	167
-978.041687	155
-973.616150	158
-969.190613	164
-964.765076	174
-960.339539	157
-955.914063	165
-951.488525	171
-947.062988	160
-942.637451	165
-938.211914	174
-933.786377	178
-929.360840	180
-924.935364	182
-920.509827	179
-916.084290	172
-911.658752	182
-907.233215	176
-902.807678	165
-898.382202	177
-893.956665	170
-889.531128	161
-885.105591	161
-880.680054	165
-876.254517	155
-871.828979	163
-867.403503	161
-862.977966	166
-858.552429	185
-854.126892	182
-849.701355	176
-845.275818	181
-840.850281	177
-836.424805	163
-831.999268	167
-827.573730	175
-823.148193	183
-818.722656	170
-814.297119	158
-809.871643	166
-805.446106	162
-801.020569	158
-796.595032	158
-792.169495	172
-787.743958	170
-783.318420	174
-778.892944	182
-774.467407	172
-770.041870	166
-765.616333	173
-761.190796	182
-756.765259	164
-752.339722	157
-747.914246	161
-743.488708	167
-739.063171	162
-734.637634	168
-730.212097	169
-725.786560	174
-721.361084	166
-716.935547	163
-712.510010	170
-708.084473	175
-703.658936	192
-699.233398	208
-694.807861	190
-690.382385	175
-685.956848	175
-681.531311	180
-677.105774	187
-672.680237	180
-668.254700	179
-663.829163	181
-659.403687	177
-654.978149	175
-650.552612	177
-646.127075	186
-641.701538	180
-637.276001	179
-632.850525	165
-628.424988	168
-623.999451	176
-619.573914	172
-615.148376	157
-610.722839	158
-606.297302	157
-601.871826	168
-597.446289	188
-593.020752	186
-588.595215	181
-584.169678	175
-579.744141	167
-575.318604	176
-570.893127	187
-566.467590	185
-562.042053	168
-557.616516	180
-553.190979	185
-548.765442	169
-544.339966	157
-539.914429	177
-535.488892	182
-531.063354	167
-526.637817	185
-522.212280	195
-517.786743	202
-513.361267	180
-508.935699	172
-504.510193	180
-500.084656	190
-495.659119	190
-491.233612	198
-486.808075	187
-482.382538	187
-477.957031	192
-473.531494	180
-469.105957	194
-464.680420	189
-460.254913	190
-455.829376	182
-451.403839	175
-446.978333	185
-442.552795	192
-438.127258	198
-433.701752	182
-429.276215	184
-424.850677	197
-420.425140	188
-415.999634	185
-411.574097	195
-407.148560	204
-402.723053	200
-398.297516	184
-393.871979	182
-389.446472	183
-385.020935	200
-380.595398	222
-376.169861	201
-371.744354	188
-367.318817	194
-362.893280	200
-358.467773	209
-354.042236	220
-349.616699	223
-345.191193	199
-340.765656	202
-336.340118	198
-331.914581	221
-327.489075	215
-323.063538	201
-318.638000	212
-314.212494	221
-309.786957	217
-305.361420	205
-300.935913	208
-296.510376	219
-292.084839	215
-287.659302	203
-283.233795	215
-278.808258	257
-274.382721	264
-269.957214	232
-265.531677	235
-261.106140	249
-256.680634	279
-252.255096	263
-247.829559	256
-243.404037	260
-238.978516	259
-234.552979	264
-230.127457	284
-225.701920	297
-221.276398	303
-216.850876	292
-212.425339	307
-207.999817	336
-203.574280	342
-199.148758	347
-194.723236	361
-190.297699	387
-185.872177	411
-181.446640	387
-177.021118	373
-172.595596	419
-168.170059	451
-163.744537	471
-159.319000	485
-154.893478	525
-150.467957	567
-146.042419	605
-141.616898	653
-137.191360	684
-132.765839	707
-128.340317	750
-123.914780	849
-119.489258	968
-115.063728	1041
-110.638199	1143
-106.212669	1364
-101.787140	1540
-97.361618	1726
-92.936089	2042
-88.510559	2284
-84.085030	2475
-79.659500	2768
-75.233978	3086
-70.808449	3432
-66.382919	3936
-61.957390	4537
-57.531864	5240
-53.106335	6005
-48.680809	6641
-44.255280	7047
-39.829750	7417
-35.404224	7815
-30.978695	8051
-26.553167	8127
-22.127640	8273
-17.702112	8462
-13.276584	8623
-8.851056	8726
-4.425528	8803
0.000000	8813
4.425528	8798
8.851056	8757
13.276584	8603
17.702112	8481
22.127640	8308
26.553167	8068
30.978695	7760
35.404224	7321
39.829750	6902
44.255280	6523
48.680809	6091
53.106335	5593
57.531864	4992
61.957390	4209
66.382919	3527
70.808449	2903
75.233978	2380
79.659500	2033
84.085030	1765
88.510559	1518
92.936089	1362
97.361618	1237
101.787140	1113
106.212669	955
110.638199	872
115.063728	794
119.489258	740
123.914780	699
128.340317	617
132.765839	545
137.191360	549
141.616898	516
146.042419	496
150.467957	467
154.893478	429
159.319000	406
163.744537	382
168.170059	364
172.595596	328
177.021118	328
181.446640	338
185.872177	331
190.297699	308
194.723236	313
199.148758	293
203.574280	281
207.999817	277
212.425339	266
216.850876	274
221.276398	269
225.701920	264
230.127457	249
234.552979	240
238.978516	225
243.404037	242
247.829559	243
252.255096	232
256.680634	210
261.106140	230
265.531677	228
269.957214	215
274.382721	218
278.808258	207
283.233795	215
287.659302	219
292.084839	216
296.510376	209
300.935913	221
305.361420	218
309.786957	218
314.212494	228
318.638000	223
323.063538	207
327.489075	215
331.914581	202
336.340118	223
340.765656	220
345.191193	204
349.616699	210
354.042236	208
358.467773	203
362.893280	216
367.318817	207
371.744354	194
376.169861	194
380.595398	211
385.020935	210
389.446472	200
393.871979	210
398.297516	222
402.723053	229
407.148560	209
411.574097	204
415.999634	203
420.425140	187
424.850677	191
429.276215	182
433.701752	194
438.127258	189
442.552795	189
446.978333	193
451.403839	198
455.829376	196
460.254913	191
464.680420	194
469.105957	211
473.531494	213
477.957031	205
482.382538	195
486.808075	188
491.233612	202
495.659119	205
500.084656	211
504.510193	207
508.935699	201
513.361267	184
517.786743	193
522.212280	198
526.637817	193
531.063354	181
535.488892	189
539.914429	195
544.339966	190
548.765442	189
553.190979	186
557.616516	182
562.042053	195
566.467590	205
570.893127	187
575.318604	172
579.744141	171
584.169678	183
588.595215	189
593.020752	183
597.446289	191
601.871826	196
606.297302	198
610.722839	193
615.148376	188
619.573914	194
623.999451	177
628.424988	187
632.850525	191
637.276001	187
641.701538	183
646.127075	184
650.552612	191
654.978149	199
659.403687	187
663.829163	170
668.254700	192
672.680237	185
677.105774	198
681.531311	190
685.956848	187
690.382385	182
694.807861	172
699.233398	175
703.658936	172
708.084473	178
712.510010	177
716.935547	188
721.361084	177
725.786560	178
730.212097	194
734.637634	200
739.063171	192
743.488708	181
747.914246	178
752.339722	168
756.765259	170
761.190796	178
765.616333	187
770.041870	197
774.467407	197
778.892944	189
783.318420	192
787.743958	193
792.169495	202
796.595032	200
801.020569	187
805.446106	170
809.871643	164
814.297119	176
818.722656	188
823.148193	198
827.573730	187
831.999268	187
836.424805	190
840.850281	193
845.275818	183
849.701355	180
854.126892	173
858.552429	170
862.977966	183
867.403503	177
871.828979	177
876.254517	182
880.680054	191
885.105591	187
889.531128	165
893.956665	189
898.382202	187
902.807678	186
907.233215	196
911.658752	191
916.084290	195
920.509827	199
924.935364	191
929.360840	196
933.786377	189
938.211914	189
942.637451	185
947.062988	189
951.488525	183
955.914063	172
960.339539	176
964.765076	197
969.190613	190
973.616150	187
978.041687	170
982.467224	178
986.892761	185
991.318237	187
995.743774	176
1000.169312	182
1004.594849	192
1009.020386	182
1013.445923	188
1017.871399	194
1022.296936	186
1026.722534	180
1031.148071	206
1035.573486	192
1039.999023	186
1044.424561	190
1048.850098	197
1053.275635	179
1057.701172	167
1062.126709	188
1066.552246	200
1070.977783	187
1075.403320	171
1079.828857	181
1084.254395	192
1088.679932	210
1093.105347	206
1097.530884	198
1101.956421	198
1106.381958	184
1110.807495	179
1115.233032	177
1119.658569	163
1124.084106	176
1128.509644	195
1132.935181	193
1137.360718	194
1141.786255	191
1146.211792	199
1150.637207	192
1155.062744	190
1159.488281	185
1163.913818	186
1168.339355	194
1172.764893	178
1177.190430	179
1181.615967	204
1186.041504	193
1190.467041	189
1194.892578	207
1199.318115	197
1203.743652	194
1208.169067	198
1212.594604	185
1217.020142	195
1221.445679	185
1225.871216	180
1230.296753	185
1234.722290	196
1239.147827	189
1243.573364	188
1247.998901	180
1252.424438	190
1256.849976	191
1261.275513	170
1265.701050	178
1270.126465	191
1274.552002	190
1278.977539	179
1283.403076	186
1287.828613	189
1292.254150	195
1296.679688	193
1301.105225	182
1305.530762	185
1309.956299	194
1314.381836	195
1318.807373	183
1323.232910	188
1327.658325	193
1332.083862	188
1336.509399	205
1340.934937	215
1345.360474	205
1349.786011	201
1354.211548	197
1358.637085	175
1363.062622	189
1367.488159	189
1371.913696	190
1376.339233	205
1380.764771	213
1385.190186	206
1389.615723	187
1394.041260	184
1398.466797	188
1402.892334	191
1407.317871	205
1411.743408	197
1416.168945	184
1420.594482	206
1425.020020	188
1429.445557	180
1433.871094	195
1438.296631	212
1442.722168	193
1447.147583	192
1451.573120	196
1455.998657	193
1460.424194	200
1464.849731	196
1469.275269	183
1473.700806	176
1478.126343	185
1482.551880	194
1486.977417	181
1491.402954	171
1495.828491	195
1500.254028	200
1504.679443	198
1509.104980	187
1513.530518	175
1517.956055	170
1522.381592	185
1526.807129	204
1531.232666	199
1535.658203	192
1540.083740	195
1544.509277	196
1548.934814	204
1553.360352	215
1557.785889	192
1562.211304	188
1566.636841	191
1571.062378	185
1575.487915	200
1579.913452	196
1584.338989	202
1588.764526	190
1593.190063	187
1597.615601	205
1602.041138	189
1606.466675	182
1610.892212	190
1615.317749	198
1619.743286	196
1624.168701	173
1628.594238	175
1633.019775	207
1637.445313	219
1641.870850	209
1646.296387	209
1650.721924	198
1655.147461	197
1659.572998	191
1663.998535	200
1668.424072	199
1672.849609	189
1677.275146	178
1681.700562	188
1686.126099	188
1690.551636	178
1694.977173	181
1699.402710	198
1703.828247	196
1708.253784	199
1712.679321	204
1717.104858	203
1721.530396	193
1725.955933	191
1730.381470	203
1734.807007	189
1739.232422	180
1743.657959	191
1748.083496	194
1752.509033	199
1756.934570	185
1761.360107	185
1765.785645	188
1770.211182	190
1774.636719	187
1779.062256	192
1783.487793	191
1787.913330	192
1792.338867	209
1796.764404	199
1801.189819	185
1805.615356	193
1810.040894	188
1814.466431	195
1818.891968	190
1823.317505	186
1827.743042	202
1832.168579	209
1836.594116	203
1841.019653	176
1845.445190	184
1849.870728	196
1854.296265	200
1858.721680	193
1863.147217	209
1867.572754	199
1871.998291	193
1876.423828	186
1880.849365	188
1885.274902	196
1889.700439	191
1894.125977	177
1898.551514	195
1902.977051	195
1907.402588	201
1911.828125	194
1916.253540	195
1920.679077	203
1925.104614	209
1929.530151	209
1933.955688	219
1938.381226	205
1942.806763	193
1947.232300	190
1951.657837	197
1956.083374	209
1960.508911	202
1964.934448	199
1969.359985	214
1973.785522	206
1978.210938	189
1982.636475	182
1987.062012	191
1991.487549	208
1995.913086	198
2000.338623	200
2004.764160	189
2009.189697	207
2013.615234	196
2018.040771	193
2022.466309	193
2026.891846	201
2031.317383	225
2035.742798	222
2040.168335	206
2044.593872	190
2049.019531	188
2053.445068	214
2057.870605	218
2062.296143	214
2066.721436	216
2071.146973	197
2075.572510	191
2079.998047	204
2084.423584	216
2088.849121	211
2093.274658	191
2097.700195	198
2102.125732	195
2106.551270	201
2110.976807	200
2115.402344	189
2119.827881	202
2124.253418	204
2128.678955	189
2133.104492	194
2137.530029	184
2141.955566	190
2146.381104	206
2150.806641	207
2155.232178	193
2159.657715	184
2164.083252	190
2168.508789	199
2172.934326	205
2177.359863	193
2181.785156	198
2186.210693	207
2190.636230	199
2195.061768	202
2199.487305	209
2203.912842	200
2208.338379	204
2212.763916	191
2217.189453	205
2221.614990	199
2226.040527	185
2230.466064	191
2234.891602	204
2239.317139	223
2243.742676	219
2248.168213	198
2252.593750	186
2257.019287	172
2261.444824	193
2265.870361	205
2270.295898	192
2274.721436	194
2279.146973	209
2283.572510	227
2287.998047	212
2292.423584	202
2296.849121	192
2301.274414	203
2305.699951	220
2310.125488	204
2314.551025	188
2318.976563	215
2323.402100	233
2327.827637	231
2332.253174	214
2336.678711	206
2341.104248	203
2345.529785	194
2349.955322	207
2354.380859	213
2358.806396	209
2363.231934	192
2367.657471	194
2372.083008	198
2376.508545	200
2380.934082	205
2385.359619	209
2389.785156	194
2394.210693	186
2398.636230	192
2403.061768	207
2407.487305	202
2411.912842	199
2416.338135	202
2420.763672	203
2425.189209	200
2429.614746	197
2434.040283	200
2438.465820	200
2442.891357	193
2447.316895	186
2451.742432	182
2456.167969	211
2460.593506	234
2465.019043	238
2469.444580	222
2473.870117	213
2478.295654	202
2482.721191	209
2487.146729	230
2491.572266	224
2495.997803	214
2500.423340	198
2504.848877	181
2509.274414	188
2513.699951	198
2518.125488	198
2522.551025	216
2526.976563	207
2531.402100	201
2535.827393	192
2540.252930	206
2544.678467	204
2549.104004	206
2553.529541	187
2557.955078	192
2562.380615	194
2566.806152	200
2571.231689	210
2575.657227	217
2580.082764	188
2584.508301	194
2588.933838	202
2593.359375	213
2597.784912	207
2602.210449	197
2606.635986	204
2611.061523	205
2615.487061	194
2619.912598	205
2624.338135	191
2628.763672	192
2633.189209	205
2637.614746	211
2642.040283	205
2646.465820	192
2650.891357	211
2655.316650	210
2659.742188	197
2664.167725	200
2668.593262	200
2673.018799	197
2677.444336	195
2681.869873	195
2686.295410	191
2690.720947	197
2695.146484	207
2699.572021	213
2703.997559	197
2708.423096	199
2712.848633	190
2717.274170	195
2721.699707	204
2726.125244	205
2730.550781	195
2734.976318	206
2739.401855	214
2743.827393	191
2748.252930	181
2752.678467	196
2757.104004	208
2761.529541	210
2765.955078	213
2770.380371	204
2774.805908	199
2779.231445	213
2783.656982	221
2788.082520	197
2792.508057	203
2796.933594	198
2801.359131	217
2805.784668	215
2810.210205	205
2814.635742	190
2819.061279	211
2823.486816	217
2827.912354	197
2832.337891	199
2836.763428	214
2841.188965	207
2845.614502	216
2850.040039	208
2854.465576	196
2858.891113	203
2863.316650	199
2867.742188	200
2872.167725	206
2876.593262	208
2881.018799	208
2885.444336	197
2889.869629	197
2894.295166	192
2898.720703	207
2903.146240	202
2907.571777	219
2911.997314	217
2916.422852	201
2920.848389	202
2925.273926	211
2929.699463	191
2934.125000	193
2938.550537	210
2942.976074	210
2947.401611	204
2951.827148	209
2956.252686	229
2960.678223	226
2965.103760	207
2969.529297	200
2973.954834	209
2978.380371	213
2982.805908	222
2987.231445	227
2991.656982	204
2996.082520	214
3000.508057	220
3004.933594	224
3009.358887	223
3013.784424	218
3018.209961	218
3022.635498	214
3027.061035	206
3031.486572	205
3035.912109	211
3040.337646	215
3044.763184	222
3049.188721	217
3053.614258	204
3058.039795	211
3062.465332	212
3066.890869	218
3071.316406	198
3075.741943	204
3080.167480	203
3084.593018	196
3089.018555	206
3093.444092	224
3097.869629	217
3102.295166	206
3106.720703	213
3111.146240	218
3115.571777	219
3119.997314	218
3124.422607	224
3128.848145	218
3133.273682	218
3137.699219	209
3142.124756	231
3146.550293	209
3150.975830	213
3155.401367	212
3159.826904	207
3164.252441	211
3168.677979	216
3173.103516	219
3177.529053	223
3181.954590	208
3186.380127	197
3190.805664	216
3195.231201	219
3199.656738	213
3204.082275	217
3208.507813	218
3212.933350	199
3217.358887	206
3221.784424	218
3226.209961	217
3230.635498	189
3235.061035	194
3239.486572	201
3243.911865	182
3248.337402	203
3252.762939	225
3257.188477	223
3261.614014	208
3266.039551	216
3270.465088	209
3274.890625	208
3279.316162	225
3283.741699	223
3288.167236	223
3292.592773	220
3297.018311	205
3301.443848	207
3305.869385	204
3310.294922	202
3314.720459	198
3319.145996	205
3323.571533	209
3327.997070	209
3332.422607	211
3336.848145	214
3341.273682	210
3345.699219	217
3350.124756	212
3354.550293	232
3358.975830	218
3363.401123	209
3367.826660	215
3372.252197	207
3376.677734	202
3381.103271	205
3385.528809	203
3389.954346	212
3394.379883	215
3398.805420	215
3403.230957	204
3407.656494	200
3412.082031	196
3416.507568	220
3420.933105	238
3425.358643	230
3429.784180	216
3434.209717	226
3438.635254	230
3443.060791	230
3447.486328	213
3451.911865	210
3456.337402	204
3460.762939	227
3465.188477	234
3469.614014	228
3474.039551	228
3478.464844	220
3482.890381	209
3487.315918	210
3491.741455	207
3496.166992	207
3500.592529	213
3505.018066	217
3509.443604	234
3513.869141	234
3518.294678	220
3522.720215	236
3527.145752	242
3531.571289	239
3535.996826	210
3540.422363	205
3544.847900	224
3549.273438	225
3553.698975	226
3558.124512	246
3562.550049	236
3566.975586	227
3571.401123	227
3575.826660	243
3580.252197	244
3584.677734	238
3589.103271	250
3593.528809	261
3597.954102	240
3602.379639	242
3606.805176	250
3611.230713	243
3615.656250	235
3620.081787	245
3624.507324	256
3628.932861	264
3633.358398	281
3637.783936	274
3642.209473	279
3646.635010	291
3651.060547	290
3655.486084	285
3659.911621	285
3664.337158	278
3668.762695	285
3673.188232	282
3677.613770	296
3682.039307	314
3686.464844	315
3690.890381	318
3695.315918	335
3699.741455	342
3704.166992	345
3708.592529	365
3713.017822	357
3717.443359	362
3721.868896	387
3726.294434	436
3730.719971	448
3735.145508	452
3739.571045	467
3743.996582	490
3748.422119	527
3752.847656	570
3757.273193	561
3761.698730	538
3766.124268	580
3770.549805	608
3774.975342	635
3779.400879	662
3783.826416	661
3788.251953	687
3792.677490	695
3797.103027	707
3801.528564	733
3805.954102	799
3810.379639	876
3814.805176	959
3819.230713	1015
3823.656250	1038
3828.081787	1045
3832.507080	1092
3836.932617	1174
3841.358154	1230
3845.783691	1260
3850.209229	1289
3854.634766	1371
3859.060303	1443
3863.485840	1470
3867.911377	1521
3872.336914	1594
3876.762451	1680
3881.187988	1706
3885.613525	1729
3890.039063	1796
3894.464600	1849
3898.890137	1918
3903.315674	1999
3907.741211	2085
3912.166748	2123
3916.592285	2129
3921.017822	2155
3925.443359	2213
3929.868896	2266
3934.294434	2231
3938.719971	2241
3943.145508	2299
3947.571045	2302
3951.996338	2314
3956.421875	2326
3960.847412	2354
3965.272949	2370
3969.698486	2411
3974.124023	2401
3978.549561	2429
3982.975098	2403
3987.400635	2393
3991.826172	2401
3996.251709	2442
4000.677246	2475
4005.102783	2477
4009.528320	2503
4013.953857	2499
4018.379395	2487
4022.804932	2505
4027.230469	2485
4031.656006	2444
4036.081543	2456
4040.507080	2446
4044.932617	2446
4049.358154	2485
4053.783691	2449
4058.209229	2425
4062.634766	2432
4067.060059	2457
4071.485596	2481
4075.911133	2480
4080.336670	2446
4084.762207	2432
4089.187744	2407
4093.613281	2391
4098.039063	2398
4102.464355	2391
4106.890137	2358
4111.315430	2319
4115.741211	2328
4120.166504	2362
4124.592285	2355
4129.017578	2301
4133.442871	2306
4137.868652	2343
4142.293945	2312
4146.719727	2307
4151.145020	2309
4155.570801	2317
4159.996094	2306
4164.421875	2259
4168.847168	2249
4173.272949	2346
4177.698242	2340
4182.124023	2255
4186.549316	2211
4190.975098	2209
4195.400391	2215
4199.826172	2204
4204.251465	2178
4208.677246	2166
4213.102539	2220
4217.528320	2235
4221.953613	2196
4226.379395	2158
4230.804688	2188
4235.230469	2191
4239.655762	2143
4244.081055	2099
4248.506836	2080
4252.932129	2063
4257.357910	2067
4261.783203	2058
4266.208984	2058
4270.634277	2071
4275.060059	2070
4279.485352	2042
4283.911133	2009
4288.336426	2018
4292.762207	2012
4297.187500	2017
4301.613281	2041
4306.038574	2052
4310.464355	2075
4314.889648	2065
4319.315430	2041
4323.740723	2025
4328.166504	2035
4332.591797	2039
4337.017578	2009
4341.442871	2020
4345.868652	2054
4350.293945	2061
4354.719727	2061
4359.145020	2040
4363.570313	2037
4367.996094	2069
4372.421387	2088
4376.847168	2077
4381.272461	2081
4385.698242	2116
4390.123535	2106
4394.549316	2093
4398.974609	2143
4403.400391	2188
4407.825684	2148
4412.251465	2149
4416.676758	2179
4421.102539	2191
4425.527832	2217
4429.953613	2242
4434.378906	2234
4438.804688	2170
4443.229980	2140
4447.655762	2142
4452.081055	2177
4456.506836	2219
4460.932129	2158
4465.357910	2172
4469.783203	2241
4474.208984	2209
4478.634277	2186
4483.059570	2160
4487.485352	2177
4491.910645	2198
4496.336426	2172
4500.761719	2157
4505.187500	2165
4509.612793	2166
4514.038574	2144
4518.463867	2105
4522.889648	2124
4527.314941	2180
4531.740723	2157
4536.166016	2110
4540.591797	2092
4545.017090	2092
4549.442871	2106
4553.868164	2102
4558.293945	2075
4562.719238	2094
4567.145020	2112
4571.570313	2077
4575.996094	2067
4580.421387	2083
4584.847168	2083
4589.272461	2091
4593.698242	2131
4598.123535	2143
4602.548828	2148
4606.974609	2222
4611.399902	2216
4615.825684	2234
4620.250977	2277
4624.676758	2295
4629.102051	2338
4633.527832	2388
4637.953125	2431
4642.378906	2458
4646.804199	2443
4651.229980	2502
4655.655273	2545
4660.081055	2571
4664.506348	2641
4668.932129	2686
4673.357422	2712
4677.783203	2745
4682.208496	2788
4686.634277	2784
4691.059570	2782
4695.485352	2798
4699.910645	2839
4704.336426	2930
4708.761719	2952
4713.187500	2950
4717.612793	2996
4722.038086	2986
4726.463867	3016
4730.889160	3061
4735.314941	3074
4739.740234	3095
4744.166016	3097
4748.591309	3099
4753.017090	3141
4757.442383	3118
4761.868164	3133
4766.293457	3190
4770.719238	3213
4775.144531	3189
4779.570313	3210
4783.995605	3247
4788.421387	3251
4792.846680	3280
4797.272461	3330
4801.697754	3342
4806.123535	3352
4810.548828	3331
4814.974609	3300
4819.399902	3349
4823.825684	3359
4828.250977	3354
4832.676270	3366
4837.102051	3393
4841.527344	3399
4845.953125	3410
4850.378418	3358
4854.804199	3343
4859.229492	3306
4863.655273	3310
4868.080566	3376
4872.506348	3369
4876.931641	3379
4881.357422	3414
4885.782715	3411
4890.208496	3377
4894.633789	3366
4899.059570	3389
4903.484863	3376
4907.910645	3367
4912.335938	3387
4916.761719	3378
4921.187012	3371
4925.612793	3360
4930.038086	3393
4934.463867	3382
4938.889160	3340
4943.314941	3336
4947.740234	3371
4952.165527	3383
4956.591309	3322
4961.016602	3279
4965.442383	3293
4969.867676	3306
4974.293457	3298
4978.718750	3335
4983.144531	3327
4987.569824	3301
4991.995605	3310
4996.420898	3290
5000.846680	3221
5005.271973	3260
5009.697754	3299
5014.123047	3319
5018.548828	3314
5022.974121	3294
5027.399902	3327
5031.825195	3286
5036.250977	3231
5040.676270	3235
5045.102051	3205
5049.527344	3221
5053.953125	3310
5058.378418	3304
5062.804199	3241
5067.229492	3229
5071.654785	3231
5076.080566	3248
5080.505859	3259
5084.931641	3237
5089.356934	3225
5093.782715	3211
5098.208008	3227
5102.633789	3266
5107.059082	3219
5111.484863	3209
5115.910156	3208
5120.335938	3230
5124.761230	3229
5129.187012	3232
5133.612305	3238
5138.038086	3210
5142.463379	3213
5146.889160	3204
5151.314453	3176
5155.740234	3182
5160.165527	3152
5164.591309	3155
5169.016602	3202
5173.442383	3177
5177.867676	3187
5182.293457	3194
5186.718750	3138
5191.144043	3137
5195.569824	3177
5199.995117	3194
5204.420898	3137
5208.846191	3081
5213.271973	3136
5217.697266	3121
5222.123047	3083
5226.548340	3154
5230.974121	3152
5235.399414	3134
5239.825195	3135
5244.250488	3127
5248.676270	3068
5253.101563	3042
5257.527344	3062
5261.952637	3026
5266.378418	3034
5270.803711	3030
5275.229492	3009
5279.654785	3014
5284.080566	2998
5288.505859	3004
5292.931641	3046
5297.356934	3054
5301.782715	3027
5306.208008	3016
5310.633301	2998
5315.059082	2992
5319.484375	2990
5323.910156	2953
5328.335449	2884
5332.761230	2891
5337.186523	2914
5341.612305	2949
5346.037598	2950
5350.463379	2928
5354.888672	2883
5359.314453	2863
5363.739746	2892
5368.165527	2883
5372.590820	2908
5377.016602	2938
5381.441895	2890
5385.867676	2870
5390.292969	2870
5394.718750	2877
5399.144043	2864
5403.569824	2851
5407.995117	2862
5412.420898	2892
5416.846191	2856
5421.271973	2815
5425.697266	2796
5430.122559	2773
5434.548340	2799
5438.973633	2833
5443.399414	2802
5447.824707	2804
5452.250488	2807
5456.675781	2801
5461.101563	2820
5465.526855	2773
5469.952637	2761
5474.377930	2771
5478.803711	2736
5483.229004	2724
5487.654785	2769
5492.080078	2750
5496.505859	2714
5500.931152	2770
5505.356934	2742
5509.782227	2695
5514.208008	2715
5518.633301	2760
5523.059082	2776
5527.484375	2723
5531.910156	2684
5536.335449	2697
5540.760742	2729
5545.186523	2725
5549.611816	2693
5554.037598	2672
5558.462891	2702
5562.888672	2701
5567.313965	2716
5571.739746	2695
5576.165039	2675
5580.590820	2658
5585.016113	2636
5589.441895	2666
5593.867188	2672
5598.292969	2656
5602.718262	2669
5607.144043	2645
5611.569336	2617
5615.995117	2610
5620.420410	2589
5624.846191	2564
5629.271484	2580
5633.697266	2597
5638.122559	2571
5642.548340	2536
5646.973633	2606
5651.399414	2592
5655.824707	2560
5660.250000	2557
5664.675781	2617
5669.101074	2604
5673.526855	2533
5677.952148	2506
5682.377930	2506
5686.803223	2475
5691.229004	2473
5695.654297	2482
5700.080078	2477
5704.505371	2432
5708.931152	2414
5713.356445	2496
5717.782227	2529
5722.207520	2487
5726.633301	2509
5731.058594	2482
5735.484375	2453
5739.909668	2487
5744.335449	2497
5748.760742	2487
5753.186523	2494
5757.611816	2509
5762.037598	2504
5766.462891	2542
5770.888672	2596
5775.313965	2619
5779.739258	2584
5784.165039	2566
5788.590332	2570
5793.016113	2540
5797.441406	2559
5801.867188	2569
5806.292480	2570
5810.718262	2581
5815.143555	2608
5819.569336	2634
5823.994629	2634
5828.420410	2659
5832.845703	2666
5837.271484	2674
5841.696777	2648
5846.122559	2635
5850.547852	2647
5854.973633	2620
5859.398926	2610
5863.824707	2614
5868.250000	2626
5872.675781	2644
5877.101074	2607
5881.526855	2601
5885.952148	2632
5890.377930	2616
5894.803223	2549
5899.228516	2563
5903.654297	2575
5908.079590	2555
5912.505371	2578
5916.930664	2612
5921.356445	2615
5925.781738	2614
5930.207520	2586
5934.632813	2551
5939.058594	2552
5943.483887	2552
5947.909668	2515
5952.334961	2523
5956.760742	2506
5961.186035	2487
5965.611816	2507
5970.037109	2536
5974.462891	2540
5978.888184	2538
5983.313965	2455
5987.739258	2405
5992.165039	2459
5996.590332	2462
6001.016113	2470
6005.441406	2412
6009.867188	2372
6014.292480	2408
6018.717773	2414
6023.143555	2414
6027.568848	2415
6031.994629	2393
6036.419922	2363
6040.845703	2355
6045.270996	2355
6049.696777	2345
6054.122070	2338
6058.547852	2302
6062.973145	2298
6067.398926	2303
6071.824219	2296
6076.250000	2290
6080.675293	2276
6085.101074	2253
6089.526367	2211
6093.952148	2175
6098.377441	2204
6102.803223	2240
6107.228516	2207
6111.654297	2180
6116.079590	2149
6120.505371	2132
6124.930664	2142
6129.355957	2154
6133.781738	2176
6138.207031	2191
6142.632813	2162
6147.058105	2123
6151.483887	2122
6155.909180	2115
6160.334961	2069
6164.760254	2046
6169.186035	2036
6173.611328	2045
6178.037109	2080
6182.462402	2107
6186.888184	2069
6191.313477	2023
6195.739258	2056
6200.164551	2070
6204.590332	2032
6209.015625	2019
6213.441406	1999
6217.866699	1974
6222.292480	1945
6226.717773	1984
6231.143555	1997
6235.568848	1954
6239.994629	1964
6244.419922	1970
6248.845215	1968
6253.270996	1954
6257.696289	1915
6262.122070	1899
6266.547363	1874
6270.973145	1856
6275.398438	1874
6279.824219	1934
6284.249512	1918
6288.675293	1938
6293.100586	1939
6297.526367	1909
6301.951660	1882
6306.377441	1894
6310.802734	1918
6315.228516	1885
6319.653809	1853
6324.079590	1876
6328.504883	1843
6332.930664	1836
6337.355957	1868
6341.781738	1878
6346.207031	1833
6350.632813	1808
6355.058105	1833
6359.483887	1822
6363.909180	1813
6368.334473	1831
6372.760254	1795
6377.185547	1819
6381.611328	1845
6386.036621	1828
6390.462402	1822
6394.887695	1827
6399.313477	1828
6403.738770	1813
6408.164551	1839
6412.589844	1824
6417.015625	1825
6421.440918	1815
6425.866699	1811
6430.291992	1848
6434.717773	1800
6439.143066	1760
6443.568848	1771
6447.994141	1761
6452.419922	1793
6456.845215	1796
6461.270996	1766
6465.696289	1772
6470.122070	1782
6474.547363	1745
6478.973145	1736
6483.398438	1744
6487.823730	1747
6492.249512	1744
6496.674805	1752
6501.100586	1748
6505.525879	1719
6509.951660	1739
6514.376953	1771
6518.802734	1765
6523.228027	1760
6527.653809	1731
6532.079102	1733
6536.504883	1766
6540.930176	1783
6545.355957	1779
6549.781250	1778
6554.207031	1788
6558.632324	1780
6563.058105	1758
6567.483398	1759
6571.909180	1734
6576.334473	1725
6580.760254	1741
6585.185547	1746
6589.611328	1734
6594.036621	1759
6598.462402	1783
6602.887695	1793
6607.312988	1806
6611.738770	1829
6616.164063	1826
6620.589844	1773
6625.015137	1774
6629.440918	1793
6633.866211	1797
6638.291992	1807
6642.717285	1783
6647.143066	1779
6651.568359	1824
6655.994141	1816
6660.419434	1771
6664.845215	1802
6669.270508	1817
6673.696289	1803
6678.121582	1820
6682.547363	1810
6686.972656	1820
6691.398438	1818
6695.823730	1805
6700.249512	1827
6704.674805	1813
6709.100586	1800
6713.525879	1816
6717.951660	1818
6722.376953	1820
6726.802246	1805
6731.228027	1787
6735.653320	1819
6740.079102	1842
6744.504395	1849
6748.930176	1806
6753.355469	1801
6757.781250	1817
6762.206543	1849
6766.632324	1873
6771.057617	1849
6775.483398	1822
6779.908691	1840
6784.334473	1805
6788.759766	1828
6793.185547	1864
6797.610840	1883
6802.036621	1934
6806.461914	1931
6810.887695	1928
6815.312988	1929
6819.738770	1912
6824.164063	1881
6828.589844	1836
6833.015137	1788
6837.440430	1755
6841.866211	1740
6846.291504	1705
6850.717285	1669
6855.142578	1659
6859.568359	1683
6863.993652	1726
6868.419434	1746
6872.844727	1679
6877.270508	1691
6881.695801	1731
6886.121582	1793
6890.546875	1793
6894.972656	1754
6899.397949	1766
6903.823730	1771
6908.249023	1803
6912.674805	1832
6917.100098	1860
6921.525879	1806
6925.951172	1803
6930.376953	1913
6934.802246	1912
6939.228027	1869
6943.653320	1846
6948.079102	1856
6952.504395	1896
6956.929688	1929
6961.355469	1913
6965.780762	1851
6970.206543	1856
6974.631836	1908
6979.057617	1950
6983.482910	1941
6987.908691	1946
6992.333984	1950
6996.759766	1911
7001.185059	1893
7005.610840	1949
7010.036133	1908
7014.461914	1895
7018.887207	1912
7023.312988	1949
7027.738281	1927
7032.164063	1937
7036.589355	1985
7041.015137	1971
7045.440430	1948
7049.866211	1959
7054.291504	1974
7058.717285	1978
7063.142578	1968
7067.568359	1957
7071.993652	1937
7076.418945	1896
7080.844727	1872
7085.270020	1933
7089.695801	1913
7094.121094	1869
7098.546875	1874
7102.972168	1867
7107.397949	1892
7111.823242	1883
7116.249023	1878
7120.674316	1841
7125.100098	1840
7129.525391	1833
7133.951172	1802
7138.376465	1811
7142.802246	1794
7147.227539	1744
7151.653320	1729
7156.078613	1729
7160.504395	1712
7164.929688	1698
7169.355469	1719
7173.780762	1748
7178.206543	1733
7182.631836	1713
7187.057617	1705
7191.482910	1708
7195.908203	1647
7200.333984	1627
7204.759277	1641
7209.185059	1621
7213.610352	1607
7218.036133	1595
7222.461426	1593
7226.887207	1570
7231.312500	1582
7235.738281	1583
7240.163574	1608
7244.589355	1620
7249.014648	1517
7253.440430	1505
7257.865723	1563
7262.291504	1557
7266.716797	1534
7271.142578	1496
7275.567871	1485
7279.993652	1503
7284.418945	1549
7288.844727	1535
7293.270020	1482
7297.695801	1514
7302.121094	1508
7306.546875	1492
7310.972168	1460
7315.397461	1414
7319.823242	1400
7324.248535	1491
7328.674316	1484
7333.099609	1435
7337.525391	1456
7341.950684	1460
7346.376465	1471
7350.801758	1491
7355.227539	1489
7359.652832	1450
7364.078613	1405
7368.503906	1411
7372.929688	1453
7377.354980	1424
7381.780762	1417
7386.206055	1425
7390.631836	1401
7395.057129	1371
7399.482910	1362
7403.908203	1394
7408.333984	1395
7412.759277	1378
7417.185059	1392
7421.610352	1367
7426.035645	1335
7430.461426	1314
7434.886719	1293
7439.312500	1312
7443.737793	1285
7448.163574	1270
7452.588867	1298
7457.014648	1311
7461.439941	1327
7465.865723	1268
7470.291016	1262
7474.716797	1231
7479.142090	1181
7483.567871	1195
7487.993164	1243
7492.418945	1215
7496.844238	1164
7501.270020	1154
7505.695313	1136
7510.121094	1133
7514.546387	1168
7518.972168	1160
7523.397461	1079
7527.823242	1058
7532.248535	1066
7536.674316	1073
7541.099609	1068
7545.524902	1037
7549.950684	953
7554.375977	924
7558.801758	919
7563.227051	881
7567.652832	845
7572.078125	806
7576.503906	765
7580.929199	728
7585.354980	727
7589.780273	690
7594.206055	658
7598.631348	685
7603.057129	697
7607.482422	702
7611.908203	675
7616.333496	694
7620.759277	693
7625.184570	690
7629.610352	713
7634.035645	757
7638.461426	769
7642.886719	755
7647.312500	782
7651.737793	777
7656.163574	772
7660.588867	802
7665.014160	790
7669.439941	796
7673.865234	787
7678.291016	780
7682.716309	773
7687.142090	772
7691.567383	780
7695.993164	781
7700.418457	776
7704.844238	767
7709.269531	768
7713.695313	767
7718.120605	737
7722.546387	726
7726.971680	725
7731.397461	709
7735.822754	702
7740.248535	705
7744.673828	711
7749.099609	729
7753.524902	700
7757.950684	688
7762.375977	697
7766.801758	662
7771.227051	634
7775.652832	632
7780.078125	628
7784.503418	643
7788.929199	642
7793.354492	588
7797.780273	571
7802.205566	578
7806.631348	587
7811.056641	575
7815.482422	583
7819.907715	598
7824.333496	553
7828.758789	531
7833.184570	546
7837.609863	542
7842.035645	534
7846.460938	540
7850.886719	537
7855.312012	547
7859.737793	549
7864.163086	559
7868.588867	568
7873.014160	551
7877.439941	511
7881.865234	530
7886.291016	554
7890.716309	543
7895.142090	516
7899.567383	541
7903.992676	539
7908.418457	553
7912.843750	566
7917.269531	564
7921.694824	544
7926.120605	548
7930.545898	561
7934.971680	565
7939.396973	548
7943.822754	566
7948.248047	574
7952.673828	575
7957.099121	544
7961.524902	543
7965.950195	556
7970.375977	575
7974.801270	579
7979.227051	572
7983.652344	573
7988.078125	575
7992.503418	557
7996.929199	571
8001.354492	568
8005.780273	521
8010.205566	524
8014.631348	561
8019.056641	566
8023.481934	535
8027.907715	530
8032.333008	550
8036.758789	541
8041.184082	494
8045.609863	506
8050.035156	529
8054.460938	523
8058.886230	518
8063.312012	514
8067.737305	520
8072.163086	536
8076.588379	530
8081.014160	524
8085.439453	499
8089.865234	509
8094.290527	501
8098.716309	473
8103.141602	456
8107.567383	439
8111.992676	439
8116.418457	437
8120.843750	418
8125.269531	403
8129.694824	416
8134.120117	433
8138.545898	423
8142.971191	427
8147.396973	430
8151.822266	412
8156.248047	402
8160.673340	413
8165.099121	404
8169.524414	389
8173.950195	372
8178.375488	373
8182.801270	370
8187.226563	365
8191.652344	362
8196.078125	362
8200.502930	373
8204.928711	364
8209.354492	353
8213.780273	361
8218.205078	367
8222.630859	374
8227.056641	378
8231.482422	354
8235.907227	357
8240.333008	353
8244.758789	343
8249.184570	336
8253.609375	362
8258.035156	379
8262.460938	385
8266.885742	387
8271.311523	382
8275.737305	369
8280.163086	363
8284.587891	374
8289.013672	399
8293.439453	385
8297.865234	393
8302.290039	422
8306.715820	427
8311.141602	414
8315.567383	408
8319.992188	392
8324.417969	408
8328.843750	426
8333.269531	421
8337.694336	431
8342.120117	418
8346.545898	394
8350.971680	424
8355.396484	451
8359.822266	467
8364.248047	455
8368.672852	463
8373.098633	463
8377.524414	444
8381.950195	439
8386.375000	454
8390.800781	466
8395.226563	453
8399.652344	455
8404.077148	456
8408.502930	454
8412.928711	453
8417.354492	462
8421.779297	470
8426.205078	462
8430.630859	455
8435.056641	443
8439.481445	466
8443.907227	481
8448.333008	450
8452.758789	438
8457.183594	436
8461.609375	457
8466.035156	428
8470.460938	429
8474.885742	443
8479.311523	440
8483.737305	430
8488.162109	447
8492.587891	445
8497.013672	456
8501.439453	461
8505.864258	418
8510.290039	425
8514.715820	436
8519.141602	435
8523.566406	445
8527.992188	444
8532.417969	432
8536.843750	402
8541.268555	423
8545.694336	430
8550.120117	454
8554.545898	427
8558.970703	391
8563.396484	383
8567.822266	398
8572.248047	420
8576.672852	443
8581.098633	412
8585.524414	383
8589.950195	379
8594.375000	400
8598.800781	402
8603.226563	421
8607.651367	436
8612.077148	388
8616.502930	339
8620.928711	347
8625.353516	363
8629.779297	367
8634.205078	351
8638.630859	344
8643.055664	334
8647.481445	336
8651.907227	321
8656.333008	314
8660.757813	334
8665.183594	341
8669.609375	329
8674.035156	339
8678.459961	330
8682.885742	310
8687.311523	318
8691.737305	309
8696.162109	278
8700.587891	287
8705.013672	312
8709.439453	318
8713.864258	310
8718.290039	313
8722.715820	305
8727.140625	284
8731.566406	283
8735.992188	284
8740.417969	284
8744.842773	278
8749.268555	284
8753.694336	293
8758.120117	272
8762.544922	263
8766.970703	290
8771.396484	278
8775.822266	262
8780.247070	264
8784.672852	246
8789.098633	242
8793.524414	242
8797.949219	265
8802.375000	270
8806.800781	259
8811.226563	252
8815.651367	258
8820.077148	246
8824.502930	248
8828.928711	242
8833.353516	257
8837.779297	266
8842.205078	266
8846.629883	269
8851.055664	253
8855.481445	249
8859.907227	253
8864.332031	251
8868.757813	260
8873.183594	252
8877.609375	243
8882.034180	230
8886.459961	254
8890.885742	244
8895.311523	239
8899.736328	239
8904.162109	235
8908.587891	235
8913.013672	239
8917.438477	242
8921.864258	230
8926.290039	248
8930.715820	257
8935.140625	242
8939.566406	222
8943.992188	233
8948.417969	245
8952.842773	255
8957.268555	237
8961.694336	233
8966.119141	244
8970.544922	248
8974.970703	224
8979.396484	238
8983.821289	248
8988.247070	252
8992.672852	270
8997.098633	283
9001.523438	278
9005.949219	273
9010.375000	268
9014.800781	260
9019.225586	245
9023.651367	231
9028.077148	231
9032.502930	240
9036.927734	246
9041.353516	258
9045.779297	274
9050.205078	267
9054.629883	268
9059.055664	263
9063.481445	255
9067.907227	246
9072.332031	259
9076.757813	254
9081.183594	256
9085.608398	249
9090.034180	257
9094.459961	258
9098.885742	255
9103.310547	242
9107.736328	227
9112.162109	253
9116.587891	247
9121.012695	239
9125.438477	239
9129.864258	239
9134.290039	226
9138.714844	239
9143.140625	247
9147.566406	238
9151.992188	242
9156.416992	258
9160.842773	276
9165.268555	262
9169.694336	229
9174.119141	226
9178.544922	234
9182.970703	229
9187.396484	237
9191.821289	237
9196.247070	244
9200.672852	239
9205.097656	249
9209.523438	256
9213.949219	247
9218.375000	245
9222.799805	238
9227.225586	235
9231.651367	257
9236.077148	278
9240.501953	254
9244.927734	239
9249.353516	243
9253.779297	252
9258.204102	237
9262.629883	237
9267.055664	243
9271.481445	239
9275.906250	224
9280.332031	230
9284.757813	237
9289.183594	245
9293.608398	258
9298.034180	241
9302.459961	239
9306.885742	212
9311.310547	214
9315.736328	230
9320.162109	233
9324.586914	226
9329.012695	234
9333.438477	246
9337.864258	243
9342.289063	256
9346.714844	238
9351.140625	231
9355.566406	233
9359.991211	229
9364.416992	220
9368.842773	219
9373.268555	233
9377.693359	248
9382.119141	240
9386.544922	230
9390.970703	238
9395.395508	256
9399.821289	256
9404.247070	249
9408.672852	239
9413.097656	241
9417.523438	240
9421.949219	231
9426.375000	229
9430.799805	232
9435.225586	240
9439.651367	244
9444.076172	256
9448.501953	248
9452.927734	239
9457.353516	235
9461.778320	234
9466.204102	242
9470.629883	267
9475.055664	269
9479.480469	242
9483.906250	232
9488.332031	253
9492.757813	247
9497.182617	238
9501.608398	252
9506.034180	243
9510.459961	255
9514.884766	256
9519.310547	244
9523.736328	269
9528.162109	271
9532.586914	244
9537.012695	235
9541.438477	243
9545.864258	238
9550.289063	242
9554.714844	241
9559.140625	247
9563.565430	271
9567.991211	266
9572.416992	273
9576.842773	269
9581.267578	260
9585.693359	262
9590.119141	263
9594.544922	261
9598.969727	264
9603.395508	263
9607.821289	256
9612.247070	268
9616.671875	293
9621.097656	282
9625.523438	260
9629.949219	253
9634.374023	255
9638.799805	273
9643.225586	267
9647.651367	283
9652.076172	262
9656.501953	246
9660.927734	267
9665.352539	274
9669.778320	279
9674.204102	290
9678.629883	282
9683.054688	263
9687.480469	273
9691.906250	281
9696.332031	267
9700.756836	269
9705.182617	285
9709.608398	270
9714.034180	270
9718.458984	268
9722.884766	287
9727.310547	292
9731.736328	279
9736.161133	271
9740.586914	279
9745.012695	292
9749.438477	278
9753.863281	282
9758.289063	290
9762.714844	285
9767.140625	296
9771.565430	293
9775.991211	288
9780.416992	301
9784.841797	294
9789.267578	296
9793.693359	320
9798.119141	320
9802.543945	299
9806.969727	279
9811.395508	294
9815.821289	301
9820.246094	292
9824.671875	280
9829.097656	270
9833.523438	286
9837.948242	311
9842.374023	293
9846.799805	273
9851.225586	268
9855.650391	269
9860.076172	272
9864.501953	281
9868.927734	281
9873.352539	267
9877.778320	276
9882.204102	288
9886.629883	298
9891.054688	296
9895.480469	296
9899.906250	288
9904.331055	297
9908.756836	302
9913.182617	292
9917.608398	284
9922.033203	287
9926.458984	300
9930.884766	290
9935.310547	277
9939.735352	268
9944.161133	265
9948.586914	277
9953.012695	262
9957.437500	277
9961.863281	278
9966.289063	275
9970.714844	287
9975.139648	285
9979.565430	289
9983.991211	296
9988.416992	279
9992.841797	268
9997.267578	281
10001.693359	276
10006.119141	261
10010.543945	269
10014.969727	273
10019.395508	267
10023.820313	250
10028.246094	264
10032.671875	268
10037.097656	267
10041.522461	274
10045.948242	273
10050.374023	280
10054.799805	286
10059.224609	282
10063.650391	268
10068.076172	281
10072.501953	313
10076.926758	294
10081.352539	293
10085.778320	307
10090.204102	292
10094.628906	277
10099.054688	274
10103.480469	263
10107.906250	273
10112.331055	276
10116.756836	278
10121.182617	277
10125.608398	264
10130.033203	268
10134.458984	285
10138.884766	285
10143.309570	279
10147.735352	272
10152.161133	266
10156.586914	264
10161.011719	305
10165.437500	288
10169.863281	262
10174.289063	260
10178.713867	270
10183.139648	262
10187.565430	257
10191.991211	254
10196.416016	268
10200.841797	270
10205.267578	263
10209.693359	247
10214.118164	247
10218.543945	264
10222.969727	286
10227.395508	271
10231.820313	241
10236.246094	246
10240.671875	259
10245.097656	274
10249.522461	271
10253.948242	279
10258.374023	280
10262.798828	275
10267.224609	280
10271.650391	279
10276.076172	263
10280.500977	268
10284.926758	267
10289.352539	275
10293.778320	281
10298.203125	247
10302.628906	265
10307.054688	268
10311.480469	267
10315.905273	270
10320.331055	276
10324.756836	274
10329.182617	276
10333.607422	262
10338.033203	257
10342.458984	244
10346.884766	254
10351.309570	270
10355.735352	287
10360.161133	281
10364.586914	265
10369.011719	254
10373.437500	270
10377.863281	279
10382.288086	268
10386.713867	252
10391.139648	260
10395.565430	266
10399.990234	279
10404.416016	279
10408.841797	267
10413.267578	253
10417.692383	253
10422.118164	263
10426.543945	249
10430.969727	261
10435.394531	243
10439.820313	244
10444.246094	243
10448.671875	259
10453.096680	249
10457.522461	261
10461.948242	275
10466.374023	264
10470.798828	266
10475.224609	268
10479.650391	260
10484.076172	276
10488.500977	266
10492.926758	248
10497.352539	267
10501.777344	260
10506.203125	235
10510.628906	228
10515.054688	233
10519.479492	237
10523.905273	256
10528.331055	254
10532.756836	243
10537.181641	237
10541.607422	233
10546.033203	254
10550.458984	263
10554.883789	274
10559.309570	274
10563.735352	269
10568.161133	270
10572.585938	271
10577.011719	273
10581.437500	269
10585.863281	256
10590.288086	257
10594.713867	266
10599.139648	274
10603.565430	278
10607.990234	266
10612.416016	248
10616.841797	259
10621.266602	261
10625.692383	265
10630.118164	247
10634.543945	257
10638.968750	279
10643.394531	291
10647.820313	283
10652.246094	262
10656.670898	231
10661.096680	231
10665.522461	256
10669.948242	263
10674.373047	245
10678.798828	247
10683.224609	263
10687.650391	260
10692.075195	247
10696.500977	246
10700.926758	232
10705.352539	234
10709.777344	261
10714.203125	257
10718.628906	251
10723.054688	246
10727.479492	236
10731.905273	234
10736.331055	232
10740.755859	231
10745.181641	241
10749.607422	241
10754.033203	232
10758.458008	232
10762.883789	217
10767.309570	215
10771.735352	232
10776.160156	241
10780.585938	241
10785.011719	210
10789.437500	223
10793.862305	226
10798.288086	218
10802.713867	218
10807.139648	221
10811.564453	222
10815.990234	213
10820.416016	207
10824.841797	214
10829.266602	194
10833.692383	208
10838.118164	218
10842.543945	214
10846.968750	200
10851.394531	206
10855.820313	192
10860.245117	204
10864.670898	204
10869.096680	200
10873.522461	208
10877.947266	197
10882.373047	193
10886.798828	217
10891.224609	211
10895.649414	186
10900.075195	175
10904.500977	179
10908.926758	193
10913.351563	195
10917.777344	173
10922.203125	169
10926.628906	157
10931.053711	156
10935.479492	149
10939.905273	154
10944.331055	141
10948.755859	130
10953.181641	119
10957.607422	99
10962.032227	94
10966.458008	88
10970.883789	86
10975.309570	85
10979.734375	81
10984.160156	76
10988.585938	72
10993.011719	67
10997.436523	65
11001.862305	64
11006.288086	65
11010.713867	65
11015.138672	56
11019.564453	62
11023.990234	63
11028.416016	68
11032.840820	58
11037.266602	55
11041.692383	53
11046.118164	55
11050.542969	52
11054.968750	60
11059.394531	60
11063.820313	54
11068.245117	49
11072.670898	38
11077.096680	41
11081.521484	42
11085.947266	39
11090.373047	39
11094.798828	42
11099.223633	43
11103.649414	35
11108.075195	39
11112.500977	41
11116.925781	35
11121.351563	31
11125.777344	36
11130.203125	36
11134.627930	32
11139.053711	32
11143.479492	28
11147.905273	24
11152.330078	28
11156.755859	24
11161.181641	19
11165.607422	19
11170.032227	19
11174.458008	16
11178.883789	15
11183.309570	16
11187.734375	18
11192.160156	14
11196.585938	14
11201.010742	14
11205.436523	10
11209.862305	8
11214.288086	7
11218.712891	7
11223.138672	6
11227.564453	5
11231.990234	4
11236.415039	2
11240.840820	1
11245.266602	0
11249.692383	0
11254.117188	0
11258.542969	0
11262.968750	0
11267.394531	0
11271.819336	0
11276.245117	0
11280.670898	0
11285.096680	0
11289.521484	0
11293.947266	0
11298.373047	0
11302.798828	0
11307.223633	0
11311.649414	0
11316.075195	0
11320.500000	0
11324.925781	0
11329.351563	0
11333.777344	0
11338.202148	0
11342.627930	0
11347.053711	0
11351.479492	0
11355.904297	0
11360.330078	0
11364.755859	0
11369.181641	0
11373.606445	0
11378.032227	0
11382.458008	0
11386.883789	0
11391.308594	0
11395.734375	0
11400.160156	0
11404.585938	0
11409.010742	0
11413.436523	0
11417.862305	0
11422.288086	0
11426.712891	0
11431.138672	0
11435.564453	0
11439.989258	0
11444.415039	0
11448.840820	0
11453.266602	0
11457.691406	0
11462.117188	0
11466.542969	0
11470.968750	0
11475.393555	0
11479.819336	0
11484.245117	0
11488.670898	0
11493.095703	0
11497.521484	0
11501.947266	0
11506.373047	0
11510.797852	0
11515.223633	0
11519.649414	0
11524.075195	0
11528.500000	0
11532.925781	0
11537.351563	0
11541.777344	0
11546.202148	0
11550.627930	0
11555.053711	0
11559.478516	0
11563.904297	0
11568.330078	0
11572.755859	0
11577.180664	0
11581.606445	0
11586.032227	0
11590.458008	0
11594.882813	0
11599.308594	0
11603.734375	0
11608.160156	0
11612.584961	0
11617.010742	0
11621.436523	0
11625.862305	0
11630.287109	0
11634.712891	0
11639.138672	0
11643.564453	0
11647.989258	0
11652.415039	0
11656.840820	0
11661.266602	0
11665.691406	0
11670.117188	0
11674.542969	0
11678.967773	0
11683.393555	0
11687.819336	0
11692.245117	0
11696.669922	0
11701.095703	0
11705.521484	0
11709.947266	0
11714.372070	0
11718.797852	0
11723.223633	0
11727.649414	0
11732.074219	0
11736.500000	0
11740.925781	0
11745.351563	0
11749.776367	0
11754.202148	0
11758.627930	0
11763.053711	0
11767.478516	0
11771.904297	0
11776.330078	0
11780.755859	0
11785.180664	0
11789.606445	0
11794.032227	0
11798.457031	0
11802.882813	0
11807.308594	0
11811.734375	0
11816.159180	0
11820.584961	0
11825.010742	0
11829.436523	0
11833.861328	0
11838.287109	0
11842.712891	0
11847.138672	0
11851.563477	0
11855.989258	0
11860.415039	0
11864.840820	0
11869.265625	0
11873.691406	0
11878.117188	0
11882.542969	0
11886.967773	0
11891.393555	0
11895.819336	0
11900.245117	0
11904.669922	0
11909.095703	0
11913.521484	0
11917.946289	0
11922.372070	0
11926.797852	0
11931.223633	0
11935.648438	0
11940.074219	0
11944.500000	0
11948.925781	0
11953.350586	0
11957.776367	0
11962.202148	0
11966.627930	0
11971.052734	0
11975.478516	0
11979.904297	0
11984.330078	0
11988.754883	0
11993.180664	0
11997.606445	0
12002.032227	0
12006.457031	0
12010.882813	0
12015.308594	0
12019.734375	0
12024.159180	0
12028.584961	0
12033.010742	0
12037.435547	0
12041.861328	0
12046.287109	0
12050.712891	0
12055.137695	0
12059.563477	0
12063.989258	0
12068.415039	0
12072.839844	0
12077.265625	0
12081.691406	0
12086.117188	0
12090.541992	0
12094.967773	0
12099.393555	0
12103.819336	0
12108.244141	0
12112.669922	0
12117.095703	0
12121.521484	0
12125.946289	0
12130.372070	0
12134.797852	0
12139.223633	0
12143.648438	0
12148.074219	0
12152.500000	0
12156.924805	0
12161.350586	0
12165.776367	0
12170.202148	0
12174.626953	0
12179.052734	0
12183.478516	0
12187.904297	0
12192.329102	0
12196.754883	0
12201.180664	0
12205.606445	0
12210.031250	0
12214.457031	0
12218.882813	0
12223.308594	0
12227.733398	0
12232.159180	0
12236.584961	0
12241.010742	0
12245.435547	0
12249.861328	0
12254.287109	0
12258.711914	0
12263.137695	0
12267.563477	0
12271.989258	0
12276.414063	0
12280.839844	0
12285.265625	0
12289.691406	0
12294.116211	0
12298.541992	0
12302.967773	0
12307.393555	0
12311.818359	0
12316.244141	0
12320.669922	0
12325.095703	0
12329.520508	0
12333.946289	0
12338.372070	0
12342.797852	0
12347.222656	0
12351.648438	0
12356.074219	0
12360.500000	0
12364.924805	0
12369.350586	0
12373.776367	0
12378.201172	0
12382.626953	0
12387.052734	0
12391.478516	0
12395.903320	0
12400.329102	0
12404.754883	0
12409.180664	0
12413.605469	0
12418.031250	0
12422.457031	0
12426.882813	0
12431.307617	0
12435.733398	0
12440.159180	0
12444.584961	0
12449.009766	0
12453.435547	0
12457.861328	0
12462.287109	0
12466.711914	0
12471.137695	0
12475.563477	0
12479.989258	0
12484.414063	0
12488.839844	0
12493.265625	0
12497.690430	0
12502.116211	0
12506.541992	0
12510.967773	0
12515.392578	0
12519.818359	0
12524.244141	0
12528.669922	0
12533.094727	0
12537.520508	0
12541.946289	0
12546.372070	0
12550.796875	0
12555.222656	0
12559.648438	0
12564.074219	0
12568.499023	0
12572.924805	0
12577.350586	0
12581.776367	0
12586.201172	0
12590.626953	0
12595.052734	0
12599.478516	0
12603.903320	0
12608.329102	0
12612.754883	0
12617.179688	0
12621.605469	0
12626.031250	0
12630.457031	0
12634.881836	0
12639.307617	0
12643.733398	0
12648.159180	0
12652.583984	0
12657.009766	0
12661.435547	0
12665.861328	0
12670.286133	0
12674.711914	0
12679.137695	0
12683.563477	0
12687.988281	0
12692.414063	0
12696.839844	0
12701.265625	0
12705.690430	0
12710.116211	0
12714.541992	0
12718.967773	0
12723.392578	0
12727.818359	0
12732.244141	0
12736.668945	0
12741.094727	0
12745.520508	0
12749.946289	0
12754.371094	0
12758.796875	0
12763.222656	0
12767.648438	0
12772.073242	0
12776.499023	0
12780.924805	0
12785.350586	0
12789.775391	0
12794.201172	0
12798.626953	0
12803.052734	0
12807.477539	0
12811.903320	0
12816.329102	0
12820.754883	0
12825.179688	0
12829.605469	0
12834.031250	0
12838.457031	0
12842.881836	0
12847.307617	0
12851.733398	0
12856.158203	0
12860.583984	0
12865.009766	0
12869.435547	0
12873.860352	0
12878.286133	0
12882.711914	0
12887.137695	0
12891.562500	0
12895.988281	0
12900.414063	0
12904.839844	0
12909.264648	0
12913.690430	0
12918.116211	0
12922.541992	0
12926.966797	0
12931.392578	0
12935.818359	0
12940.244141	0
12944.668945	0
12949.094727	0
12953.520508	0
12957.946289	0
12962.371094	0
12966.796875	0
12971.222656	0
12975.647461	0
12980.073242	0
12984.499023	0
12988.924805	0
12993.349609	0
12997.775391	0
13002.201172	0
13006.626953	0
13011.051758	0
13015.477539	0
13019.903320	0
13024.329102	0
13028.753906	0
13033.179688	0
13037.605469	0
13042.031250	0
13046.456055	0
13050.881836	0
