-3170.217285	265
-3165.814209	279
-3161.411133	286
-3157.008057	267
-3152.604980	263
-3148.201904	268
-3143.798828	272
-3139.395752	294
-3134.992676	306
-3130.589600	313
-3126.186523	324
-3121.783447	317
-3117.380371	314
-3112.977295	303
-3108.574219	294
-3104.171143	313
-3099.768066	323
-3095.364990	311
-3090.961914	297
-3086.558838	293
-3082.155762	325
-3077.752686	359
-3073.349609	358
-3068.946533	325
-3064.543457	316
-3060.140381	340
-3055.737305	336
-3051.334229	330
-3046.931152	340
-3042.528076	341
-3038.125000	350
-3033.721924	342
-3029.318848	359
-3024.915771	359
-3020.512695	369
-3016.109619	370
-3011.706543	386
-3007.303467	388
-3002.900391	374
-2998.497314	365
-2994.094238	356
-2989.691162	362
-2985.288086	366
-2980.885010	383
-2976.481934	402
-2972.078857	380
-2967.675781	391
-2963.272705	385
-2958.869629	390
-2954.466553	397
-2950.063477	389
-2945.660400	387
-2941.257324	387
-2936.854248	430
-2932.451172	418
-2928.048096	422
-2923.645020	433
-2919.241943	433
-2914.838867	425
-2910.435791	422
-2906.032715	417
-2901.629639	423
-2897.226563	452
-2892.823486	476
-2888.420410	465
-2884.017090	436
-2879.614014	448
-2875.210938	458
-2870.807861	455
-2866.404785	469
-2862.001709	472
-2857.598633	460
-2853.195557	477
-2848.792480	472
-2844.389404	485
-2839.986328	496
-2835.583252	499
-2831.180176	485
-2826.777100	471
-2822.374023	477
-2817.970947	498
-2813.567871	514
-2809.164795	497
-2804.761719	496
-2800.358643	507
-2795.955566	484
-2791.552490	481
-2787.149414	508
-2782.746338	513
-2778.343262	556
-2773.940186	543
-2769.537109	558
-2765.134033	549
-2760.730957	508
-2756.327881	511
-2751.924805	551
-2747.521729	527
-2743.118652	507
-2738.715576	528
-2734.312500	527
-2729.909424	522
-2725.506348	512
-2721.103271	505
-2716.700195	537
-2712.297119	534
-2707.894043	556
-2703.490967	578
-2699.087891	570
-2694.684814	562
-2690.281738	555
-2685.878662	578
-2681.475586	581
-2677.072510	614
-2672.669434	580
-2668.266357	579
-2663.863281	639
-2659.460205	603
-2655.057129	565
-2650.654053	565
-2646.250977	570
-2641.847900	616
-2637.444824	636
-2633.041748	635
-2628.638672	616
-2624.235596	600
-2619.832520	586
-2615.429443	582
-2611.026367	607
-2606.623291	626
-2602.220215	648
-2597.817139	629
-2593.414063	647
-2589.010986	625
-2584.607910	594
-2580.204590	587
-2575.801514	595
-2571.398438	618
-2566.995361	656
-2562.592285	674
-2558.189209	630
-2553.786133	631
-2549.383057	667
-2544.979980	641
-2540.576904	655
-2536.173828	664
-2531.770752	680
-2527.367676	693
-2522.964600	677
-2518.561523	680
-2514.158447	683
-2509.755371	696
-2505.352295	671
-2500.949219	689
-2496.546143	672
-2492.143066	678
-2487.739990	665
-2483.336914	693
-2478.933838	689
-2474.530762	652
-2470.127686	667
-2465.724609	727
-2461.321533	727
-2456.918457	687
-2452.515381	650
-2448.112305	715
-2443.709229	763
-2439.306152	751
-2434.903076	756
-2430.500000	748
-2426.096924	734
-2421.693848	743
-2417.290771	777
-2412.887695	768
-2408.484619	741
-2404.081543	753
-2399.678467	740
-2395.275391	729
-2390.872314	801
-2386.469238	793
-2382.066162	779
-2377.663086	775
-2373.260010	738
-2368.856934	756
-2364.453857	777
-2360.050781	839
-2355.647705	833
-2351.244629	807
-2346.841553	782
-2342.438477	743
-2338.035400	754
-2333.632324	735
-2329.229248	727
-2324.826172	760
-2320.423096	794
-2316.020020	821
-2311.616943	815
-2307.213867	803
-2302.810791	847
-2298.407715	841
-2294.004639	788
-2289.601563	842
-2285.198486	844
-2280.795410	803
-2276.392090	785
-2271.989014	857
-2267.585938	916
-2263.182861	883
-2258.779785	859
-2254.376709	800
-2249.973633	764
-2245.570557	814
-2241.167480	829
-2236.764404	828
-2232.361328	812
-2227.958252	829
-2223.555176	855
-2219.152100	850
-2214.749023	838
-2210.345947	829
-2205.942871	826
-2201.539795	838
-2197.136719	893
-2192.733643	900
-2188.330566	907
-2183.927490	893
-2179.524414	883
-2175.121338	888
-2170.718262	906
-2166.315186	889
-2161.912109	925
-2157.509033	936
-2153.105957	906
-2148.702881	930
-2144.299805	913
-2139.896729	937
-2135.493652	944
-2131.090576	932
-2126.687500	929
-2122.284424	981
-2117.881348	967
-2113.478271	970
-2109.075195	977
-2104.672119	999
-2100.269043	993
-2095.865967	946
-2091.462891	922
-2087.059814	938
-2082.656738	967
-2078.253662	1002
-2073.850586	968
-2069.447510	926
-2065.044434	920
-2060.641357	955
-2056.238281	959
-2051.835205	931
-2047.432007	948
-2043.028931	940
-2038.625854	997
-2034.222778	1006
-2029.819702	938
-2025.416626	918
-2021.013550	930
-2016.610474	938
-2012.207397	971
-2007.804321	977
-2003.401245	957
-1998.998169	972
-1994.595093	1010
-1990.192017	983
-1985.788940	962
-1981.385864	965
-1976.982788	947
-1972.579712	936
-1968.176636	947
-1963.773560	940
-1959.370483	977
-1954.967407	1007
-1950.564331	984
-1946.161255	972
-1941.758179	965
-1937.355103	974
-1932.952026	1002
-1928.548950	1030
-1924.145874	984
-1919.742798	976
-1915.339722	949
-1910.936646	945
-1906.533569	952
-1902.130493	983
-1897.727295	951
-1893.324219	943
-1888.921143	997
-1884.518066	1010
-1880.114990	986
-1875.711914	962
-1871.308838	979
-1866.905762	959
-1862.502686	970
-1858.099609	946
-1853.696533	937
-1849.293457	954
-1844.890381	923
-1840.487305	941
-1836.084229	926
-1831.681152	981
-1827.278076	962
-1822.875000	936
-1818.471924	932
-1814.068848	973
-1809.665771	987
-1805.262695	945
-1800.859619	960
-1796.456543	951
-1792.053467	920
-1787.650391	923
-1783.247314	932
-1778.844238	929
-1774.441162	935
-1770.038086	974
-1765.635010	985
-1761.231934	955
-1756.828857	958
-1752.425781	953
-1748.022705	944
-1743.619507	901
-1739.216431	959
-1734.813354	1014
-1730.410278	944
-1726.007202	901
-1721.604126	938
-1717.201050	987
-1712.797974	1019
-1708.394897	1037
-1703.991821	1027
-1699.588745	984
-1695.185669	977
-1690.782593	991
-1686.379517	976
-1681.976440	960
-1677.573364	999
-1673.170288	1021
-1668.767212	1053
-1664.364136	1000
-1659.961060	926
-1655.557983	943
-1651.154907	958
-1646.751831	984
-1642.348755	975
-1637.945679	1002
-1633.542603	972
-1629.139526	979
-1624.736450	983
-1620.333374	944
-1615.930298	926
-1611.527222	960
-1607.124146	1006
-1602.721069	1008
-1598.317993	999
-1593.914795	1006
-1589.511719	999
-1585.108643	978
-1580.705566	978
-1576.302490	952
-1571.899414	975
-1567.496338	978
-1563.093262	954
-1558.690186	921
-1554.287109	953
-1549.884033	981
-1545.480957	952
-1541.077881	919
-1536.674805	939
-1532.271729	991
-1527.868652	959
-1523.465576	966
-1519.062500	966
-1514.659424	968
-1510.256348	965
-1505.853271	944
-1501.450195	899
-1497.047119	907
-1492.644043	940
-1488.240967	916
-1483.837891	916
-1479.434814	927
-1475.031738	933
-1470.628662	968
-1466.225586	963
-1461.822510	947
-1457.419434	946
-1453.016357	924
-1448.613281	950
-1444.210205	996
-1439.807007	986
-1435.403931	1010
-1431.000854	996
-1426.597778	986
-1422.194702	985
-1417.791626	1006
-1413.388550	1011
-1408.985474	972
-1404.582397	987
-1400.179321	960
-1395.776245	967
-1391.373169	925
-1386.970093	911
-1382.567017	950
-1378.163940	986
-1373.760864	992
-1369.357788	996
-1364.954712	936
-1360.551636	941
-1356.148560	962
-1351.745483	970
-1347.342407	966
-1342.939331	982
-1338.536255	979
-1334.133179	980
-1329.730103	949
-1325.327026	935
-1320.923950	907
-1316.520874	910
-1312.117798	930
-1307.714722	965
-1303.311646	987
-1298.908569	985
-1294.505493	981
-1290.102295	942
-1285.699219	963
-1281.296143	959
-1276.893066	947
-1272.489990	943
-1268.086914	917
-1263.683838	968
-1259.280762	943
-1254.877686	960
-1250.474609	958
-1246.071533	944
-1241.668457	975
-1237.265381	989
-1232.862305	964
-1228.459229	999
-1224.056152	981
-1219.653076	960
-1215.250000	983
-1210.846924	970
-1206.443848	945
-1202.040771	964
-1197.637695	988
-1193.234619	1003
-1188.831543	973
-1184.428467	944
-1180.025391	936
-1175.622314	946
-1171.219238	962
-1166.816162	968
-1162.413086	935
-1158.010010	951
-1153.606934	931
-1149.203857	911
-1144.800781	961
-1140.397705	995
-1135.994507	968
-1131.591431	939
-1127.188354	965
-1122.785278	981
-1118.382202	975
-1113.979126	966
-1109.576050	993
-1105.172974	998
-1100.769897	956
-1096.366821	908
-1091.963745	890
-1087.560669	919
-1083.157593	955
-1078.754517	1005
-1074.351440	1030
-1069.948364	987
-1065.545288	975
-1061.142212	1008
-1056.739136	1003
-1052.336060	988
-1047.932983	933
-1043.529907	912
-1039.126831	926
-1034.723755	974
-1030.320679	1015
-1025.917603	995
-1021.514465	969
-1017.111389	965
-1012.708313	989
-1008.305237	1019
-1003.902161	981
-999.499084	921
-995.096008	939
-990.692932	976
-986.289856	989
-981.886780	988
-977.483704	982
-973.080627	1008
-968.677551	956
-964.274475	958
-959.871399	978
-955.468323	986
-951.065247	986
-946.662109	986
-942.259033	965
-937.855957	951
-933.452881	953
-929.049805	950
-924.646729	967
-920.243652	954
-915.840576	937
-911.437500	974
-907.034424	988
-902.631348	984
-898.228271	1013
-893.825195	997
-889.422119	969
-885.019043	998
-880.615967	1056
-876.212891	1016
-871.809753	985
-867.406677	982
-863.003601	950
-858.600525	967
-854.197449	1002
-849.794373	969
-845.391296	943
-840.988220	973
-836.585144	981
-832.182068	979
-827.778992	946
-823.375916	932
-818.972839	935
-814.569763	960
-810.166687	975
-805.763611	946
-801.360535	934
-796.957397	958
-792.554321	993
-788.151245	971
-783.748169	967
-779.345093	989
-774.942017	978
-770.538940	968
-766.135864	962
-761.732788	951
-757.329712	992
-752.926636	965
-748.523560	947
-744.120483	951
-739.717407	932
-735.314331	937
-730.911255	1007
-726.508179	1011
-722.105103	946
-717.701965	953
-713.298889	983
-708.895813	974
-704.492737	983
-700.089661	970
-695.686584	978
-691.283508	1014
-686.880432	998
-682.477356	978
-678.074280	964
-673.671204	965
-669.268127	925
-664.865051	923
-660.461975	948
-656.058899	962
-651.655823	1005
-647.252747	966
-642.849609	924
-638.446533	920
-634.043457	940
-629.640381	970
-625.237305	985
-620.834229	1003
-616.431152	989
-612.028076	967
-607.625000	1002
-603.221924	995
-598.818848	961
-594.415771	971
-590.012695	985
-585.609619	1010
-581.206543	974
-576.803467	975
-572.400391	1023
-567.997253	1004
-563.594177	1006
-559.191101	984
-554.788025	918
-550.384949	961
-545.981873	942
-541.578796	948
-537.175720	997
-532.772644	1032
-528.369568	1007
-523.966492	972
-519.563416	993
-515.160339	999
-510.757233	1005
-506.354156	1008
-501.951080	1023
-497.548004	997
-493.144928	973
-488.741852	955
-484.338776	1001
-479.935699	961
-475.532623	950
-471.129517	969
-466.726440	1036
-462.323364	1006
-457.920288	971
-453.517212	985
-449.114136	991
-444.711060	968
-440.307983	943
-435.904877	987
-431.501801	1043
-427.098724	1024
-422.695648	978
-418.292572	931
-413.889496	967
-409.486420	981
-405.083344	988
-400.680267	1002
-396.277161	988
-391.874084	934
-387.471008	931
-383.067932	954
-378.664856	977
-374.261780	988
-369.858704	1000
-365.455627	1022
-361.052551	1018
-356.649445	977
-352.246368	1009
-347.843292	986
-343.440216	965
-339.037140	989
-334.634064	1038
-330.230988	1026
-325.827911	1000
-321.424805	968
-317.021729	984
-312.618652	1025
-308.215576	1027
-303.812500	1065
-299.409424	1053
-295.006348	1011
-290.603271	988
-286.200195	1030
-281.797089	1010
-277.394012	978
-272.990936	1010
-268.587860	1008
-264.184784	980
-259.781708	986
-255.378616	1004
-250.975540	1040
-246.572464	1017
-242.169388	1021
-237.766312	1012
-233.363220	1052
-228.960144	1104
-224.557068	1111
-220.153992	1113
-215.750900	1081
-211.347824	1069
-206.944748	1072
-202.541672	1058
-198.138580	1039
-193.735504	1047
-189.332428	1020
-184.929352	1059
-180.526276	1064
-176.123184	1086
-171.720108	1122
-167.317032	1127
-162.913956	1172
-158.510864	1130
-154.107788	1195
-149.704712	1267
-145.301636	1260
-140.898544	1332
-136.495468	1326
-132.092392	1419
-127.689308	1476
-123.286232	1528
-118.883156	1627
-114.480072	1769
-110.076996	1940
-105.673912	2029
-101.270836	2182
-96.867752	2509
-92.464676	2885
-88.061592	3341
-83.658516	3813
-79.255432	4415
-74.852356	5271
-70.449272	6063
-66.046196	6909
-61.643116	7678
-57.240036	8396
-52.836956	9088
-48.433876	9666
-44.030796	10105
-39.627716	10433
-35.224636	10833
-30.821558	11079
-26.418478	11226
-22.015398	11299
-17.612318	11315
-13.209239	11408
-8.806159	11527
-4.403080	11523
0.000000	11549
4.403080	11637
8.806159	11617
13.209239	11384
17.612318	11258
22.015398	11215
26.418478	11033
30.821558	10714
35.224636	10413
39.627716	10187
44.030796	9969
48.433876	9674
52.836956	9176
57.240036	8595
61.643116	7973
66.046196	7101
70.449272	6012
74.852356	5037
79.255432	4308
83.658516	3673
88.061592	3156
92.464676	2779
96.867752	2494
101.270836	2318
105.673912	2123
110.076996	1853
114.480072	1689
118.883156	1591
123.286232	1512
127.689308	1430
132.092392	1399
136.495468	1373
140.898544	1282
145.301636	1242
149.704712	1241
154.107788	1208
158.510864	1161
162.913956	1126
167.317032	1100
171.720108	1097
176.123184	1119
180.526276	1131
184.929352	1139
189.332428	1116
193.735504	1085
198.138580	1106
202.541672	1080
206.944748	996
211.347824	1010
215.750900	1040
220.153992	1019
224.557068	984
228.960144	1003
233.363220	1010
237.766312	1007
242.169388	997
246.572464	997
250.975540	986
255.378616	986
259.781708	1013
264.184784	1008
268.587860	1034
272.990936	1031
277.394012	1040
281.797089	1048
286.200195	1009
290.603271	999
295.006348	1011
299.409424	1029
303.812500	1039
308.215576	1042
312.618652	1020
317.021729	971
321.424805	933
325.827911	964
330.230988	1000
334.634064	987
339.037140	972
343.440216	982
347.843292	979
352.246368	976
356.649445	993
361.052551	1014
365.455627	1027
369.858704	1004
374.261780	1020
378.664856	1011
383.067932	953
387.471008	929
391.874084	935
396.277161	963
400.680267	965
405.083344	1017
409.486420	998
413.889496	957
418.292572	958
422.695648	986
427.098724	1022
431.501801	1013
435.904877	984
440.307983	1000
444.711060	1007
449.114136	983
453.517212	1000
457.920288	996
462.323364	985
466.726440	1008
471.129517	1004
475.532623	969
479.935699	1002
484.338776	1018
488.741852	1024
493.144928	1028
497.548004	969
501.951080	999
506.354156	1029
510.757233	986
515.160339	966
519.563416	1002
523.966492	1046
528.369568	1025
532.772644	965
537.175720	1007
541.578796	1020
545.981873	969
550.384949	928
554.788025	919
559.191101	936
563.594177	948
567.997253	976
572.400391	1001
576.803467	994
581.206543	1016
585.609619	1012
590.012695	1007
594.415771	1044
598.818848	1050
603.221924	1023
607.625000	977
612.028076	946
616.431152	993
620.834229	998
625.237305	993
629.640381	972
634.043457	974
638.446533	1047
642.849609	1051
647.252747	1052
651.655823	1037
656.058899	997
660.461975	1001
664.865051	1022
669.268127	1024
673.671204	1007
678.074280	1010
682.477356	1041
686.880432	1050
691.283508	1026
695.686584	983
700.089661	961
704.492737	1017
708.895813	994
713.298889	974
717.701965	964
722.105103	973
726.508179	961
730.911255	992
735.314331	979
739.717407	1016
744.120483	1014
748.523560	999
752.926636	998
757.329712	1016
761.732788	1004
766.135864	993
770.538940	1006
774.942017	1007
779.345093	1010
783.748169	1016
788.151245	1020
792.554321	1006
796.957397	997
801.360535	979
805.763611	985
810.166687	1008
814.569763	978
818.972839	951
823.375916	937
827.778992	930
832.182068	940
836.585144	995
840.988220	1057
845.391296	1001
849.794373	949
854.197449	1001
858.600525	990
863.003601	1007
867.406677	1044
871.809753	1049
876.212891	1023
880.615967	967
885.019043	951
889.422119	998
893.825195	1028
898.228271	984
902.631348	958
907.034424	978
911.437500	997
915.840576	996
920.243652	1047
924.646729	1042
929.049805	994
933.452881	971
937.855957	964
942.259033	992
946.662109	991
951.065247	939
955.468323	944
959.871399	982
964.274475	967
968.677551	925
973.080627	978
977.483704	991
981.886780	987
986.289856	952
990.692932	962
995.096008	1027
999.499084	1022
1003.902161	992
1008.305237	984
1012.708313	1004
1017.111389	990
1021.514465	1001
1025.917603	996
1030.320679	1020
1034.723755	1055
1039.126831	1053
1043.529907	1025
1047.932983	1009
1052.336060	1002
1056.739136	1010
1061.142212	1037
1065.545288	1026
1069.948364	1014
1074.351440	1002
1078.754517	1012
1083.157593	1040
1087.560669	1061
1091.963745	1050
1096.366821	1011
1100.769897	1054
1105.172974	986
1109.576050	905
1113.979126	928
1118.382202	994
1122.785278	1004
1127.188354	1047
1131.591431	1059
1135.994507	1006
1140.397705	995
1144.800781	974
1149.203857	972
1153.606934	997
1158.010010	945
1162.413086	977
1166.816162	993
1171.219238	973
1175.622314	993
1180.025391	1027
1184.428467	1028
1188.831543	997
1193.234619	969
1197.637695	1000
1202.040771	1027
1206.443848	1052
1210.846924	990
1215.250000	976
1219.653076	992
1224.056152	981
1228.459229	992
1232.862305	982
1237.265381	965
1241.668457	989
1246.071533	996
1250.474609	995
1254.877686	941
1259.280762	949
1263.683838	1002
1268.086914	983
1272.489990	1002
1276.893066	1000
1281.296143	1008
1285.699219	985
1290.102295	987
1294.505493	1026
1298.908569	1037
1303.311646	997
1307.714722	959
1312.117798	962
1316.520874	997
1320.923950	1013
1325.327026	1009
1329.730103	975
1334.133179	952
1338.536255	993
1342.939331	1014
1347.342407	982
1351.745483	955
1356.148560	981
1360.551636	999
1364.954712	1000
1369.357788	983
1373.760864	958
1378.163940	983
1382.567017	1015
1386.970093	1011
1391.373169	995
1395.776245	1018
1400.179321	1046
1404.582397	1006
1408.985474	959
1413.388550	970
1417.791626	1006
1422.194702	1046
1426.597778	1048
1431.000854	968
1435.403931	953
1439.807007	961
1444.210205	1016
1448.613281	1024
1453.016357	1017
1457.419434	1021
1461.822510	1050
1466.225586	1036
1470.628662	1014
1475.031738	1029
1479.434814	1045
1483.837891	1033
1488.240967	1037
1492.644043	1012
1497.047119	1006
1501.450195	1033
1505.853271	1010
1510.256348	969
1514.659424	978
1519.062500	967
1523.465576	942
1527.868652	984
1532.271729	986
1536.674805	973
1541.077881	1025
1545.480957	1020
1549.884033	972
1554.287109	967
1558.690186	1015
1563.093262	1050
1567.496338	1014
1571.899414	990
1576.302490	969
1580.705566	923
1585.108643	963
1589.511719	1033
1593.914795	1054
1598.317993	1055
1602.721069	993
1607.124146	1027
1611.527222	1023
1615.930298	1005
1620.333374	994
1624.736450	1003
1629.139526	1057
1633.542603	1039
1637.945679	999
1642.348755	992
1646.751831	992
1651.154907	987
1655.557983	1042
1659.961060	994
1664.364136	924
1668.767212	958
1673.170288	970
1677.573364	986
1681.976440	988
1686.379517	986
1690.782593	996
1695.185669	1021
1699.588745	1035
1703.991821	1041
1708.394897	1005
1712.797974	989
1717.201050	991
1721.604126	1002
1726.007202	978
1730.410278	977
1734.813354	1004
1739.216431	1005
1743.619507	1051
1748.022705	1004
1752.425781	1000
1756.828857	1034
1761.231934	1011
1765.635010	997
1770.038086	1004
1774.441162	1006
1778.844238	1060
1783.247314	1048
1787.650391	1036
1792.053467	1000
1796.456543	971
1800.859619	957
1805.262695	1013
1809.665771	1010
1814.068848	998
1818.471924	1030
1822.875000	1072
1827.278076	1089
1831.681152	1039
1836.084229	1036
1840.487305	1039
1844.890381	988
1849.293457	961
1853.696533	953
1858.099609	958
1862.502686	1008
1866.905762	1042
1871.308838	1016
1875.711914	1015
1880.114990	984
1884.518066	987
1888.921143	1016
1893.324219	1058
1897.727295	1037
1902.130493	1011
1906.533569	1020
1910.936646	1034
1915.339722	1002
1919.742798	992
1924.145874	980
1928.548950	1006
1932.952026	1030
1937.355103	1029
1941.758179	997
1946.161255	927
1950.564331	990
1954.967407	1027
1959.370483	1051
1963.773560	1045
1968.176636	1000
1972.579712	968
1976.982788	969
1981.385864	985
1985.788940	998
1990.192017	992
1994.595093	1018
1998.998169	1016
2003.401245	1009
2007.804321	1020
2012.207397	999
2016.610474	944
2021.013550	969
2025.416626	1031
2029.819702	1025
2034.222778	1026
2038.625854	1003
2043.028931	1000
2047.432007	1053
2051.835205	1066
2056.238281	1020
2060.641357	1047
2065.044434	1021
2069.447510	995
2073.850586	991
2078.253662	1015
2082.656738	1011
2087.059814	943
2091.462891	938
2095.865967	987
2100.269043	1011
2104.672119	1009
2109.075195	1006
2113.478271	1001
2117.881348	1002
2122.284424	994
2126.687500	1022
2131.090576	995
2135.493652	982
2139.896729	1008
2144.299805	1047
2148.702881	1014
2153.105957	1030
2157.509033	1064
2161.912109	1042
2166.315186	1028
2170.718262	1011
2175.121338	1000
2179.524414	1029
2183.927490	1063
2188.330566	1074
2192.733643	1065
2197.136719	1076
2201.539795	1044
2205.942871	985
2210.345947	995
2214.749023	1017
2219.152100	1032
2223.555176	1010
2227.958252	1030
2232.361328	1031
2236.764404	1012
2241.167480	987
2245.570557	1009
2249.973633	1000
2254.376709	1032
2258.779785	1036
2263.182861	974
2267.585938	1044
2271.989014	1027
2276.392090	970
2280.795410	1007
2285.198486	1038
2289.601563	1004
2294.004639	1013
2298.407715	1037
2302.810791	1012
2307.213867	1010
2311.616943	974
2316.020020	990
2320.423096	979
2324.826172	1015
2329.229248	1038
2333.632324	1026
2338.035400	1027
2342.438477	979
2346.841553	973
2351.244629	1024
2355.647705	1005
2360.050781	1014
2364.453857	1046
2368.856934	1027
2373.260010	1005
2377.663086	1005
2382.066162	1029
2386.469238	1026
2390.872314	996
2395.275391	970
2399.678467	1013
2404.081543	1032
2408.484619	988
2412.887695	950
2417.290771	959
2421.693848	997
2426.096924	980
2430.500000	1029
2434.903076	1032
2439.306152	1030
2443.709229	1064
2448.112305	1073
2452.515381	1045
2456.918457	990
2461.321533	998
2465.724609	1000
2470.127686	1005
2474.530762	1006
2478.933838	1030
2483.336914	1069
2487.739990	1067
2492.143066	1041
2496.546143	992
2500.949219	937
2505.352295	960
2509.755371	1033
2514.158447	1007
2518.561523	959
2522.964600	971
2527.367676	963
2531.770752	1005
2536.173828	1012
2540.576904	983
2544.979980	984
2549.383057	977
2553.786133	980
2558.189209	1048
2562.592285	1020
2566.995361	984
2571.398438	1030
2575.801514	1028
2580.204590	1031
2584.607910	1005
2589.010986	1025
2593.414063	1024
2597.817139	999
2602.220215	991
2606.623291	975
2611.026367	929
2615.429443	992
2619.832520	1021
2624.235596	1036
2628.638672	997
2633.041748	984
2637.444824	995
2641.847900	1033
2646.250977	989
2650.654053	994
2655.057129	1020
2659.460205	987
2663.863281	937
2668.266357	941
2672.669434	969
2677.072510	984
2681.475586	992
2685.878662	1049
2690.281738	1061
2694.684814	1045
2699.087891	1031
2703.490967	1021
2707.894043	1044
2712.297119	1041
2716.700195	1041
2721.103271	980
2725.506348	982
2729.909424	992
2734.312500	1003
2738.715576	1002
2743.118652	993
2747.521729	972
2751.924805	1011
2756.327881	1055
2760.730957	1060
2765.134033	1049
2769.537109	1052
2773.940186	1022
2778.343262	972
2782.746338	983
2787.149414	1000
2791.552490	1008
2795.955566	1044
2800.358643	1052
2804.761719	1058
2809.164795	1043
2813.567871	1030
2817.970947	1004
2822.374023	991
2826.777100	987
2831.180176	1017
2835.583252	1026
2839.986328	1033
2844.389404	1016
2848.792480	1042
2853.195557	1032
2857.598633	1024
2862.001709	1015
2866.404785	1025
2870.807861	1061
2875.210938	1144
2879.614014	1117
2884.017090	1061
2888.420410	1072
2892.823486	1032
2897.226563	994
2901.629639	1002
2906.032715	1000
2910.435791	1030
2914.838867	986
2919.241943	954
2923.645020	979
2928.048096	1036
2932.451172	1043
2936.854248	1014
2941.257324	1032
2945.660400	1026
2950.063477	1050
2954.466553	1066
2958.869629	1076
2963.272705	1048
2967.675781	1019
2972.078857	1003
2976.481934	1013
2980.885010	1001
2985.288086	963
2989.691162	993
2994.094238	1027
2998.497314	1017
3002.900391	971
3007.303467	1033
3011.706543	1054
3016.109619	1019
3020.512695	984
3024.915771	1008
3029.318848	1045
3033.721924	1038
3038.125000	975
3042.528076	986
3046.931152	1048
3051.334229	1055
3055.737305	1010
3060.140381	973
3064.543457	1001
3068.946533	1036
3073.349609	1020
3077.752686	987
3082.155762	985
3086.558838	996
3090.961914	1018
3095.364990	1041
3099.768066	1011
3104.171143	1009
3108.574219	1027
3112.977295	1001
3117.380371	973
3121.783447	1030
3126.186523	1082
3130.589600	1046
3134.992676	1055
3139.395752	1047
3143.798828	1032
3148.201904	1069
3152.604980	1022
3157.008057	1004
3161.411133	1016
3165.814209	1008
3170.217285	1006
3174.620361	1030
3179.023438	1039
3183.426514	1013
3187.829590	1004
3192.232910	1070
3196.635986	1083
3201.039063	1037
3205.442139	1042
3209.845215	1035
3214.248291	1002
3218.651367	943
3223.054443	987
3227.457520	1043
3231.860596	1034
3236.263672	1022
3240.666748	1002
3245.069824	1016
3249.472900	1037
3253.875977	1030
3258.279053	1008
3262.682129	1012
3267.085205	1017
3271.488281	1035
3275.891357	1014
3280.294434	999
3284.697510	1005
3289.100586	1016
3293.503662	982
3297.906738	1020
3302.309814	1013
3306.712891	1013
3311.115967	996
3315.519043	965
3319.922119	986
3324.325195	1026
3328.728271	1035
3333.131348	1043
3337.534424	1042
3341.937500	1012
3346.340576	986
3350.743652	1037
3355.146729	1070
3359.549805	1017
3363.952881	994
3368.355957	1024
3372.759033	1016
3377.162109	1037
3381.565186	1113
3385.968262	1072
3390.371338	1015
3394.774414	1052
3399.177490	1093
3403.580566	1070
3407.983643	1073
3412.386719	1111
3416.789795	1114
3421.192871	1048
3425.595947	1048
3429.999023	1054
3434.402100	1066
3438.805176	1050
3443.208252	1072
3447.611328	1057
3452.014404	1011
3456.417480	992
3460.820557	1038
3465.223633	1040
3469.626709	1020
3474.029785	1024
3478.432861	1024
3482.835938	1041
3487.239014	1041
3491.642090	1080
3496.045410	1113
3500.448486	1115
3504.851563	1097
3509.254639	1106
3513.657715	1087
3518.060791	1056
3522.463867	1055
3526.866943	1121
3531.270020	1108
3535.673096	1077
3540.076172	1090
3544.479248	1106
3548.882324	1109
3553.285400	1114
3557.688477	1085
3562.091553	1103
3566.494629	1169
3570.897705	1130
3575.300781	1088
3579.703857	1112
3584.106934	1095
3588.510010	1144
3592.913086	1154
3597.316162	1139
3601.719238	1154
3606.122314	1128
3610.525391	1143
3614.928467	1190
3619.331543	1190
3623.734619	1188
3628.137695	1197
3632.540771	1203
3636.943848	1204
3641.346924	1229
3645.750000	1274
3650.153076	1275
3654.556152	1254
3658.959229	1252
3663.362305	1274
3667.765381	1339
3672.168457	1369
3676.571533	1353
3680.974609	1363
3685.377686	1420
3689.780762	1426
3694.183838	1418
3698.586914	1435
3702.989990	1419
3707.393066	1478
3711.796143	1540
3716.199219	1624
3720.602295	1592
3725.005371	1568
3729.408447	1626
3733.811523	1674
3738.214600	1729
3742.617676	1740
3747.020752	1740
3751.423828	1758
3755.826904	1814
3760.229980	1915
3764.633057	1952
3769.036133	1992
3773.439209	2028
3777.842285	2051
3782.245361	2072
3786.648438	2065
3791.051514	2149
3795.454590	2277
3799.857910	2322
3804.260986	2389
3808.664063	2459
3813.067139	2434
3817.470215	2500
3821.873291	2567
3826.276367	2640
3830.679443	2686
3835.082520	2660
3839.485596	2699
3843.888672	2802
3848.291748	2864
3852.694824	2885
3857.097900	2957
3861.500977	2977
3865.904053	2981
3870.307129	3076
3874.710205	3132
3879.113281	3077
3883.516357	3189
3887.919434	3320
3892.322510	3373
3896.725586	3441
3901.128662	3438
3905.531738	3490
3909.934814	3652
3914.337891	3686
3918.740967	3626
3923.144043	3690
3927.547119	3823
3931.950195	3870
3936.353271	3949
3940.756348	3896
3945.159424	3878
3949.562500	4021
3953.965576	4030
3958.368652	4078
3962.771729	4086
3967.174805	4012
3971.577881	3980
3975.980957	4072
3980.384033	4126
3984.787109	4069
3989.190186	4131
3993.593262	4164
3997.996338	4236
4002.399414	4275
4006.802490	4243
4011.205566	4173
4015.608643	4187
4020.011719	4176
4024.414795	4147
4028.817871	4113
4033.220947	4171
4037.624023	4294
4042.027100	4252
4046.430176	4150
4050.833252	4133
4055.236328	4186
4059.639404	4170
4064.042480	4180
4068.445557	4231
4072.848633	4266
4077.251709	4311
4081.654785	4255
4086.057861	4284
4090.460938	4361
4094.864014	4350
4099.267090	4342
4103.670410	4206
4108.073242	4124
4112.476563	4127
4116.879395	4188
4121.282715	4264
4125.685547	4314
4130.088867	4230
4134.491699	4147
4138.895020	4141
4143.297852	4232
4147.701172	4261
4152.104004	4185
4156.507324	4218
4160.910156	4227
4165.313477	4141
4169.716309	4133
4174.119629	4069
4178.522461	4103
4182.925781	4198
4187.328613	4194
4191.731934	4163
4196.134766	4146
4200.538086	4102
4204.940918	4091
4209.344238	4114
4213.747070	4166
4218.150391	4112
4222.553223	4116
4226.956543	4161
4231.359375	4122
4235.762695	3936
4240.165527	3944
4244.568848	4040
4248.971680	4071
4253.375000	4024
4257.778320	4049
4262.181152	4041
4266.584473	4045
4270.987305	4041
4275.390625	3982
4279.793457	4043
4284.196777	4120
4288.599609	4117
4293.002930	4036
4297.405762	4066
4301.809082	4152
4306.211914	4165
4310.615234	4198
4315.018066	4170
4319.421387	4203
4323.824219	4111
4328.227539	4058
4332.630371	4146
4337.033691	4270
4341.436523	4306
4345.839844	4269
4350.242676	4268
4354.645996	4263
4359.048828	4255
4363.452148	4308
4367.854980	4334
4372.258301	4392
4376.661133	4347
4381.064453	4237
4385.467285	4329
4389.870605	4311
4394.273438	4214
4398.676758	4207
4403.079590	4285
4407.482910	4333
4411.885742	4319
4416.289063	4208
4420.691895	4172
4425.095215	4213
4429.498047	4136
4433.901367	4232
4438.304199	4267
4442.707520	4287
4447.110352	4403
4451.513672	4394
4455.916504	4290
4460.319824	4386
4464.722656	4277
4469.125977	4127
4473.528809	4172
4477.932129	4281
4482.334961	4305
4486.738281	4228
4491.141113	4181
4495.544434	4161
4499.947266	4245
4504.350586	4210
4508.753418	4145
4513.156738	4206
4517.559570	4284
4521.962891	4298
4526.365723	4321
4530.769043	4309
4535.171875	4388
4539.575195	4330
4543.978027	4262
4548.381348	4409
4552.784180	4426
4557.187500	4324
4561.590820	4347
4565.993652	4388
4570.396973	4382
4574.799805	4410
4579.203125	4491
4583.605957	4578
4588.009277	4549
4592.412109	4587
4596.815430	4704
4601.218262	4744
4605.621582	4741
4610.024414	4829
4614.427734	4774
4618.830566	4745
4623.233887	4812
4627.636719	4940
4632.040039	4991
4636.442871	5070
4640.846191	5175
4645.249023	5243
4649.652344	5255
4654.055176	5355
4658.458496	5382
4662.861328	5409
4667.264648	5621
4671.667480	5725
4676.070801	5759
4680.473633	5843
4684.876953	5868
4689.279785	5917
4693.683105	5943
4698.085938	6043
4702.489258	6029
4706.892090	6086
4711.295410	6305
4715.698242	6342
4720.101563	6412
4724.504395	6506
4728.907715	6585
4733.310547	6532
4737.713867	6512
4742.116699	6702
4746.520020	6768
4750.922852	6781
4755.326172	6858
4759.729004	6825
4764.132324	6871
4768.535156	6937
4772.938477	7012
4777.341309	7036
4781.744629	7008
4786.147461	7017
4790.550781	7022
4794.953613	7015
4799.356934	6999
4803.759766	7065
4808.163086	7093
4812.565918	7056
4816.969238	7072
4821.372070	7146
4825.775391	7144
4830.178223	7166
4834.581543	7213
4838.984375	7255
4843.387695	7254
4847.790527	7354
4852.193848	7279
4856.596680	7211
4861.000000	7196
4865.403320	7229
4869.806152	7238
4874.209473	7257
4878.612305	7202
4883.015625	7184
4887.418457	7292
4891.821777	7432
4896.224609	7478
4900.627930	7378
4905.030762	7313
4909.434082	7270
4913.836914	7220
4918.240234	7318
4922.643066	7336
4927.046387	7270
4931.449219	7280
4935.852539	7223
4940.255371	7167
4944.658691	7202
4949.061523	7248
4953.464844	7286
4957.867676	7375
4962.270996	7301
4966.673828	7237
4971.077148	7342
4975.479980	7321
4979.883301	7210
4984.286133	7331
4988.689453	7398
4993.092285	7282
4997.495605	7119
5001.898438	7116
5006.301758	7201
5010.704590	7187
5015.107910	7080
5019.510742	7143
5023.914063	7199
5028.316895	7212
5032.720215	7129
5037.123047	7101
5041.526367	7170
5045.929199	7199
5050.332520	7157
5054.735352	7024
5059.138672	7038
5063.541504	7031
5067.944824	7027
5072.347656	7090
5076.750977	7089
5081.153809	7122
5085.557129	7035
5089.959961	7060
5094.363281	7076
5098.766113	7052
5103.169434	7016
5107.572266	7014
5111.975586	7050
5116.378418	7076
5120.781738	7009
5125.184570	6960
5129.587891	6948
5133.990723	6887
5138.394043	6824
5142.796875	6840
5147.200195	6912
5151.603027	6895
5156.006348	6805
5160.409180	6707
5164.812500	6832
5169.215820	6824
5173.618652	6684
5178.021973	6609
5182.424805	6629
5186.828125	6687
5191.230957	6687
5195.634277	6635
5200.037109	6644
5204.440430	6694
5208.843262	6561
5213.246582	6440
5217.649414	6472
5222.052734	6499
5226.455566	6416
5230.858887	6401
5235.261719	6328
5239.665039	6336
5244.067871	6379
5248.471191	6412
5252.874023	6422
5257.277344	6283
5261.680176	6150
5266.083496	6149
5270.486328	6151
5274.889648	6150
5279.292480	6096
5283.695801	5958
5288.098633	6078
5292.501953	6054
5296.904785	5965
5301.308105	5932
5305.710938	5860
5310.114258	5884
5314.517090	5860
5318.920410	5783
5323.323242	5784
5327.726563	5744
5332.129395	5710
5336.532715	5634
5340.935547	5565
5345.338867	5651
5349.741699	5691
5354.145020	5688
5358.547852	5669
5362.951172	5633
5367.354004	5537
5371.757324	5518
5376.160156	5526
5380.563477	5519
5384.966309	5579
5389.369629	5440
5393.772461	5386
5398.175781	5473
5402.578613	5491
5406.981934	5422
5411.384766	5327
5415.788086	5282
5420.190918	5237
5424.594238	5221
5428.997070	5220
5433.400391	5205
5437.803223	5081
5442.206543	5070
5446.609375	5107
5451.012695	5105
5455.415527	5105
5459.818848	5080
5464.221680	4989
5468.625000	4953
5473.028320	4979
5477.431152	5021
5481.834473	5003
5486.237305	4927
5490.640625	4861
5495.043457	4798
5499.446777	4761
5503.849609	4774
5508.252930	4704
5512.655762	4759
5517.059082	4773
5521.461914	4701
5525.865234	4580
5530.268066	4652
5534.671387	4769
5539.074219	4691
5543.477539	4611
5547.880371	4568
5552.283691	4535
5556.686523	4562
5561.089844	4473
5565.492676	4463
5569.895996	4383
5574.298828	4224
5578.702148	4205
5583.104980	4320
5587.508301	4310
5591.911133	4205
5596.314453	4158
5600.717285	4151
5605.120605	4129
5609.523438	4084
5613.926758	4031
5618.329590	3940
5622.732910	3939
5627.135742	3952
5631.539063	3862
5635.941895	3841
5640.345215	3809
5644.748047	3724
5649.151367	3746
5653.554199	3864
5657.957520	3742
5662.360352	3678
5666.763672	3733
5671.166504	3675
5675.569824	3636
5679.972656	3648
5684.375977	3551
5688.778809	3625
5693.182129	3603
5697.584961	3499
5701.988281	3390
5706.391113	3381
5710.794434	3357
5715.197266	3341
5719.600586	3373
5724.003418	3374
5728.406738	3303
5732.809570	3201
5737.212891	3345
5741.615723	3515
5746.019043	3404
5750.421875	3380
5754.825195	3502
5759.228027	3498
5763.631348	3475
5768.034180	3491
5772.437500	3479
5776.840820	3467
5781.243652	3428
5785.646973	3386
5790.049805	3519
5794.453125	3538
5798.855957	3412
5803.259277	3358
5807.662109	3325
5812.065430	3318
5816.468262	3416
5820.871582	3338
5825.274414	3299
5829.677734	3332
5834.080566	3357
5838.483887	3328
5842.886719	3298
5847.290039	3316
5851.692871	3279
5856.096191	3159
5860.499023	3055
5864.902344	3065
5869.305176	3069
5873.708496	3037
5878.111328	3017
5882.514648	3126
5886.917480	3091
5891.320801	2990
5895.723633	3051
5900.126953	3054
5904.529785	3036
5908.933105	3005
5913.335938	3028
5917.739258	3055
5922.142090	3023
5926.545410	3017
5930.948242	3005
5935.351563	2997
5939.754395	2895
5944.157715	2886
5948.560547	2934
5952.963867	2988
5957.366699	3025
5961.770020	2989
5966.172852	2939
5970.576172	2936
5974.979004	2977
5979.382324	2957
5983.785156	2916
5988.188477	2914
5992.591309	2877
5996.994629	2826
6001.397461	2803
6005.800781	2781
6010.203613	2817
6014.606934	2872
6019.009766	2847
6023.413086	2838
6027.815918	2754
6032.219238	2669
6036.622070	2616
6041.025391	2613
6045.428223	2621
6049.831543	2700
6054.234375	2772
6058.637695	2793
6063.040527	2712
6067.443848	2596
6071.846680	2536
6076.250000	2564
6080.653320	2628
6085.056152	2591
6089.459473	2560
6093.862305	2605
6098.265625	2575
6102.668457	2484
6107.071777	2441
6111.474609	2433
6115.877930	2479
6120.280762	2546
6124.684082	2540
6129.086914	2530
6133.490234	2500
6137.893066	2401
6142.296387	2435
6146.699219	2470
6151.102539	2390
6155.505371	2387
6159.908691	2374
6164.311523	2385
6168.714844	2350
6173.117676	2348
6177.520996	2318
6181.923828	2319
6186.327148	2351
6190.729980	2294
6195.133301	2351
6199.536133	2285
6203.939453	2255
6208.342285	2262
6212.745605	2269
6217.148438	2235
6221.551758	2268
6225.954590	2287
6230.357910	2275
6234.760742	2251
6239.164063	2192
6243.566895	2160
6247.970215	2153
6252.373047	2179
6256.776367	2249
6261.179199	2245
6265.582520	2232
6269.985352	2242
6274.388672	2215
6278.791504	2204
6283.194824	2234
6287.597656	2208
6292.000977	2233
6296.403809	2303
6300.807129	2225
6305.209961	2197
6309.613281	2188
6314.016113	2186
6318.419434	2178
6322.822266	2172
6327.225586	2152
6331.628418	2171
6336.031738	2187
6340.434570	2172
6344.837891	2166
6349.240723	2102
6353.644043	2181
6358.046875	2252
6362.450195	2206
6366.853027	2208
6371.256348	2172
6375.659180	2159
6380.062500	2182
6384.465820	2198
6388.868652	2086
6393.271973	1981
6397.674805	2045
6402.078125	2129
6406.480957	2116
6410.884277	2128
6415.287109	2139
6419.690430	2175
6424.093262	2168
6428.496582	2131
6432.899414	2146
6437.302734	2116
6441.705566	2117
6446.108887	2157
6450.511719	2080
6454.915039	2084
6459.317871	2097
6463.721191	2063
6468.124023	2021
6472.527344	2060
6476.930176	2129
6481.333496	2072
6485.736328	1985
6490.139648	1953
6494.542480	1978
6498.945801	2012
6503.348633	2017
6507.751953	2008
6512.154785	2023
6516.558105	2029
6520.960938	2036
6525.364258	2026
6529.767090	1994
6534.170410	2039
6538.573242	1997
6542.976563	1959
6547.379395	1990
6551.782715	2165
6556.185547	2121
6560.588867	2065
6564.991699	2053
6569.395020	2024
6573.797852	1981
6578.201172	1945
6582.604004	1978
6587.007324	2076
6591.410156	2109
6595.813477	2147
6600.216309	2082
6604.619629	2008
6609.022461	2068
6613.425781	2126
6617.828613	2132
6622.231934	2113
6626.634766	2132
6631.038086	2095
6635.440918	2092
6639.844238	2103
6644.247070	2120
6648.650391	2089
6653.053223	2039
6657.456543	2049
6661.859375	2012
6666.262695	2068
6670.665527	2108
6675.068848	2109
6679.471680	2109
6683.875000	2027
6688.278320	1986
6692.681152	2006
6697.084473	2012
6701.487305	2046
6705.890625	2034
6710.293457	2003
6714.696777	1948
6719.099609	1965
6723.502930	2025
6727.905762	2031
6732.309082	1971
6736.711914	1978
6741.115234	1990
6745.518066	2046
6749.921387	2083
6754.324219	2045
6758.727539	2025
6763.130371	2005
6767.533691	1957
6771.936523	1917
6776.339844	1915
6780.742676	2040
6785.145996	2055
6789.548828	1992
6793.952148	1982
6798.354980	1973
6802.758301	1937
6807.161133	1883
6811.564453	1824
6815.967285	1908
6820.370605	1978
6824.773438	1962
6829.176758	1885
6833.579590	1851
6837.982910	1873
6842.385742	1834
6846.789063	1870
6851.191895	1847
6855.595215	1805
6859.998047	1801
6864.401367	1786
6868.804199	1780
6873.207520	1712
6877.610352	1748
6882.013672	1719
6886.416504	1717
6890.819824	1745
6895.222656	1785
6899.625977	1812
6904.028809	1802
6908.432129	1789
6912.834961	1778
6917.238281	1799
6921.641113	1772
6926.044434	1704
6930.447266	1663
6934.850586	1699
6939.253418	1722
6943.656738	1692
6948.059570	1656
6952.462891	1664
6956.865723	1743
6961.269043	1780
6965.671875	1752
6970.075195	1720
6974.478027	1660
6978.881348	1701
6983.284180	1760
6987.687500	1726
6992.090820	1692
6996.493652	1645
7000.896973	1632
7005.299805	1638
7009.703125	1686
7014.105957	1654
7018.509277	1637
7022.912109	1632
7027.315430	1681
7031.718262	1724
7036.121582	1695
7040.524414	1698
7044.927734	1674
7049.330566	1656
7053.733887	1650
7058.136719	1608
7062.540039	1577
7066.942871	1551
7071.346191	1544
7075.749023	1606
7080.152344	1611
7084.555176	1616
7088.958496	1590
7093.361328	1557
7097.764648	1503
7102.167480	1561
7106.570801	1598
7110.973633	1578
7115.376953	1605
7119.779785	1558
7124.183105	1479
7128.585938	1471
7132.989258	1475
7137.392090	1467
7141.795410	1460
7146.198242	1481
7150.601563	1445
7155.004395	1409
7159.407715	1391
7163.810547	1341
7168.213867	1360
7172.616699	1336
7177.020020	1337
7181.422852	1373
7185.826172	1370
7190.229004	1360
7194.632324	1378
7199.035156	1409
7203.438477	1390
7207.841309	1393
7212.244629	1393
7216.647461	1340
7221.050781	1314
7225.453613	1345
7229.856934	1302
7234.259766	1266
7238.663086	1259
7243.065918	1287
7247.469238	1318
7251.872070	1308
7256.275391	1296
7260.678223	1298
7265.081543	1239
7269.484375	1218
7273.887695	1227
7278.290527	1210
7282.693848	1240
7287.096680	1260
7291.500000	1217
7295.903320	1232
7300.306152	1245
7304.709473	1222
7309.112305	1219
7313.515625	1208
7317.918457	1200
7322.321777	1151
7326.724609	1155
7331.127930	1196
7335.530762	1179
7339.934082	1132
7344.336914	1151
7348.740234	1168
7353.143066	1134
7357.546387	1159
7361.949219	1196
7366.352539	1174
7370.755371	1200
7375.158691	1194
7379.561523	1201
7383.964844	1210
7388.367676	1220
7392.770996	1237
7397.173828	1213
7401.577148	1168
7405.979980	1170
7410.383301	1191
7414.786133	1257
7419.189453	1272
7423.592285	1250
7427.995605	1274
7432.398438	1319
7436.801758	1340
7441.204590	1338
7445.607910	1288
7450.010742	1266
7454.414063	1264
7458.816895	1293
7463.220215	1340
7467.623047	1331
7472.026367	1289
7476.429199	1250
7480.832520	1246
7485.235352	1268
7489.638672	1273
7494.041504	1283
7498.444824	1324
7502.847656	1329
7507.250977	1333
7511.653809	1296
7516.057129	1303
7520.459961	1334
7524.863281	1274
7529.266113	1221
7533.669434	1267
7538.072266	1297
7542.475586	1317
7546.878418	1265
7551.281738	1214
7555.684570	1224
7560.087891	1214
7564.490723	1182
7568.894043	1179
7573.296875	1191
7577.700195	1210
7582.103027	1162
7586.506348	1168
7590.909180	1137
7595.312500	1137
7599.715820	1147
7604.118652	1143
7608.521973	1156
7612.924805	1153
7617.328125	1093
7621.730957	1095
7626.134277	1133
7630.537109	1157
7634.940430	1163
7639.343262	1163
7643.746582	1127
7648.149414	1144
7652.552734	1217
7656.955566	1192
7661.358887	1122
7665.761719	1104
7670.165039	1123
7674.567871	1142
7678.971191	1172
7683.374023	1124
7687.777344	1082
7692.180176	1077
7696.583496	1081
7700.986328	1090
7705.389648	1107
7709.792480	1155
7714.195801	1135
7718.598633	1095
7723.001953	1094
7727.404785	1122
7731.808105	1134
7736.210938	1113
7740.614258	1082
7745.017090	1101
7749.420410	1113
7753.823242	1094
7758.226563	1033
7762.629395	1033
7767.032715	1065
7771.435547	1099
7775.838867	1076
7780.241699	1059
7784.645020	1084
7789.047852	1060
7793.451172	1062
7797.854004	1056
7802.257324	1050
7806.660156	1058
7811.063477	1051
7815.466309	1072
7819.869629	1071
7824.272461	1109
7828.675781	1148
7833.078613	1159
7837.481934	1118
7841.884766	1098
7846.288086	1135
7850.690918	1149
7855.094238	1162
7859.497070	1103
7863.900391	1146
7868.303223	1177
7872.706543	1175
7877.109375	1146
7881.512695	1139
7885.915527	1236
7890.318848	1227
7894.721680	1171
7899.125000	1194
7903.528320	1223
7907.931152	1239
7912.334473	1247
7916.737305	1203
7921.140625	1089
7925.543457	1090
7929.946777	1184
7934.349609	1230
7938.752930	1248
7943.155762	1275
7947.559082	1224
7951.961914	1167
7956.365234	1220
7960.768066	1247
7965.171387	1240
7969.574219	1213
7973.977539	1162
7978.380371	1138
7982.783691	1212
7987.186523	1257
7991.589844	1268
7995.992676	1267
8000.395996	1271
8004.798828	1202
8009.202148	1155
8013.604980	1179
8018.008301	1209
8022.411133	1221
8026.814453	1216
8031.217285	1223
8035.620605	1199
8040.023438	1169
8044.426758	1225
8048.829590	1231
8053.232910	1180
8057.635742	1187
8062.039063	1223
8066.441895	1187
8070.845215	1179
8075.248047	1189
8079.651367	1177
8084.054199	1147
8088.457520	1136
8092.860352	1179
8097.263672	1162
8101.666504	1132
8106.069824	1156
8110.472656	1174
8114.875977	1172
8119.278809	1162
8123.682129	1116
8128.084961	1079
8132.488281	1111
8136.891113	1076
8141.294434	1040
8145.697266	1011
8150.100586	1057
8154.503418	1098
8158.906738	1096
8163.309570	1084
8167.712891	1092
8172.115723	1105
8176.519043	1080
8180.921875	1062
8185.325195	1095
8189.728027	1092
8194.130859	1041
8198.534180	1067
8202.937500	1110
8207.340820	1091
8211.744141	1052
8216.146484	1037
8220.549805	1028
8224.953125	1048
8229.356445	1089
8233.758789	1109
8238.162109	1096
8242.565430	1081
8246.968750	1054
8251.371094	1030
8255.774414	1018
8260.177734	1065
8264.581055	1063
8268.983398	1062
8273.386719	1083
8277.790039	1050
8282.193359	1013
8286.595703	1031
8290.999023	1047
8295.402344	1013
8299.805664	1022
8304.208008	1000
8308.611328	1017
8313.014648	1091
8317.417969	1070
8321.820313	1019
8326.223633	1016
8330.626953	1030
8335.030273	1063
8339.432617	1050
8343.835938	1036
8348.239258	1086
8352.642578	1112
8357.044922	1120
8361.448242	1116
8365.851563	1081
8370.254883	1074
8374.657227	1099
8379.060547	1110
8383.463867	1067
8387.867188	1073
8392.269531	1121
8396.672852	1105
8401.076172	1085
8405.479492	1156
8409.881836	1182
8414.285156	1166
8418.688477	1143
8423.091797	1148
8427.494141	1120
8431.897461	1094
8436.300781	1082
8440.704102	1086
8445.106445	1104
8449.509766	1170
8453.913086	1194
8458.316406	1147
8462.718750	1145
8467.122070	1105
8471.525391	1097
8475.928711	1129
8480.331055	1134
8484.734375	1167
8489.137695	1154
8493.541016	1123
8497.943359	1195
8502.346680	1194
8506.750000	1205
8511.153320	1178
8515.556641	1125
8519.958984	1150
8524.362305	1164
8528.765625	1124
8533.168945	1139
8537.571289	1159
8541.974609	1147
8546.377930	1157
8550.781250	1118
8555.183594	1108
8559.586914	1143
8563.990234	1152
8568.393555	1131
8572.795898	1079
8577.199219	1072
8581.602539	1130
8586.005859	1140
8590.408203	1131
8594.811523	1135
8599.214844	1116
8603.618164	1097
8608.020508	1128
8612.423828	1124
8616.827148	1121
8621.230469	1133
8625.632813	1104
8630.036133	1132
8634.439453	1132
8638.842773	1072
8643.245117	1107
8647.648438	1161
8652.051758	1132
8656.455078	1123
8660.857422	1135
8665.260742	1089
8669.664063	1093
8674.067383	1125
8678.469727	1112
8682.873047	1067
8687.276367	1097
8691.679688	1119
8696.082031	1069
8700.485352	1103
8704.888672	1128
8709.291992	1158
8713.694336	1093
8718.097656	1053
8722.500977	1040
8726.904297	1014
8731.306641	1071
8735.709961	1147
8740.113281	1132
8744.516602	1064
8748.918945	1063
8753.322266	1081
8757.725586	1107
8762.128906	1109
8766.531250	1070
8770.934570	1056
8775.337891	1062
8779.741211	1056
8784.143555	1027
8788.546875	1014
8792.950195	987
8797.353516	1052
8801.755859	1082
8806.159180	1066
8810.562500	1048
8814.965820	1071
8819.369141	1065
8823.771484	1056
8828.174805	1040
8832.578125	1043
8836.981445	1077
8841.383789	1073
8845.787109	1065
8850.190430	1077
8854.593750	1064
8858.996094	1038
8863.399414	1041
8867.802734	1038
8872.206055	1022
8876.608398	1044
8881.011719	1032
8885.415039	1041
8889.818359	1020
8894.220703	1012
8898.624023	1052
8903.027344	1075
8907.430664	1046
8911.833008	1056
8916.236328	1005
8920.639648	998
8925.042969	1020
8929.445313	1036
8933.848633	1008
8938.251953	996
8942.655273	1003
8947.057617	1015
8951.460938	1006
8955.864258	1022
8960.267578	1037
8964.669922	1034
8969.073242	1034
8973.476563	1036
8977.879883	1015
8982.282227	998
8986.685547	988
8991.088867	1038
8995.492188	1072
8999.894531	1029
9004.297852	1033
9008.701172	1042
9013.104492	1066
9017.506836	1033
9021.910156	1044
9026.313477	1060
9030.716797	1033
9035.119141	1040
9039.522461	1084
9043.925781	1064
9048.329102	1051
9052.731445	1041
9057.134766	1041
9061.538086	1055
9065.941406	1036
9070.343750	1009
9074.747070	1054
9079.150391	1087
9083.553711	1073
9087.956055	1090
9092.359375	1051
9096.762695	1063
9101.166016	1094
9105.568359	1096
9109.971680	1050
9114.375000	1036
9118.778320	1034
9123.181641	1069
9127.583984	1084
9131.987305	1080
9136.390625	1121
9140.793945	1153
9145.196289	1104
9149.599609	1074
9154.002930	1043
9158.406250	1031
9162.808594	1026
9167.211914	999
9171.615234	1047
9176.018555	1041
9180.420898	1032
9184.824219	1036
9189.227539	1031
9193.630859	1054
9198.033203	1065
9202.436523	1057
9206.839844	1028
9211.243164	1025
9215.645508	1036
9220.048828	1052
9224.452148	1048
9228.855469	1055
9233.257813	1066
9237.661133	1037
9242.064453	1039
9246.467773	1001
9250.870117	996
9255.273438	1033
9259.676758	1030
9264.080078	1074
9268.482422	1078
9272.885742	1045
9277.289063	1064
9281.692383	1061
9286.094727	1098
9290.498047	1110
9294.901367	1049
9299.304688	1026
9303.707031	1048
9308.110352	1083
9312.513672	1065
9316.916992	1046
9321.319336	1052
9325.722656	1066
9330.125977	1063
9334.529297	1015
9338.931641	1028
9343.334961	1031
9347.738281	1017
9352.141602	1006
9356.543945	1056
9360.947266	1054
9365.350586	1086
9369.753906	1100
9374.156250	1066
9378.559570	1021
9382.962891	1054
9387.366211	1098
9391.768555	1104
9396.171875	1048
9400.575195	1066
9404.978516	1053
9409.380859	1051
9413.784180	1053
9418.187500	1003
9422.590820	1019
9426.994141	1074
9431.396484	1082
9435.799805	1038
9440.203125	1068
9444.606445	1065
9449.008789	1015
9453.412109	1051
9457.815430	1122
9462.218750	1067
9466.621094	1036
9471.024414	1022
9475.427734	1008
9479.831055	1052
9484.233398	1064
9488.636719	1057
9493.040039	1083
9497.443359	1124
9501.845703	1120
9506.249023	1118
9510.652344	1107
9515.055664	1081
9519.458008	1065
9523.861328	1025
9528.264648	1058
9532.667969	1095
9537.070313	1114
9541.473633	1082
9545.876953	1093
9550.280273	1104
9554.682617	1062
9559.085938	1055
9563.489258	1072
9567.892578	1123
9572.294922	1077
9576.698242	1061
9581.101563	1053
9585.504883	1085
9589.907227	1133
9594.310547	1112
9598.713867	1128
9603.117188	1101
9607.519531	1070
9611.922852	1067
9616.326172	1086
9620.729492	1087
9625.131836	1074
9629.535156	1047
9633.938477	990
9638.341797	1010
9642.744141	1036
9647.147461	1053
9651.550781	1067
9655.954102	1073
9660.356445	1079
9664.759766	1041
9669.163086	1041
9673.566406	1060
9677.968750	1142
9682.372070	1121
9686.775391	1086
9691.178711	1057
9695.581055	1094
9699.984375	1095
9704.387695	1109
9708.791016	1122
9713.193359	1122
9717.596680	1069
9722.000000	1094
9726.403320	1129
9730.806641	1112
9735.208984	1091
9739.612305	1110
9744.015625	1088
9748.418945	1093
9752.821289	1080
9757.224609	1038
9761.627930	1043
9766.031250	1089
9770.433594	1140
9774.836914	1129
9779.240234	1083
9783.643555	1067
9788.045898	1030
9792.449219	1050
9796.852539	1084
9801.255859	1097
9805.658203	1074
9810.061523	1083
9814.464844	1190
9818.868164	1187
9823.270508	1139
9827.673828	1127
9832.077148	1093
9836.480469	1121
9840.882813	1081
9845.286133	1044
9849.689453	1099
9854.092773	1118
9858.495117	1098
9862.898438	1092
9867.301758	1056
9871.705078	1063
9876.107422	1076
9880.510742	1097
9884.914063	1146
9889.317383	1181
9893.719727	1199
9898.123047	1158
9902.526367	1099
9906.929688	1088
9911.332031	1113
9915.735352	1149
9920.138672	1136
9924.541992	1108
9928.944336	1105
9933.347656	1075
9937.750977	1120
9942.154297	1136
9946.556641	1175
9950.959961	1162
9955.363281	1139
9959.766602	1090
9964.168945	1105
9968.572266	1125
9972.975586	1113
9977.378906	1094
9981.781250	1079
9986.184570	1045
9990.587891	1068
9994.991211	1107
9999.393555	1100
10003.796875	1120
10008.200195	1132
10012.603516	1120
10017.005859	1103
10021.409180	1070
10025.812500	1146
10030.215820	1183
10034.619141	1161
10039.021484	1098
10043.424805	1074
10047.828125	1096
10052.231445	1055
10056.633789	1077
10061.037109	1131
10065.440430	1114
10069.843750	1107
10074.246094	1111
10078.649414	1112
10083.052734	1178
10087.456055	1157
10091.858398	1154
10096.261719	1141
10100.665039	1170
10105.068359	1157
10109.470703	1131
10113.874023	1145
10118.277344	1164
10122.680664	1133
10127.083008	1103
10131.486328	1090
10135.889648	1114
10140.292969	1152
10144.695313	1139
10149.098633	1105
10153.501953	1096
10157.905273	1117
10162.307617	1194
10166.710938	1189
10171.114258	1114
10175.517578	1079
10179.919922	1088
10184.323242	1102
10188.726563	1129
10193.129883	1111
10197.532227	1102
10201.935547	1091
10206.338867	1120
10210.742188	1170
10215.144531	1125
10219.547852	1129
10223.951172	1134
10228.354492	1144
10232.756836	1185
10237.160156	1142
10241.563477	1115
10245.966797	1149
10250.369141	1171
10254.772461	1162
10259.175781	1179
10263.579102	1143
10267.981445	1084
10272.384766	1134
10276.788086	1189
10281.191406	1227
10285.593750	1220
10289.997070	1171
10294.400391	1131
10298.803711	1101
10303.206055	1111
10307.609375	1101
10312.012695	1058
10316.416016	1082
10320.818359	1144
10325.221680	1177
10329.625000	1158
10334.028320	1113
10338.431641	1122
10342.833984	1126
10347.237305	1099
10351.640625	1132
10356.043945	1141
10360.446289	1146
10364.849609	1164
10369.252930	1156
10373.656250	1098
10378.058594	1039
10382.461914	1039
10386.865234	1037
10391.268555	1051
10395.670898	1030
10400.074219	1044
10404.477539	1043
10408.880859	1050
10413.283203	1089
10417.686523	1134
10422.089844	1090
10426.493164	1046
10430.895508	1021
10435.298828	1069
10439.702148	1068
10444.105469	1033
10448.507813	1019
10452.911133	1024
10457.314453	1027
10461.717773	1011
10466.120117	1000
10470.523438	1018
10474.926758	1011
10479.330078	994
10483.732422	1006
10488.135742	1011
10492.539063	1008
10496.942383	987
10501.344727	1019
10505.748047	995
10510.151367	947
10514.554688	951
10518.957031	1011
10523.360352	1004
10527.763672	983
10532.166992	981
10536.569336	921
10540.972656	903
10545.375977	930
10549.779297	979
10554.181641	1014
10558.584961	980
10562.988281	926
10567.391602	939
10571.793945	944
10576.197266	891
10580.600586	913
10585.003906	923
10589.406250	926
10593.809570	969
10598.212891	975
10602.616211	950
10607.018555	922
10611.421875	905
10615.825195	914
10620.228516	921
10624.630859	924
10629.034180	891
10633.437500	918
10637.840820	900
10642.244141	858
10646.646484	846
10651.049805	895
10655.453125	943
10659.856445	950
10664.258789	907
10668.662109	872
10673.065430	858
10677.468750	900
10681.871094	910
10686.274414	881
10690.677734	901
10695.081055	850
10699.483398	851
10703.886719	868
10708.290039	876
10712.693359	864
10717.095703	855
10721.499023	810
10725.902344	814
10730.305664	843
10734.708008	850
10739.111328	855
10743.514648	845
10747.917969	850
10752.320313	844
10756.723633	831
10761.126953	817
10765.530273	778
10769.932617	732
10774.335938	747
10778.739258	756
10783.142578	781
10787.544922	801
10791.948242	772
10796.351563	772
10800.754883	830
10805.157227	857
10809.560547	762
10813.963867	744
10818.367188	778
10822.769531	795
10827.172852	786
10831.576172	800
10835.979492	816
10840.381836	773
10844.785156	705
10849.188477	711
10853.591797	753
10857.994141	758
10862.397461	750
10866.800781	752
10871.204102	752
10875.606445	746
10880.009766	737
10884.413086	688
10888.816406	689
10893.218750	707
10897.622070	706
10902.025391	744
10906.428711	743
10910.831055	721
10915.234375	687
10919.637695	698
10924.041016	693
10928.443359	672
10932.846680	715
10937.250000	719
10941.653320	691
10946.056641	679
10950.458984	668
10954.862305	673
10959.265625	680
10963.668945	658
10968.071289	631
10972.474609	648
10976.877930	688
10981.281250	677
10985.683594	661
10990.086914	615
10994.490234	590
10998.893555	600
11003.295898	627
11007.699219	651
11012.102539	613
11016.505859	581
11020.908203	568
11025.311523	572
11029.714844	571
11034.118164	562
11038.520508	570
11042.923828	556
11047.327148	588
11051.730469	603
11056.132813	579
11060.536133	547
11064.939453	570
11069.342773	558
11073.745117	532
11078.148438	530
11082.551758	523
11086.955078	539
11091.357422	532
11095.760742	490
11100.164063	494
11104.567383	511
11108.969727	519
11113.373047	521
11117.776367	542
11122.179688	496
11126.582031	489
11130.985352	482
11135.388672	440
11139.791992	450
11144.194336	471
11148.597656	463
11153.000977	464
11157.404297	463
11161.806641	437
11166.209961	421
11170.613281	438
11175.016602	412
11179.418945	390
11183.822266	390
11188.225586	419
11192.628906	420
11197.031250	443
11201.434570	430
11205.837891	392
11210.241211	408
11214.643555	421
11219.046875	426
11223.450195	408
11227.853516	378
11232.255859	401
11236.659180	397
11241.062500	404
11245.465820	403
11249.869141	402
11254.271484	382
11258.674805	367
11263.078125	380
11267.481445	410
11271.883789	419
11276.287109	385
11280.690430	359
11285.093750	338
11289.496094	341
11293.899414	370
11298.302734	373
11302.706055	357
11307.108398	343
11311.511719	360
11315.915039	372
11320.318359	350
11324.720703	326
11329.124023	326
11333.527344	331
11337.930664	333
11342.333008	329
11346.736328	327
11351.139648	348
11355.542969	327
11359.945313	314
11364.348633	313
11368.751953	316
11373.155273	334
11377.557617	330
11381.960938	324
11386.364258	312
11390.767578	314
11395.169922	320
11399.573242	316
11403.976563	278
11408.379883	260
11412.782227	291
11417.185547	300
11421.588867	298
11425.992188	288
11430.394531	274
11434.797852	264
11439.201172	301
11443.604492	291
11448.006836	270
11452.410156	283
11456.813477	263
11461.216797	257
11465.619141	244
11470.022461	263
11474.425781	258
11478.829102	244
11483.231445	237
11487.634766	236
11492.038086	220
11496.441406	216
11500.843750	228
11505.247070	230
11509.650391	236
11514.053711	235
11518.456055	212
11522.859375	191
11527.262695	206
11531.666016	211
11536.068359	195
11540.471680	186
11544.875000	194
11549.278320	195
11553.681641	187
11558.083984	197
11562.487305	192
11566.890625	193
11571.293945	202
11575.696289	195
11580.099609	192
11584.502930	175
11588.906250	177
11593.308594	179
11597.711914	187
11602.115234	179
11606.518555	172
11610.920898	176
11615.324219	174
11619.727539	172
11624.130859	164
11628.533203	150
11632.936523	142
11637.339844	139
11641.743164	141
11646.145508	137
11650.548828	143
11654.952148	134
11659.355469	123
11663.757813	132
11668.161133	135
11672.564453	147
11676.967773	168
11681.370117	144
11685.773438	116
11690.176758	115
11694.580078	112
11698.982422	109
11703.385742	116
11707.789063	129
11712.192383	110
11716.594727	117
11720.998047	121
11725.401367	103
11729.804688	111
11734.207031	99
11738.610352	86
11743.013672	78
11747.416992	71
11751.819336	85
11756.222656	80
11760.625977	75
11765.029297	65
11769.431641	63
11773.834961	76
11778.238281	60
11782.641602	54
11787.043945	45
11791.447266	47
11795.850586	50
11800.253906	54
11804.656250	48
11809.059570	39
11813.462891	40
11817.866211	39
11822.268555	35
11826.671875	29
11831.075195	32
11835.478516	36
11839.880859	31
11844.284180	19
11848.687500	13
11853.090820	13
11857.494141	9
11861.896484	6
11866.299805	6
11870.703125	10
11875.106445	8
11879.508789	3
11883.912109	0
11888.315430	0
11892.718750	0
11897.121094	0
11901.524414	0
11905.927734	0
11910.331055	0
11914.733398	0
11919.136719	0
11923.540039	0
11927.943359	0
11932.345703	0
11936.749023	0
11941.152344	0
11945.555664	0
11949.958008	0
11954.361328	0
11958.764648	0
11963.167969	0
11967.570313	0
11971.973633	0
11976.376953	0
11980.780273	0
11985.182617	0
11989.585938	0
11993.989258	0
11998.392578	0
12002.794922	0
12007.198242	0
12011.601563	0
12016.004883	0
12020.407227	0
12024.810547	0
12029.213867	0
12033.617188	0
12038.019531	0
12042.422852	0
12046.826172	0
12051.229492	0
12055.631836	0
12060.035156	0
12064.438477	0
12068.841797	0
12073.244141	0
12077.647461	0
12082.050781	0
12086.454102	0
12090.856445	0
12095.259766	0
12099.663086	0
12104.066406	0
12108.468750	0
12112.872070	0
12117.275391	0
12121.678711	0
12126.081055	0
12130.484375	0
12134.887695	0
12139.291016	0
12143.693359	0
12148.096680	0
12152.500000	0
12156.903320	0
12161.306641	0
12165.708984	0
12170.112305	0
12174.515625	0
12178.918945	0
12183.321289	0
12187.724609	0
12192.127930	0
12196.531250	0
12200.933594	0
12205.336914	0
12209.740234	0
12214.143555	0
12218.545898	0
12222.949219	0
12227.352539	0
12231.755859	0
12236.158203	0
12240.561523	0
12244.964844	0
12249.368164	0
12253.770508	0
12258.173828	0
12262.577148	0
12266.980469	0
12271.382813	0
12275.786133	0
12280.189453	0
12284.592773	0
12288.995117	0
12293.398438	0
12297.801758	0
12302.205078	0
12306.607422	0
12311.010742	0
12315.414063	0
12319.817383	0
12324.219727	0
12328.623047	0
12333.026367	0
12337.429688	0
12341.832031	0
12346.235352	0
12350.638672	0
12355.041992	0
12359.444336	0
12363.847656	0
12368.250977	0
12372.654297	0
12377.056641	0
12381.459961	0
12385.863281	0
12390.266602	0
12394.668945	0
12399.072266	0
12403.475586	0
12407.878906	0
12412.281250	0
12416.684570	0
12421.087891	0
12425.491211	0
12429.893555	0
12434.296875	0
12438.700195	0
12443.103516	0
12447.505859	0
12451.909180	0
12456.312500	0
12460.715820	0
12465.119141	0
12469.521484	0
12473.924805	0
12478.328125	0
12482.731445	0
12487.133789	0
12491.537109	0
12495.940430	0
12500.343750	0
12504.746094	0
12509.149414	0
12513.552734	0
12517.956055	0
12522.358398	0
12526.761719	0
12531.165039	0
12535.568359	0
12539.970703	0
12544.374023	0
12548.777344	0
12553.180664	0
12557.583008	0
12561.986328	0
12566.389648	0
12570.792969	0
12575.195313	0
12579.598633	0
12584.001953	0
12588.405273	0
12592.807617	0
12597.210938	0
12601.614258	0
12606.017578	0
12610.419922	0
12614.823242	0
12619.226563	0
12623.629883	0
12628.032227	0
12632.435547	0
12636.838867	0
12641.242188	0
12645.644531	0
12650.047852	0
12654.451172	0
12658.854492	0
12663.256836	0
12667.660156	0
12672.063477	0
12676.466797	0
12680.869141	0
12685.272461	0
12689.675781	0
12694.079102	0
12698.481445	0
12702.884766	0
12707.288086	0
12711.691406	0
12716.093750	0
12720.497070	0
12724.900391	0
12729.303711	0
12733.706055	0
12738.109375	0
12742.512695	0
12746.916016	0
12751.318359	0
12755.721680	0
12760.125000	0
12764.528320	0
12768.931641	0
12773.333984	0
12777.737305	0
12782.140625	0
12786.543945	0
12790.946289	0
12795.349609	0
12799.752930	0
12804.156250	0
12808.558594	0
12812.961914	0
12817.365234	0
12821.768555	0
12826.170898	0
12830.574219	0
12834.977539	0
12839.380859	0
12843.783203	0
12848.186523	0
12852.589844	0
12856.993164	0
12861.395508	0
12865.798828	0
12870.202148	0
12874.605469	0
12879.007813	0
12883.411133	0
12887.814453	0
12892.217773	0
12896.620117	0
12901.023438	0
12905.426758	0
12909.830078	0
12914.232422	0
12918.635742	0
12923.039063	0
12927.442383	0
12931.844727	0
12936.248047	0
12940.651367	0
12945.054688	0
12949.457031	0
12953.860352	0
12958.263672	0
12962.666992	0
12967.069336	0
12971.472656	0
12975.875977	0
12980.279297	0
12984.681641	0
12989.084961	0
12993.488281	0
12997.891602	0
13002.293945	0
13006.697266	0
13011.100586	0
13015.503906	0
13019.906250	0
13024.309570	0
13028.712891	0
13033.116211	0
13037.518555	0
13041.921875	0
13046.325195	0
13050.728516	0
13055.130859	0
13059.534180	0
13063.937500	0
13068.340820	0
13072.744141	0
13077.146484	0
13081.549805	0
13085.953125	0
13090.356445	0
13094.758789	0
13099.162109	0
13103.565430	0
13107.968750	0
13112.371094	0
13116.774414	0
13121.177734	0
13125.581055	0
13129.983398	0
13134.386719	0
13138.790039	0
13143.193359	0
13147.595703	0
13151.999023	0
13156.402344	0
13160.805664	0
13165.208008	0
13169.611328	0
13174.014648	0
13178.417969	0
13182.820313	0
13187.223633	0
13191.626953	0
13196.030273	0
13200.432617	0
13204.835938	0
13209.239258	0
13213.642578	0
13218.044922	0
13222.448242	0
13226.851563	0
13231.254883	0
13235.657227	0
13240.060547	0
13244.463867	0
13248.867188	0
13253.269531	0
13257.672852	0
13262.076172	0
13266.479492	0
13270.881836	0
13275.285156	0
13279.688477	0
13284.091797	0
13288.494141	0
13292.897461	0
13297.300781	0
13301.704102	0
13306.106445	0
13310.509766	0
13314.913086	0
13319.316406	0
13323.718750	0
13328.122070	0
13332.525391	0
13336.928711	0
13341.331055	0
13345.734375	0
13350.137695	0
13354.541016	0
13358.943359	0
13363.346680	0
13367.750000	0
13372.153320	0
13376.556641	0
13380.958984	0
13385.362305	0
13389.765625	0
13394.168945	0
13398.571289	0
13402.974609	0
13407.377930	0
13411.781250	0
13416.183594	0
13420.586914	0
13424.990234	0
13429.393555	0
13433.795898	0
13438.199219	0
13442.602539	0
13447.005859	0
13451.408203	0
13455.811523	0
13460.214844	0
13464.618164	0
13469.020508	0
13473.423828	0
13477.827148	0
13482.230469	0
13486.632813	0
13491.036133	0
13495.439453	0
13499.842773	0
13504.245117	0
13508.648438	0
13513.051758	0
13517.455078	0
13521.857422	0
13526.260742	0
13530.664063	0
13535.067383	0
13539.469727	0
13543.873047	0
13548.276367	0
13552.679688	0
13557.082031	0
13561.485352	0
13565.888672	0
13570.291992	0
13574.694336	0
13579.097656	0
13583.500977	0
13587.904297	0
13592.306641	0
13596.709961	0
13601.113281	0
13605.516602	0
13609.918945	0
13614.322266	0
13618.725586	0
13623.128906	0
13627.531250	0
13631.934570	0
13636.337891	0
13640.741211	0
13645.143555	0
13649.546875	0
13653.950195	0
13658.353516	0
13662.755859	0
13667.159180	0
13671.562500	0
13675.965820	0
13680.369141	0
13684.771484	0
13689.174805	0
13693.578125	0
13697.981445	0
13702.383789	0
13706.787109	0
13711.190430	0
13715.593750	0
13719.996094	0
13724.399414	0
13728.802734	0
13733.206055	0
