-5007.764160	0
-5003.316406	0
-4998.869141	0
-4994.421875	0
-4989.974609	0
-4985.526855	0
-4981.079590	0
-4976.632324	0
-4972.184570	0
-4967.737305	0
-4963.290039	0
-4958.842773	0
-4954.395020	0
-4949.947754	0
-4945.500488	0
-4941.053223	0
-4936.605469	0
-4932.158203	0
-4927.710938	0
-4923.263672	0
-4918.815918	0
-4914.368652	0
-4909.921387	0
-4905.474121	0
-4901.026367	0
-4896.579102	0
-4892.131836	0
-4887.684570	0
-4883.236816	0
-4878.789551	0
-4874.342285	0
-4869.895020	0
-4865.447266	0
-4861.000000	0
-4856.552734	0
-4852.104980	0
-4847.657715	0
-4843.210449	0
-4838.763184	0
-4834.315430	0
-4829.868164	0
-4825.420898	0
-4820.973633	0
-4816.525879	0
-4812.078613	0
-4807.631348	0
-4803.184082	0
-4798.736328	0
-4794.289063	0
-4789.841797	0
-4785.394531	0
-4780.946777	0
-4776.499512	0
-4772.052246	0
-4767.604980	0
-4763.157227	0
-4758.709961	0
-4754.262695	0
-4749.815430	0
-4745.367676	0
-4740.920410	0
-4736.473145	0
-4732.025391	0
-4727.578125	0
-4723.130859	0
-4718.683594	0
-4714.235840	0
-4709.788574	0
-4705.341309	0
-4700.894043	0
-4696.446289	0
-4691.999023	0
-4687.551758	0
-4683.104492	0
-4678.656738	0
-4674.209473	0
-4669.762207	0
-4665.314941	0
-4660.867188	0
-4656.419922	0
-4651.972656	0
-4647.525391	0
-4643.077637	0
-4638.630371	0
-4634.183105	0
-4629.735352	0
-4625.288086	0
-4620.840820	0
-4616.393555	0
-4611.945801	0
-4607.498535	0
-4603.051270	0
-4598.604004	0
-4594.156250	0
-4589.708984	0
-4585.261719	0
-4580.814453	0
-4576.366699	0
-4571.919434	0
-4567.472168	0
-4563.024902	0
-4558.577148	0
-4554.129883	0
-4549.682617	0
-4545.235352	0
-4540.787598	0
-4536.340332	0
-4531.893066	0
-4527.445801	0
-4522.998047	0
-4518.550781	0
-4514.103516	0
-4509.655762	0
-4505.208496	0
-4500.761230	0
-4496.313965	0
-4491.866211	0
-4487.418945	0
-4482.971680	0
-4478.524414	0
-4474.076660	0
-4469.629395	0
-4465.182129	0
-4460.734863	0
-4456.287109	0
-4451.839844	0
-4447.392578	0
-4442.945313	0
-4438.497559	0
-4434.050293	0
-4429.603027	0
-4425.155762	0
-4420.708008	0
-4416.260742	0
-4411.813477	0
-4407.365723	0
-4402.918457	0
-4398.471191	0
-4394.023926	0
-4389.576172	0
-4385.128906	0
-4380.681641	0
-4376.234375	0
-4371.786621	0
-4367.339355	0
-4362.892090	0
-4358.444824	0
-4353.997070	0
-4349.549805	0
-4345.102539	0
-4340.655273	0
-4336.207520	0
-4331.760254	0
-4327.312988	0
-4322.865723	0
-4318.417969	0
-4313.970703	0
-4309.523438	0
-4305.076172	0
-4300.628418	0
-4296.181152	0
-4291.733887	0
-4287.286133	0
-4282.838867	0
-4278.391602	0
-4273.944336	0
-4269.496582	0
-4265.049316	0
-4260.602051	0
-4256.154785	0
-4251.707031	0
-4247.259766	0
-4242.812500	0
-4238.365234	0
-4233.917480	0
-4229.470215	0
-4225.022949	0
-4220.575684	0
-4216.127930	0
-4211.680664	0
-4207.233398	0
-4202.786133	0
-4198.338379	0
-4193.891113	0
-4189.443848	0
-4184.996582	0
-4180.548828	0
-4176.101563	0
-4171.654297	0
-4167.206543	0
-4162.759277	0
-4158.312012	0
-4153.864746	0
-4149.416992	0
-4144.969727	0
-4140.522461	0
-4136.075195	0
-4131.627441	0
-4127.180176	0
-4122.732910	0
-4118.285645	0
-4113.837891	0
-4109.390625	0
-4104.943359	0
-4100.496094	0
-4096.048340	0
-4091.601074	0
-4087.153809	0
-4082.706299	0
-4078.259033	0
-4073.811523	0
-4069.364014	0
-4064.916748	0
-4060.469238	0
-4056.021973	0
-4051.574463	0
-4047.127197	0
-4042.679688	0
-4038.232422	0
-4033.784912	0
-4029.337646	0
-4024.890137	0
-4020.442871	0
-4015.995361	0
-4011.548096	0
-4007.100586	0
-4002.653320	0
-3998.205811	0
-3993.758545	0
-3989.311035	0
-3984.863770	0
-3980.416260	0
-3975.968994	0
-3971.521484	0
-3967.074219	0
-3962.626709	0
-3958.179443	0
-3953.731934	0
-3949.284424	0
-3944.837158	0
-3940.389648	0
-3935.942383	0
-3931.494873	0
-3927.047607	0
-3922.600098	0
-3918.152832	0
-3913.705322	0
-3909.258057	0
-3904.810547	0
-3900.363281	0
-3895.915771	0
-3891.468506	0
-3887.020996	0
-3882.573730	0
-3878.126221	0
-3873.678955	0
-3869.231445	0
-3864.784180	0
-3860.336670	0
-3855.889404	0
-3851.441895	0
-3846.994629	0
-3842.547119	0
-3838.099609	0
-3833.652344	0
-3829.204834	0
-3824.757568	0
-3820.310059	0
-3815.862793	0
-3811.415283	0
-3806.968018	0
-3802.520508	0
-3798.073242	0
-3793.625732	0
-3789.178467	0
-3784.730957	0
-3780.283691	0
-3775.836182	5
-3771.388916	8
-3766.941406	22
-3762.494141	25
-3758.046631	24
-3753.599365	30
-3749.151855	22
-3744.704590	28
-3740.257080	39
-3735.809814	45
-3731.362305	43
-3726.914795	38
-3722.467529	57
-3718.020020	56
-3713.572754	64
-3709.125244	58
-3704.677979	56
-3700.230469	65
-3695.783203	55
-3691.335693	60
-3686.888428	93
-3682.440918	99
-3677.993652	92
-3673.546143	89
-3669.098877	106
-3664.651367	115
-3660.204102	110
-3655.756592	99
-3651.309326	94
-3646.861816	104
-3642.414551	114
-3637.967041	130
-3633.519775	135
-3629.072266	119
-3624.625000	140
-3620.177490	148
-3615.729980	128
-3611.282715	122
-3606.835205	156
-3602.387939	184
-3597.940430	159
-3593.493164	135
-3589.045654	151
-3584.598389	153
-3580.150879	156
-3575.703613	169
-3571.256104	181
-3566.808838	187
-3562.361328	200
-3557.914063	203
-3553.466553	184
-3549.019287	183
-3544.571777	194
-3540.124512	198
-3535.677002	193
-3531.229736	206
-3526.782227	224
-3522.334961	239
-3517.887451	234
-3513.440186	195
-3508.992676	198
-3504.545410	233
-3500.097900	214
-3495.650391	225
-3491.203125	248
-3486.755615	259
-3482.308350	247
-3477.860840	248
-3473.413574	263
-3468.966064	246
-3464.518799	258
-3460.071289	293
-3455.624023	277
-3451.176514	272
-3446.729248	281
-3442.281738	258
-3437.834473	275
-3433.386963	295
-3428.939697	315
-3424.492188	329
-3420.044922	331
-3415.597412	309
-3411.150146	323
-3406.702637	323
-3402.255371	317
-3397.807861	311
-3393.360596	301
-3388.913086	282
-3384.465576	284
-3380.018311	319
-3375.570801	392
-3371.123535	374
-3366.676025	352
-3362.228760	344
-3357.781250	325
-3353.333984	353
-3348.886475	380
-3344.439209	355
-3339.991699	347
-3335.544434	355
-3331.096924	365
-3326.649658	365
-3322.202148	373
-3317.754883	381
-3313.307373	374
-3308.860107	390
-3304.412598	418
-3299.965332	423
-3295.517822	445
-3291.070557	450
-3286.623047	434
-3282.175781	441
-3277.728271	444
-3273.280762	420
-3268.833496	411
-3264.385986	449
-3259.938721	502
-3255.491211	476
-3251.043945	450
-3246.596436	461
-3242.149170	457
-3237.701660	462
-3233.254395	471
-3228.806885	462
-3224.359619	463
-3219.912109	515
-3215.464844	479
-3211.017334	441
-3206.570068	442
-3202.122559	493
-3197.675293	505
-3193.227783	483
-3188.780518	503
-3184.333008	487
-3179.885742	472
-3175.438232	500
-3170.990967	512
-3166.543457	487
-3162.095947	495
-3157.648682	502
-3153.201172	555
-3148.753906	543
-3144.306396	548
-3139.859131	522
-3135.411621	540
-3130.964355	566
-3126.516846	578
-3122.069580	558
-3117.622070	549
-3113.174805	563
-3108.727295	589
-3104.280029	572
-3099.832520	564
-3095.385254	520
-3090.937744	537
-3086.490479	568
-3082.042969	570
-3077.595703	581
-3073.148193	602
-3068.700928	589
-3064.253418	606
-3059.806152	563
-3055.358643	576
-3050.911133	612
-3046.463867	633
-3042.016357	658
-3037.569092	668
-3033.121582	634
-3028.674316	646
-3024.226807	635
-3019.779541	615
-3015.332031	596
-3010.884766	607
-3006.437256	642
-3001.989990	659
-2997.542480	679
-2993.095215	659
-2988.647705	645
-2984.200439	688
-2979.752930	683
-2975.305664	693
-2970.858154	696
-2966.410889	693
-2961.963379	700
-2957.516113	708
-2953.068604	695
-2948.621338	708
-2944.173828	699
-2939.726563	698
-2935.279053	721
-2930.831543	690
-2926.384277	650
-2921.936768	633
-2917.489502	683
-2913.041992	737
-2908.594727	724
-2904.147217	708
-2899.699951	723
-2895.252441	723
-2890.805176	752
-2886.357666	722
-2881.910400	703
-2877.462891	747
-2873.015625	751
-2868.568115	746
-2864.120850	737
-2859.673340	775
-2855.226074	786
-2850.778564	781
-2846.331299	767
-2841.883789	767
-2837.436523	791
-2832.989014	814
-2828.541748	788
-2824.094238	766
-2819.646729	777
-2815.199463	793
-2810.751953	771
-2806.304688	785
-2801.857178	798
-2797.409912	785
-2792.962402	778
-2788.515137	783
-2784.067627	817
-2779.620361	870
-2775.172852	849
-2770.725586	809
-2766.278076	817
-2761.830811	794
-2757.383301	800
-2752.936035	840
-2748.488525	865
-2744.041260	837
-2739.593750	872
-2735.146484	912
-2730.698975	877
-2726.251709	838
-2721.804199	855
-2717.356934	911
-2712.909424	929
-2708.461914	903
-2704.014648	897
-2699.567139	922
-2695.119873	871
-2690.672363	894
-2686.225098	949
-2681.777588	938
-2677.330322	934
-2672.882813	919
-2668.435547	919
-2663.988037	917
-2659.540771	896
-2655.093262	878
-2650.645996	905
-2646.198486	974
-2641.751221	983
-2637.303711	948
-2632.856445	960
-2628.408936	977
-2623.961670	954
-2619.514160	993
-2615.066895	987
-2610.619385	981
-2606.172119	1000
-2601.724609	955
-2597.277100	983
-2592.829834	971
-2588.382324	977
-2583.935059	1013
-2579.487549	994
-2575.040283	1008
-2570.592773	971
-2566.145508	927
-2561.697998	1010
-2557.250732	1029
-2552.803223	1016
-2548.355957	1015
-2543.908447	1015
-2539.461182	1012
-2535.013672	1043
-2530.566406	1052
-2526.118896	1040
-2521.671631	996
-2517.224121	1005
-2512.776855	1078
-2508.329346	1079
-2503.882080	1069
-2499.434570	1145
-2494.987305	1146
-2490.539795	1123
-2486.092285	1016
-2481.645020	1011
-2477.197510	1054
-2472.750244	1072
-2468.302734	1078
-2463.855469	1086
-2459.407959	1092
-2454.960693	1083
-2450.513184	1090
-2446.065918	1094
-2441.618408	1119
-2437.171143	1099
-2432.723633	1017
-2428.276367	959
-2423.828857	1030
-2419.381592	1068
-2414.934082	1113
-2410.486816	1074
-2406.039307	1044
-2401.592041	1055
-2397.144531	1042
-2392.697266	1033
-2388.249756	1042
-2383.802490	1029
-2379.354980	993
-2374.907715	998
-2370.460205	1031
-2366.012695	1015
-2361.565430	1036
-2357.117920	1059
-2352.670654	1057
-2348.223145	1081
-2343.775879	1101
-2339.328369	1100
-2334.881104	1067
-2330.433594	1052
-2325.986328	1053
-2321.538818	1067
-2317.091553	1079
-2312.644043	1032
-2308.196777	1019
-2303.749268	1104
-2299.302002	1113
-2294.854492	1054
-2290.407227	1075
-2285.959717	1045
-2281.512451	1096
-2277.064941	1067
-2272.617676	1013
-2268.170166	1077
-2263.722900	1096
-2259.275391	1056
-2254.827881	1056
-2250.380615	1024
-2245.933105	1043
-2241.485840	1093
-2237.038330	1022
-2232.591064	964
-2228.143555	988
-2223.696289	1034
-2219.248779	1080
-2214.801514	1103
-2210.354004	1104
-2205.906738	1078
-2201.459229	1086
-2197.011963	1100
-2192.564453	1070
-2188.117188	1054
-2183.669678	1079
-2179.222412	1088
-2174.774902	1032
-2170.327637	1025
-2165.880127	1114
-2161.432861	1167
-2156.985352	1106
-2152.538086	1044
-2148.090576	1014
-2143.643066	1054
-2139.195801	1068
-2134.748291	1081
-2130.301025	1085
-2125.853516	1058
-2121.406250	1071
-2116.958740	1068
-2112.511475	1041
-2108.063965	1038
-2103.616699	1107
-2099.169189	1124
-2094.721924	1012
-2090.274414	1051
-2085.827148	1125
-2081.379639	1113
-2076.932373	1043
-2072.484863	1038
-2068.037598	1100
-2063.590088	1082
-2059.142822	1089
-2054.695313	1101
-2050.248047	1080
-2045.800537	1095
-2041.353149	1088
-2036.905762	1068
-2032.458374	1057
-2028.010986	1006
-2023.563599	992
-2019.116211	1051
-2014.668823	1070
-2010.221436	1091
-2005.774048	1068
-2001.326660	986
-1996.879272	987
-1992.431885	1004
-1987.984497	1028
-1983.537109	1034
-1979.089722	1057
-1974.642212	1074
-1970.194824	1057
-1965.747437	1054
-1961.300049	1077
-1956.852661	1086
-1952.405273	1102
-1947.957886	1030
-1943.510498	1025
-1939.063110	981
-1934.615723	1013
-1930.168335	1098
-1925.720947	1073
-1921.273560	1023
-1916.826172	1016
-1912.378784	1042
-1907.931396	1070
-1903.484009	1049
-1899.036621	1078
-1894.589233	1077
-1890.141846	1076
-1885.694458	1082
-1881.247070	1053
-1876.799683	1032
-1872.352295	1043
-1867.904907	1061
-1863.457397	1110
-1859.010010	1105
-1854.562622	1078
-1850.115234	1074
-1845.667847	1078
-1841.220459	1096
-1836.773071	1058
-1832.325684	1006
-1827.878296	988
-1823.430908	1041
-1818.983521	1056
-1814.536133	1075
-1810.088745	1066
-1805.641357	1084
-1801.193970	1086
-1796.746582	1061
-1792.299194	1058
-1787.851807	1044
-1783.404419	1060
-1778.957031	1099
-1774.509644	1119
-1770.062256	1088
-1765.614868	1110
-1761.167480	1105
-1756.720093	1092
-1752.272705	1098
-1747.825195	1147
-1743.377808	1145
-1738.930420	1050
-1734.483032	985
-1730.035645	1039
-1725.588257	1083
-1721.140869	1045
-1716.693481	1049
-1712.246094	1073
-1707.798706	1051
-1703.351318	1086
-1698.903931	1100
-1694.456543	1034
-1690.009155	1038
-1685.561768	1038
-1681.114380	1044
-1676.666992	1101
-1672.219604	1093
-1667.772217	1031
-1663.324829	1052
-1658.877441	1035
-1654.430054	1074
-1649.982666	1093
-1645.535278	1069
-1641.087891	1012
-1636.640381	1071
-1632.192993	1114
-1627.745605	1045
-1623.298218	986
-1618.850830	1012
-1614.403442	1047
-1609.956055	1051
-1605.508667	1030
-1601.061279	1021
-1596.613892	1042
-1592.166504	1042
-1587.719116	1073
-1583.271729	1046
-1578.824341	1037
-1574.376953	1027
-1569.929565	1056
-1565.482178	1092
-1561.034790	1071
-1556.587402	1043
-1552.140015	978
-1547.692627	967
-1543.245239	1050
-1538.797852	1066
-1534.350464	1075
-1529.903076	1107
-1525.455566	1122
-1521.008179	1073
-1516.560791	1021
-1512.113403	1075
-1507.666016	1074
-1503.218628	1023
-1498.771240	1004
-1494.323853	1018
-1489.876465	1054
-1485.429077	1067
-1480.981689	1076
-1476.534302	1085
-1472.086914	1071
-1467.639526	1079
-1463.192139	1109
-1458.744751	1121
-1454.297363	1111
-1449.849976	1136
-1445.402588	1144
-1440.955200	1106
-1436.507813	1099
-1432.060425	1085
-1427.613037	1081
-1423.165649	1059
-1418.718262	1055
-1414.270874	1060
-1409.823364	1030
-1405.375977	1038
-1400.928589	1115
-1396.481201	1121
-1392.033813	1057
-1387.586426	1037
-1383.139038	1049
-1378.691650	1050
-1374.244263	1039
-1369.796875	1066
-1365.349487	1081
-1360.902100	1013
-1356.454712	1039
-1352.007324	1063
-1347.559937	1108
-1343.112549	1102
-1338.665161	1060
-1334.217773	1056
-1329.770386	1047
-1325.322998	1065
-1320.875610	1044
-1316.428223	1038
-1311.980835	1059
-1307.533447	1111
-1303.086060	1107
-1298.638550	1117
-1294.191162	1091
-1289.743774	1042
-1285.296387	1067
-1280.848999	1096
-1276.401611	1091
-1271.954224	1071
-1267.506836	1090
-1263.059448	1085
-1258.612061	1114
-1254.164673	1121
-1249.717285	1124
-1245.269897	1067
-1240.822510	1039
-1236.375122	1036
-1231.927734	1096
-1227.480347	1064
-1223.032959	1068
-1218.585571	1071
-1214.138184	1102
-1209.690796	1115
-1205.243408	1048
-1200.796021	1027
-1196.348633	1033
-1191.901245	1045
-1187.453857	1070
-1183.006348	1121
-1178.558960	1059
-1174.111572	1060
-1169.664185	1097
-1165.216797	1088
-1160.769409	1100
-1156.322021	1056
-1151.874634	1030
-1147.427246	1092
-1142.979858	1120
-1138.532471	1079
-1134.085083	1109
-1129.637695	1135
-1125.190308	1083
-1120.742920	1024
-1116.295532	1041
-1111.848145	1068
-1107.400757	1080
-1102.953369	1070
-1098.505981	1082
-1094.058594	1114
-1089.611206	1069
-1085.163818	1059
-1080.716431	1084
-1076.269043	1067
-1071.821533	1046
-1067.374146	1042
-1062.926758	1028
-1058.479370	1072
-1054.031982	1095
-1049.584595	1091
-1045.137207	1078
-1040.689819	1076
-1036.242432	1060
-1031.795044	1042
-1027.347656	1069
-1022.900269	1084
-1018.452881	1091
-1014.005493	1072
-1009.558105	1081
-1005.110718	1094
-1000.663330	1064
-996.215942	1062
-991.768555	1085
-987.321106	1108
-982.873718	1118
-978.426331	1098
-973.978943	1102
-969.531555	1097
-965.084167	1076
-960.636780	1062
-956.189392	1084
-951.742004	1115
-947.294617	1093
-942.847229	1051
-938.399841	1072
-933.952454	1087
-929.505005	1045
-925.057617	1064
-920.610229	1087
-916.162842	1044
-911.715454	1005
-907.268066	1047
-902.820679	1071
-898.373291	1092
-893.925903	1117
-889.478516	1073
-885.031128	1063
-880.583740	1089
-876.136353	1068
-871.688904	1011
-867.241516	1067
-862.794128	1148
-858.346741	1138
-853.899353	1045
-849.451965	1006
-845.004578	1015
-840.557190	1053
-836.109802	1048
-831.662415	1032
-827.215027	1033
-822.767639	1009
-818.320190	1053
-813.872803	1086
-809.425415	1081
-804.978027	1104
-800.530640	1086
-796.083252	1021
-791.635864	1044
-787.188477	1101
-782.741089	1068
-778.293701	997
-773.846313	1023
-769.398926	1061
-764.951538	1075
-760.504089	1088
-756.056702	1094
-751.609314	1025
-747.161926	1034
-742.714539	1061
-738.267151	1045
-733.819763	1097
-729.372375	1060
-724.924988	1052
-720.477600	1058
-716.030212	1115
-711.582825	1101
-707.135437	1090
-702.687988	1077
-698.240601	1066
-693.793213	1096
-689.345825	1123
-684.898438	1096
-680.451050	1058
-676.003662	1008
-671.556274	989
-667.108887	1024
-662.661499	1068
-658.214111	1106
-653.766724	1102
-649.319275	1077
-644.871887	1140
-640.424500	1103
-635.977112	1059
-631.529724	1061
-627.082336	1052
-622.634949	1065
-618.187561	1072
-613.740173	1162
-609.292786	1125
-604.845398	1058
-600.398010	1088
-595.950623	1059
-591.503174	1093
-587.055786	1085
-582.608398	1065
-578.161011	1041
-573.713623	1058
-569.266235	1060
-564.818848	1070
-560.371460	1119
-555.924072	1131
-551.476685	1108
-547.029297	1068
-542.581909	1086
-538.134521	1139
-533.687073	1175
-529.239685	1128
-524.792297	1048
-520.344910	1027
-515.897522	1047
-511.450134	1050
-507.002747	1093
-502.555359	1105
-498.107971	1052
-493.660553	1061
-489.213165	1109
-484.765778	1062
-480.318390	1103
-475.871002	1146
-471.423615	1096
-466.976227	1065
-462.528809	1045
-458.081421	1043
-453.634033	1082
-449.186646	1121
-444.739258	1122
-440.291870	1099
-435.844452	1093
-431.397064	1106
-426.949677	1114
-422.502289	1094
-418.054901	1074
-413.607513	1095
-409.160095	1081
-404.712708	1133
-400.265320	1120
-395.817932	1100
-391.370544	1103
-386.923157	1135
-382.475769	1123
-378.028351	1111
-373.580963	1120
-369.133575	1089
-364.686188	1071
-360.238800	1085
-355.791412	1133
-351.343994	1149
-346.896606	1126
-342.449219	1138
-338.001831	1115
-333.554443	1084
-329.107056	1050
-324.659637	1065
-320.212250	1094
-315.764862	1155
-311.317474	1112
-306.870087	1090
-302.422699	1106
-297.975311	1088
-293.527893	1058
-289.080505	1077
-284.633118	1145
-280.185730	1152
-275.738342	1104
-271.290955	1083
-266.843536	1068
-262.396149	1095
-257.948761	1078
-253.501373	1068
-249.053986	1080
-244.606583	1119
-240.159195	1145
-235.711807	1109
-231.264404	1098
-226.817017	1079
-222.369629	1115
-217.922226	1194
-213.474838	1205
-209.027451	1150
-204.580048	1184
-200.132660	1165
-195.685272	1146
-191.237885	1178
-186.790482	1177
-182.343094	1149
-177.895706	1200
-173.448303	1203
-169.000916	1206
-164.553528	1268
-160.106125	1298
-155.658737	1274
-151.211349	1226
-146.763947	1250
-142.316559	1361
-137.869171	1406
-133.421768	1388
-128.974380	1439
-124.526993	1475
-120.079597	1529
-115.632202	1586
-111.184814	1670
-106.737419	1703
-102.290024	1725
-97.842636	1890
-93.395241	2027
-88.947853	2231
-84.500458	2555
-80.053062	2924
-75.605675	3299
-71.158279	3780
-66.710884	4294
-62.263496	5058
-57.816101	5978
-53.368710	6849
-48.921318	7460
-44.473927	7896
-40.026531	8242
-35.579140	8498
-31.131748	8753
-26.684355	8978
-22.236963	9239
-17.789570	9319
-13.342177	9329
-8.894785	9389
-4.447392	9523
0.000000	9555
4.447392	9542
8.894785	9551
13.342177	9436
17.789570	9288
22.236963	9013
26.684355	8818
31.131748	8593
35.579140	8254
40.026531	7842
44.473927	7345
48.921318	6861
53.368710	6400
57.816101	5824
62.263496	4955
66.710884	4106
71.158279	3486
75.605675	3052
80.053062	2700
84.500458	2428
88.947853	2172
93.395241	1981
97.842636	1769
102.290024	1619
106.737419	1599
111.184814	1595
115.632202	1536
120.079597	1454
124.526993	1343
128.974380	1322
133.421768	1287
137.869171	1242
142.316559	1275
146.763947	1235
151.211349	1198
155.658737	1274
160.106125	1223
164.553528	1177
169.000916	1208
173.448303	1174
177.895706	1157
182.343094	1145
186.790482	1127
191.237885	1145
195.685272	1175
200.132660	1151
204.580048	1117
209.027451	1149
213.474838	1105
217.922226	1111
222.369629	1155
226.817017	1170
231.264404	1146
235.711807	1159
240.159195	1155
244.606583	1155
249.053986	1115
253.501373	1080
257.948761	1076
262.396149	1080
266.843536	1093
271.290955	1124
275.738342	1076
280.185730	1045
284.633118	1044
289.080505	1134
293.527893	1163
297.975311	1117
302.422699	1111
306.870087	1125
311.317474	1119
315.764862	1115
320.212250	1106
324.659637	1070
329.107056	1101
333.554443	1108
338.001831	1094
342.449219	1071
346.896606	1067
351.343994	1049
355.791412	1096
360.238800	1116
364.686188	1089
369.133575	1065
373.580963	1090
378.028351	1098
382.475769	1078
386.923157	1089
391.370544	1139
395.817932	1102
400.265320	1030
404.712708	1090
409.160095	1120
413.607513	1057
418.054901	1106
422.502289	1153
426.949677	1105
431.397064	1043
435.844452	1042
440.291870	1119
444.739258	1124
449.186646	1093
453.634033	1066
458.081421	1074
462.528809	1096
466.976227	1095
471.423615	1061
475.871002	1068
480.318390	1081
484.765778	1051
489.213165	1018
493.660553	1061
498.107971	1076
502.555359	1085
507.002747	1091
511.450134	1099
515.897522	1083
520.344910	1071
524.792297	1070
529.239685	1061
533.687073	1115
538.134521	1098
542.581909	1059
547.029297	1075
551.476685	1095
555.924072	1085
560.371460	1114
564.818848	1104
569.266235	1023
573.713623	1067
578.161011	1108
582.608398	1083
587.055786	1082
591.503174	1062
595.950623	1058
600.398010	1079
604.845398	1099
609.292786	1093
613.740173	1079
618.187561	1119
622.634949	1154
627.082336	1115
631.529724	1074
635.977112	1022
640.424500	1060
644.871887	1053
649.319275	1026
653.766724	1078
658.214111	1096
662.661499	1066
667.108887	1043
671.556274	1045
676.003662	1108
680.451050	1072
684.898438	1029
689.345825	1028
693.793213	1110
698.240601	1093
702.687988	1060
707.135437	1086
711.582825	1080
716.030212	1051
720.477600	1053
724.924988	1076
729.372375	1102
733.819763	1064
738.267151	1062
742.714539	1056
747.161926	1091
751.609314	1090
756.056702	1079
760.504089	1097
764.951538	1128
769.398926	1088
773.846313	1070
778.293701	1031
782.741089	974
787.188477	1035
791.635864	1091
796.083252	1096
800.530640	1089
804.978027	1075
809.425415	1057
813.872803	1077
818.320190	1069
822.767639	1056
827.215027	1034
831.662415	1096
836.109802	1120
840.557190	1097
845.004578	1134
849.451965	1098
853.899353	1070
858.346741	1124
862.794128	1063
867.241516	1072
871.688904	1162
876.136353	1139
880.583740	1054
885.031128	1076
889.478516	1130
893.925903	1126
898.373291	1072
902.820679	1072
907.268066	1035
911.715454	1013
916.162842	995
920.610229	1026
925.057617	1080
929.505005	1080
933.952454	1077
938.399841	1075
942.847229	1062
947.294617	1031
951.742004	1032
956.189392	1099
960.636780	1134
965.084167	1134
969.531555	1134
973.978943	1096
978.426331	1038
982.873718	1027
987.321106	1062
991.768555	1014
996.215942	1028
1000.663330	1074
1005.110718	1086
1009.558105	1065
1014.005493	1083
1018.452881	1106
1022.900269	1115
1027.347656	1139
1031.795044	1149
1036.242432	1083
1040.689819	1104
1045.137207	1142
1049.584595	1044
1054.031982	1087
1058.479370	1076
1062.926758	1049
1067.374146	1082
1071.821533	1065
1076.269043	1053
1080.716431	1102
1085.163818	1071
1089.611206	1059
1094.058594	1085
1098.505981	1145
1102.953369	1147
1107.400757	1100
1111.848145	1073
1116.295532	1071
1120.742920	1114
1125.190308	1138
1129.637695	1093
1134.085083	1078
1138.532471	1113
1142.979858	1077
1147.427246	1078
1151.874634	1105
1156.322021	1138
1160.769409	1106
1165.216797	1102
1169.664185	1103
1174.111572	1047
1178.558960	1077
1183.006348	1059
1187.453857	1083
1191.901245	1082
1196.348633	1093
1200.796021	1107
1205.243408	1114
1209.690796	1103
1214.138184	1058
1218.585571	1103
1223.032959	1072
1227.480347	1047
1231.927734	1070
1236.375122	1060
1240.822510	1054
1245.269897	1083
1249.717285	1090
1254.164673	1112
1258.612061	1097
1263.059448	1071
1267.506836	1052
1271.954224	1119
1276.401611	1128
1280.848999	1102
1285.296387	1107
1289.743774	1101
1294.191162	1093
1298.638550	1103
1303.086060	1121
1307.533447	1119
1311.980835	1103
1316.428223	1090
1320.875610	1072
1325.322998	1044
1329.770386	1027
1334.217773	1032
1338.665161	1061
1343.112549	1117
1347.559937	1094
1352.007324	1036
1356.454712	1052
1360.902100	1068
1365.349487	1104
1369.796875	1138
1374.244263	1106
1378.691650	1082
1383.139038	1124
1387.586426	1152
1392.033813	1167
1396.481201	1104
1400.928589	1070
1405.375977	1096
1409.823364	1104
1414.270874	1100
1418.718262	1073
1423.165649	1077
1427.613037	1087
1432.060425	1064
1436.507813	1107
1440.955200	1151
1445.402588	1186
1449.849976	1191
1454.297363	1141
1458.744751	1107
1463.192139	1185
1467.639526	1210
1472.086914	1100
1476.534302	1061
1480.981689	1057
1485.429077	1122
1489.876465	1103
1494.323853	1048
1498.771240	1102
1503.218628	1112
1507.666016	1078
1512.113403	1075
1516.560791	1116
1521.008179	1162
1525.455566	1106
1529.903076	1139
1534.350464	1138
1538.797852	1028
1543.245239	1084
1547.692627	1171
1552.140015	1141
1556.587402	1109
1561.034790	1155
1565.482178	1120
1569.929565	1065
1574.376953	1047
1578.824341	1045
1583.271729	1060
1587.719116	1130
1592.166504	1114
1596.613892	1037
1601.061279	1124
1605.508667	1245
1609.956055	1164
1614.403442	1071
1618.850830	1083
1623.298218	1044
1627.745605	1087
1632.192993	1123
1636.640381	1100
1641.087891	1127
1645.535278	1166
1649.982666	1159
1654.430054	1175
1658.877441	1120
1663.324829	1084
1667.772217	1107
1672.219604	1116
1676.666992	1117
1681.114380	1030
1685.561768	1058
1690.009155	1110
1694.456543	1129
1698.903931	1089
1703.351318	1062
1707.798706	1117
1712.246094	1065
1716.693481	1000
1721.140869	1043
1725.588257	1085
1730.035645	1076
1734.483032	1079
1738.930420	1104
1743.377808	1117
1747.825195	1165
1752.272705	1109
1756.720093	1062
1761.167480	1045
1765.614868	1113
1770.062256	1117
1774.509644	1092
1778.957031	1106
1783.404419	1063
1787.851807	1072
1792.299194	1088
1796.746582	1117
1801.193970	1170
1805.641357	1193
1810.088745	1129
1814.536133	1083
1818.983521	1086
1823.430908	1080
1827.878296	1096
1832.325684	1072
1836.773071	1041
1841.220459	1067
1845.667847	1090
1850.115234	1069
1854.562622	1034
1859.010010	1083
1863.457397	1082
1867.904907	1029
1872.352295	1019
1876.799683	1057
1881.247070	1107
1885.694458	1125
1890.141846	1106
1894.589233	1098
1899.036621	1066
1903.484009	1097
1907.931396	1133
1912.378784	1125
1916.826172	1137
1921.273560	1145
1925.720947	1106
1930.168335	1069
1934.615723	1086
1939.063110	1155
1943.510498	1105
1947.957886	1052
1952.405273	1085
1956.852661	1019
1961.300049	1053
1965.747437	1094
1970.194824	1091
1974.642212	1081
1979.089722	1097
1983.537109	1103
1987.984497	1088
1992.431885	1088
1996.879272	1116
2001.326660	1147
2005.774048	1161
2010.221436	1105
2014.668823	1095
2019.116211	1136
2023.563599	1139
2028.010986	1103
2032.458374	1051
2036.905762	1028
2041.353149	1029
2045.800537	1102
2050.248047	1097
2054.695313	1098
2059.142822	1107
2063.590088	1104
2068.037598	1094
2072.484863	1074
2076.932373	1106
2081.379639	1093
2085.827148	1108
2090.274414	1111
2094.721924	1090
2099.169189	1115
2103.616699	1116
2108.063965	1100
2112.511475	1102
2116.958740	1107
2121.406250	1131
2125.853516	1124
2130.301025	1109
2134.748291	1113
2139.195801	1091
2143.643066	1086
2148.090576	1120
2152.538086	1109
2156.985352	1094
2161.432861	1106
2165.880127	1098
2170.327637	1068
2174.774902	1070
2179.222412	1068
2183.669678	1104
2188.117188	1154
2192.564453	1166
2197.011963	1126
2201.459229	1097
2205.906738	1140
2210.354004	1183
2214.801514	1199
2219.248779	1183
2223.696289	1137
2228.143555	1053
2232.591064	1065
2237.038330	1096
2241.485840	1112
2245.933105	1099
2250.380615	1061
2254.827881	1043
2259.275391	1056
2263.722900	1054
2268.170166	1124
2272.617676	1146
2277.064941	1076
2281.512451	1075
2285.959717	1086
2290.407227	1061
2294.854492	1075
2299.302002	1088
2303.749268	1109
2308.196777	1131
2312.644043	1093
2317.091553	1117
2321.538818	1130
2325.986328	1120
2330.433594	1167
2334.881104	1160
2339.328369	1096
2343.775879	1095
2348.223145	1088
2352.670654	1121
2357.117920	1100
2361.565430	1083
2366.012695	1103
2370.460205	1119
2374.907715	1119
2379.354980	1130
2383.802490	1120
2388.249756	1078
2392.697266	1078
2397.144531	1058
2401.592041	1070
2406.039307	1117
2410.486816	1126
2414.934082	1130
2419.381592	1091
2423.828857	1084
2428.276367	1115
2432.723633	1179
2437.171143	1171
2441.618408	1089
2446.065918	1068
2450.513184	1127
2454.960693	1140
2459.407959	1137
2463.855469	1134
2468.302734	1150
2472.750244	1142
2477.197510	1108
2481.645020	1087
2486.092285	1122
2490.539795	1130
2494.987305	1162
2499.434570	1152
2503.882080	1106
2508.329346	1087
2512.776855	1112
2517.224121	1081
2521.671631	1059
2526.118896	1034
2530.566406	1055
2535.013672	1122
2539.461182	1158
2543.908447	1102
2548.355957	1103
2552.803223	1106
2557.250732	1088
2561.697998	1082
2566.145508	1115
2570.592773	1133
2575.040283	1087
2579.487549	1102
2583.935059	1120
2588.382324	1086
2592.829834	1080
2597.277100	1090
2601.724609	1085
2606.172119	1103
2610.619385	1089
2615.066895	1049
2619.514160	1018
2623.961670	1057
2628.408936	1105
2632.856445	1090
2637.303711	1085
2641.751221	1094
2646.198486	1088
2650.645996	1067
2655.093262	1055
2659.540771	1086
2663.988037	1120
2668.435547	1097
2672.882813	1025
2677.330322	1073
2681.777588	1152
2686.225098	1132
2690.672363	1099
2695.119873	1089
2699.567139	1072
2704.014648	1107
2708.461914	1122
2712.909424	1050
2717.356934	1039
2721.804199	1076
2726.251709	1097
2730.698975	1069
2735.146484	1053
2739.593750	1078
2744.041260	1111
2748.488525	1086
2752.936035	1122
2757.383301	1109
2761.830811	1092
2766.278076	1097
2770.725586	1128
2775.172852	1172
2779.620361	1127
2784.067627	1111
2788.515137	1059
2792.962402	1028
2797.409912	1056
2801.857178	1041
2806.304688	1055
2810.751953	1056
2815.199463	1061
2819.646729	1117
2824.094238	1130
2828.541748	1125
2832.989014	1131
2837.436523	1108
2841.883789	1085
2846.331299	1112
2850.778564	1127
2855.226074	1110
2859.673340	1085
2864.120850	1080
2868.568115	1090
2873.015625	1143
2877.462891	1117
2881.910400	1072
2886.357666	1087
2890.805176	1116
2895.252441	1082
2899.699951	1123
2904.147217	1132
2908.594727	1148
2913.041992	1099
2917.489502	1097
2921.936768	1106
2926.384277	1079
2930.831543	1096
2935.279053	1037
2939.726563	980
2944.173828	1069
2948.621338	1092
2953.068604	1073
2957.516113	1119
2961.963379	1105
2966.410889	1087
2970.858154	1084
2975.305664	1092
2979.752930	1132
2984.200439	1133
2988.647705	1154
2993.095215	1180
2997.542480	1106
3001.989990	1101
3006.437256	1189
3010.884766	1200
3015.332031	1150
3019.779541	1134
3024.226807	1147
3028.674316	1100
3033.121582	1043
3037.569092	1090
3042.016357	1109
3046.463867	1099
3050.911133	1107
3055.358643	1090
3059.806152	1119
3064.253418	1136
3068.700928	1162
3073.148193	1179
3077.595703	1140
3082.042969	1153
3086.490479	1163
3090.937744	1152
3095.385254	1136
3099.832520	1121
3104.280029	1122
3108.727295	1131
3113.174805	1123
3117.622070	1081
3122.069580	1033
3126.516846	1050
3130.964355	1087
3135.411621	1094
3139.859131	1052
3144.306396	1084
3148.753906	1099
3153.201172	1103
3157.648682	1119
3162.095947	1097
3166.543457	1114
3170.990967	1136
3175.438232	1135
3179.885742	1106
3184.333008	1107
3188.780518	1143
3193.227783	1157
3197.675293	1128
3202.122559	1090
3206.570068	1076
3211.017334	1091
3215.464844	1132
3219.912109	1129
3224.359619	1086
3228.806885	1070
3233.254395	1108
3237.701660	1149
3242.149170	1128
3246.596436	1140
3251.043945	1145
3255.491211	1145
3259.938721	1114
3264.385986	1099
3268.833496	1132
3273.280762	1122
3277.728271	1073
3282.175781	1065
3286.623047	1077
3291.070557	1102
3295.517822	1146
3299.965332	1184
3304.412598	1203
3308.860107	1153
3313.307373	1078
3317.754883	1039
3322.202148	1057
3326.649658	1065
3331.096924	1080
3335.544434	1083
3339.991699	1102
3344.439209	1125
3348.886475	1148
3353.333984	1122
3357.781250	1110
3362.228760	1097
3366.676025	1121
3371.123535	1142
3375.570801	1092
3380.018311	1086
3384.465576	1142
3388.913086	1135
3393.360596	1156
3397.807861	1146
3402.255371	1077
3406.702637	1089
3411.150146	1147
3415.597412	1122
3420.044922	1120
3424.492188	1135
3428.939697	1132
3433.386963	1161
3437.834473	1147
3442.281738	1155
3446.729248	1086
3451.176514	1072
3455.624023	1091
3460.071289	1099
3464.518799	1142
3468.966064	1134
3473.413574	1113
3477.860840	1135
3482.308350	1141
3486.755615	1117
3491.203125	1100
3495.650391	1068
3500.097900	1051
3504.545410	1065
3508.992676	1080
3513.440186	1100
3517.887451	1132
3522.334961	1104
3526.782227	1130
3531.229736	1148
3535.677002	1117
3540.124512	1140
3544.571777	1152
3549.019287	1090
3553.466553	1044
3557.914063	1071
3562.361328	1119
3566.808838	1113
3571.256104	1123
3575.703613	1096
3580.150879	1081
3584.598389	1093
3589.045654	1101
3593.493164	1123
3597.940430	1103
3602.387939	1112
3606.835205	1120
3611.282715	1149
3615.729980	1165
3620.177490	1105
3624.625000	1099
3629.072266	1127
3633.519775	1163
3637.967041	1193
3642.414551	1176
3646.861816	1164
3651.309326	1159
3655.756592	1179
3660.204102	1228
3664.651367	1237
3669.098877	1183
3673.546143	1172
3677.993652	1195
3682.440918	1177
3686.888428	1191
3691.335693	1240
3695.783203	1263
3700.230469	1232
3704.677979	1204
3709.125244	1225
3713.572754	1262
3718.020020	1258
3722.467529	1252
3726.914795	1260
3731.362305	1344
3735.809814	1431
3740.257080	1410
3744.704590	1440
3749.151855	1463
3753.599365	1471
3758.046631	1441
3762.494141	1464
3766.941406	1503
3771.388916	1486
3775.836182	1554
3780.283691	1584
3784.730957	1533
3789.178467	1516
3793.625732	1606
3798.073242	1687
3802.520508	1667
3806.968018	1647
3811.415283	1665
3815.862793	1688
3820.310059	1806
3824.757568	1901
3829.204834	1862
3833.652344	1849
3838.099609	1862
3842.547119	1875
3846.994629	1901
3851.441895	1919
3855.889404	1879
3860.336670	1922
3864.784180	2042
3869.231445	2068
3873.678955	2020
3878.126221	2044
3882.573730	2162
3887.020996	2289
3891.468506	2391
3895.915771	2359
3900.363281	2347
3904.810547	2396
3909.258057	2441
3913.705322	2455
3918.152832	2461
3922.600098	2608
3927.047607	2663
3931.494873	2607
3935.942383	2559
3940.389648	2559
3944.837158	2529
3949.284424	2525
3953.731934	2573
3958.179443	2655
3962.626709	2633
3967.074219	2560
3971.521484	2532
3975.968994	2544
3980.416260	2557
3984.863770	2556
3989.311035	2715
3993.758545	2783
3998.205811	2733
4002.653320	2635
4007.100586	2681
4011.548096	2714
4015.995361	2660
4020.442871	2784
4024.890137	2827
4029.337646	2733
4033.784912	2620
4038.232422	2672
4042.679688	2747
4047.127197	2754
4051.574463	2735
4056.021973	2611
4060.469238	2573
4064.916748	2592
4069.364014	2609
4073.811523	2686
4078.259033	2665
4082.706299	2567
4087.153809	2476
4091.601074	2412
4096.048340	2516
4100.496094	2596
4104.943359	2574
4109.390625	2576
4113.837891	2651
4118.285645	2604
4122.732910	2555
4127.180176	2524
4131.627441	2498
4136.075195	2556
4140.522461	2499
4144.969727	2470
4149.416992	2500
4153.864746	2464
4158.312012	2507
4162.759277	2530
4167.206543	2497
4171.654297	2502
4176.101563	2536
4180.548828	2555
4184.996582	2567
4189.443848	2575
4193.891113	2663
4198.338379	2682
4202.786133	2583
4207.233398	2588
4211.680664	2630
4216.127930	2678
4220.575684	2621
4225.022949	2575
4229.470215	2647
4233.917480	2617
4238.365234	2567
4242.812500	2568
4247.259766	2686
4251.707031	2701
4256.154785	2666
4260.602051	2626
4265.049316	2687
4269.496582	2666
4273.944336	2557
4278.391602	2559
4282.838867	2633
4287.286133	2693
4291.733887	2731
4296.181152	2738
4300.628418	2737
4305.076172	2779
4309.523438	2734
4313.970703	2657
4318.417969	2663
4322.865723	2639
4327.312988	2694
4331.760254	2797
4336.207520	2764
4340.655273	2743
4345.102539	2765
4349.549805	2829
4353.997070	2823
4358.444824	2815
4362.892090	2840
4367.339355	2843
4371.786621	2908
4376.234375	2915
4380.681641	2956
4385.128906	3023
4389.576172	2934
4394.023926	2880
4398.471191	2904
4402.918457	2983
4407.365723	3025
4411.813477	3081
4416.260742	3090
4420.708008	3141
4425.155762	3136
4429.603027	3116
4434.050293	3111
4438.497559	3108
4442.945313	3097
4447.392578	3085
4451.839844	3134
4456.287109	3152
4460.734863	3146
4465.182129	3061
4469.629395	3072
4474.076660	3174
4478.524414	3244
4482.971680	3286
4487.418945	3236
4491.866211	3186
4496.313965	3181
4500.761230	3166
4505.208496	3163
4509.655762	3213
4514.103516	3166
4518.550781	3127
4522.998047	3120
4527.445801	3084
4531.893066	3206
4536.340332	3276
4540.787598	3241
4545.235352	3273
4549.682617	3252
4554.129883	3269
4558.577148	3269
4563.024902	3245
4567.472168	3259
4571.919434	3253
4576.366699	3302
4580.814453	3277
4585.261719	3273
4589.708984	3332
4594.156250	3350
4598.604004	3366
4603.051270	3393
4607.498535	3327
4611.945801	3334
4616.393555	3405
4620.840820	3385
4625.288086	3333
4629.735352	3348
4634.183105	3346
4638.630371	3303
4643.077637	3375
4647.525391	3577
4651.972656	3661
4656.419922	3743
4660.867188	3685
4665.314941	3734
4669.762207	3860
4674.209473	3857
4678.656738	3841
4683.104492	3758
4687.551758	3743
4691.999023	3857
4696.446289	4004
4700.894043	4059
4705.341309	4210
4709.788574	4263
4714.235840	4246
4718.683594	4328
4723.130859	4368
4727.578125	4372
4732.025391	4468
4736.473145	4492
4740.920410	4446
4745.367676	4427
4749.815430	4478
4754.262695	4539
4758.709961	4712
4763.157227	4766
4767.604980	4777
4772.052246	4827
4776.499512	4812
4780.946777	4838
4785.394531	4831
4789.841797	4959
4794.289063	5039
4798.736328	4984
4803.184082	4987
4807.631348	5009
4812.078613	5167
4816.525879	5218
4820.973633	5054
4825.420898	5000
4829.868164	5048
4834.315430	5053
4838.763184	5001
4843.210449	5058
4847.657715	5000
4852.104980	4906
4856.552734	4987
4861.000000	4958
4865.447266	4959
4869.895020	4974
4874.342285	5029
4878.789551	5061
4883.236816	5064
4887.684570	5083
4892.131836	5133
4896.579102	5166
4901.026367	5156
4905.474121	5179
4909.921387	5214
4914.368652	5184
4918.815918	5096
4923.263672	5109
4927.710938	5284
4932.158203	5281
4936.605469	5216
4941.053223	5241
4945.500488	5210
4949.947754	5177
4954.395020	5207
4958.842773	5150
4963.290039	5143
4967.737305	5183
4972.184570	5144
4976.632324	5230
4981.079590	5300
4985.526855	5234
4989.974609	5197
4994.421875	5125
4998.869141	5118
5003.316406	5200
5007.764160	5247
5012.211426	5219
5016.658691	5229
5021.105957	5188
5025.553711	5207
5030.000977	5147
5034.448242	5136
5038.895508	5240
5043.343262	5190
5047.790527	5164
5052.237793	5138
5056.685059	5243
5061.132813	5278
5065.580078	5249
5070.027344	5212
5074.474609	5162
5078.922363	5127
5083.369629	5173
5087.816895	5206
5092.264648	5173
5096.711914	5142
5101.159180	5146
5105.606445	5135
5110.054199	5166
5114.501465	5209
5118.948730	5263
5123.395996	5249
5127.843750	5207
5132.291016	5213
5136.738281	5106
5141.185547	5060
5145.633301	5036
5150.080566	5033
5154.527832	4980
5158.975098	4935
5163.422852	5028
5167.870117	5033
5172.317383	5007
5176.764648	4969
5181.212402	5031
5185.659668	5017
5190.106934	4931
5194.554199	4834
5199.001953	4861
5203.449219	4830
5207.896484	4834
5212.344238	4874
5216.791504	4772
5221.238770	4833
5225.686035	4924
5230.133789	4916
5234.581055	4856
5239.028320	4820
5243.475586	4790
5247.923340	4766
5252.370605	4736
5256.817871	4735
5261.265137	4733
5265.712891	4743
5270.160156	4774
5274.607422	4698
5279.054688	4712
5283.502441	4673
5287.949707	4604
5292.396973	4576
5296.844238	4582
5301.291992	4544
5305.739258	4576
5310.186523	4608
5314.634277	4646
5319.081543	4562
5323.528809	4444
5327.976074	4467
5332.423828	4526
5336.871094	4572
5341.318359	4449
5345.765625	4342
5350.213379	4338
5354.660645	4306
5359.107910	4356
5363.555176	4393
5368.002930	4367
5372.450195	4338
5376.897461	4273
5381.344727	4292
5385.792480	4249
5390.239746	4245
5394.687012	4301
5399.134277	4286
5403.582031	4142
5408.029297	4058
5412.476563	4112
5416.923828	4249
5421.371582	4249
5425.818848	4207
5430.266113	4223
5434.713867	4206
5439.161133	4134
5443.608398	4201
5448.055664	4199
5452.503418	4201
5456.950684	4138
5461.397949	4190
5465.845215	4242
5470.292969	4158
5474.740234	4067
5479.187500	3966
5483.634766	3898
5488.082520	4014
5492.529785	4132
5496.977051	4125
5501.424316	4119
5505.872070	4043
5510.319336	3966
5514.766602	3976
5519.213867	3909
5523.661621	3904
5528.108887	4018
5532.556152	4054
5537.003418	4023
5541.451172	3969
5545.898438	3988
5550.345703	3997
5554.793457	4020
5559.240723	4063
5563.687988	4002
5568.135254	3836
5572.583008	3902
5577.030273	4031
5581.477539	3914
5585.924805	3909
5590.372559	3947
5594.819824	3947
5599.267090	3936
5603.714355	3792
5608.162109	3735
5612.609375	3724
5617.056641	3756
5621.503906	3802
5625.951660	3869
5630.398926	3873
5634.846191	3834
5639.293457	3780
5643.741211	3694
5648.188477	3659
5652.635742	3720
5657.083496	3770
5661.530762	3795
5665.978027	3726
5670.425293	3707
5674.873047	3726
5679.320313	3740
5683.767578	3841
5688.214844	3739
5692.662598	3615
5697.109863	3690
5701.557129	3767
5706.004395	3759
5710.452148	3703
5714.899414	3678
5719.346680	3634
5723.793945	3642
5728.241699	3625
5732.688965	3563
5737.136230	3692
5741.583496	3712
5746.031250	3607
5750.478516	3701
5754.925781	3679
5759.373047	3615
5763.820801	3696
5768.268066	3629
5772.715332	3761
5777.163086	3823
5781.610352	3722
5786.057617	3760
5790.504883	3719
5794.952637	3696
5799.399902	3716
5803.847168	3732
5808.294434	3838
5812.742188	3907
5817.189453	3986
5821.636719	3850
5826.083984	3789
5830.531738	3905
5834.979004	3941
5839.426270	3894
5843.873535	3915
5848.321289	3955
5852.768555	4041
5857.215820	4038
5861.663086	3966
5866.110840	4009
5870.558105	4042
5875.005371	4014
5879.453125	3970
5883.900391	3976
5888.347656	3954
5892.794922	3872
5897.242676	3845
5901.689941	3775
5906.137207	3771
5910.584473	3787
5915.032227	3695
5919.479492	3767
5923.926758	3790
5928.374023	3801
5932.821777	3813
5937.269043	3837
5941.716309	3817
5946.163574	3780
5950.611328	3837
5955.058594	3827
5959.505859	3701
5963.953125	3733
5968.400879	3780
5972.848145	3775
5977.295410	3630
5981.742676	3553
5986.190430	3634
5990.637695	3719
5995.084961	3662
5999.532715	3603
6003.979980	3523
6008.427246	3536
6012.874512	3593
6017.322266	3619
6021.769531	3602
6026.216797	3643
6030.664063	3620
6035.111816	3595
6039.559082	3617
6044.006348	3535
6048.453613	3438
6052.901367	3543
6057.348633	3510
6061.795898	3444
6066.243164	3504
6070.690918	3503
6075.138184	3521
6079.585449	3495
6084.032715	3489
6088.480469	3512
6092.927734	3542
6097.375000	3443
6101.822266	3419
6106.270020	3476
6110.717285	3502
6115.164551	3314
6119.612305	3271
6124.059570	3302
6128.506836	3217
6132.954102	3238
6137.401855	3199
6141.849121	3090
6146.296387	3120
6150.743652	3154
6155.191406	3174
6159.638672	3178
6164.085938	3072
6168.533203	3075
6172.980957	3093
6177.428223	3031
6181.875488	3018
6186.322754	3055
6190.770508	3049
6195.217773	3066
6199.665039	3128
6204.112305	2929
6208.560059	2943
6213.007324	3014
6217.454590	2902
6221.902344	2848
6226.349609	2876
6230.796875	2963
6235.244141	2876
6239.691895	2749
6244.139160	2758
6248.586426	2814
6253.033691	2846
6257.481445	2812
6261.928711	2722
6266.375977	2769
6270.823242	2791
6275.270996	2791
6279.718262	2681
6284.165527	2553
6288.612793	2572
6293.060547	2631
6297.507813	2616
6301.955078	2620
6306.402344	2635
6310.850098	2549
6315.297363	2516
6319.744629	2514
6324.191895	2518
6328.639648	2509
6333.086914	2455
6337.534180	2501
6341.981934	2590
6346.429199	2574
6350.876465	2536
6355.323730	2517
6359.771484	2500
6364.218750	2453
6368.666016	2426
6373.113281	2490
6377.561035	2503
6382.008301	2438
6386.455566	2447
6390.902832	2461
6395.350586	2451
6399.797852	2495
6404.245117	2421
6408.692383	2352
6413.140137	2323
6417.587402	2333
6422.034668	2412
6426.481934	2533
6430.929688	2494
6435.376953	2354
6439.824219	2376
6444.271973	2433
6448.719238	2403
6453.166504	2367
6457.613770	2322
6462.061523	2359
6466.508789	2405
6470.956055	2345
6475.403320	2244
6479.851074	2290
6484.298340	2251
6488.745605	2212
6493.192871	2360
6497.640625	2362
6502.087891	2243
6506.535156	2228
6510.982422	2211
6515.430176	2167
6519.877441	2203
6524.324707	2215
6528.771973	2224
6533.219727	2248
6537.666992	2216
6542.114258	2224
6546.561523	2241
6551.009277	2210
6555.456543	2120
6559.903809	2113
6564.351563	2129
6568.798828	2123
6573.246094	2078
6577.693359	2099
6582.141113	2070
6586.588379	2084
6591.035645	2145
6595.482910	2136
6599.930664	2099
6604.377930	2100
6608.825195	2134
6613.272461	2100
6617.720215	2124
6622.167480	2169
6626.614746	2157
6631.062012	2198
6635.509766	2124
6639.957031	2043
6644.404297	2079
6648.851563	2111
6653.299316	2116
6657.746582	2088
6662.193848	2134
6666.641113	2131
6671.088867	2108
6675.536133	2149
6679.983398	2142
6684.431152	1995
6688.878418	2028
6693.325684	2055
6697.772949	2004
6702.220703	1984
6706.667969	1989
6711.115234	2050
6715.562500	1979
6720.010254	2093
6724.457520	2066
6728.904785	2055
6733.352051	2038
6737.799805	2052
6742.247070	2058
6746.694336	1938
6751.141602	1964
6755.589355	1982
6760.036621	2012
6764.483887	2042
6768.931152	2099
6773.378906	2129
6777.826172	2139
6782.273438	2120
6786.721191	2055
6791.168457	1958
6795.615723	1987
6800.062988	2098
6804.510742	2086
6808.958008	2037
6813.405273	2027
6817.852539	2085
6822.300293	2088
6826.747559	2048
6831.194824	1982
6835.642090	2022
6840.089844	2074
6844.537109	2070
6848.984375	2069
6853.431641	2077
6857.879395	2099
6862.326660	2042
6866.773926	1944
6871.221191	1908
6875.668945	1899
6880.116211	1926
6884.563477	1965
6889.010742	1922
6893.458496	1836
6897.905762	1818
6902.353027	1871
6906.800781	1912
6911.248047	1850
6915.695313	1850
6920.142578	1782
6924.590332	1738
6929.037598	1698
6933.484863	1752
6937.932129	1737
6942.379883	1702
6946.827148	1695
6951.274414	1753
6955.721680	1797
6960.169434	1784
6964.616699	1775
6969.063965	1735
6973.511230	1721
6977.958984	1684
6982.406250	1737
6986.853516	1695
6991.300781	1689
6995.748535	1696
7000.195801	1743
7004.643066	1780
7009.090820	1629
7013.538086	1540
7017.985352	1577
7022.432617	1703
7026.880371	1711
7031.327637	1679
7035.774902	1693
7040.222168	1712
7044.669922	1682
7049.117188	1697
7053.564453	1712
7058.011719	1710
7062.459473	1680
7066.906738	1681
7071.354004	1740
7075.801270	1789
7080.249023	1752
7084.696289	1732
7089.143555	1692
7093.590820	1677
7098.038574	1705
7102.485840	1626
7106.933105	1588
7111.380371	1628
7115.828125	1733
7120.275391	1724
7124.722656	1656
7129.170410	1680
7133.617676	1681
7138.064941	1641
7142.512207	1633
7146.959961	1571
7151.407227	1575
7155.854492	1600
7160.301758	1551
7164.749512	1589
7169.196777	1606
7173.644043	1588
7178.091309	1551
7182.539063	1521
7186.986328	1502
7191.433594	1498
7195.880859	1504
7200.328613	1446
7204.775879	1382
7209.223145	1341
7213.670410	1382
7218.118164	1427
7222.565430	1498
7227.012695	1474
7231.459961	1402
7235.907715	1405
7240.354980	1385
7244.802246	1380
7249.250000	1368
7253.697266	1386
7258.144531	1347
7262.591797	1346
7267.039551	1412
7271.486816	1411
7275.934082	1413
7280.381348	1391
7284.829102	1398
7289.276367	1410
7293.723633	1335
7298.170898	1326
7302.618652	1382
7307.065918	1360
7311.513184	1376
7315.960449	1410
7320.408203	1351
7324.855469	1372
7329.302734	1321
7333.750000	1289
7338.197754	1361
7342.645020	1368
7347.092285	1370
7351.540039	1361
7355.987305	1300
7360.434570	1273
7364.881836	1277
7369.329590	1318
7373.776855	1297
7378.224121	1186
7382.671387	1168
7387.119141	1138
7391.566406	1181
7396.013672	1240
7400.460938	1200
7404.908691	1195
7409.355957	1189
7413.803223	1209
7418.250488	1227
7422.698242	1253
7427.145508	1256
7431.592773	1265
7436.040039	1274
7440.487793	1287
7444.935059	1240
7449.382324	1203
7453.829590	1254
7458.277344	1289
7462.724609	1297
7467.171875	1332
7471.619629	1323
7476.066895	1266
7480.514160	1286
7484.961426	1342
7489.409180	1403
7493.856445	1365
7498.303711	1306
7502.750977	1272
7507.198730	1294
7511.645996	1360
7516.093262	1374
7520.540527	1338
7524.988281	1332
7529.435547	1365
7533.882813	1383
7538.330078	1350
7542.777832	1328
7547.225098	1398
7551.672363	1444
7556.119629	1408
7560.567383	1406
7565.014648	1417
7569.461914	1420
7573.909180	1434
7578.356934	1376
7582.804199	1299
7587.251465	1275
7591.699219	1285
7596.146484	1290
7600.593750	1350
7605.041016	1404
7609.488770	1344
7613.936035	1348
7618.383301	1275
7622.830566	1328
7627.278320	1353
7631.725586	1263
7636.172852	1176
7640.620117	1128
7645.067871	1183
7649.515137	1205
7653.962402	1170
7658.409668	1117
7662.857422	1109
7667.304688	1123
7671.751953	1203
7676.199219	1203
7680.646973	1148
7685.094238	1144
7689.541504	1147
7693.989258	1186
7698.436523	1165
7702.883789	1167
7707.331055	1187
7711.778809	1201
7716.226074	1202
7720.673340	1156
7725.120605	1120
7729.568359	1168
7734.015625	1218
7738.462891	1191
7742.910156	1175
7747.357910	1131
7751.805176	1158
7756.252441	1181
7760.699707	1209
7765.147461	1171
7769.594727	1159
7774.041992	1120
7778.489258	1134
7782.937012	1157
7787.384277	1223
7791.831543	1143
7796.278809	1074
7800.726563	1099
7805.173828	1095
7809.621094	1098
7814.068848	1120
7818.516113	1174
7822.963379	1192
7827.410645	1159
7831.858398	1120
7836.305664	1117
7840.752930	1123
7845.200195	1110
7849.647949	1091
7854.095215	1095
7858.542480	1141
7862.989746	1127
7867.437500	1095
7871.884766	1064
7876.332031	1067
7880.779297	1150
7885.227051	1186
7889.674316	1201
7894.121582	1187
7898.568848	1173
7903.016602	1187
7907.463867	1152
7911.911133	1183
7916.358887	1154
7920.806152	1142
7925.253418	1153
7929.700684	1163
7934.148438	1195
7938.595703	1164
7943.042969	1146
7947.490234	1180
7951.937988	1215
7956.385254	1212
7960.832520	1208
7965.279785	1303
7969.727539	1376
7974.174805	1300
7978.622070	1261
7983.069336	1279
7987.517090	1285
7991.964355	1271
7996.411621	1244
8000.858887	1299
8005.306641	1262
8009.753906	1224
8014.201172	1259
8018.648438	1302
8023.096191	1262
8027.543457	1220
8031.990723	1243
8036.438477	1271
8040.885742	1269
8045.333008	1259
8049.780273	1304
8054.228027	1289
8058.675293	1219
8063.122559	1209
8067.569824	1243
8072.017578	1300
8076.464844	1352
8080.912109	1294
8085.359375	1204
8089.807129	1213
8094.254395	1273
8098.701660	1305
8103.148926	1243
8107.596680	1201
8112.043945	1198
8116.491211	1262
8120.938477	1300
8125.386230	1273
8129.833496	1213
8134.280762	1216
8138.728027	1203
8143.175781	1187
8147.623047	1221
8152.070313	1214
8156.518066	1175
8160.965332	1150
8165.412598	1207
8169.859863	1271
8174.307617	1251
8178.754883	1192
8183.202148	1170
8187.649414	1161
8192.096680	1163
8196.543945	1170
8200.992188	1140
8205.439453	1128
8209.886719	1130
8214.333984	1127
8218.781250	1112
8223.228516	1135
8227.675781	1125
8232.123047	1173
8236.571289	1186
8241.018555	1100
8245.465820	1098
8249.913086	1102
8254.360352	1118
8258.807617	1129
8263.254883	1157
8267.703125	1189
8272.150391	1126
8276.597656	1054
8281.044922	1064
8285.492188	1070
8289.939453	1086
8294.386719	1059
8298.833984	1082
8303.282227	1133
8307.729492	1143
8312.176758	1125
8316.624023	1106
8321.071289	1099
8325.518555	1098
8329.965820	1036
8334.413086	1046
8338.861328	1130
8343.308594	1171
8347.755859	1183
8352.203125	1133
8356.650391	1147
8361.097656	1166
8365.544922	1151
8369.993164	1145
8374.440430	1101
8378.887695	1080
8383.334961	1040
8387.782227	1081
8392.229492	1113
8396.676758	1185
8401.124023	1168
8405.572266	1069
8410.019531	1077
8414.466797	1111
8418.914063	1090
8423.361328	1102
8427.808594	1132
8432.255859	1114
8436.703125	1102
8441.151367	1077
8445.598633	1161
8450.045898	1205
8454.493164	1194
8458.940430	1151
8463.387695	1147
8467.834961	1117
8472.282227	1124
8476.730469	1156
8481.177734	1109
8485.625000	1113
8490.072266	1163
8494.519531	1186
8498.966797	1202
8503.414063	1149
8507.862305	1140
8512.309570	1124
8516.756836	1088
8521.204102	1111
8525.651367	1181
8530.098633	1146
8534.545898	1124
8538.993164	1183
8543.441406	1157
8547.888672	1156
8552.335938	1159
8556.783203	1138
8561.230469	1188
8565.677734	1205
8570.125000	1148
8574.572266	1167
8579.020508	1173
8583.467773	1147
8587.915039	1137
8592.362305	1122
8596.809570	1147
8601.256836	1187
8605.704102	1196
8610.152344	1209
8614.599609	1160
8619.046875	1155
8623.494141	1130
8627.941406	1122
8632.388672	1143
8636.835938	1204
8641.283203	1177
8645.731445	1132
8650.178711	1134
8654.625977	1141
8659.073242	1135
8663.520508	1163
8667.967773	1149
8672.415039	1133
8676.862305	1165
8681.310547	1171
8685.757813	1124
8690.205078	1136
8694.652344	1128
8699.099609	1157
8703.546875	1167
8707.994141	1142
8712.442383	1131
8716.889648	1156
8721.336914	1161
8725.784180	1091
8730.231445	1041
8734.678711	1123
8739.125977	1152
8743.573242	1102
8748.021484	1122
8752.468750	1109
8756.916016	1135
8761.363281	1133
8765.810547	1102
8770.257813	1084
8774.705078	1163
8779.152344	1218
8783.600586	1173
8788.047852	1117
8792.495117	1095
8796.942383	1067
8801.389648	1048
8805.836914	1054
8810.284180	1097
8814.731445	1102
8819.179688	1130
8823.626953	1134
8828.074219	1145
8832.521484	1162
8836.968750	1113
8841.416016	1103
8845.863281	1142
8850.311523	1161
8854.758789	1183
8859.206055	1170
8863.653320	1151
8868.100586	1096
8872.547852	1064
8876.995117	1073
8881.442383	1078
8885.890625	1091
8890.337891	1057
8894.785156	1078
8899.232422	1171
8903.679688	1142
8908.126953	1113
8912.574219	1113
8917.021484	1106
8921.469727	1077
8925.916992	1098
8930.364258	1116
8934.811523	1092
8939.258789	1097
8943.706055	1127
8948.153320	1086
8952.601563	1030
8957.048828	1046
8961.496094	1095
8965.943359	1121
8970.390625	1091
8974.837891	1052
8979.285156	1084
8983.732422	1030
8988.180664	1057
8992.627930	1131
8997.075195	1105
9001.522461	1118
9005.969727	1150
9010.416992	1107
9014.864258	1098
9019.311523	1139
9023.759766	1156
9028.207031	1126
9032.654297	1070
9037.101563	1112
9041.548828	1161
9045.996094	1139
9050.443359	1096
9054.891602	1057
9059.338867	1029
9063.786133	1033
9068.233398	1086
9072.680664	1111
9077.127930	1099
9081.575195	1066
9086.022461	1069
9090.470703	1097
9094.917969	1097
9099.365234	1114
9103.812500	1086
9108.259766	1071
9112.707031	1041
9117.154297	1057
9121.601563	1068
9126.049805	1075
9130.497070	1049
9134.944336	1054
9139.391602	1115
9143.838867	1184
9148.286133	1197
9152.733398	1158
9157.181641	1135
9161.628906	1057
9166.076172	1072
9170.523438	1084
9174.970703	1080
9179.417969	1118
9183.865234	1148
9188.312500	1143
9192.760742	1048
9197.208008	1021
9201.655273	1068
9206.102539	1116
9210.549805	1113
9214.997070	1106
9219.444336	1080
9223.891602	1076
9228.339844	1102
9232.787109	1132
9237.234375	1170
9241.681641	1160
9246.128906	1156
9250.576172	1082
9255.023438	1105
9259.470703	1138
9263.918945	1095
9268.366211	1101
9272.813477	1132
9277.260742	1157
9281.708008	1151
9286.155273	1119
9290.602539	1088
9295.050781	1097
9299.498047	1120
9303.945313	1141
9308.392578	1137
9312.839844	1070
9317.287109	1053
9321.734375	1114
9326.181641	1137
9330.629883	1090
9335.077148	1105
9339.524414	1106
9343.971680	1112
9348.418945	1126
9352.866211	1131
9357.313477	1120
9361.760742	1091
9366.208984	1099
9370.656250	1088
9375.103516	1103
9379.550781	1120
9383.998047	1108
9388.445313	1122
9392.892578	1108
9397.340820	1127
9401.788086	1087
9406.235352	1034
9410.682617	1020
9415.129883	1035
9419.577148	1152
9424.024414	1185
9428.471680	1104
9432.919922	1080
9437.367188	1120
9441.814453	1109
9446.261719	1144
9450.708984	1150
9455.156250	1123
9459.603516	1132
9464.050781	1122
9468.499023	1066
9472.946289	1078
9477.393555	1081
9481.840820	1089
9486.288086	1108
9490.735352	1106
9495.182617	1143
9499.630859	1185
9504.078125	1194
9508.525391	1181
9512.972656	1145
9517.419922	1143
9521.867188	1142
9526.314453	1138
9530.761719	1118
9535.209961	1100
9539.657227	1091
9544.104492	1101
9548.551758	1185
9552.999023	1159
9557.446289	1141
9561.893555	1142
9566.340820	1150
9570.789063	1162
9575.236328	1141
9579.683594	1141
9584.130859	1171
9588.578125	1174
9593.025391	1152
9597.472656	1140
9601.919922	1131
9606.368164	1141
9610.815430	1149
9615.262695	1187
9619.709961	1167
9624.157227	1134
9628.604492	1107
9633.051758	1098
9637.500000	1177
9641.947266	1132
9646.394531	1144
9650.841797	1155
9655.289063	1130
9659.736328	1131
9664.183594	1097
9668.630859	1110
9673.079102	1089
9677.526367	1063
9681.973633	1096
9686.420898	1135
9690.868164	1130
9695.315430	1108
9699.762695	1163
9704.209961	1216
9708.658203	1169
9713.105469	1140
9717.552734	1207
9722.000000	1196
9726.447266	1144
9730.894531	1115
9735.341797	1150
9739.790039	1171
9744.237305	1141
9748.684570	1124
9753.131836	1120
9757.579102	1143
9762.026367	1101
9766.473633	1087
9770.920898	1088
9775.369141	1150
9779.816406	1125
9784.263672	1118
9788.710938	1126
9793.158203	1103
9797.605469	1142
9802.052734	1195
9806.500000	1181
9810.948242	1139
9815.395508	1127
9819.842773	1161
9824.290039	1133
9828.737305	1137
9833.184570	1087
9837.631836	1092
9842.080078	1117
9846.527344	1119
9850.974609	1112
9855.421875	1137
9859.869141	1174
9864.316406	1170
9868.763672	1116
9873.210938	1095
9877.659180	1118
9882.106445	1111
9886.553711	1044
9891.000977	1089
9895.448242	1125
9899.895508	1089
9904.342773	1092
9908.790039	1136
9913.238281	1126
9917.685547	1155
9922.132813	1190
9926.580078	1239
9931.027344	1232
9935.474609	1182
9939.921875	1135
9944.369141	1139
9948.817383	1159
9953.264648	1170
9957.711914	1184
9962.159180	1164
9966.606445	1144
9971.053711	1147
9975.500977	1132
9979.949219	1099
9984.396484	1103
9988.843750	1244
9993.291016	1233
9997.738281	1198
10002.185547	1211
10006.632813	1250
10011.080078	1258
10015.528320	1159
10019.975586	1154
10024.422852	1191
10028.870117	1142
10033.317383	1215
10037.764648	1215
10042.211914	1160
10046.659180	1182
10051.107422	1168
10055.554688	1164
10060.001953	1171
10064.449219	1189
10068.896484	1139
10073.343750	1179
10077.791016	1186
10082.239258	1144
10086.686523	1132
10091.133789	1128
10095.581055	1143
10100.028320	1158
10104.475586	1229
10108.922852	1257
10113.370117	1163
10117.818359	1143
10122.265625	1143
10126.712891	1184
10131.160156	1221
10135.607422	1211
10140.054688	1175
10144.501953	1145
10148.949219	1132
10153.397461	1222
10157.844727	1209
10162.291992	1161
10166.739258	1150
10171.186523	1160
10175.633789	1208
10180.081055	1270
10184.529297	1229
10188.976563	1164
10193.423828	1194
10197.871094	1220
10202.318359	1167
10206.765625	1162
10211.212891	1145
10215.660156	1162
10220.108398	1174
10224.555664	1223
10229.002930	1218
10233.450195	1181
10237.897461	1133
10242.344727	1121
10246.791992	1119
10251.239258	1141
10255.687500	1117
10260.134766	1212
10264.582031	1196
10269.029297	1135
10273.476563	1165
10277.923828	1230
10282.371094	1215
10286.818359	1154
10291.266602	1134
10295.713867	1159
10300.161133	1180
10304.608398	1175
10309.055664	1144
10313.502930	1107
10317.950195	1088
10322.398438	1130
10326.845703	1130
10331.292969	1107
10335.740234	1083
10340.187500	1090
10344.634766	1081
10349.082031	1103
10353.529297	1127
10357.977539	1138
10362.424805	1143
10366.872070	1063
10371.319336	1066
10375.766602	1174
10380.213867	1115
10384.661133	1029
10389.108398	1057
10393.556641	1104
10398.003906	1114
10402.451172	1062
10406.898438	1030
10411.345703	1030
10415.792969	1082
10420.240234	1078
10424.688477	1044
10429.135742	997
10433.583008	1003
10438.030273	994
10442.477539	997
10446.924805	1025
10451.372070	1036
10455.819336	1017
10460.267578	1004
10464.714844	1031
10469.162109	1039
10473.609375	1029
10478.056641	1018
10482.503906	993
10486.951172	999
10491.398438	1033
10495.846680	995
10500.293945	974
10504.741211	1026
10509.188477	1012
10513.635742	927
10518.083008	969
10522.530273	983
10526.978516	958
10531.425781	928
10535.873047	936
10540.320313	923
10544.767578	927
10549.214844	920
10553.662109	948
10558.109375	941
10562.557617	921
10567.004883	897
10571.452148	922
10575.899414	969
10580.346680	943
10584.793945	916
10589.241211	880
10593.688477	833
10598.136719	846
10602.583984	885
10607.031250	853
10611.478516	815
10615.925781	861
10620.373047	862
10624.820313	822
10629.268555	860
10633.715820	883
10638.163086	862
10642.610352	859
10647.057617	857
10651.504883	856
10655.952148	895
10660.399414	859
10664.847656	802
10669.294922	880
10673.742188	877
10678.189453	799
10682.636719	795
10687.083984	829
10691.531250	826
10695.978516	824
10700.426758	786
10704.874023	780
10709.321289	865
10713.768555	861
10718.215820	828
10722.663086	824
10727.110352	787
10731.557617	791
10736.005859	785
10740.453125	734
10744.900391	739
10749.347656	740
10753.794922	757
10758.242188	779
10762.689453	753
10767.137695	803
10771.584961	772
10776.032227	742
10780.479492	731
10784.926758	746
10789.374023	720
10793.821289	706
10798.268555	713
10802.716797	752
10807.164063	726
10811.611328	699
10816.058594	690
10820.505859	696
10824.953125	687
10829.400391	678
10833.847656	695
10838.295898	671
10842.743164	650
10847.190430	644
10851.637695	683
10856.084961	696
10860.532227	680
10864.979492	631
10869.427734	628
10873.875000	668
10878.322266	668
10882.769531	655
10887.216797	630
10891.664063	637
10896.111328	678
10900.558594	665
10905.006836	629
10909.454102	603
10913.901367	633
10918.348633	621
10922.795898	566
10927.243164	590
10931.690430	613
10936.137695	626
10940.585938	611
10945.033203	607
10949.480469	602
10953.927734	594
10958.375000	572
10962.822266	563
10967.269531	537
10971.717773	534
10976.165039	577
10980.612305	568
10985.059570	513
10989.506836	495
10993.954102	498
10998.401367	518
11002.848633	499
11007.296875	463
11011.744141	487
11016.191406	472
11020.638672	466
11025.085938	463
11029.533203	459
11033.980469	468
11038.427734	463
11042.875977	424
11047.323242	439
11051.770508	453
11056.217773	431
11060.665039	409
11065.112305	404
11069.559570	428
11074.006836	421
11078.455078	412
11082.902344	407
11087.349609	399
11091.796875	423
11096.244141	430
11100.691406	384
11105.138672	385
11109.586914	423
11114.034180	404
11118.481445	396
11122.928711	368
11127.375977	333
11131.823242	337
11136.270508	353
11140.717773	349
11145.166016	350
11149.613281	378
11154.060547	366
11158.507813	329
11162.955078	323
11167.402344	311
11171.849609	324
11176.296875	319
11180.745117	325
11185.192383	345
11189.639648	351
11194.086914	325
11198.534180	296
11202.981445	305
11207.428711	320
11211.876953	312
11216.324219	310
11220.771484	333
11225.218750	290
11229.666016	278
11234.113281	288
11238.560547	271
11243.007813	264
11247.456055	277
11251.903320	272
11256.350586	272
11260.797852	272
11265.245117	258
11269.692383	230
11274.139648	236
11278.586914	245
11283.035156	238
11287.482422	247
11291.929688	238
11296.376953	208
11300.824219	227
11305.271484	237
11309.718750	228
11314.166992	220
11318.614258	213
11323.061523	197
11327.508789	192
11331.956055	173
11336.403320	167
11340.850586	193
11345.297852	196
11349.746094	192
11354.193359	166
11358.640625	147
11363.087891	165
11367.535156	156
11371.982422	140
11376.429688	131
11380.876953	136
11385.325195	137
11389.772461	143
11394.219727	152
11398.666992	164
11403.114258	136
11407.561523	118
11412.008789	124
11416.456055	143
11420.904297	111
11425.351563	104
11429.798828	113
11434.246094	117
11438.693359	110
11443.140625	96
11447.587891	92
11452.036133	82
11456.483398	84
11460.930664	104
11465.377930	88
11469.825195	82
11474.272461	84
11478.719727	71
11483.166992	65
11487.615234	66
11492.062500	67
11496.509766	63
11500.957031	54
11505.404297	57
11509.851563	59
11514.298828	58
11518.746094	34
11523.194336	38
11527.641602	36
11532.088867	25
11536.536133	28
11540.983398	29
11545.430664	28
11549.877930	23
11554.326172	16
11558.773438	5
11563.220703	4
11567.667969	4
11572.115234	0
11576.562500	0
11581.009766	0
11585.457031	0
11589.905273	0
11594.352539	0
11598.799805	0
11603.247070	0
11607.694336	0
11612.141602	0
11616.588867	0
11621.036133	0
11625.484375	0
11629.931641	0
11634.378906	0
11638.826172	0
11643.273438	0
11647.720703	0
11652.167969	0
11656.616211	0
11661.063477	0
11665.510742	0
11669.958008	0
11674.405273	0
11678.852539	0
11683.299805	0
11687.747070	0
11692.195313	0
11696.642578	0
11701.089844	0
11705.537109	0
11709.984375	0
11714.431641	0
11718.878906	0
11723.326172	0
11727.774414	0
11732.221680	0
11736.668945	0
11741.116211	0
11745.563477	0
11750.010742	0
11754.458008	0
11758.906250	0
11763.353516	0
11767.800781	0
11772.248047	0
11776.695313	0
11781.142578	0
11785.589844	0
11790.037109	0
11794.485352	0
11798.932617	0
11803.379883	0
11807.827148	0
11812.274414	0
11816.721680	0
11821.168945	0
11825.616211	0
11830.064453	0
11834.511719	0
11838.958984	0
11843.406250	0
11847.853516	0
11852.300781	0
11856.748047	0
11861.195313	0
11865.643555	0
11870.090820	0
11874.538086	0
11878.985352	0
11883.432617	0
11887.879883	0
11892.327148	0
11896.775391	0
11901.222656	0
11905.669922	0
11910.117188	0
11914.564453	0
11919.011719	0
11923.458984	0
11927.906250	0
11932.354492	0
11936.801758	0
11941.249023	0
11945.696289	0
11950.143555	0
11954.590820	0
11959.038086	0
11963.485352	0
11967.933594	0
11972.380859	0
11976.828125	0
11981.275391	0
11985.722656	0
11990.169922	0
11994.617188	0
11999.065430	0
12003.512695	0
12007.959961	0
12012.407227	0
12016.854492	0
12021.301758	0
12025.749023	0
12030.196289	0
12034.644531	0
12039.091797	0
12043.539063	0
12047.986328	0
12052.433594	0
12056.880859	0
12061.328125	0
12065.775391	0
