-4310.530762	0
-4306.091309	0
-4301.651855	0
-4297.212891	0
-4292.773438	0
-4288.334473	0
-4283.895020	0
-4279.455566	0
-4275.016602	0
-4270.577148	0
-4266.137695	0
-4261.698730	0
-4257.259277	0
-4252.820313	0
-4248.380859	0
-4243.941406	0
-4239.502441	0
-4235.062988	0
-4230.623535	0
-4226.184570	0
-4221.745117	0
-4217.306152	0
-4212.866699	0
-4208.427246	0
-4203.988281	0
-4199.548828	0
-4195.109375	0
-4190.670410	0
-4186.230957	0
-4181.791992	0
-4177.352539	0
-4172.913086	0
-4168.474121	0
-4164.034668	0
-4159.595215	0
-4155.156250	0
-4150.716797	0
-4146.277832	0
-4141.838379	0
-4137.398926	0
-4132.959961	0
-4128.520508	0
-4124.081055	0
-4119.642090	0
-4115.202637	0
-4110.763672	0
-4106.324219	0
-4101.884766	0
-4097.445801	0
-4093.006348	0
-4088.567139	0
-4084.127930	0
-4079.688477	0
-4075.249268	0
-4070.810059	0
-4066.370850	0
-4061.931396	0
-4057.492188	0
-4053.052979	0
-4048.613770	0
-4044.174316	0
-4039.735107	0
-4035.295898	0
-4030.856689	0
-4026.417236	0
-4021.978027	0
-4017.538818	0
-4013.099609	0
-4008.660156	0
-4004.220947	0
-3999.781738	0
-3995.342529	0
-3990.903076	0
-3986.463867	0
-3982.024658	0
-3977.585449	0
-3973.146240	0
-3968.706787	0
-3964.267578	0
-3959.828369	0
-3955.389160	0
-3950.949707	0
-3946.510498	0
-3942.071289	0
-3937.632080	0
-3933.192627	0
-3928.753418	0
-3924.314209	0
-3919.875000	0
-3915.435547	0
-3910.996338	0
-3906.557129	0
-3902.117920	0
-3897.678467	0
-3893.239258	0
-3888.800049	0
-3884.360840	0
-3879.921387	0
-3875.482178	0
-3871.042969	0
-3866.603760	0
-3862.164307	0
-3857.725098	0
-3853.285889	0
-3848.846680	0
-3844.407227	0
-3839.968018	0
-3835.528809	0
-3831.089600	0
-3826.650146	0
-3822.210938	0
-3817.771729	0
-3813.332520	0
-3808.893066	0
-3804.453857	0
-3800.014648	0
-3795.575439	0
-3791.135986	0
-3786.696777	0
-3782.257568	0
-3777.818359	0
-3773.378906	0
-3768.939697	0
-3764.500488	0
-3760.061279	0
-3755.621826	0
-3751.182617	0
-3746.743408	0
-3742.304199	0
-3737.864746	0
-3733.425537	0
-3728.986328	0
-3724.547119	0
-3720.107666	0
-3715.668457	0
-3711.229248	0
-3706.790039	0
-3702.350586	0
-3697.911377	0
-3693.472168	0
-3689.032959	0
-3684.593506	0
-3680.154297	0
-3675.715088	0
-3671.275879	0
-3666.836426	0
-3662.397217	0
-3657.958008	0
-3653.518799	0
-3649.079346	0
-3644.640137	0
-3640.200928	0
-3635.761719	0
-3631.322266	0
-3626.883057	0
-3622.443848	0
-3618.004639	0
-3613.565186	0
-3609.125977	0
-3604.686768	0
-3600.247559	0
-3595.808105	0
-3591.368896	0
-3586.929688	0
-3582.490479	0
-3578.051025	0
-3573.611816	0
-3569.172607	0
-3564.733398	0
-3560.293945	0
-3555.854736	0
-3551.415527	0
-3546.976318	0
-3542.536865	0
-3538.097656	0
-3533.658447	0
-3529.219238	0
-3524.780029	0
-3520.340576	0
-3515.901367	0
-3511.462158	0
-3507.022949	0
-3502.583496	0
-3498.144287	0
-3493.705078	0
-3489.265869	0
-3484.826416	0
-3480.387207	0
-3475.947998	0
-3471.508789	0
-3467.069336	0
-3462.630127	0
-3458.190918	0
-3453.751709	0
-3449.312256	0
-3444.873047	0
-3440.433838	0
-3435.994629	0
-3431.555176	0
-3427.115967	1
-3422.676758	2
-3418.237549	2
-3413.798096	3
-3409.358887	5
-3404.919678	6
-3400.480469	6
-3396.041016	9
-3391.601807	8
-3387.162598	11
-3382.723389	15
-3378.283936	13
-3373.844727	12
-3369.405518	15
-3364.966309	14
-3360.526855	18
-3356.087646	14
-3351.648438	13
-3347.209229	14
-3342.769775	15
-3338.330566	16
-3333.891357	13
-3329.452148	20
-3325.012695	19
-3320.573486	21
-3316.134277	22
-3311.695068	26
-3307.255615	30
-3302.816406	32
-3298.377197	34
-3293.937988	28
-3289.498535	31
-3285.059326	39
-3280.620117	33
-3276.180908	29
-3271.741455	31
-3267.302246	28
-3262.863037	29
-3258.423828	28
-3253.984375	33
-3249.545166	34
-3245.105957	35
-3240.666748	35
-3236.227295	37
-3231.788086	45
-3227.348877	40
-3222.909668	40
-3218.470215	47
-3214.031006	52
-3209.591797	48
-3205.152588	36
-3200.713135	36
-3196.273926	51
-3191.834717	68
-3187.395508	62
-3182.956055	58
-3178.516846	56
-3174.077637	52
-3169.638428	57
-3165.198975	67
-3160.759766	64
-3156.320557	55
-3151.881348	54
-3147.441895	61
-3143.002686	67
-3138.563477	67
-3134.124268	57
-3129.684814	60
-3125.245605	71
-3120.806396	74
-3116.367188	82
-3111.927734	74
-3107.488525	65
-3103.049316	76
-3098.610107	86
-3094.170654	76
-3089.731445	66
-3085.292236	70
-3080.853027	77
-3076.413818	74
-3071.974365	73
-3067.535156	78
-3063.095947	75
-3058.656738	83
-3054.217285	82
-3049.778076	76
-3045.338867	80
-3040.899658	92
-3036.460205	85
-3032.020996	87
-3027.581787	88
-3023.142578	95
-3018.703125	86
-3014.263916	84
-3009.824707	83
-3005.385498	81
-3000.946045	91
-2996.506836	97
-2992.067627	96
-2987.628418	93
-2983.188965	96
-2978.749756	103
-2974.310547	107
-2969.871338	105
-2965.431885	100
-2960.992676	103
-2956.553467	110
-2952.114258	110
-2947.674805	111
-2943.235596	116
-2938.796387	106
-2934.357178	101
-2929.917725	114
-2925.478516	109
-2921.039307	103
-2916.600098	104
-2912.160645	112
-2907.721436	108
-2903.282227	105
-2898.843018	114
-2894.403564	116
-2889.964355	116
-2885.525146	129
-2881.085938	128
-2876.646484	125
-2872.207275	119
-2867.768066	116
-2863.328857	127
-2858.889404	113
-2854.450195	117
-2850.010986	127
-2845.571777	127
-2841.132324	130
-2836.693115	135
-2832.253906	130
-2827.814697	133
-2823.375244	121
-2818.936035	118
-2814.496826	128
-2810.057617	130
-2805.618164	124
-2801.178955	123
-2796.739746	113
-2792.300537	117
-2787.861084	137
-2783.421875	138
-2778.982666	136
-2774.543457	137
-2770.104004	135
-2765.664795	124
-2761.225586	125
-2756.786377	131
-2752.346924	143
-2747.907715	122
-2743.468506	119
-2739.029297	117
-2734.589844	130
-2730.150635	131
-2725.711426	120
-2721.272217	120
-2716.832764	126
-2712.393555	129
-2707.954346	120
-2703.515137	124
-2699.075684	118
-2694.636475	135
-2690.197266	120
-2685.758057	117
-2681.318604	121
-2676.879395	112
-2672.440186	113
-2668.000977	123
-2663.561523	124
-2659.122314	128
-2654.683105	129
-2650.243896	134
-2645.804688	126
-2641.365234	120
-2636.926025	124
-2632.486816	136
-2628.047607	118
-2623.608154	108
-2619.168945	129
-2614.729736	145
-2610.290527	118
-2605.851074	113
-2601.411865	118
-2596.972656	115
-2592.533447	108
-2588.093994	114
-2583.654785	118
-2579.215576	122
-2574.776367	141
-2570.336914	133
-2565.897705	111
-2561.458496	120
-2557.019287	128
-2552.579834	129
-2548.140625	134
-2543.701416	132
-2539.262207	127
-2534.822754	124
-2530.383545	118
-2525.944336	119
-2521.505127	119
-2517.065674	120
-2512.626465	117
-2508.187256	114
-2503.748047	125
-2499.308594	120
-2494.869385	128
-2490.430176	128
-2485.990967	126
-2481.551514	118
-2477.112305	119
-2472.673096	127
-2468.233887	133
-2463.794434	138
-2459.355225	117
-2454.916016	113
-2450.476807	117
-2446.037354	128
-2441.598145	126
-2437.158936	129
-2432.719727	134
-2428.280273	128
-2423.841064	125
-2419.401855	115
-2414.962646	105
-2410.523193	127
-2406.083984	129
-2401.644775	122
-2397.205566	129
-2392.766113	140
-2388.326904	120
-2383.887695	125
-2379.448486	124
-2375.009033	135
-2370.569824	128
-2366.130615	134
-2361.691406	142
-2357.251953	121
-2352.812744	119
-2348.373535	113
-2343.934326	125
-2339.494873	136
-2335.055664	131
-2330.616455	127
-2326.177246	123
-2321.737793	131
-2317.298584	131
-2312.859375	128
-2308.420166	122
-2303.980713	117
-2299.541504	108
-2295.102295	125
-2290.663086	124
-2286.223633	115
-2281.784424	118
-2277.345215	107
-2272.906006	120
-2268.466553	125
-2264.027344	113
-2259.588135	114
-2255.148926	130
-2250.709473	113
-2246.270264	115
-2241.831055	105
-2237.391846	121
-2232.952393	118
-2228.513184	124
-2224.073975	125
-2219.634766	130
-2215.195313	137
-2210.756104	144
-2206.316895	134
-2201.877686	131
-2197.438477	120
-2192.999023	131
-2188.559814	132
-2184.120605	131
-2179.681396	132
-2175.241943	129
-2170.802734	120
-2166.363525	119
-2161.924316	114
-2157.484863	111
-2153.045654	130
-2148.606445	137
-2144.167236	120
-2139.727783	127
-2135.288574	134
-2130.849365	130
-2126.410156	128
-2121.970703	123
-2117.531494	124
-2113.092285	142
-2108.653076	123
-2104.213623	118
-2099.774414	122
-2095.335205	116
-2090.895996	103
-2086.456543	110
-2082.017334	121
-2077.578125	128
-2073.138916	137
-2068.699463	122
-2064.260254	122
-2059.821045	123
-2055.381836	131
-2050.942383	124
-2046.503174	133
-2042.063965	130
-2037.624634	116
-2033.185425	118
-2028.746094	135
-2024.306885	138
-2019.867554	130
-2015.428345	130
-2010.989014	125
-2006.549805	114
-2002.110474	114
-1997.671265	122
-1993.231934	122
-1988.792725	131
-1984.353394	133
-1979.914185	123
-1975.474854	118
-1971.035645	108
-1966.596313	117
-1962.157104	125
-1957.717773	131
-1953.278564	130
-1948.839233	120
-1944.400024	112
-1939.960693	114
-1935.521484	132
-1931.082153	121
-1926.642944	117
-1922.203613	121
-1917.764404	126
-1913.325073	119
-1908.885864	124
-1904.446533	139
-1900.007324	121
-1895.567993	115
-1891.128784	115
-1886.689453	121
-1882.250244	116
-1877.810913	120
-1873.371704	124
-1868.932373	132
-1864.493164	121
-1860.053833	123
-1855.614624	134
-1851.175293	132
-1846.736084	131
-1842.296753	125
-1837.857544	130
-1833.418213	131
-1828.979004	124
-1824.539673	114
-1820.100464	111
-1815.661133	118
-1811.221924	124
-1806.782593	123
-1802.343384	126
-1797.904053	124
-1793.464844	128
-1789.025513	141
-1784.586304	138
-1780.146973	128
-1775.707764	129
-1771.268433	126
-1766.829224	126
-1762.390015	128
-1757.950684	138
-1753.511475	130
-1749.072144	124
-1744.632935	120
-1740.193604	127
-1735.754395	121
-1731.315063	119
-1726.875854	111
-1722.436523	114
-1717.997314	125
-1713.557983	119
-1709.118774	131
-1704.679443	126
-1700.240234	123
-1695.800903	127
-1691.361694	118
-1686.922363	116
-1682.483154	127
-1678.043823	142
-1673.604614	141
-1669.165283	126
-1664.726074	128
-1660.286743	130
-1655.847534	126
-1651.408203	120
-1646.968994	127
-1642.529663	130
-1638.090454	127
-1633.651123	138
-1629.211914	126
-1624.772583	125
-1620.333374	133
-1615.894043	129
-1611.454834	126
-1607.015503	126
-1602.576294	141
-1598.136963	128
-1593.697754	113
-1589.258423	113
-1584.819214	122
-1580.379883	128
-1575.940674	122
-1571.501343	123
-1567.062134	123
-1562.622803	117
-1558.183594	126
-1553.744263	117
-1549.305054	127
-1544.865723	122
-1540.426514	129
-1535.987183	126
-1531.547974	123
-1527.108643	129
-1522.669434	120
-1518.230103	124
-1513.790894	125
-1509.351563	127
-1504.912354	132
-1500.473022	133
-1496.033813	137
-1491.594482	138
-1487.155273	134
-1482.715942	123
-1478.276733	136
-1473.837402	127
-1469.398193	147
-1464.958862	137
-1460.519653	125
-1456.080322	120
-1451.641113	120
-1447.201782	123
-1442.762573	118
-1438.323242	120
-1433.884033	122
-1429.444702	135
-1425.005493	144
-1420.566162	130
-1416.126953	119
-1411.687622	123
-1407.248413	128
-1402.809082	132
-1398.369873	137
-1393.930542	130
-1389.491333	134
-1385.052002	127
-1380.612793	128
-1376.173462	130
-1371.734253	128
-1367.294922	131
-1362.855713	126
-1358.416382	133
-1353.977173	136
-1349.537842	140
-1345.098633	129
-1340.659302	129
-1336.220093	141
-1331.780762	138
-1327.341553	137
-1322.902344	136
-1318.463013	142
-1314.023804	123
-1309.584473	136
-1305.145264	142
-1300.705933	137
-1296.266724	136
-1291.827393	132
-1287.388184	134
-1282.948853	123
-1278.509644	115
-1274.070313	117
-1269.631104	127
-1265.191772	129
-1260.752563	130
-1256.313232	124
-1251.874023	142
-1247.434692	130
-1242.995483	122
-1238.556152	132
-1234.116943	131
-1229.677612	133
-1225.238403	129
-1220.799072	138
-1216.359863	137
-1211.920532	142
-1207.481323	128
-1203.041992	132
-1198.602783	128
-1194.163452	120
-1189.724243	116
-1185.284912	129
-1180.845703	125
-1176.406372	141
-1171.967163	131
-1167.527832	130
-1163.088623	127
-1158.649292	125
-1154.210083	134
-1149.770752	142
-1145.331543	145
-1140.892212	131
-1136.453003	129
-1132.013672	133
-1127.574463	131
-1123.135132	140
-1118.695923	134
-1114.256592	131
-1109.817383	133
-1105.378052	133
-1100.938843	126
-1096.499512	134
-1092.060303	129
-1087.620972	132
-1083.181763	129
-1078.742432	129
-1074.303223	135
-1069.863892	127
-1065.424683	135
-1060.985352	126
-1056.546143	128
-1052.106812	125
-1047.667603	130
-1043.228271	126
-1038.789063	122
-1034.349731	120
-1029.910522	120
-1025.471191	123
-1021.031982	135
-1016.592712	121
-1012.153442	130
-1007.714172	132
-1003.274902	132
-998.835632	139
-994.396362	132
-989.957092	127
-985.517822	124
-981.078552	128
-976.639282	133
-972.200012	127
-967.760742	139
-963.321472	143
-958.882202	140
-954.442932	140
-950.003662	130
-945.564392	129
-941.125122	130
-936.685852	128
-932.246582	121
-927.807312	133
-923.368042	142
-918.928772	137
-914.489502	126
-910.050232	122
-905.610962	121
-901.171692	135
-896.732422	125
-892.293152	114
-887.853882	120
-883.414612	116
-878.975342	127
-874.536072	145
-870.096802	135
-865.657532	130
-861.218262	134
-856.778992	129
-852.339722	131
-847.900452	128
-843.461182	122
-839.021912	129
-834.582642	119
-830.143372	121
-825.704102	127
-821.264832	146
-816.825562	136
-812.386292	151
-807.947021	147
-803.507751	140
-799.068481	136
-794.629211	144
-790.189941	132
-785.750671	132
-781.311401	141
-776.872131	147
-772.432861	144
-767.993591	131
-763.554321	139
-759.115051	142
-754.675781	121
-750.236511	114
-745.797241	136
-741.357971	143
-736.918701	139
-732.479431	145
-728.040161	152
-723.600891	134
-719.161621	142
-714.722351	140
-710.283081	141
-705.843811	127
-701.404541	130
-696.965271	132
-692.526001	125
-688.086731	133
-683.647461	144
-679.208191	151
-674.768921	141
-670.329651	134
-665.890381	134
-661.451172	147
-657.011902	148
-652.572632	148
-648.133362	141
-643.694092	140
-639.254822	133
-634.815552	128
-630.376282	129
-625.937012	130
-621.497742	142
-617.058472	146
-612.619202	136
-608.179932	144
-603.740662	149
-599.301392	134
-594.862122	126
-590.422852	148
-585.983582	151
-581.544312	132
-577.105042	139
-572.665771	138
-568.226501	149
-563.787231	150
-559.347961	148
-554.908691	162
-550.469421	147
-546.030151	147
-541.590881	152
-537.151611	149
-532.712341	148
-528.273071	159
-523.833801	151
-519.394531	161
-514.955261	157
-510.515991	152
-506.076721	138
-501.637451	139
-497.198181	144
-492.758911	158
-488.319641	151
-483.880371	148
-479.441101	142
-475.001831	136
-470.562561	142
-466.123291	135
-461.684021	150
-457.244751	160
-452.805481	140
-448.366211	140
-443.926941	149
-439.487671	148
-435.048401	161
-430.609131	157
-426.169861	175
-421.730591	165
-417.291321	158
-412.852051	156
-408.412781	153
-403.973511	153
-399.534241	146
-395.094971	146
-390.655701	144
-386.216431	152
-381.777161	151
-377.337891	159
-372.898621	155
-368.459351	157
-364.020081	161
-359.580811	163
-355.141541	171
-350.702271	169
-346.263000	167
-341.823730	170
-337.384460	168
-332.945190	167
-328.505951	173
-324.066681	181
-319.627411	175
-315.188141	182
-310.748871	184
-306.309601	184
-301.870331	195
-297.431061	197
-292.991791	191
-288.552521	206
-284.113251	203
-279.673981	211
-275.234711	218
-270.795441	225
-266.356171	213
-261.916901	222
-257.477631	220
-253.038361	223
-248.599091	247
-244.159821	242
-239.720551	248
-235.281281	252
-230.842010	269
-226.402740	273
-221.963470	277
-217.524200	293
-213.084930	323
-208.645660	324
-204.206390	334
-199.767120	354
-195.327850	371
-190.888580	393
-186.449310	403
-182.010040	440
-177.570770	478
-173.131500	484
-168.692230	503
-164.252975	558
-159.813705	611
-155.374435	675
-150.935165	743
-146.495895	832
-142.056625	940
-137.617355	1047
-133.178085	1145
-128.738815	1268
-124.299545	1456
-119.860275	1684
-115.421005	1913
-110.981735	2184
-106.542465	2535
-102.103195	2949
-97.663925	3410
-93.224655	4017
-88.785385	4755
-84.346115	5666
-79.906853	6702
-75.467583	7613
-71.028313	8293
-66.589043	8877
-62.149773	9387
-57.710503	9819
-53.271233	10179
-48.831963	10543
-44.392693	10810
-39.953426	11033
-35.514156	11207
-31.074886	11411
-26.635616	11598
-22.196346	11779
-17.757078	11965
-13.317808	12091
-8.878539	12179
-4.439270	12293
0.000000	12322
4.439270	12286
8.878539	12290
13.317808	12267
17.757078	12190
22.196346	12126
26.635616	12000
31.074886	11759
35.514156	11591
39.953426	11334
44.392693	10969
48.831963	10630
53.271233	10237
57.710503	9834
62.149773	9379
66.589043	8825
71.028313	8107
75.467583	7079
79.906853	5811
84.346115	4781
88.785385	3983
93.224655	3387
97.663925	2865
102.103195	2428
106.542465	2060
110.981735	1785
115.421005	1553
119.860275	1338
124.299545	1198
128.738815	1064
133.178085	957
137.617355	849
142.056625	768
146.495895	710
150.935165	663
155.374435	610
159.813705	573
164.252975	515
168.692230	470
173.131500	450
177.570770	434
182.010040	409
186.449310	377
190.888580	353
195.327850	329
199.767120	304
204.206390	297
208.645660	304
213.084930	299
217.524200	266
221.963470	242
226.402740	240
230.842010	253
235.281281	235
239.720551	253
244.159821	236
248.599091	231
253.038361	227
257.477631	214
261.916901	205
266.356171	202
270.795441	195
275.234711	205
279.673981	209
284.113251	201
288.552521	202
292.991791	207
297.431061	206
301.870331	201
306.309601	179
310.748871	182
315.188141	164
319.627411	169
324.066681	194
328.505951	185
332.945190	179
337.384460	180
341.823730	175
346.263000	168
350.702271	171
355.141541	167
359.580811	163
364.020081	161
368.459351	173
372.898621	165
377.337891	162
381.777161	165
386.216431	168
390.655701	167
395.094971	168
399.534241	166
403.973511	162
408.412781	169
412.852051	153
417.291321	178
421.730591	174
426.169861	163
430.609131	168
435.048401	166
439.487671	161
443.926941	160
448.366211	146
452.805481	151
457.244751	161
461.684021	157
466.123291	156
470.562561	167
475.001831	163
479.441101	163
483.880371	168
488.319641	162
492.758911	158
497.198181	160
501.637451	157
506.076721	151
510.515991	146
514.955261	154
519.394531	161
523.833801	171
528.273071	168
532.712341	168
537.151611	162
541.590881	166
546.030151	149
550.469421	141
554.908691	161
559.347961	155
563.787231	157
568.226501	151
572.665771	150
577.105042	160
581.544312	165
585.983582	162
590.422852	153
594.862122	153
599.301392	144
603.740662	157
608.179932	159
612.619202	151
617.058472	146
621.497742	158
625.937012	140
630.376282	149
634.815552	155
639.254822	135
643.694092	131
648.133362	160
652.572632	158
657.011902	154
661.451172	136
665.890381	142
670.329651	142
674.768921	142
679.208191	156
683.647461	143
688.086731	148
692.526001	146
696.965271	152
701.404541	146
705.843811	141
710.283081	148
714.722351	158
719.161621	162
723.600891	161
728.040161	159
732.479431	161
736.918701	144
741.357971	167
745.797241	157
750.236511	148
754.675781	143
759.115051	135
763.554321	139
767.993591	145
772.432861	154
776.872131	162
781.311401	162
785.750671	146
790.189941	167
794.629211	157
799.068481	153
803.507751	160
807.947021	156
812.386292	143
816.825562	153
821.264832	166
825.704102	155
830.143372	151
834.582642	156
839.021912	157
843.461182	160
847.900452	158
852.339722	160
856.778992	156
861.218262	147
865.657532	141
870.096802	153
874.536072	165
878.975342	164
883.414612	149
887.853882	142
892.293152	147
896.732422	163
901.171692	162
905.610962	152
910.050232	144
914.489502	156
918.928772	170
923.368042	173
927.807312	154
932.246582	156
936.685852	154
941.125122	146
945.564392	156
950.003662	149
954.442932	153
958.882202	157
963.321472	160
967.760742	151
972.200012	164
976.639282	168
981.078552	165
985.517822	166
989.957092	166
994.396362	159
998.835632	167
1003.274902	171
1007.714172	152
1012.153442	139
1016.592712	157
1021.031982	166
1025.471191	164
1029.910522	163
1034.349731	162
1038.789063	148
1043.228271	154
1047.667603	158
1052.106812	151
1056.546143	139
1060.985352	152
1065.424683	155
1069.863892	165
1074.303223	156
1078.742432	165
1083.181763	174
1087.620972	169
1092.060303	161
1096.499512	157
1100.938843	161
1105.378052	150
1109.817383	160
1114.256592	176
1118.695923	165
1123.135132	159
1127.574463	154
1132.013672	160
1136.453003	140
1140.892212	154
1145.331543	167
1149.770752	146
1154.210083	152
1158.649292	149
1163.088623	146
1167.527832	155
1171.967163	153
1176.406372	162
1180.845703	165
1185.284912	171
1189.724243	172
1194.163452	165
1198.602783	147
1203.041992	139
1207.481323	153
1211.920532	164
1216.359863	161
1220.799072	164
1225.238403	154
1229.677612	151
1234.116943	152
1238.556152	162
1242.995483	164
1247.434692	157
1251.874023	154
1256.313232	161
1260.752563	168
1265.191772	156
1269.631104	161
1274.070313	155
1278.509644	161
1282.948853	155
1287.388184	166
1291.827393	167
1296.266724	154
1300.705933	159
1305.145264	162
1309.584473	168
1314.023804	171
1318.463013	166
1322.902344	166
1327.341553	174
1331.780762	175
1336.220093	177
1340.659302	168
1345.098633	166
1349.537842	158
1353.977173	159
1358.416382	165
1362.855713	159
1367.294922	144
1371.734253	169
1376.173462	166
1380.612793	167
1385.052002	174
1389.491333	167
1393.930542	172
1398.369873	165
1402.809082	159
1407.248413	164
1411.687622	158
1416.126953	160
1420.566162	166
1425.005493	166
1429.444702	158
1433.884033	156
1438.323242	160
1442.762573	169
1447.201782	159
1451.641113	154
1456.080322	159
1460.519653	177
1464.958862	162
1469.398193	159
1473.837402	159
1478.276733	163
1482.715942	167
1487.155273	169
1491.594482	166
1496.033813	166
1500.473022	165
1504.912354	166
1509.351563	164
1513.790894	159
1518.230103	158
1522.669434	157
1527.108643	171
1531.547974	171
1535.987183	173
1540.426514	178
1544.865723	175
1549.305054	180
1553.744263	168
1558.183594	169
1562.622803	178
1567.062134	168
1571.501343	157
1575.940674	156
1580.379883	168
1584.819214	172
1589.258423	176
1593.697754	173
1598.136963	166
1602.576294	153
1607.015503	161
1611.454834	165
1615.894043	166
1620.333374	176
1624.772583	179
1629.211914	178
1633.651123	172
1638.090454	166
1642.529663	173
1646.968994	159
1651.408203	164
1655.847534	161
1660.286743	168
1664.726074	157
1669.165283	159
1673.604614	159
1678.043823	165
1682.483154	169
1686.922363	169
1691.361694	173
1695.800903	165
1700.240234	163
1704.679443	169
1709.118774	179
1713.557983	177
1717.997314	156
1722.436523	155
1726.875854	161
1731.315063	160
1735.754395	163
1740.193604	160
1744.632935	169
1749.072144	170
1753.511475	175
1757.950684	168
1762.390015	170
1766.829224	176
1771.268433	158
1775.707764	177
1780.146973	174
1784.586304	170
1789.025513	164
1793.464844	165
1797.904053	152
1802.343384	159
1806.782593	179
1811.221924	186
1815.661133	180
1820.100464	171
1824.539673	173
1828.979004	176
1833.418213	176
1837.857544	161
1842.296753	172
1846.736084	185
1851.175293	172
1855.614624	172
1860.053833	162
1864.493164	160
1868.932373	156
1873.371704	169
1877.810913	169
1882.250244	167
1886.689453	164
1891.128784	158
1895.567993	165
1900.007324	171
1904.446533	174
1908.885864	182
1913.325073	179
1917.764404	168
1922.203613	162
1926.642944	158
1931.082153	157
1935.521484	179
1939.960693	173
1944.400024	176
1948.839233	173
1953.278564	167
1957.717773	183
1962.157104	188
1966.596313	178
1971.035645	175
1975.474854	182
1979.914185	178
1984.353394	168
1988.792725	177
1993.231934	187
1997.671265	172
2002.110474	169
2006.549805	176
2010.989014	173
2015.428345	165
2019.867554	171
2024.306885	161
2028.746094	167
2033.185425	172
2037.624634	172
2042.063965	163
2046.503174	162
2050.942383	171
2055.381836	171
2059.821045	170
2064.260254	170
2068.699463	172
2073.138916	175
2077.578125	193
2082.017334	190
2086.456543	184
2090.895996	169
2095.335205	173
2099.774414	180
2104.213623	186
2108.653076	177
2113.092285	184
2117.531494	193
2121.970703	183
2126.410156	187
2130.849365	176
2135.288574	180
2139.727783	179
2144.167236	187
2148.606445	191
2153.045654	195
2157.484863	180
2161.924316	185
2166.363525	165
2170.802734	166
2175.241943	191
2179.681396	192
2184.120605	175
2188.559814	170
2192.999023	175
2197.438477	182
2201.877686	183
2206.316895	188
2210.756104	193
2215.195313	191
2219.634766	174
2224.073975	175
2228.513184	160
2232.952393	166
2237.391846	173
2241.831055	177
2246.270264	171
2250.709473	187
2255.148926	194
2259.588135	196
2264.027344	188
2268.466553	189
2272.906006	178
2277.345215	171
2281.784424	179
2286.223633	183
2290.663086	183
2295.102295	185
2299.541504	191
2303.980713	178
2308.420166	169
2312.859375	178
2317.298584	175
2321.737793	184
2326.177246	185
2330.616455	189
2335.055664	175
2339.494873	186
2343.934326	190
2348.373535	168
2352.812744	171
2357.251953	183
2361.691406	180
2366.130615	181
2370.569824	175
2375.009033	173
2379.448486	192
2383.887695	179
2388.326904	179
2392.766113	188
2397.205566	182
2401.644775	177
2406.083984	182
2410.523193	183
2414.962646	177
2419.401855	174
2423.841064	183
2428.280273	194
2432.719727	184
2437.158936	178
2441.598145	163
2446.037354	177
2450.476807	180
2454.916016	185
2459.355225	183
2463.794434	181
2468.233887	175
2472.673096	163
2477.112305	183
2481.551514	200
2485.990967	193
2490.430176	183
2494.869385	182
2499.308594	176
2503.748047	178
2508.187256	188
2512.626465	196
2517.065674	171
2521.505127	177
2525.944336	186
2530.383545	191
2534.822754	189
2539.262207	176
2543.701416	191
2548.140625	184
2552.579834	168
2557.019287	171
2561.458496	189
2565.897705	188
2570.336914	187
2574.776367	174
2579.215576	188
2583.654785	179
2588.093994	183
2592.533447	184
2596.972656	189
2601.411865	202
2605.851074	187
2610.290527	177
2614.729736	182
2619.168945	185
2623.608154	171
2628.047607	185
2632.486816	191
2636.926025	175
2641.365234	167
2645.804688	165
2650.243896	169
2654.683105	169
2659.122314	180
2663.561523	168
2668.000977	186
2672.440186	191
2676.879395	199
2681.318604	188
2685.758057	176
2690.197266	167
2694.636475	179
2699.075684	198
2703.515137	203
2707.954346	202
2712.393555	200
2716.832764	197
2721.272217	175
2725.711426	183
2730.150635	194
2734.589844	194
2739.029297	187
2743.468506	187
2747.907715	185
2752.346924	184
2756.786377	185
2761.225586	190
2765.664795	181
2770.104004	190
2774.543457	191
2778.982666	174
2783.421875	175
2787.861084	195
2792.300537	207
2796.739746	190
2801.178955	187
2805.618164	185
2810.057617	185
2814.496826	190
2818.936035	190
2823.375244	192
2827.814697	189
2832.253906	183
2836.693115	183
2841.132324	177
2845.571777	182
2850.010986	176
2854.450195	194
2858.889404	188
2863.328857	189
2867.768066	182
2872.207275	186
2876.646484	193
2881.085938	191
2885.525146	192
2889.964355	193
2894.403564	190
2898.843018	185
2903.282227	170
2907.721436	180
2912.160645	190
2916.600098	193
2921.039307	200
2925.478516	202
2929.917725	184
2934.357178	198
2938.796387	197
2943.235596	195
2947.674805	194
2952.114258	190
2956.553467	176
2960.992676	170
2965.431885	175
2969.871338	177
2974.310547	186
2978.749756	194
2983.188965	187
2987.628418	196
2992.067627	189
2996.506836	189
3000.946045	186
3005.385498	185
3009.824707	174
3014.263916	184
3018.703125	192
3023.142578	187
3027.581787	190
3032.020996	189
3036.460205	182
3040.899658	174
3045.338867	183
3049.778076	188
3054.217285	180
3058.656738	186
3063.095947	182
3067.535156	186
3071.974365	185
3076.413818	180
3080.853027	201
3085.292236	196
3089.731445	191
3094.170654	188
3098.610107	186
3103.049316	184
3107.488525	171
3111.927734	184
3116.367188	191
3120.806396	191
3125.245605	196
3129.684814	182
3134.124268	193
3138.563477	201
3143.002686	191
3147.441895	174
3151.881348	174
3156.320557	184
3160.759766	182
3165.198975	195
3169.638428	188
3174.077637	180
3178.516846	190
3182.956055	190
3187.395508	197
3191.834717	178
3196.273926	194
3200.713135	185
3205.152588	184
3209.591797	175
3214.031006	184
3218.470215	190
3222.909668	187
3227.348877	192
3231.788086	198
3236.227295	189
3240.666748	183
3245.105957	192
3249.545166	200
3253.984375	202
3258.423828	191
3262.863037	184
3267.302246	188
3271.741455	191
3276.180908	195
3280.620117	184
3285.059326	176
3289.498535	191
3293.937988	205
3298.377197	205
3302.816406	218
3307.255615	213
3311.695068	192
3316.134277	195
3320.573486	194
3325.012695	199
3329.452148	202
3333.891357	203
3338.330566	200
3342.769775	196
3347.209229	196
3351.648438	190
3356.087646	200
3360.526855	196
3364.966309	186
3369.405518	186
3373.844727	205
3378.283936	202
3382.723389	193
3387.162598	187
3391.601807	198
3396.041016	203
3400.480469	206
3404.919678	199
3409.358887	203
3413.798096	192
3418.237549	207
3422.676758	209
3427.115967	190
3431.555176	206
3435.994629	212
3440.433838	201
3444.873047	211
3449.312256	215
3453.751709	205
3458.190918	190
3462.630127	189
3467.069336	196
3471.508789	201
3475.947998	202
3480.387207	211
3484.826416	215
3489.265869	216
3493.705078	206
3498.144287	209
3502.583496	204
3507.022949	204
3511.462158	200
3515.901367	205
3520.340576	205
3524.780029	222
3529.219238	224
3533.658447	220
3538.097656	220
3542.536865	206
3546.976318	209
3551.415527	216
3555.854736	228
3560.293945	220
3564.733398	224
3569.172607	230
3573.611816	234
3578.051025	249
3582.490479	241
3586.929688	218
3591.368896	228
3595.808105	237
3600.247559	236
3604.686768	245
3609.125977	244
3613.565186	255
3618.004639	249
3622.443848	253
3626.883057	261
3631.322266	260
3635.761719	256
3640.200928	273
3644.640137	286
3649.079346	303
3653.518799	295
3657.958008	288
3662.397217	313
3666.836426	308
3671.275879	315
3675.715088	324
3680.154297	337
3684.593506	333
3689.032959	364
3693.472168	369
3697.911377	385
3702.350586	412
3706.790039	433
3711.229248	454
3715.668457	444
3720.107666	447
3724.547119	500
3728.986328	530
3733.425537	528
3737.864746	544
3742.304199	577
3746.743408	608
3751.182617	629
3755.621826	642
3760.061279	669
3764.500488	711
3768.939697	779
3773.378906	793
3777.818359	823
3782.257568	886
3786.696777	947
3791.135986	1015
3795.575439	1115
3800.014648	1159
3804.453857	1244
3808.893066	1305
3813.332520	1362
3817.771729	1414
3822.210938	1483
3826.650146	1614
3831.089600	1704
3835.528809	1796
3839.968018	1896
3844.407227	1969
3848.846680	2084
3853.285889	2161
3857.725098	2226
3862.164307	2282
3866.603760	2365
3871.042969	2450
3875.482178	2501
3879.921387	2571
3884.360840	2642
3888.800049	2687
3893.239258	2718
3897.678467	2788
3902.117920	2851
3906.557129	2924
3910.996338	3000
3915.435547	3020
3919.875000	3050
3924.314209	3095
3928.753418	3136
3933.192627	3136
3937.632080	3166
3942.071289	3160
3946.510498	3169
3950.949707	3140
3955.389160	3118
3959.828369	3129
3964.267578	3135
3968.706787	3170
3973.146240	3197
3977.585449	3235
3982.024658	3296
3986.463867	3308
3990.903076	3362
3995.342529	3458
3999.781738	3505
4004.220947	3548
4008.660156	3604
4013.099609	3618
4017.538818	3614
4021.978027	3664
4026.417236	3686
4030.856689	3652
4035.295898	3646
4039.735107	3659
4044.174316	3675
4048.613770	3639
4053.052979	3619
4057.492188	3635
4061.931396	3622
4066.370850	3595
4070.810059	3528
4075.249268	3465
4079.688477	3435
4084.127930	3391
4088.567139	3348
4093.006348	3349
4097.445801	3347
4101.884766	3357
4106.324219	3391
4110.763672	3389
4115.202637	3367
4119.642090	3367
4124.081055	3391
4128.520508	3435
4132.959961	3453
4137.398926	3473
4141.838379	3475
4146.277832	3517
4150.716797	3578
4155.156250	3582
4159.595215	3564
4164.034668	3585
4168.474121	3623
4172.913086	3646
4177.352539	3657
4181.791992	3639
4186.230957	3603
4190.670410	3598
4195.109375	3616
4199.548828	3632
4203.988281	3633
4208.427246	3620
4212.866699	3573
4217.306152	3568
4221.745117	3552
4226.184570	3539
4230.623535	3543
4235.062988	3511
4239.502441	3479
4243.941406	3490
4248.380859	3521
4252.820313	3498
4257.259277	3431
4261.698730	3412
4266.137695	3415
4270.577148	3439
4275.016602	3426
4279.455566	3421
4283.895020	3416
4288.334473	3376
4292.773438	3354
4297.212891	3352
4301.651855	3308
4306.091309	3291
4310.530762	3274
4314.969727	3246
4319.409180	3267
4323.848633	3258
4328.287598	3232
4332.727051	3227
4337.166016	3240
4341.605469	3265
4346.044922	3269
4350.483887	3295
4354.923340	3339
4359.362793	3345
4363.801758	3335
4368.241211	3381
4372.680176	3426
4377.119629	3448
4381.559082	3500
4385.998047	3558
4390.437500	3577
4394.876953	3595
4399.315918	3621
4403.755371	3645
4408.194336	3714
4412.633789	3732
4417.073242	3706
4421.512207	3710
4425.951660	3738
4430.390625	3757
4434.830078	3769
4439.269531	3827
4443.708496	3781
4448.147949	3766
4452.587402	3794
4457.026367	3764
4461.465820	3750
4465.904785	3801
4470.344238	3816
4474.783691	3778
4479.222656	3772
4483.662109	3759
4488.101563	3737
4492.540527	3748
4496.979980	3770
4501.418945	3775
4505.858398	3758
4510.297852	3733
4514.736816	3732
4519.176270	3746
4523.615723	3750
4528.054688	3722
4532.494141	3686
4536.933105	3710
4541.372559	3759
4545.812012	3808
4550.250977	3750
4554.690430	3702
4559.129883	3763
4563.568848	3772
4568.008301	3780
4572.447266	3783
4576.886719	3790
4581.326172	3818
4585.765137	3863
4590.204590	3888
4594.644043	3885
4599.083008	3911
4603.522461	3954
4607.961426	4011
4612.400879	4029
4616.840332	4028
4621.279297	4076
4625.718750	4194
4630.158203	4267
4634.597168	4269
4639.036621	4316
4643.475586	4378
4647.915039	4452
4652.354492	4508
4656.793457	4581
4661.232910	4684
4665.672363	4704
4670.111328	4798
4674.550781	4909
4678.989746	4936
4683.429199	5030
4687.868652	5154
4692.307617	5226
4696.747070	5314
4701.186523	5408
4705.625488	5510
4710.064941	5585
4714.503906	5661
4718.943359	5778
4723.382813	5902
4727.821777	5995
4732.261230	6107
4736.700684	6193
4741.139648	6193
4745.579102	6217
4750.018066	6311
4754.457520	6333
4758.896973	6393
4763.335938	6449
4767.775391	6525
4772.214844	6535
4776.653809	6488
4781.093262	6540
4785.532227	6612
4789.971680	6618
4794.411133	6621
4798.850098	6633
4803.289551	6646
4807.729004	6672
4812.167969	6686
4816.607422	6690
4821.046387	6717
4825.485840	6675
4829.925293	6639
4834.364258	6639
4838.803711	6627
4843.243164	6621
4847.682129	6616
4852.121582	6602
4856.560547	6588
4861.000000	6539
4865.439453	6561
4869.878418	6617
4874.317871	6582
4878.756836	6529
4883.196289	6584
4887.635742	6608
4892.074707	6632
4896.514160	6612
4900.953613	6616
4905.392578	6710
4909.832031	6713
4914.270996	6703
4918.710449	6741
4923.149902	6779
4927.588867	6791
4932.028320	6846
4936.467773	6867
4940.906738	6836
4945.346191	6862
4949.785156	6870
4954.224609	6867
4958.664063	6871
4963.103027	6877
4967.542480	6856
4971.981934	6851
4976.420898	6850
4980.860352	6850
4985.299316	6854
4989.738770	6834
4994.178223	6850
4998.617188	6851
5003.056641	6809
5007.496094	6850
5011.935059	6825
5016.374512	6814
5020.813477	6831
5025.252930	6801
5029.692383	6741
5034.131348	6719
5038.570801	6752
5043.010254	6770
5047.449219	6756
5051.888672	6739
5056.327637	6735
5060.767090	6707
5065.206543	6712
5069.645508	6676
5074.084961	6650
5078.524414	6634
5082.963379	6645
5087.402832	6669
5091.841797	6675
5096.281250	6644
5100.720703	6623
5105.159668	6599
5109.599121	6535
5114.038574	6540
5118.477539	6549
5122.916992	6529
5127.355957	6500
5131.795410	6519
5136.234863	6513
5140.673828	6462
5145.113281	6414
5149.552734	6394
5153.991699	6345
5158.431152	6262
5162.870117	6263
5167.309570	6285
5171.749023	6265
5176.187988	6217
5180.627441	6159
5185.066895	6153
5189.505859	6103
5193.945313	6077
5198.384277	6065
5202.823730	6024
5207.263184	5981
5211.702148	5931
5216.141602	5938
5220.581055	5936
5225.020020	5930
5229.459473	5935
5233.898438	5891
5238.337891	5852
5242.777344	5761
5247.216309	5723
5251.655762	5766
5256.095215	5720
5260.534180	5661
5264.973633	5656
5269.412598	5675
5273.852051	5684
5278.291504	5650
5282.730469	5625
5287.169922	5590
5291.609375	5544
5296.048340	5550
5300.487793	5542
5304.926758	5506
5309.366211	5521
5313.805664	5510
5318.244629	5470
5322.684082	5429
5327.123047	5407
5331.562500	5405
5336.001953	5421
5340.440918	5402
5344.880371	5414
5349.319824	5362
5353.758789	5275
5358.198242	5282
5362.637207	5302
5367.076660	5268
5371.516113	5268
5375.955078	5272
5380.394531	5255
5384.833984	5261
5389.272949	5244
5393.712402	5205
5398.151367	5217
5402.590820	5210
5407.030273	5209
5411.469238	5188
5415.908691	5172
5420.348145	5148
5424.787109	5121
5429.226563	5045
5433.665527	5025
5438.104980	5020
5442.544434	5050
5446.983398	5064
5451.422852	5077
5455.862305	4995
5460.301270	4947
5464.740723	4977
5469.179688	4964
5473.619141	4941
5478.058594	4962
5482.497559	4947
5486.937012	4905
5491.376465	4876
5495.815430	4870
5500.254883	4888
5504.693848	4907
5509.133301	4848
5513.572754	4840
5518.011719	4873
5522.451172	4841
5526.890625	4835
5531.329590	4810
5535.769043	4799
5540.208008	4792
5544.647461	4754
5549.086914	4728
5553.525879	4731
5557.965332	4686
5562.404785	4654
5566.843750	4662
5571.283203	4643
5575.722168	4637
5580.161621	4603
5584.601074	4585
5589.040039	4582
5593.479492	4559
5597.918945	4579
5602.357910	4562
5606.797363	4558
5611.236328	4565
5615.675781	4521
5620.115234	4490
5624.554199	4472
5628.993652	4475
5633.433105	4436
5637.872070	4441
5642.311523	4390
5646.750488	4369
5651.189941	4423
5655.629395	4356
5660.068359	4326
5664.507813	4348
5668.947266	4272
5673.386230	4219
5677.825684	4257
5682.264648	4325
5686.704102	4252
5691.143555	4184
5695.582520	4203
5700.021973	4198
5704.461426	4158
5708.900391	4107
5713.339844	4105
5717.778809	4147
5722.218262	4129
5726.657715	4089
5731.096680	4063
5735.536133	4031
5739.975586	4011
5744.414551	4069
5748.854004	4067
5753.292969	4020
5757.732422	3973
5762.171875	3986
5766.610840	4054
5771.050293	4077
5775.489258	4056
5779.928711	4041
5784.368164	4040
5788.807129	4036
5793.246582	4035
5797.686035	4033
5802.125000	4038
5806.564453	4034
5811.003418	4038
5815.442871	4053
5819.882324	4071
5824.321289	4117
5828.760742	4118
5833.200195	4100
5837.639160	4116
5842.078613	4090
5846.517578	4112
5850.957031	4024
5855.396484	3990
5859.835449	4065
5864.274902	4053
5868.714355	4038
5873.153320	4048
5877.592773	4067
5882.031738	4050
5886.471191	4041
5890.910645	4013
5895.349609	4013
5899.789063	3996
5904.228516	3977
5908.667480	3902
5913.106934	3919
5917.545898	3918
5921.985352	3898
5926.424805	3878
5930.863770	3830
5935.303223	3794
5939.742676	3750
5944.181641	3737
5948.621094	3770
5953.060059	3741
5957.499512	3686
5961.938965	3663
5966.377930	3629
5970.817383	3580
5975.256836	3603
5979.695801	3554
5984.135254	3546
5988.574219	3538
5993.013672	3481
5997.453125	3439
6001.892090	3464
6006.331543	3445
6010.770996	3405
6015.209961	3409
6019.649414	3381
6024.088379	3339
6028.527832	3298
6032.967285	3296
6037.406250	3291
6041.845703	3268
6046.285156	3223
6050.724121	3163
6055.163574	3145
6059.602539	3152
6064.041992	3100
6068.481445	3065
6072.920410	3072
6077.359863	3021
6081.799316	3004
6086.238281	2979
6090.677734	2973
6095.116699	2943
6099.556152	2892
6103.995605	2914
6108.434570	2897
6112.874023	2850
6117.313477	2809
6121.752441	2767
6126.191895	2756
6130.630859	2757
6135.070313	2731
6139.509766	2717
6143.948730	2671
6148.388184	2627
6152.827637	2615
6157.266602	2613
6161.706055	2584
6166.145020	2572
6170.584473	2555
6175.023926	2553
6179.462891	2506
6183.902344	2456
6188.341309	2473
6192.780762	2475
6197.220215	2448
6201.659180	2437
6206.098633	2397
6210.538086	2395
6214.977051	2403
6219.416504	2376
6223.855469	2372
6228.294922	2370
6232.734375	2350
6237.173340	2366
6241.612793	2339
6246.052246	2337
6250.491211	2334
6254.930664	2283
6259.369629	2274
6263.809082	2283
6268.248535	2279
6272.687500	2256
6277.126953	2263
6281.566406	2240
6286.005371	2198
6290.444824	2231
6294.883789	2226
6299.323242	2220
6303.762695	2212
6308.201660	2200
6312.641113	2126
6317.080566	2142
6321.519531	2140
6325.958984	2112
6330.397949	2141
6334.837402	2165
6339.276855	2150
6343.715820	2159
6348.155273	2160
6352.594727	2171
6357.033691	2168
6361.473145	2112
6365.912109	2085
6370.351563	2078
6374.791016	2074
6379.229980	2098
6383.669434	2092
6388.108887	2070
6392.547852	2111
6396.987305	2106
6401.426270	2064
6405.865723	2051
6410.305176	2025
6414.744141	1989
6419.183594	1973
6423.623047	1977
6428.062012	1968
6432.501465	2004
6436.940430	1965
6441.379883	1970
6445.819336	1971
6450.258301	1965
6454.697754	1953
6459.137207	1945
6463.576172	1936
6468.015625	1917
6472.454590	1935
6476.894043	1927
6481.333496	1935
6485.772461	1939
6490.211914	1918
6494.651367	1913
6499.090332	1887
6503.529785	1870
6507.968750	1842
6512.408203	1811
6516.847656	1773
6521.286621	1766
6525.726074	1768
6530.165527	1739
6534.604492	1737
6539.043945	1750
6543.482910	1746
6547.922363	1707
6552.361816	1671
6556.800781	1658
6561.240234	1665
6565.679688	1680
6570.118652	1683
6574.558105	1672
6578.997070	1691
6583.436523	1727
6587.875977	1736
6592.314941	1719
6596.754395	1745
6601.193848	1758
6605.632813	1713
6610.072266	1701
6614.511230	1741
6618.950684	1756
6623.390137	1747
6627.829102	1742
6632.268555	1783
6636.707520	1779
6641.146973	1786
6645.586426	1770
6650.025391	1780
6654.464844	1796
6658.904297	1805
6663.343262	1815
6667.782715	1803
6672.221680	1801
6676.661133	1858
6681.100586	1856
6685.539551	1826
6689.979004	1829
6694.418457	1819
6698.857422	1816
6703.296875	1826
6707.735840	1803
6712.175293	1832
6716.614746	1828
6721.053711	1817
6725.493164	1842
6729.932617	1826
6734.371582	1816
6738.811035	1853
6743.250000	1850
6747.689453	1842
6752.128906	1857
6756.567871	1825
6761.007324	1806
6765.446777	1854
6769.885742	1823
6774.325195	1808
6778.764160	1805
6783.203613	1819
6787.643066	1842
6792.082031	1811
6796.521484	1785
6800.960938	1840
6805.399902	1832
6809.839355	1812
6814.278320	1804
6818.717773	1796
6823.157227	1785
6827.596191	1774
6832.035645	1792
6836.475098	1803
6840.914063	1808
6845.353516	1788
6849.792480	1769
6854.231934	1748
6858.671387	1747
6863.110352	1749
6867.549805	1719
6871.989258	1748
6876.428223	1754
6880.867676	1739
6885.306641	1729
6889.746094	1732
6894.185547	1733
6898.624512	1754
6903.063965	1775
6907.503418	1792
6911.942383	1740
6916.381836	1715
6920.820801	1761
6925.260254	1778
6929.699707	1739
6934.138672	1745
6938.578125	1771
6943.017578	1752
6947.456543	1752
6951.895996	1785
6956.334961	1768
6960.774414	1768
6965.213867	1792
6969.652832	1804
6974.092285	1797
6978.531738	1791
6982.970703	1817
6987.410156	1836
6991.849121	1837
6996.288574	1821
7000.728027	1836
7005.166992	1810
7009.606445	1786
7014.045898	1800
7018.484863	1791
7022.924316	1790
7027.363281	1826
7031.802734	1874
7036.242188	1848
7040.681152	1801
7045.120605	1784
7049.560059	1818
7053.999023	1820
7058.438477	1797
7062.877441	1831
7067.316895	1850
7071.756348	1792
7076.195313	1762
7080.634766	1783
7085.073730	1802
7089.513184	1811
7093.952637	1789
7098.391602	1787
7102.831055	1804
7107.270508	1785
7111.709473	1778
7116.148926	1775
7120.587891	1743
7125.027344	1709
7129.466797	1709
7133.905762	1715
7138.345215	1691
7142.784668	1644
7147.223633	1641
7151.663086	1650
7156.102051	1659
7160.541504	1621
7164.980957	1593
7169.419922	1595
7173.859375	1613
7178.298828	1588
7182.737793	1568
7187.177246	1533
7191.616211	1542
7196.055664	1544
7200.495117	1554
7204.934082	1561
7209.373535	1522
7213.812988	1522
7218.251953	1530
7222.691406	1493
7227.130371	1486
7231.569824	1459
7236.009277	1456
7240.448242	1466
7244.887695	1459
7249.327148	1451
7253.766113	1447
7258.205566	1429
7262.644531	1423
7267.083984	1447
7271.523438	1431
7275.962402	1397
7280.401855	1375
7284.841309	1373
7289.280273	1379
7293.719727	1361
7298.158691	1369
7302.598145	1347
7307.037598	1352
7311.476563	1340
7315.916016	1358
7320.355469	1359
7324.794434	1321
7329.233887	1327
7333.672852	1347
7338.112305	1344
7342.551758	1325
7346.990723	1298
7351.430176	1300
7355.869629	1324
7360.308594	1331
7364.748047	1317
7369.187012	1337
7373.626465	1322
7378.065918	1274
7382.504883	1289
7386.944336	1315
7391.383789	1296
7395.822754	1299
7400.262207	1266
7404.701172	1269
7409.140625	1283
7413.580078	1287
7418.019043	1253
7422.458496	1219
7426.897949	1254
7431.336914	1278
7435.776367	1266
7440.215332	1215
7444.654785	1185
7449.094238	1182
7453.533203	1206
7457.972656	1194
7462.412109	1182
7466.851074	1206
7471.290527	1196
7475.729492	1164
7480.168945	1154
7484.608398	1145
7489.047363	1147
7493.486816	1159
7497.926270	1148
7502.365234	1148
7506.804688	1147
7511.243652	1124
7515.683105	1100
7520.122559	1085
7524.561523	1050
7529.000977	1048
7533.439941	1061
7537.879395	1030
7542.318848	1003
7546.757813	1002
7551.197266	993
7555.636719	978
7560.075684	952
7564.515137	928
7568.954102	913
7573.393555	893
7577.833008	866
7582.271973	844
7586.711426	850
7591.150879	854
7595.589844	844
7600.029297	831
7604.468262	817
7608.907715	778
7613.347168	763
7617.786133	778
7622.225586	768
7626.665039	767
7631.104004	782
7635.543457	741
7639.982422	720
7644.421875	725
7648.861328	728
7653.300293	730
7657.739746	740
7662.179199	741
7666.618164	735
7671.057617	705
7675.496582	696
7679.936035	705
7684.375488	717
7688.814453	698
7693.253906	688
7697.693359	684
7702.132324	675
7706.571777	668
7711.010742	683
7715.450195	702
7719.889648	705
7724.328613	685
7728.768066	654
7733.207520	647
7737.646484	655
7742.085938	679
7746.524902	681
7750.964355	692
7755.403809	678
7759.842773	655
7764.282227	636
7768.721680	635
7773.160645	646
7777.600098	635
7782.039063	615
7786.478516	601
7790.917969	589
7795.356934	615
7799.796387	613
7804.235840	617
7808.674805	610
7813.114258	603
7817.553223	571
7821.992676	543
7826.432129	571
7830.871094	577
7835.310547	540
7839.750000	532
7844.188965	537
7848.628418	551
7853.067383	548
7857.506836	536
7861.946289	515
7866.385254	517
7870.824707	522
7875.264160	527
7879.703125	501
7884.142578	487
7888.581543	486
7893.020996	503
7897.460449	488
7901.899414	486
7906.338867	503
7910.778320	501
7915.217285	478
7919.656738	481
7924.095703	475
7928.535156	472
7932.974609	483
7937.413574	477
7941.853027	480
7946.292480	492
7950.731445	498
7955.170898	465
7959.609863	454
7964.049316	478
7968.488770	501
7972.927734	467
7977.367188	450
7981.806152	480
7986.245605	494
7990.685059	484
7995.124023	487
7999.563477	475
8004.002930	489
8008.441895	478
8012.881348	463
8017.320313	453
8021.759766	472
8026.199219	481
8030.638184	473
8035.077637	461
8039.517090	472
8043.956055	461
8048.395508	458
8052.834473	454
8057.273926	467
8061.713379	474
8066.152344	466
8070.591797	451
8075.031250	445
8079.470215	456
8083.909668	440
8088.348633	435
8092.788086	434
8097.227539	450
8101.666504	463
8106.105957	433
8110.545410	423
8114.984375	431
8119.423828	424
8123.862793	414
8128.302246	423
8132.741699	402
8137.180664	404
8141.620117	391
8146.059570	399
8150.498535	384
8154.937988	380
8159.376953	388
8163.816406	393
8168.255859	385
8172.694824	377
8177.134277	365
8181.573730	357
8186.012695	349
8190.452148	343
8194.891602	347
8199.331055	348
8203.769531	353
8208.208984	344
8212.648438	336
8217.087891	335
8221.527344	334
8225.965820	317
8230.405273	321
8234.844727	319
8239.284180	306
8243.723633	315
8248.162109	321
8252.601563	327
8257.041016	335
8261.480469	359
8265.919922	351
8270.359375	328
8274.797852	321
8279.237305	319
8283.676758	335
8288.116211	329
8292.555664	319
8296.994141	322
8301.433594	307
8305.873047	302
8310.312500	317
8314.751953	331
8319.190430	331
8323.629883	328
8328.069336	321
8332.508789	339
8336.948242	348
8341.387695	340
8345.826172	338
8350.265625	327
8354.705078	328
8359.144531	340
8363.583984	350
8368.022461	343
8372.461914	333
8376.901367	335
8381.340820	347
8385.780273	353
8390.218750	348
8394.658203	343
8399.097656	354
8403.537109	354
8407.976563	349
8412.415039	337
8416.854492	337
8421.293945	349
8425.733398	353
8430.172852	352
8434.612305	363
8439.050781	368
8443.490234	372
8447.929688	360
8452.369141	344
8456.808594	376
8461.247070	367
8465.686523	353
8470.125977	349
8474.565430	353
8479.004883	376
8483.443359	386
8487.882813	374
8492.322266	372
8496.761719	369
8501.201172	346
8505.640625	351
8510.079102	353
8514.518555	369
8518.958008	382
8523.397461	370
8527.836914	353
8532.275391	343
8536.714844	355
8541.154297	357
8545.593750	350
8550.033203	368
8554.471680	356
8558.911133	348
8563.350586	346
8567.790039	363
8572.229492	373
8576.668945	357
8581.107422	353
8585.546875	354
8589.986328	366
8594.425781	360
8598.865234	337
8603.303711	331
8607.743164	344
8612.182617	359
8616.622070	367
8621.061523	348
8625.500000	335
8629.939453	334
8634.378906	334
8638.818359	320
8643.257813	311
8647.697266	331
8652.135742	320
8656.575195	304
8661.014648	305
8665.454102	300
8669.893555	286
8674.332031	292
8678.771484	291
8683.210938	300
8687.650391	298
8692.089844	293
8696.528320	280
8700.967773	288
8705.407227	286
8709.846680	290
8714.286133	271
8718.725586	268
8723.164063	258
8727.603516	267
8732.042969	258
8736.482422	260
8740.921875	272
8745.360352	267
8749.799805	272
8754.239258	262
8758.678711	270
8763.118164	268
8767.556641	257
8771.996094	269
8776.435547	264
8780.875000	259
8785.314453	256
8789.753906	270
8794.192383	256
8798.631836	246
8803.071289	245
8807.510742	248
8811.950195	256
8816.388672	255
8820.828125	250
8825.267578	242
8829.707031	240
8834.146484	243
8838.584961	226
8843.024414	223
8847.463867	234
8851.903320	239
8856.342773	250
8860.781250	249
8865.220703	226
8869.660156	221
8874.099609	215
8878.539063	233
8882.978516	246
8887.416992	245
8891.856445	220
8896.295898	217
8900.735352	214
8905.174805	210
8909.613281	219
8914.052734	225
8918.492188	225
8922.931641	230
8927.371094	223
8931.809570	213
8936.249023	214
8940.688477	234
8945.127930	233
8949.567383	233
8954.006836	226
8958.445313	224
8962.884766	227
8967.324219	236
8971.763672	237
8976.203125	217
8980.641602	222
8985.081055	217
8989.520508	225
8993.959961	232
8998.399414	223
9002.837891	225
9007.277344	223
9011.716797	205
9016.156250	209
9020.595703	225
9025.035156	232
9029.473633	234
9033.913086	231
9038.352539	220
9042.791992	217
9047.231445	216
9051.669922	210
9056.109375	227
9060.548828	220
9064.988281	229
9069.427734	248
9073.866211	239
9078.305664	236
9082.745117	220
9087.184570	218
9091.624023	219
9096.063477	228
9100.501953	219
9104.941406	231
9109.380859	243
9113.820313	238
9118.259766	219
9122.698242	229
9127.137695	232
9131.577148	227
9136.016602	221
9140.456055	225
9144.894531	217
9149.333984	227
9153.773438	250
9158.212891	226
9162.652344	222
9167.091797	226
9171.530273	242
9175.969727	237
9180.409180	219
9184.848633	212
9189.288086	214
9193.726563	235
9198.166016	233
9202.605469	235
9207.044922	236
9211.484375	235
9215.922852	242
9220.362305	243
9224.801758	219
9229.241211	220
9233.680664	220
9238.120117	220
9242.558594	227
9246.998047	220
9251.437500	222
9255.876953	244
9260.316406	243
9264.754883	243
9269.194336	241
9273.633789	249
9278.073242	231
9282.512695	228
9286.951172	222
9291.390625	224
9295.830078	238
9300.269531	229
9304.708984	226
9309.147461	238
9313.586914	244
9318.026367	227
9322.465820	230
9326.905273	235
9331.344727	246
9335.783203	237
9340.222656	229
9344.662109	233
9349.101563	249
9353.541016	231
9357.979492	209
9362.418945	229
9366.858398	244
9371.297852	222
9375.737305	228
9380.175781	245
9384.615234	241
9389.054688	229
9393.494141	225
9397.933594	238
9402.373047	237
9406.811523	226
9411.250977	244
9415.690430	242
9420.129883	233
9424.569336	227
9429.007813	239
9433.447266	240
9437.886719	235
9442.326172	227
9446.765625	252
9451.204102	250
9455.643555	252
9460.083008	245
9464.522461	229
9468.961914	234
9473.401367	242
9477.839844	226
9482.279297	226
9486.718750	246
9491.158203	237
9495.597656	239
9500.036133	252
9504.475586	254
9508.915039	263
9513.354492	268
9517.793945	264
9522.232422	270
9526.671875	274
9531.111328	269
9535.550781	263
9539.990234	254
9544.429688	249
9548.868164	243
9553.307617	243
9557.747070	261
9562.186523	269
9566.625977	261
9571.064453	254
9575.503906	262
9579.943359	252
9584.382813	261
9588.822266	265
9593.260742	261
9597.700195	254
9602.139648	261
9606.579102	253
9611.018555	255
9615.458008	262
9619.896484	274
9624.335938	280
9628.775391	267
9633.214844	258
9637.654297	255
9642.092773	249
9646.532227	258
9650.971680	261
9655.411133	254
9659.850586	264
9664.289063	256
9668.728516	240
9673.167969	259
9677.607422	256
9682.046875	262
9686.486328	253
9690.924805	257
9695.364258	239
9699.803711	233
9704.243164	237
9708.682617	234
9713.121094	241
9717.560547	254
9722.000000	248
9726.439453	248
9730.878906	252
9735.317383	256
9739.756836	260
9744.196289	238
9748.635742	215
9753.075195	225
9757.513672	241
9761.953125	251
9766.392578	243
9770.832031	237
9775.271484	244
9779.710938	251
9784.149414	250
9788.588867	225
9793.028320	227
9797.467773	221
9801.907227	228
9806.345703	223
9810.785156	221
9815.224609	221
9819.664063	214
9824.103516	212
9828.541992	208
9832.981445	215
9837.420898	216
9841.860352	212
9846.299805	214
9850.739258	221
9855.177734	219
9859.617188	218
9864.056641	216
9868.496094	220
9872.935547	223
9877.374023	200
9881.813477	196
9886.252930	206
9890.692383	189
9895.131836	183
9899.570313	175
9904.009766	173
9908.449219	157
9912.888672	151
9917.328125	142
9921.767578	138
9926.206055	140
9930.645508	140
9935.084961	140
9939.524414	121
9943.963867	116
9948.402344	102
9952.841797	111
9957.281250	108
9961.720703	102
9966.160156	97
9970.598633	83
9975.038086	78
9979.477539	78
9983.916992	75
9988.356445	70
9992.795898	63
9997.234375	67
10001.673828	62
10006.113281	62
10010.552734	56
10014.992188	48
10019.430664	45
10023.870117	48
10028.309570	47
10032.749023	39
10037.188477	48
10041.626953	45
10046.066406	40
10050.505859	36
10054.945313	40
10059.384766	47
10063.824219	45
10068.262695	48
10072.702148	43
10077.141602	42
10081.581055	38
10086.020508	37
10090.458984	36
10094.898438	35
10099.337891	34
10103.777344	33
10108.216797	30
10112.655273	30
10117.094727	30
10121.534180	35
10125.973633	31
10130.413086	26
10134.852539	24
10139.291016	26
10143.730469	24
10148.169922	19
10152.609375	21
10157.048828	20
10161.487305	20
10165.926758	22
10170.366211	24
10174.805664	15
10179.245117	14
10183.683594	17
10188.123047	13
10192.562500	13
10197.001953	14
10201.441406	13
10205.879883	10
10210.319336	10
10214.758789	7
10219.198242	7
10223.637695	7
10228.077148	5
10232.515625	4
10236.955078	0
10241.394531	2
10245.833984	1
10250.273438	0
10254.711914	0
10259.151367	0
10263.590820	0
10268.030273	0
10272.469727	0
10276.908203	0
10281.347656	0
10285.787109	0
10290.226563	0
10294.666016	0
10299.105469	0
10303.543945	0
10307.983398	0
10312.422852	0
10316.862305	0
10321.301758	0
10325.740234	0
10330.179688	0
10334.619141	0
10339.058594	0
10343.498047	0
10347.936523	0
10352.375977	0
10356.815430	0
10361.254883	0
10365.694336	0
10370.133789	0
10374.572266	0
10379.011719	0
10383.451172	0
10387.890625	0
10392.330078	0
10396.768555	0
10401.208008	0
10405.647461	0
10410.086914	0
10414.526367	0
10418.964844	0
10423.404297	0
10427.843750	0
10432.283203	0
10436.722656	0
10441.162109	0
10445.600586	0
10450.040039	0
10454.479492	0
10458.918945	0
10463.358398	0
10467.796875	0
10472.236328	0
10476.675781	0
10481.115234	0
10485.554688	0
10489.993164	0
10494.432617	0
10498.872070	0
10503.311523	0
10507.750977	0
10512.190430	0
10516.628906	0
10521.068359	0
10525.507813	0
10529.947266	0
10534.386719	0
10538.825195	0
10543.264648	0
10547.704102	0
10552.143555	0
10556.583008	0
10561.021484	0
10565.460938	0
10569.900391	0
10574.339844	0
10578.779297	0
10583.218750	0
10587.657227	0
10592.096680	0
10596.536133	0
10600.975586	0
10605.415039	0
10609.853516	0
10614.292969	0
10618.732422	0
10623.171875	0
10627.611328	0
10632.049805	0
10636.489258	0
10640.928711	0
10645.368164	0
10649.807617	0
10654.246094	0
10658.685547	0
10663.125000	0
10667.564453	0
10672.003906	0
10676.443359	0
10680.881836	0
10685.321289	0
10689.760742	0
10694.200195	0
10698.639648	0
10703.078125	0
10707.517578	0
10711.957031	0
10716.396484	0
10720.835938	0
10725.274414	0
10729.713867	0
10734.153320	0
10738.592773	0
10743.032227	0
10747.471680	0
10751.910156	0
10756.349609	0
10760.789063	0
10765.228516	0
10769.667969	0
10774.106445	0
10778.545898	0
10782.985352	0
10787.424805	0
10791.864258	0
10796.302734	0
10800.742188	0
10805.181641	0
10809.621094	0
10814.060547	0
10818.500000	0
10822.938477	0
10827.377930	0
10831.817383	0
10836.256836	0
10840.696289	0
10845.134766	0
10849.574219	0
10854.013672	0
10858.453125	0
10862.892578	0
10867.331055	0
10871.770508	0
10876.209961	0
10880.649414	0
10885.088867	0
10889.528320	0
10893.966797	0
10898.406250	0
10902.845703	0
10907.285156	0
10911.724609	0
10916.163086	0
10920.602539	0
10925.041992	0
10929.481445	0
10933.920898	0
10938.359375	0
10942.798828	0
10947.238281	0
10951.677734	0
10956.117188	0
10960.556641	0
10964.995117	0
10969.434570	0
10973.874023	0
10978.313477	0
10982.752930	0
10987.191406	0
10991.630859	0
10996.070313	0
11000.509766	0
11004.949219	0
11009.387695	0
11013.827148	0
11018.266602	0
11022.706055	0
11027.145508	0
11031.584961	0
11036.023438	0
11040.462891	0
11044.902344	0
11049.341797	0
11053.781250	0
11058.219727	0
11062.659180	0
11067.098633	0
11071.538086	0
11075.977539	0
11080.416016	0
11084.855469	0
11089.294922	0
11093.734375	0
11098.173828	0
11102.612305	0
11107.051758	0
11111.491211	0
11115.930664	0
11120.370117	0
11124.809570	0
11129.248047	0
11133.687500	0
11138.126953	0
11142.566406	0
11147.005859	0
11151.444336	0
11155.883789	0
11160.323242	0
11164.762695	0
11169.202148	0
11173.640625	0
11178.080078	0
11182.519531	0
11186.958984	0
11191.398438	0
11195.837891	0
11200.276367	0
11204.715820	0
11209.155273	0
11213.594727	0
11218.034180	0
11222.472656	0
11226.912109	0
11231.351563	0
11235.791016	0
11240.230469	0
11244.668945	0
11249.108398	0
11253.547852	0
11257.987305	0
11262.426758	0
11266.866211	0
11271.304688	0
11275.744141	0
11280.183594	0
11284.623047	0
11289.062500	0
11293.500977	0
11297.940430	0
11302.379883	0
11306.819336	0
11311.258789	0
11315.697266	0
11320.136719	0
11324.576172	0
11329.015625	0
11333.455078	0
11337.894531	0
11342.333008	0
11346.772461	0
11351.211914	0
11355.651367	0
11360.090820	0
11364.529297	0
11368.968750	0
11373.408203	0
11377.847656	0
11382.287109	0
11386.725586	0
11391.165039	0
11395.604492	0
11400.043945	0
11404.483398	0
11408.922852	0
11413.361328	0
11417.800781	0
11422.240234	0
11426.679688	0
11431.119141	0
11435.557617	0
11439.997070	0
11444.436523	0
11448.875977	0
11453.315430	0
11457.753906	0
11462.193359	0
11466.632813	0
11471.072266	0
11475.511719	0
11479.951172	0
11484.389648	0
11488.829102	0
11493.268555	0
11497.708008	0
11502.147461	0
11506.585938	0
11511.025391	0
11515.464844	0
11519.904297	0
11524.343750	0
11528.782227	0
11533.221680	0
11537.661133	0
11542.100586	0
11546.540039	0
11550.978516	0
11555.417969	0
11559.857422	0
11564.296875	0
11568.736328	0
11573.175781	0
11577.614258	0
11582.053711	0
11586.493164	0
11590.932617	0
11595.372070	0
11599.810547	0
11604.250000	0
11608.689453	0
11613.128906	0
11617.568359	0
11622.006836	0
11626.446289	0
11630.885742	0
11635.325195	0
11639.764648	0
11644.204102	0
11648.642578	0
11653.082031	0
11657.521484	0
11661.960938	0
11666.400391	0
11670.838867	0
11675.278320	0
11679.717773	0
11684.157227	0
11688.596680	0
11693.035156	0
11697.474609	0
11701.914063	0
11706.353516	0
11710.792969	0
11715.232422	0
11719.670898	0
11724.110352	0
11728.549805	0
11732.989258	0
11737.428711	0
11741.867188	0
11746.306641	0
11750.746094	0
11755.185547	0
11759.625000	0
11764.063477	0
11768.502930	0
11772.942383	0
11777.381836	0
11781.821289	0
11786.260742	0
11790.699219	0
11795.138672	0
11799.578125	0
11804.017578	0
11808.457031	0
11812.895508	0
11817.334961	0
11821.774414	0
11826.213867	0
11830.653320	0
11835.091797	0
11839.531250	0
11843.970703	0
11848.410156	0
11852.849609	0
11857.289063	0
11861.727539	0
11866.166992	0
11870.606445	0
11875.045898	0
11879.485352	0
11883.923828	0
11888.363281	0
11892.802734	0
11897.242188	0
11901.681641	0
11906.120117	0
11910.559570	0
11914.999023	0
11919.438477	0
11923.877930	0
11928.317383	0
11932.755859	0
11937.195313	0
11941.634766	0
11946.074219	0
11950.513672	0
11954.952148	0
11959.391602	0
11963.831055	0
11968.270508	0
11972.709961	0
11977.148438	0
11981.587891	0
11986.027344	0
11990.466797	0
11994.906250	0
11999.344727	0
12003.784180	0
12008.223633	0
12012.663086	0
12017.102539	0
12021.541992	0
12025.980469	0
12030.419922	0
12034.859375	0
12039.298828	0
12043.738281	0
12048.176758	0
12052.616211	0
12057.055664	0
12061.495117	0
12065.934570	0
12070.373047	0
12074.812500	0
12079.251953	0
12083.691406	0
12088.130859	0
12092.570313	0
12097.008789	0
12101.448242	0
12105.887695	0
12110.327148	0
12114.766602	0
12119.205078	0
12123.644531	0
12128.083984	0
12132.523438	0
12136.962891	0
12141.401367	0
12145.840820	0
12150.280273	0
12154.719727	0
12159.159180	0
12163.598633	0
12168.037109	0
12172.476563	0
12176.916016	0
12181.355469	0
12185.794922	0
12190.233398	0
12194.672852	0
12199.112305	0
12203.551758	0
12207.991211	0
12212.429688	0
12216.869141	0
12221.308594	0
12225.748047	0
12230.187500	0
12234.626953	0
12239.065430	0
12243.504883	0
12247.944336	0
12252.383789	0
12256.823242	0
12261.261719	0
12265.701172	0
12270.140625	0
12274.580078	0
12279.019531	0
12283.458008	0
12287.897461	0
12292.336914	0
12296.776367	0
12301.215820	0
12305.655273	0
12310.093750	0
12314.533203	0
12318.972656	0
12323.412109	0
12327.851563	0
12332.290039	0
12336.729492	0
12341.168945	0
12345.608398	0
12350.047852	0
12354.486328	0
12358.925781	0
12363.365234	0
12367.804688	0
12372.244141	0
12376.682617	0
12381.122070	0
12385.561523	0
12390.000977	0
12394.440430	0
12398.879883	0
12403.318359	0
12407.757813	0
12412.197266	0
12416.636719	0
12421.076172	0
12425.514648	0
12429.954102	0
12434.393555	0
12438.833008	0
12443.272461	0
12447.710938	0
12452.150391	0
12456.589844	0
12461.029297	0
12465.468750	0
12469.908203	0
12474.346680	0
12478.786133	0
12483.225586	0
12487.665039	0
12492.104492	0
12496.542969	0
12500.982422	0
12505.421875	0
12509.861328	0
12514.300781	0
12518.739258	0
12523.178711	0
12527.618164	0
12532.057617	0
12536.497070	0
12540.936523	0
12545.375000	0
12549.814453	0
12554.253906	0
12558.693359	0
12563.132813	0
12567.571289	0
12572.010742	0
12576.450195	0
12580.889648	0
12585.329102	0
12589.767578	0
12594.207031	0
12598.646484	0
12603.085938	0
12607.525391	0
12611.964844	0
12616.403320	0
12620.842773	0
12625.282227	0
12629.721680	0
12634.161133	0
12638.599609	0
12643.039063	0
12647.478516	0
12651.917969	0
12656.357422	0
12660.795898	0
12665.235352	0
12669.674805	0
12674.114258	0
12678.553711	0
12682.993164	0
12687.431641	0
12691.871094	0
12696.310547	0
12700.750000	0
12705.189453	0
12709.627930	0
12714.067383	0
12718.506836	0
12722.946289	0
12727.385742	0
12731.824219	0
