-4314.220703	0
-4309.775391	0
-4305.330078	0
-4300.884766	0
-4296.439453	0
-4291.994141	0
-4287.548828	0
-4283.103516	0
-4278.658203	0
-4274.212402	0
-4269.767090	0
-4265.321777	0
-4260.876465	0
-4256.431152	0
-4251.985840	0
-4247.540527	0
-4243.095215	0
-4238.649902	0
-4234.204590	0
-4229.758789	0
-4225.313477	0
-4220.868164	0
-4216.422852	0
-4211.977539	0
-4207.532227	0
-4203.086914	0
-4198.641602	0
-4194.196289	0
-4189.750977	0
-4185.305664	0
-4180.859863	0
-4176.414551	0
-4171.969238	0
-4167.523926	0
-4163.078613	0
-4158.633301	0
-4154.187988	0
-4149.742676	0
-4145.297363	0
-4140.852051	0
-4136.406250	0
-4131.960938	0
-4127.515625	0
-4123.070313	0
-4118.625000	0
-4114.179688	0
-4109.734375	0
-4105.289063	0
-4100.843750	0
-4096.398438	0
-4091.952881	0
-4087.507568	0
-4083.062256	0
-4078.616943	0
-4074.171387	0
-4069.726074	0
-4065.280762	0
-4060.835449	0
-4056.390137	0
-4051.944580	0
-4047.499268	0
-4043.053955	0
-4038.608643	0
-4034.163330	0
-4029.717773	0
-4025.272461	0
-4020.827148	0
-4016.381836	0
-4011.936523	0
-4007.490967	0
-4003.045654	0
-3998.600342	0
-3994.155029	0
-3989.709717	0
-3985.264404	0
-3980.818848	0
-3976.373535	0
-3971.928223	0
-3967.482910	0
-3963.037598	0
-3958.592041	0
-3954.146729	0
-3949.701416	0
-3945.256104	0
-3940.810791	0
-3936.365234	0
-3931.919922	0
-3927.474609	0
-3923.029297	0
-3918.583984	0
-3914.138428	0
-3909.693115	0
-3905.247803	0
-3900.802490	0
-3896.357178	0
-3891.911865	0
-3887.466309	0
-3883.020996	0
-3878.575684	0
-3874.130371	0
-3869.685059	0
-3865.239502	0
-3860.794189	0
-3856.348877	0
-3851.903564	0
-3847.458252	0
-3843.012695	0
-3838.567383	0
-3834.122070	0
-3829.676758	0
-3825.231445	0
-3820.785889	0
-3816.340576	0
-3811.895264	0
-3807.449951	0
-3803.004639	0
-3798.559326	0
-3794.113770	0
-3789.668457	0
-3785.223145	0
-3780.777832	0
-3776.332520	0
-3771.886963	0
-3767.441650	0
-3762.996338	0
-3758.551025	0
-3754.105713	0
-3749.660156	0
-3745.214844	0
-3740.769531	0
-3736.324219	0
-3731.878906	0
-3727.433350	0
-3722.988037	0
-3718.542725	0
-3714.097412	0
-3709.652100	0
-3705.206787	0
-3700.761230	0
-3696.315918	0
-3691.870605	0
-3687.425293	0
-3682.979980	0
-3678.534424	0
-3674.089111	0
-3669.643799	0
-3665.198486	0
-3660.753174	0
-3656.307617	0
-3651.862305	0
-3647.416992	0
-3642.971680	0
-3638.526367	0
-3634.081055	0
-3629.635498	0
-3625.190186	0
-3620.744873	0
-3616.299561	0
-3611.854248	0
-3607.408691	0
-3602.963379	0
-3598.518066	0
-3594.072754	0
-3589.627441	0
-3585.181885	0
-3580.736572	0
-3576.291260	0
-3571.845947	0
-3567.400635	0
-3562.955078	0
-3558.509766	0
-3554.064453	0
-3549.619141	0
-3545.173828	0
-3540.728516	0
-3536.282959	0
-3531.837646	0
-3527.392334	0
-3522.947021	0
-3518.501709	0
-3514.056152	0
-3509.610840	0
-3505.165527	0
-3500.720215	0
-3496.274902	0
-3491.829346	0
-3487.384033	0
-3482.938721	0
-3478.493408	0
-3474.048096	0
-3469.602539	0
-3465.157227	0
-3460.711914	0
-3456.266602	0
-3451.821289	0
-3447.375977	0
-3442.930420	0
-3438.485107	0
-3434.039795	0
-3429.594482	0
-3425.149170	0
-3420.703613	0
-3416.258301	0
-3411.812988	0
-3407.367676	0
-3402.922363	0
-3398.476807	0
-3394.031494	1
-3389.586182	2
-3385.140869	2
-3380.695557	5
-3376.250000	4
-3371.804688	4
-3367.359375	6
-3362.914063	9
-3358.468750	13
-3354.023438	13
-3349.577881	13
-3345.132568	13
-3340.687256	9
-3336.241943	14
-3331.796631	16
-3327.351074	17
-3322.905762	16
-3318.460449	14
-3314.015137	18
-3309.569824	17
-3305.124268	14
-3300.678955	22
-3296.233643	22
-3291.788330	23
-3287.343018	23
-3282.897461	21
-3278.452148	20
-3274.006836	22
-3269.561523	21
-3265.116211	24
-3260.670898	30
-3256.225342	30
-3251.780029	29
-3247.334717	27
-3242.889404	25
-3238.444092	29
-3233.998535	31
-3229.553223	31
-3225.107910	34
-3220.662598	34
-3216.217285	37
-3211.771729	39
-3207.326416	34
-3202.881104	39
-3198.435791	48
-3193.990479	37
-3189.544922	36
-3185.099609	47
-3180.654297	47
-3176.208984	47
-3171.763672	46
-3167.318359	47
-3162.872803	46
-3158.427490	50
-3153.982178	58
-3149.536865	53
-3145.091553	43
-3140.645996	47
-3136.200684	50
-3131.755371	54
-3127.310059	53
-3122.864746	54
-3118.419189	53
-3113.973877	53
-3109.528564	59
-3105.083252	64
-3100.637939	63
-3096.192383	55
-3091.747070	51
-3087.301758	55
-3082.856445	61
-3078.411133	69
-3073.965820	63
-3069.520264	74
-3065.074951	70
-3060.629639	83
-3056.184326	88
-3051.739014	64
-3047.293457	54
-3042.848145	65
-3038.402832	71
-3033.957520	77
-3029.512207	82
-3025.066650	82
-3020.621338	84
-3016.176025	83
-3011.730713	82
-3007.285400	69
-3002.839844	80
-2998.394531	75
-2993.949219	80
-2989.503906	82
-2985.058594	79
-2980.613281	85
-2976.167725	79
-2971.722412	83
-2967.277100	89
-2962.831787	90
-2958.386475	84
-2953.940918	94
-2949.495605	94
-2945.050293	91
-2940.604980	93
-2936.159668	85
-2931.714111	87
-2927.268799	94
-2922.823486	95
-2918.378174	87
-2913.932861	98
-2909.487305	95
-2905.041992	96
-2900.596680	89
-2896.151367	99
-2891.706055	102
-2887.260742	93
-2882.815186	100
-2878.369873	104
-2873.924561	112
-2869.479248	105
-2865.033936	104
-2860.588379	108
-2856.143066	105
-2851.697754	126
-2847.252441	111
-2842.807129	94
-2838.361572	99
-2833.916260	105
-2829.470947	105
-2825.025635	111
-2820.580322	97
-2816.135010	107
-2811.689453	118
-2807.244141	108
-2802.798828	98
-2798.353516	112
-2793.908203	105
-2789.462646	105
-2785.017334	121
-2780.572021	131
-2776.126709	117
-2771.681396	113
-2767.235840	113
-2762.790527	110
-2758.345215	108
-2753.899902	106
-2749.454590	108
-2745.009033	113
-2740.563721	113
-2736.118408	123
-2731.673096	109
-2727.227783	105
-2722.782471	121
-2718.336914	111
-2713.891602	115
-2709.446289	113
-2705.000977	103
-2700.555664	101
-2696.110107	107
-2691.664795	108
-2687.219482	93
-2682.774170	110
-2678.328857	124
-2673.883301	123
-2669.437988	119
-2664.992676	113
-2660.547363	115
-2656.102051	118
-2651.656494	122
-2647.211182	122
-2642.765869	120
-2638.320557	110
-2633.875244	112
-2629.429932	104
-2624.984375	118
-2620.539063	123
-2616.093750	113
-2611.648438	97
-2607.203125	107
-2602.757568	113
-2598.312256	99
-2593.866943	99
-2589.421631	101
-2584.976318	116
-2580.530762	111
-2576.085449	107
-2571.640137	127
-2567.194824	123
-2562.749512	105
-2558.303955	101
-2553.858643	110
-2549.413330	122
-2544.968018	124
-2540.522705	129
-2536.077393	128
-2531.631836	110
-2527.186523	108
-2522.741211	109
-2518.295898	114
-2513.850586	117
-2509.405029	114
-2504.959717	112
-2500.514404	110
-2496.069092	110
-2491.623779	120
-2487.178223	109
-2482.732910	111
-2478.287598	108
-2473.842285	118
-2469.396973	117
-2464.951416	116
-2460.506104	103
-2456.060791	109
-2451.615479	116
-2447.170166	126
-2442.724854	133
-2438.279297	119
-2433.833984	114
-2429.388672	110
-2424.943359	112
-2420.498047	110
-2416.052490	112
-2411.607178	114
-2407.161865	123
-2402.716553	116
-2398.271240	113
-2393.825684	122
-2389.380371	106
-2384.935059	109
-2380.489746	108
-2376.044434	102
-2371.598877	108
-2367.153564	117
-2362.708252	129
-2358.262939	107
-2353.817627	103
-2349.372314	111
-2344.926758	114
-2340.481445	101
-2336.036133	99
-2331.590820	101
-2327.145508	106
-2322.699951	97
-2318.254639	99
-2313.809326	98
-2309.364014	102
-2304.918701	105
-2300.473145	117
-2296.027832	102
-2291.582520	101
-2287.137207	107
-2282.691895	117
-2278.246338	106
-2273.801025	120
-2269.355713	123
-2264.910400	114
-2260.465088	118
-2256.019775	114
-2251.574219	108
-2247.128906	116
-2242.683594	111
-2238.238281	107
-2233.792969	126
-2229.347412	134
-2224.902100	118
-2220.456787	117
-2216.011475	113
-2211.566162	118
-2207.120605	120
-2202.675293	129
-2198.229980	110
-2193.784668	114
-2189.339355	121
-2184.893799	114
-2180.448486	110
-2176.003174	108
-2171.557861	106
-2167.112549	108
-2162.667236	112
-2158.221680	122
-2153.776367	116
-2149.331055	108
-2144.885742	116
-2140.440430	114
-2135.994873	111
-2131.549561	118
-2127.104248	116
-2122.658936	130
-2118.213623	122
-2113.768066	120
-2109.322754	120
-2104.877441	126
-2100.432129	116
-2095.986816	117
-2091.541260	128
-2087.095947	121
-2082.650635	118
-2078.205322	124
-2073.760010	129
-2069.314697	143
-2064.869141	135
-2060.423828	122
-2055.978516	119
-2051.533203	113
-2047.087769	113
-2042.642456	117
-2038.197021	121
-2033.751709	121
-2029.306396	115
-2024.860962	113
-2020.415649	107
-2015.970337	120
-2011.524902	117
-2007.079590	112
-2002.634155	105
-1998.188843	111
-1993.743530	110
-1989.298096	114
-1984.852783	110
-1980.407349	118
-1975.962036	105
-1971.516724	108
-1967.071289	115
-1962.625977	120
-1958.180664	104
-1953.735229	106
-1949.289917	97
-1944.844482	93
-1940.399170	98
-1935.953857	123
-1931.508423	108
-1927.063110	102
-1922.617798	116
-1918.172363	121
-1913.727051	110
-1909.281616	115
-1904.836304	119
-1900.390991	114
-1895.945557	120
-1891.500244	133
-1887.054810	124
-1882.609497	125
-1878.164185	116
-1873.718750	121
-1869.273438	121
-1864.828125	99
-1860.382690	112
-1855.937378	112
-1851.491943	117
-1847.046631	128
-1842.601318	133
-1838.155884	124
-1833.710571	110
-1829.265259	104
-1824.819824	89
-1820.374512	105
-1815.929077	128
-1811.483765	125
-1807.038452	112
-1802.593018	112
-1798.147705	119
-1793.702393	115
-1789.256958	110
-1784.811646	115
-1780.366211	119
-1775.920898	127
-1771.475586	109
-1767.030151	128
-1762.584839	126
-1758.139404	110
-1753.694092	107
-1749.248779	108
-1744.803345	108
-1740.358032	109
-1735.912720	104
-1731.467285	102
-1727.021973	119
-1722.576538	123
-1718.131226	124
-1713.685913	119
-1709.240479	122
-1704.795166	122
-1700.349854	120
-1695.904419	116
-1691.459106	108
-1687.013672	113
-1682.568359	116
-1678.123047	119
-1673.677612	118
-1669.232300	112
-1664.786865	118
-1660.341553	117
-1655.896240	112
-1651.450806	112
-1647.005493	108
-1642.560181	110
-1638.114746	120
-1633.669434	119
-1629.223999	106
-1624.778687	99
-1620.333374	113
-1615.887939	120
-1611.442627	105
-1606.997314	106
-1602.551880	110
-1598.106567	99
-1593.661133	108
-1589.215820	114
-1584.770508	128
-1580.325073	132
-1575.879761	128
-1571.434326	108
-1566.989014	110
-1562.543701	112
-1558.098267	116
-1553.652954	124
-1549.207642	121
-1544.762207	116
-1540.316895	112
-1535.871460	113
-1531.426147	113
-1526.980835	121
-1522.535400	118
-1518.090088	114
-1513.644775	108
-1509.199341	99
-1504.754028	114
-1500.308594	110
-1495.863281	106
-1491.417969	115
-1486.972534	104
-1482.527222	106
-1478.081787	103
-1473.636475	104
-1469.191162	107
-1464.745728	118
-1460.300415	110
-1455.855103	118
-1451.409668	119
-1446.964355	105
-1442.518921	104
-1438.073608	119
-1433.628296	121
-1429.182861	114
-1424.737549	121
-1420.292236	124
-1415.846802	94
-1411.401489	105
-1406.956055	123
-1402.510742	104
-1398.065430	108
-1393.619995	105
-1389.174683	112
-1384.729370	110
-1380.283936	112
-1375.838623	116
-1371.393188	112
-1366.947876	109
-1362.502563	116
-1358.057129	121
-1353.611816	126
-1349.166382	121
-1344.721069	119
-1340.275757	109
-1335.830322	100
-1331.385010	101
-1326.939697	119
-1322.494263	125
-1318.048950	126
-1313.603516	119
-1309.158203	130
-1304.712891	131
-1300.267456	122
-1295.822144	121
-1291.376831	116
-1286.931396	128
-1282.486084	125
-1278.040649	111
-1273.595337	99
-1269.150024	108
-1264.704590	120
-1260.259277	125
-1255.813843	123
-1251.368530	122
-1246.923218	127
-1242.477783	134
-1238.032471	106
-1233.587158	100
-1229.141724	112
-1224.696411	105
-1220.250977	101
-1215.805664	109
-1211.360352	108
-1206.914917	107
-1202.469604	113
-1198.024292	115
-1193.578857	127
-1189.133545	139
-1184.688110	129
-1180.242798	119
-1175.797485	111
-1171.352051	111
-1166.906738	106
-1162.461304	113
-1158.015991	124
-1153.570679	134
-1149.125244	124
-1144.679932	125
-1140.234619	112
-1135.789185	103
-1131.343872	113
-1126.898438	108
-1122.453125	118
-1118.007813	134
-1113.562378	120
-1109.117065	114
-1104.671753	113
-1100.226318	111
-1095.781006	114
-1091.335571	129
-1086.890259	126
-1082.444946	124
-1077.999512	112
-1073.554199	110
-1069.108765	109
-1064.663452	109
-1060.218140	121
-1055.772705	118
-1051.327393	124
-1046.882080	121
-1042.436646	115
-1037.991333	106
-1033.545898	116
-1029.100586	124
-1024.655273	131
-1020.209900	119
-1015.764526	117
-1011.319153	119
-1006.873779	119
-1002.428467	112
-997.983093	113
-993.537720	123
-989.092346	129
-984.647034	131
-980.201660	127
-975.756287	105
-971.310913	103
-966.865540	113
-962.420227	128
-957.974854	117
-953.529480	128
-949.084106	132
-944.638794	114
-940.193420	110
-935.748047	118
-931.302673	118
-926.857361	119
-922.411987	120
-917.966614	120
-913.521240	121
-909.075928	112
-904.630554	115
-900.185181	114
-895.739807	120
-891.294495	116
-886.849121	109
-882.403748	103
-877.958374	116
-873.513062	117
-869.067688	115
-864.622314	122
-860.176941	114
-855.731567	103
-851.286255	106
-846.840881	127
-842.395508	134
-837.950134	128
-833.504822	121
-829.059448	116
-824.614075	118
-820.168701	122
-815.723389	127
-811.278015	121
-806.832642	126
-802.387268	127
-797.941956	110
-793.496582	116
-789.051208	129
-784.605835	137
-780.160522	125
-775.715149	116
-771.269775	124
-766.824402	122
-762.379028	114
-757.933716	125
-753.488342	108
-749.042969	117
-744.597595	122
-740.152283	113
-735.706909	116
-731.261536	111
-726.816162	117
-722.370850	108
-717.925476	111
-713.480103	123
-709.034729	130
-704.589417	115
-700.144043	114
-695.698669	124
-691.253296	116
-686.807983	114
-682.362610	113
-677.917236	122
-673.471863	124
-669.026550	123
-664.581177	131
-660.135803	130
-655.690430	126
-651.245056	124
-646.799744	124
-642.354370	109
-637.908997	110
-633.463623	123
-629.018311	115
-624.572937	117
-620.127563	121
-615.682190	123
-611.236877	118
-606.791504	128
-602.346130	125
-597.900757	133
-593.455444	133
-589.010071	131
-584.564697	130
-580.119324	135
-575.674011	129
-571.228638	135
-566.783264	115
-562.337891	125
-557.892517	116
-553.447205	120
-549.001831	132
-544.556458	143
-540.111084	133
-535.665771	127
-531.220398	135
-526.775024	131
-522.329651	126
-517.884338	130
-513.438965	129
-508.993591	117
-504.548248	127
-500.102875	131
-495.657532	128
-491.212158	127
-486.766815	130
-482.321442	127
-477.876099	130
-473.430725	123
-468.985382	126
-464.540009	135
-460.094635	141
-455.649292	139
-451.203918	134
-446.758575	137
-442.313202	135
-437.867859	139
-433.422485	136
-428.977142	140
-424.531769	131
-420.086426	136
-415.641052	125
-411.195709	123
-406.750336	130
-402.304993	129
-397.859619	139
-393.414276	146
-388.968903	136
-384.523560	135
-380.078186	141
-375.632843	148
-371.187469	144
-366.742126	143
-362.296753	147
-357.851379	153
-353.406036	152
-348.960663	151
-344.515320	153
-340.069946	157
-335.624603	144
-331.179230	141
-326.733887	149
-322.288513	166
-317.843170	169
-313.397797	181
-308.952454	169
-304.507080	165
-300.061737	168
-295.616364	165
-291.171021	165
-286.725647	177
-282.280304	171
-277.834930	170
-273.389587	174
-268.944214	191
-264.498871	203
-260.053497	215
-255.608139	205
-251.162781	202
-246.717422	211
-242.272064	207
-237.826706	223
-233.381348	237
-228.935989	233
-224.490631	235
-220.045273	232
-215.599915	229
-211.154556	254
-206.709198	277
-202.263824	303
-197.818466	311
-193.373108	318
-188.927750	325
-184.482391	337
-180.037033	380
-175.591675	427
-171.146317	440
-166.700958	463
-162.255600	504
-157.810242	523
-153.364883	575
-148.919525	660
-144.474167	707
-140.028809	757
-135.583450	849
-131.138092	964
-126.692726	1090
-122.247368	1258
-117.802010	1424
-113.356651	1611
-108.911293	1878
-104.465935	2200
-100.020576	2585
-95.575218	3042
-91.129860	3592
-86.684502	4284
-82.239143	5198
-77.793785	6092
-73.348419	6874
-68.903061	7473
-64.457703	7928
-60.012344	8291
-55.566986	8742
-51.121628	9136
-46.676270	9443
-42.230911	9646
-37.785549	9792
-33.340191	9989
-28.894833	10168
-24.449474	10296
-20.004116	10394
-15.558756	10510
-11.113398	10628
-6.668038	10692
-2.222679	10739
2.222679	10728
6.668038	10619
11.113398	10449
15.558756	10325
20.004116	10174
24.449474	9917
28.894833	9612
33.340191	9317
37.785549	8986
42.230911	8599
46.676270	8092
51.121628	7418
55.566986	6544
60.012344	5496
64.457703	4523
68.903061	3746
73.348419	3097
77.793785	2546
82.239143	2147
86.684502	1869
91.129860	1606
95.575218	1360
100.020576	1149
104.465935	1010
108.911293	917
113.356651	815
117.802010	726
122.247368	657
126.692726	592
131.138092	538
135.583450	478
140.028809	475
144.474167	441
148.919525	398
153.364883	373
157.810242	339
162.255600	313
166.700958	302
171.146317	291
175.591675	276
180.037033	268
184.482391	261
188.927750	259
193.373108	255
197.818466	256
202.263824	247
206.709198	245
211.154556	227
215.599915	216
220.045273	213
224.490631	199
228.935989	182
233.381348	187
237.826706	186
242.272064	187
246.717422	192
251.162781	184
255.608139	191
260.053497	180
264.498871	178
268.944214	177
273.389587	179
277.834930	159
282.280304	166
286.725647	165
291.171021	163
295.616364	158
300.061737	150
304.507080	144
308.952454	151
313.397797	163
317.843170	150
322.288513	152
326.733887	155
331.179230	177
335.624603	176
340.069946	161
344.515320	150
348.960663	166
353.406036	157
357.851379	150
362.296753	141
366.742126	153
371.187469	156
375.632843	148
380.078186	148
384.523560	140
388.968903	145
393.414276	146
397.859619	145
402.304993	137
406.750336	141
411.195709	133
415.641052	143
420.086426	129
424.531769	133
428.977142	139
433.422485	142
437.867859	154
442.313202	147
446.758575	157
451.203918	155
455.649292	134
460.094635	135
464.540009	135
468.985382	137
473.430725	140
477.876099	140
482.321442	144
486.766815	141
491.212158	145
495.657532	142
500.102875	132
504.548248	144
508.993591	142
513.438965	144
517.884338	145
522.329651	144
526.775024	135
531.220398	133
535.665771	148
540.111084	135
544.556458	141
549.001831	148
553.447205	125
557.892517	133
562.337891	152
566.783264	153
571.228638	140
575.674011	127
580.119324	137
584.564697	136
589.010071	134
593.455444	132
597.900757	140
602.346130	151
606.791504	144
611.236877	144
615.682190	143
620.127563	136
624.572937	142
629.018311	139
633.463623	135
637.908997	142
642.354370	134
646.799744	131
651.245056	133
655.690430	126
660.135803	145
664.581177	124
669.026550	131
673.471863	138
677.917236	131
682.362610	131
686.807983	122
691.253296	126
695.698669	126
700.144043	124
704.589417	127
709.034729	125
713.480103	128
717.925476	132
722.370850	136
726.816162	126
731.261536	137
735.706909	145
740.152283	149
744.597595	131
749.042969	133
753.488342	138
757.933716	148
762.379028	139
766.824402	137
771.269775	131
775.715149	139
780.160522	141
784.605835	142
789.051208	147
793.496582	141
797.941956	134
802.387268	130
806.832642	145
811.278015	153
815.723389	161
820.168701	153
824.614075	139
829.059448	139
833.504822	133
837.950134	128
842.395508	121
846.840881	144
851.286255	145
855.731567	141
860.176941	138
864.622314	144
869.067688	146
873.513062	136
877.958374	136
882.403748	147
886.849121	142
891.294495	127
895.739807	123
900.185181	133
904.630554	139
909.075928	126
913.521240	126
917.966614	137
922.411987	151
926.857361	147
931.302673	142
935.748047	135
940.193420	151
944.638794	149
949.084106	139
953.529480	135
957.974854	129
962.420227	143
966.865540	136
971.310913	129
975.756287	139
980.201660	139
984.647034	142
989.092346	152
993.537720	161
997.983093	149
1002.428467	142
1006.873779	141
1011.319153	152
1015.764526	157
1020.209900	144
1024.655273	149
1029.100586	147
1033.545898	139
1037.991333	138
1042.436646	129
1046.882080	128
1051.327393	135
1055.772705	127
1060.218140	148
1064.663452	133
1069.108765	126
1073.554199	127
1077.999512	143
1082.444946	134
1086.890259	143
1091.335571	150
1095.781006	147
1100.226318	135
1104.671753	126
1109.117065	145
1113.562378	145
1118.007813	129
1122.453125	142
1126.898438	141
1131.343872	139
1135.789185	142
1140.234619	146
1144.679932	145
1149.125244	144
1153.570679	150
1158.015991	146
1162.461304	135
1166.906738	135
1171.352051	144
1175.797485	145
1180.242798	139
1184.688110	141
1189.133545	141
1193.578857	133
1198.024292	126
1202.469604	136
1206.914917	131
1211.360352	139
1215.805664	147
1220.250977	144
1224.696411	140
1229.141724	152
1233.587158	148
1238.032471	152
1242.477783	151
1246.923218	143
1251.368530	147
1255.813843	149
1260.259277	141
1264.704590	148
1269.150024	136
1273.595337	130
1278.040649	138
1282.486084	138
1286.931396	151
1291.376831	150
1295.822144	140
1300.267456	137
1304.712891	146
1309.158203	147
1313.603516	156
1318.048950	142
1322.494263	132
1326.939697	134
1331.385010	145
1335.830322	134
1340.275757	128
1344.721069	140
1349.166382	131
1353.611816	138
1358.057129	140
1362.502563	132
1366.947876	126
1371.393188	141
1375.838623	145
1380.283936	146
1384.729370	141
1389.174683	141
1393.619995	133
1398.065430	143
1402.510742	148
1406.956055	151
1411.401489	149
1415.846802	148
1420.292236	151
1424.737549	130
1429.182861	129
1433.628296	139
1438.073608	142
1442.518921	151
1446.964355	135
1451.409668	120
1455.855103	135
1460.300415	148
1464.745728	149
1469.191162	141
1473.636475	151
1478.081787	147
1482.527222	142
1486.972534	136
1491.417969	134
1495.863281	144
1500.308594	144
1504.754028	159
1509.199341	155
1513.644775	151
1518.090088	145
1522.535400	136
1526.980835	150
1531.426147	160
1535.871460	157
1540.316895	140
1544.762207	151
1549.207642	159
1553.652954	154
1558.098267	144
1562.543701	164
1566.989014	155
1571.434326	148
1575.879761	147
1580.325073	146
1584.770508	155
1589.215820	164
1593.661133	171
1598.106567	162
1602.551880	151
1606.997314	143
1611.442627	143
1615.887939	154
1620.333374	148
1624.778687	145
1629.223999	152
1633.669434	143
1638.114746	139
1642.560181	137
1647.005493	143
1651.450806	144
1655.896240	154
1660.341553	142
1664.786865	123
1669.232300	127
1673.677612	140
1678.123047	157
1682.568359	161
1687.013672	158
1691.459106	157
1695.904419	149
1700.349854	164
1704.795166	153
1709.240479	145
1713.685913	153
1718.131226	146
1722.576538	150
1727.021973	168
1731.467285	152
1735.912720	157
1740.358032	140
1744.803345	134
1749.248779	130
1753.694092	142
1758.139404	144
1762.584839	145
1767.030151	158
1771.475586	168
1775.920898	155
1780.366211	143
1784.811646	152
1789.256958	162
1793.702393	165
1798.147705	148
1802.593018	143
1807.038452	141
1811.483765	142
1815.929077	164
1820.374512	171
1824.819824	161
1829.265259	144
1833.710571	148
1838.155884	141
1842.601318	158
1847.046631	148
1851.491943	157
1855.937378	155
1860.382690	153
1864.828125	133
1869.273438	147
1873.718750	149
1878.164185	150
1882.609497	152
1887.054810	150
1891.500244	149
1895.945557	139
1900.390991	142
1904.836304	142
1909.281616	141
1913.727051	146
1918.172363	148
1922.617798	132
1927.063110	128
1931.508423	156
1935.953857	160
1940.399170	169
1944.844482	144
1949.289917	137
1953.735229	153
1958.180664	153
1962.625977	137
1967.071289	145
1971.516724	168
1975.962036	165
1980.407349	153
1984.852783	144
1989.298096	136
1993.743530	146
1998.188843	151
2002.634155	157
2007.079590	145
2011.524902	146
2015.970337	147
2020.415649	152
2024.860962	151
2029.306396	157
2033.751709	152
2038.197021	166
2042.642456	157
2047.087769	149
2051.533203	154
2055.978516	142
2060.423828	147
2064.869141	139
2069.314697	150
2073.760010	140
2078.205322	127
2082.650635	147
2087.095947	160
2091.541260	170
2095.986816	159
2100.432129	144
2104.877441	160
2109.322754	172
2113.768066	170
2118.213623	153
2122.658936	150
2127.104248	150
2131.549561	144
2135.994873	145
2140.440430	165
2144.885742	169
2149.331055	162
2153.776367	170
2158.221680	167
2162.667236	170
2167.112549	168
2171.557861	170
2176.003174	158
2180.448486	155
2184.893799	146
2189.339355	157
2193.784668	165
2198.229980	156
2202.675293	156
2207.120605	158
2211.566162	168
2216.011475	168
2220.456787	162
2224.902100	161
2229.347412	157
2233.792969	146
2238.238281	139
2242.683594	153
2247.128906	159
2251.574219	167
2256.019775	168
2260.465088	176
2264.910400	173
2269.355713	160
2273.801025	150
2278.246338	150
2282.691895	153
2287.137207	164
2291.582520	163
2296.027832	150
2300.473145	161
2304.918701	169
2309.364014	159
2313.809326	163
2318.254639	163
2322.699951	154
2327.145508	149
2331.590820	149
2336.036133	145
2340.481445	159
2344.926758	152
2349.372314	168
2353.817627	154
2358.262939	167
2362.708252	157
2367.153564	169
2371.598877	163
2376.044434	149
2380.489746	152
2384.935059	145
2389.380371	150
2393.825684	149
2398.271240	147
2402.716553	154
2407.161865	157
2411.607178	156
2416.052490	158
2420.498047	168
2424.943359	167
2429.388672	163
2433.833984	151
2438.279297	151
2442.724854	155
2447.170166	144
2451.615479	162
2456.060791	155
2460.506104	169
2464.951416	154
2469.396973	160
2473.842285	162
2478.287598	161
2482.732910	159
2487.178223	153
2491.623779	176
2496.069092	168
2500.514404	154
2504.959717	147
2509.405029	155
2513.850586	174
2518.295898	177
2522.741211	168
2527.186523	154
2531.631836	158
2536.077393	154
2540.522705	167
2544.968018	164
2549.413330	155
2553.858643	153
2558.303955	162
2562.749512	159
2567.194824	155
2571.640137	167
2576.085449	163
2580.530762	163
2584.976318	155
2589.421631	168
2593.866943	167
2598.312256	169
2602.757568	159
2607.203125	168
2611.648438	160
2616.093750	157
2620.539063	166
2624.984375	164
2629.429932	168
2633.875244	167
2638.320557	158
2642.765869	163
2647.211182	155
2651.656494	151
2656.102051	143
2660.547363	144
2664.992676	160
2669.437988	153
2673.883301	158
2678.328857	163
2682.774170	158
2687.219482	162
2691.664795	163
2696.110107	162
2700.555664	167
2705.000977	163
2709.446289	156
2713.891602	173
2718.336914	162
2722.782471	152
2727.227783	159
2731.673096	169
2736.118408	169
2740.563721	154
2745.009033	159
2749.454590	166
2753.899902	161
2758.345215	142
2762.790527	150
2767.235840	145
2771.681396	155
2776.126709	147
2780.572021	159
2785.017334	150
2789.462646	155
2793.908203	160
2798.353516	170
2802.798828	162
2807.244141	158
2811.689453	159
2816.135010	166
2820.580322	174
2825.025635	176
2829.470947	176
2833.916260	175
2838.361572	161
2842.807129	154
2847.252441	160
2851.697754	166
2856.143066	169
2860.588379	161
2865.033936	150
2869.479248	148
2873.924561	146
2878.369873	162
2882.815186	170
2887.260742	169
2891.706055	156
2896.151367	173
2900.596680	165
2905.041992	160
2909.487305	164
2913.932861	157
2918.378174	150
2922.823486	153
2927.268799	150
2931.714111	153
2936.159668	160
2940.604980	162
2945.050293	168
2949.495605	170
2953.940918	162
2958.386475	160
2962.831787	169
2967.277100	158
2971.722412	171
2976.167725	175
2980.613281	160
2985.058594	155
2989.503906	171
2993.949219	165
2998.394531	165
3002.839844	181
3007.285400	182
3011.730713	169
3016.176025	148
3020.621338	160
3025.066650	154
3029.512207	180
3033.957520	181
3038.402832	165
3042.848145	152
3047.293457	152
3051.739014	162
3056.184326	169
3060.629639	173
3065.074951	169
3069.520264	167
3073.965820	167
3078.411133	167
3082.856445	163
3087.301758	164
3091.747070	171
3096.192383	172
3100.637939	160
3105.083252	153
3109.528564	155
3113.973877	156
3118.419189	152
3122.864746	150
3127.310059	163
3131.755371	154
3136.200684	162
3140.645996	169
3145.091553	164
3149.536865	158
3153.982178	160
3158.427490	165
3162.872803	164
3167.318359	163
3171.763672	165
3176.208984	154
3180.654297	146
3185.099609	174
3189.544922	170
3193.990479	155
3198.435791	156
3202.881104	161
3207.326416	143
3211.771729	149
3216.217285	156
3220.662598	159
3225.107910	165
3229.553223	168
3233.998535	165
3238.444092	170
3242.889404	177
3247.334717	158
3251.780029	150
3256.225342	152
3260.670898	156
3265.116211	175
3269.561523	165
3274.006836	151
3278.452148	155
3282.897461	161
3287.343018	164
3291.788330	162
3296.233643	168
3300.678955	181
3305.124268	169
3309.569824	169
3314.015137	174
3318.460449	171
3322.905762	174
3327.351074	166
3331.796631	166
3336.241943	167
3340.687256	165
3345.132568	165
3349.577881	171
3354.023438	177
3358.468750	174
3362.914063	168
3367.359375	173
3371.804688	170
3376.250000	155
3380.695557	161
3385.140869	173
3389.586182	162
3394.031494	169
3398.476807	171
3402.922363	177
3407.367676	154
3411.812988	157
3416.258301	158
3420.703613	173
3425.149170	173
3429.594482	159
3434.039795	164
3438.485107	170
3442.930420	162
3447.375977	175
3451.821289	169
3456.266602	178
3460.711914	176
3465.157227	178
3469.602539	173
3474.048096	181
3478.493408	187
3482.938721	184
3487.384033	186
3491.829346	176
3496.274902	169
3500.720215	169
3505.165527	193
3509.610840	195
3514.056152	194
3518.501709	205
3522.947021	172
3527.392334	180
3531.837646	188
3536.282959	189
3540.728516	195
3545.173828	180
3549.619141	186
3554.064453	202
3558.509766	201
3562.955078	187
3567.400635	204
3571.845947	204
3576.291260	194
3580.736572	190
3585.181885	194
3589.627441	199
3594.072754	207
3598.518066	212
3602.963379	213
3607.408691	216
3611.854248	204
3616.299561	217
3620.744873	215
3625.190186	215
3629.635498	247
3634.081055	222
3638.526367	220
3642.971680	231
3647.416992	229
3651.862305	230
3656.307617	249
3660.753174	232
3665.198486	252
3669.643799	270
3674.089111	253
3678.534424	257
3682.979980	269
3687.425293	274
3691.870605	283
3696.315918	324
3700.761230	340
3705.206787	331
3709.652100	345
3714.097412	364
3718.542725	364
3722.988037	394
3727.433350	418
3731.878906	416
3736.324219	422
3740.769531	443
3745.214844	465
3749.660156	494
3754.105713	505
3758.551025	536
3762.996338	579
3767.441650	617
3771.886963	633
3776.332520	658
3780.777832	724
3785.223145	757
3789.668457	789
3794.113770	837
3798.559326	864
3803.004639	900
3807.449951	953
3811.895264	1029
3816.340576	1118
3820.785889	1191
3825.231445	1231
3829.676758	1288
3834.122070	1377
3838.567383	1467
3843.012695	1554
3847.458252	1650
3851.903564	1683
3856.348877	1708
3860.794189	1787
3865.239502	1807
3869.685059	1835
3874.130371	1887
3878.575684	1954
3883.020996	2010
3887.466309	2030
3891.911865	2093
3896.357178	2161
3900.802490	2220
3905.247803	2263
3909.693115	2313
3914.138428	2358
3918.583984	2402
3923.029297	2409
3927.474609	2412
3931.919922	2399
3936.365234	2403
3940.810791	2402
3945.256104	2379
3949.701416	2401
3954.146729	2378
3958.592041	2382
3963.037598	2402
3967.482910	2412
3971.928223	2431
3976.373535	2460
3980.818848	2564
3985.264404	2612
3989.709717	2637
3994.155029	2687
3998.600342	2709
4003.045654	2724
4007.490967	2802
4011.936523	2813
4016.381836	2862
4020.827148	2886
4025.272461	2851
4029.717773	2841
4034.163330	2851
4038.608643	2837
4043.053955	2830
4047.499268	2802
4051.944580	2772
4056.390137	2820
4060.835449	2787
4065.280762	2732
4069.726074	2701
4074.171387	2639
4078.616943	2620
4083.062256	2626
4087.507568	2585
4091.952881	2538
4096.398438	2527
4100.843750	2539
4105.289063	2558
4109.734375	2572
4114.179688	2572
4118.625000	2573
4123.070313	2617
4127.515625	2666
4131.960938	2697
4136.406250	2743
4140.852051	2786
4145.297363	2825
4149.742676	2800
4154.187988	2802
4158.633301	2825
4163.078613	2805
4167.523926	2819
4171.969238	2850
4176.414551	2844
4180.859863	2854
4185.305664	2870
4189.750977	2832
4194.196289	2820
4198.641602	2783
4203.086914	2772
4207.532227	2793
4211.977539	2782
4216.422852	2769
4220.868164	2777
4225.313477	2797
4229.758789	2795
4234.204590	2765
4238.649902	2773
4243.095215	2740
4247.540527	2700
4251.985840	2697
4256.431152	2738
4260.876465	2743
4265.321777	2679
4269.767090	2669
4274.212402	2638
4278.658203	2631
4283.103516	2630
4287.548828	2615
4291.994141	2595
4296.439453	2609
4300.884766	2618
4305.330078	2562
4309.775391	2543
4314.220703	2516
4318.666016	2505
4323.111328	2537
4327.557129	2533
4332.002441	2528
4336.447754	2527
4340.893066	2559
4345.338379	2568
4349.783691	2557
4354.229004	2590
4358.674316	2651
4363.119629	2679
4367.564941	2685
4372.010742	2699
4376.456055	2743
4380.901367	2765
4385.346680	2799
4389.791992	2843
4394.237305	2860
4398.682617	2905
4403.127930	2940
4407.573242	2955
4412.018555	2953
4416.463867	2962
4420.909668	2978
4425.354980	2986
4429.800293	2989
4434.245605	3018
4438.690918	2998
4443.136230	2982
4447.581543	3034
4452.026855	3022
4456.472168	2998
4460.917480	3006
4465.363281	2996
4469.808594	3000
4474.253906	3009
4478.699219	2992
4483.144531	2982
4487.589844	3007
4492.035156	3009
4496.480469	2986
4500.925781	3007
4505.371094	3020
4509.816406	2994
4514.262207	2982
4518.707520	2968
4523.152832	2989
4527.598145	2944
4532.043457	2968
4536.488770	3004
4540.934082	2957
4545.379395	2944
4549.824707	2945
4554.270020	2962
4558.715820	3009
4563.161133	2998
4567.606445	2984
4572.051758	3020
4576.497070	3031
4580.942383	3026
4585.387695	3048
4589.833008	3071
4594.278320	3091
4598.723633	3155
4603.168945	3157
4607.614746	3164
4612.060059	3211
4616.505371	3240
4620.950684	3248
4625.395996	3322
4629.841309	3382
4634.286621	3419
4638.731934	3444
4643.177246	3473
4647.622559	3526
4652.068359	3535
4656.513672	3579
4660.958984	3659
4665.404297	3726
4669.849609	3773
4674.294922	3808
4678.740234	3956
4683.185547	4048
4687.630859	4044
4692.076172	4108
4696.521484	4202
4700.967285	4282
4705.412598	4333
4709.857910	4373
4714.303223	4481
4718.748535	4578
4723.193848	4615
4727.639160	4698
4732.084473	4792
4736.529785	4871
4740.975098	4952
4745.420898	5033
4749.866211	5086
4754.311523	5108
4758.756836	5179
4763.202148	5252
4767.647461	5260
4772.092773	5304
4776.538086	5321
4780.983398	5367
4785.428711	5437
4789.874023	5459
4794.319824	5472
4798.765137	5450
4803.210449	5416
4807.655762	5438
4812.101074	5481
4816.546387	5502
4820.991699	5437
4825.437012	5441
4829.882324	5405
4834.327637	5358
4838.773438	5364
4843.218750	5332
4847.664063	5335
4852.109375	5347
4856.554688	5301
4861.000000	5275
4865.445313	5290
4869.890625	5299
4874.335938	5341
4878.781250	5353
4883.226563	5345
4887.672363	5328
4892.117676	5361
4896.562988	5422
4901.008301	5450
4905.453613	5518
4909.898926	5563
4914.344238	5528
4918.789551	5569
4923.234863	5571
4927.680176	5560
4932.125977	5613
4936.571289	5634
4941.016602	5617
4945.461914	5611
4949.907227	5639
4954.352539	5647
4958.797852	5648
4963.243164	5632
4967.688477	5625
4972.133789	5636
4976.579102	5655
4981.024902	5650
4985.470215	5658
4989.915527	5613
4994.360840	5585
4998.806152	5619
5003.251465	5628
5007.696777	5598
5012.142090	5578
5016.587402	5584
5021.032715	5595
5025.478516	5570
5029.923828	5519
5034.369141	5489
5038.814453	5478
5043.259766	5476
5047.705078	5504
5052.150391	5504
5056.595703	5493
5061.041016	5474
5065.486328	5465
5069.931641	5431
5074.377441	5411
5078.822754	5425
5083.268066	5459
5087.713379	5421
5092.158691	5338
5096.604004	5347
5101.049316	5357
5105.494629	5340
5109.939941	5357
5114.385254	5329
5118.831055	5297
5123.276367	5284
5127.721680	5258
5132.166992	5223
5136.612305	5252
5141.057617	5216
5145.502930	5110
5149.948242	5042
5154.393555	4983
5158.838867	4983
5163.284180	4988
5167.729980	4965
5172.175293	4923
5176.620605	4939
5181.065918	4898
5185.511230	4878
5189.956543	4863
5194.401855	4833
5198.847168	4798
5203.292480	4811
5207.737793	4845
5212.183594	4788
5216.628906	4700
5221.074219	4699
5225.519531	4663
5229.964844	4611
5234.410156	4609
5238.855469	4618
5243.300781	4609
5247.746094	4564
5252.191406	4527
5256.636719	4540
5261.082520	4535
5265.527832	4520
5269.973145	4568
5274.418457	4528
5278.863770	4473
5283.309082	4447
5287.754395	4420
5292.199707	4464
5296.645020	4450
5301.090332	4421
5305.536133	4405
5309.981445	4397
5314.426758	4364
5318.872070	4307
5323.317383	4275
5327.762695	4346
5332.208008	4397
5336.653320	4343
5341.098633	4359
5345.543945	4306
5349.989258	4246
5354.435059	4247
5358.880371	4221
5363.325684	4188
5367.770996	4190
5372.216309	4178
5376.661621	4195
5381.106934	4181
5385.552246	4158
5389.997559	4121
5394.442871	4148
5398.888672	4120
5403.333984	4061
5407.779297	4052
5412.224609	4082
5416.669922	4116
5421.115234	4088
5425.560547	4014
5430.005859	4019
5434.451172	4025
5438.896484	4020
5443.341797	3998
5447.787598	3980
5452.232910	3930
5456.678223	3937
5461.123535	3957
5465.568848	3950
5470.014160	3915
5474.459473	3932
5478.904785	3928
5483.350098	3905
5487.795410	3844
5492.241211	3836
5496.686523	3838
5501.131836	3825
5505.577148	3829
5510.022461	3810
5514.467773	3783
5518.913086	3733
5523.358398	3729
5527.803711	3752
5532.249023	3739
5536.694336	3734
5541.140137	3735
5545.585449	3727
5550.030762	3696
5554.476074	3620
5558.921387	3575
5563.366699	3584
5567.812012	3596
5572.257324	3583
5576.702637	3580
5581.147949	3563
5585.593750	3564
5590.039063	3524
5594.484375	3510
5598.929688	3510
5603.375000	3510
5607.820313	3496
5612.265625	3438
5616.710938	3427
5621.156250	3423
5625.601563	3473
5630.046875	3467
5634.492676	3468
5638.937988	3406
5643.383301	3342
5647.828613	3296
5652.273926	3337
5656.719238	3366
5661.164551	3322
5665.609863	3307
5670.055176	3276
5674.500488	3246
5678.945801	3209
5683.391602	3171
5687.836914	3163
5692.282227	3154
5696.727539	3152
5701.172852	3166
5705.618164	3157
5710.063477	3122
5714.508789	3113
5718.954102	3111
5723.399414	3093
5727.845215	3077
5732.290527	3072
5736.735840	3052
5741.181152	3016
5745.626465	3010
5750.071777	3012
5754.517090	3045
5758.962402	3056
5763.407715	3038
5767.853027	2979
5772.298340	2990
5776.744141	2962
5781.189453	2978
5785.634766	3024
5790.080078	3047
5794.525391	3069
5798.970703	3086
5803.416016	3074
5807.861328	3049
5812.306641	3015
5816.751953	3073
5821.197754	3111
5825.643066	3099
5830.088379	3106
5834.533691	3096
5838.979004	3100
5843.424316	3108
5847.869629	3115
5852.314941	3100
5856.760254	3075
5861.205566	3088
5865.650879	3058
5870.096680	2989
5874.541992	2958
5878.987305	3014
5883.432617	3042
5887.877930	3007
5892.323242	3011
5896.768555	3023
5901.213867	2964
5905.659180	2947
5910.104492	2925
5914.550293	2909
5918.995605	2916
5923.440918	2893
5927.886230	2886
5932.331543	2896
5936.776855	2882
5941.222168	2890
5945.667480	2878
5950.112793	2808
5954.558105	2764
5959.003418	2771
5963.449219	2771
5967.894531	2725
5972.339844	2714
5976.785156	2712
5981.230469	2721
5985.675781	2694
5990.121094	2693
5994.566406	2689
5999.011719	2658
6003.457031	2594
6007.902832	2575
6012.348145	2576
6016.793457	2576
6021.238770	2525
6025.684082	2501
6030.129395	2504
6034.574707	2470
6039.020020	2434
6043.465332	2445
6047.910645	2421
6052.355957	2383
6056.801758	2397
6061.247070	2386
6065.692383	2335
6070.137695	2319
6074.583008	2319
6079.028320	2293
6083.473633	2277
6087.918945	2245
6092.364258	2215
6096.809570	2203
6101.255371	2182
6105.700684	2173
6110.145996	2156
6114.591309	2129
6119.036621	2101
6123.481934	2107
6127.927246	2080
6132.372559	2032
6136.817871	2056
6141.263184	2065
6145.708496	2031
6150.154297	2016
6154.599609	2015
6159.044922	2007
6163.490234	1935
6167.935547	1883
6172.380859	1895
6176.826172	1927
6181.271484	1933
6185.716797	1915
6190.162109	1889
6194.607910	1867
6199.053223	1846
6203.498535	1856
6207.943848	1858
6212.389160	1851
6216.834473	1819
6221.279785	1808
6225.725098	1788
6230.170410	1762
6234.615723	1773
6239.061035	1763
6243.506836	1758
6247.952148	1738
6252.397461	1718
6256.842773	1709
6261.288086	1717
6265.733398	1735
6270.178711	1734
6274.624023	1715
6279.069336	1696
6283.514648	1673
6287.960449	1668
6292.405762	1676
6296.851074	1668
6301.296387	1659
6305.741699	1657
6310.187012	1659
6314.632324	1647
6319.077637	1650
6323.522949	1644
6327.968262	1654
6332.413574	1649
6336.859375	1616
6341.304688	1591
6345.750000	1574
6350.195313	1601
6354.640625	1613
6359.085938	1594
6363.531250	1580
6367.976563	1573
6372.421875	1602
6376.867188	1589
6381.312988	1560
6385.758301	1558
6390.203613	1575
6394.648926	1537
6399.094238	1533
6403.539551	1540
6407.984863	1531
6412.430176	1533
6416.875488	1518
6421.320801	1513
6425.766113	1510
6430.211914	1506
6434.657227	1499
6439.102539	1496
6443.547852	1459
6447.993164	1464
6452.438477	1487
6456.883789	1501
6461.329102	1485
6465.774414	1483
6470.219727	1491
6474.665527	1496
6479.110840	1472
6483.556152	1473
6488.001465	1470
6492.446777	1454
6496.892090	1437
6501.337402	1408
6505.782715	1383
6510.228027	1408
6514.673340	1369
6519.118652	1366
6523.564453	1371
6528.009766	1335
6532.455078	1340
6536.900391	1313
6541.345703	1304
6545.791016	1295
6550.236328	1276
6554.681641	1261
6559.126953	1265
6563.572266	1268
6568.018066	1268
6572.463379	1295
6576.908691	1307
6581.354004	1320
6585.799316	1280
6590.244629	1275
6594.689941	1300
6599.135254	1325
6603.580566	1310
6608.025879	1310
6612.471191	1334
6616.916992	1331
6621.362305	1372
6625.807617	1363
6630.252930	1337
6634.698242	1329
6639.143555	1337
6643.588867	1352
6648.034180	1381
6652.479492	1375
6656.924805	1374
6661.370605	1394
6665.815918	1405
6670.261230	1388
6674.706543	1385
6679.151855	1374
6683.597168	1385
6688.042480	1383
6692.487793	1392
6696.933105	1409
6701.378418	1421
6705.823730	1412
6710.269531	1408
6714.714844	1401
6719.160156	1395
6723.605469	1410
6728.050781	1425
6732.496094	1426
6736.941406	1384
6741.386719	1356
6745.832031	1388
6750.277344	1384
6754.723145	1356
6759.168457	1396
6763.613770	1386
6768.059082	1347
6772.504395	1373
6776.949707	1403
6781.395020	1423
6785.840332	1400
6790.285645	1409
6794.730957	1416
6799.176270	1397
6803.622070	1365
6808.067383	1352
6812.512695	1398
6816.958008	1419
6821.403320	1380
6825.848633	1378
6830.293945	1393
6834.739258	1372
6839.184570	1355
6843.629883	1338
6848.075684	1321
6852.520996	1313
6856.966309	1313
6861.411621	1302
6865.856934	1291
6870.302246	1307
6874.747559	1294
6879.192871	1297
6883.638184	1328
6888.083496	1355
6892.528809	1332
6896.974609	1325
6901.419922	1334
6905.865234	1330
6910.310547	1304
6914.755859	1290
6919.201172	1289
6923.646484	1297
6928.091797	1300
6932.537109	1316
6936.982422	1298
6941.428223	1315
6945.873535	1325
6950.318848	1298
6954.764160	1315
6959.209473	1306
6963.654785	1311
6968.100098	1325
6972.545410	1362
6976.990723	1390
6981.436035	1383
6985.881348	1383
6990.327148	1405
6994.772461	1407
6999.217773	1359
7003.663086	1353
7008.108398	1339
7012.553711	1331
7016.999023	1353
7021.444336	1372
7025.889648	1358
7030.334961	1341
7034.780762	1347
7039.226074	1333
7043.671387	1345
7048.116699	1334
7052.562012	1348
7057.007324	1354
7061.452637	1375
7065.897949	1384
7070.343262	1384
7074.788574	1423
7079.233887	1412
7083.679688	1391
7088.125000	1358
7092.570313	1372
7097.015625	1349
7101.460938	1324
7105.906250	1315
7110.351563	1303
7114.796875	1316
7119.242188	1330
7123.687500	1315
7128.133301	1267
7132.578613	1245
7137.023926	1273
7141.469238	1282
7145.914551	1277
7150.359863	1261
7154.805176	1241
7159.250488	1264
7163.695801	1270
7168.141113	1232
7172.586426	1221
7177.032227	1211
7181.477539	1187
7185.922852	1164
7190.368164	1191
7194.813477	1215
7199.258789	1203
7203.704102	1169
7208.149414	1125
7212.594727	1127
7217.040039	1121
7221.485840	1143
7225.931152	1130
7230.376465	1109
7234.821777	1113
7239.267090	1136
7243.712402	1120
7248.157715	1114
7252.603027	1071
7257.048340	1040
7261.493652	1059
7265.938965	1078
7270.384766	1056
7274.830078	1033
7279.275391	1026
7283.720703	1033
7288.166016	1058
7292.611328	1056
7297.056641	1040
7301.501953	1044
7305.947266	1031
7310.392578	1028
7314.837891	1043
7319.283691	1039
7323.729004	1036
7328.174316	1044
7332.619629	1021
7337.064941	1021
7341.510254	1038
7345.955566	1020
7350.400879	1008
7354.846191	1023
7359.291504	1018
7363.737305	1009
7368.182617	1001
7372.627930	1011
7377.073242	1008
7381.518555	977
7385.963867	983
7390.409180	976
7394.854492	971
7399.299805	968
7403.745117	970
7408.190430	1001
7412.636230	998
7417.081543	988
7421.526855	974
7425.972168	964
7430.417480	960
7434.862793	928
7439.308105	940
7443.753418	950
7448.198730	924
7452.644043	911
7457.089844	926
7461.535156	940
7465.980469	923
7470.425781	925
7474.871094	912
7479.316406	897
7483.761719	900
7488.207031	880
7492.652344	860
7497.097656	853
7501.542969	841
7505.988770	860
7510.434082	877
7514.879395	875
7519.324707	856
7523.770020	832
7528.215332	815
7532.660645	797
7537.105957	770
7541.551270	767
7545.996582	783
7550.442383	793
7554.887695	776
7559.333008	735
7563.778320	693
7568.223633	683
7572.668945	695
7577.114258	673
7581.559570	661
7586.004883	642
7590.450195	647
7594.895508	658
7599.341309	621
7603.786621	609
7608.231934	598
7612.677246	615
7617.122559	596
7621.567871	596
7626.013184	592
7630.458496	585
7634.903809	573
7639.349121	573
7643.794922	582
7648.240234	568
7652.685547	553
7657.130859	541
7661.576172	544
7666.021484	550
7670.466797	566
7674.912109	542
7679.357422	531
7683.802734	542
7688.248047	548
7692.693848	561
7697.139160	558
7701.584473	559
7706.029785	540
7710.475098	544
7714.920410	538
7719.365723	549
7723.811035	542
7728.256348	511
7732.701660	523
7737.147461	516
7741.592773	500
7746.038086	490
7750.483398	495
7754.928711	511
7759.374023	516
7763.819336	505
7768.264648	491
7772.709961	491
7777.155273	492
7781.600586	483
7786.046387	491
7790.491699	481
7794.937012	469
7799.382324	458
7803.827637	461
7808.272949	452
7812.718262	445
7817.163574	448
7821.608887	452
7826.054199	460
7830.500000	439
7834.945313	437
7839.390625	428
7843.835938	410
7848.281250	415
7852.726563	431
7857.171875	432
7861.617188	441
7866.062500	422
7870.507813	408
7874.953125	415
7879.398926	403
7883.844238	387
7888.289551	388
7892.734863	400
7897.180176	410
7901.625488	410
7906.070801	403
7910.516113	388
7914.961426	379
7919.406738	371
7923.852539	381
7928.297852	371
7932.743164	373
7937.188477	373
7941.633789	370
7946.079102	365
7950.524414	371
7954.969727	367
7959.415039	370
7963.860352	388
7968.305664	397
7972.751465	374
7977.196777	363
7981.642090	366
7986.087402	359
7990.532715	376
7994.978027	386
7999.423340	359
8003.868652	359
8008.313965	370
8012.759277	362
8017.205078	352
8021.650391	366
8026.095703	364
8030.541016	368
8034.986328	369
8039.431641	368
8043.876953	362
8048.322266	385
8052.767578	378
8057.212891	371
8061.658203	373
8066.104004	383
8070.549316	372
8074.994629	349
8079.439941	344
8083.885254	331
8088.330566	344
8092.775879	368
8097.221191	364
8101.666504	348
8106.111816	332
8110.557617	324
8115.002930	343
8119.448242	341
8123.893555	339
8128.338867	313
8132.784180	325
8137.229492	321
8141.674805	325
8146.120117	324
8150.565430	325
8155.010742	320
8159.456543	313
8163.901855	295
8168.347168	303
8172.792480	307
8177.237793	298
8181.683105	297
8186.128418	311
8190.573730	296
8195.019531	295
8199.464844	287
8203.910156	282
8208.355469	281
8212.800781	259
8217.246094	271
8221.691406	281
8226.136719	263
8230.582031	255
8235.027344	269
8239.472656	272
8243.917969	270
8248.363281	269
8252.808594	268
8257.253906	262
8261.699219	264
8266.144531	275
8270.589844	262
8275.036133	252
8279.481445	249
8283.926758	257
8288.372070	269
8292.817383	259
8297.262695	247
8301.708008	248
8306.153320	248
8310.598633	249
8315.043945	257
8319.489258	259
8323.934570	265
8328.379883	263
8332.825195	268
8337.270508	286
8341.715820	262
8346.161133	259
8350.606445	266
8355.051758	269
8359.497070	274
8363.942383	282
8368.388672	285
8372.833984	281
8377.279297	278
8381.724609	286
8386.169922	298
8390.615234	287
8395.060547	262
8399.505859	278
8403.951172	306
8408.396484	314
8412.841797	305
8417.287109	288
8421.732422	292
8426.177734	293
8430.623047	294
8435.068359	283
8439.513672	289
8443.958984	275
8448.404297	274
8452.849609	269
8457.294922	286
8461.741211	286
8466.186523	269
8470.631836	271
8475.077148	293
8479.522461	310
8483.967773	297
8488.413086	285
8492.858398	302
8497.303711	295
8501.749023	290
8506.194336	300
8510.639648	281
8515.084961	270
8519.530273	271
8523.975586	285
8528.420898	284
8532.866211	296
8537.311523	298
8541.756836	299
8546.202148	291
8550.647461	297
8555.093750	307
8559.539063	298
8563.984375	289
8568.429688	283
8572.875000	289
8577.320313	275
8581.765625	280
8586.210938	294
8590.656250	286
8595.101563	270
8599.546875	281
8603.992188	275
8608.437500	272
8612.882813	284
8617.328125	283
8621.773438	263
8626.218750	270
8630.664063	263
8635.109375	259
8639.554688	268
8644.000000	271
8648.446289	271
8652.891602	252
8657.336914	247
8661.782227	261
8666.227539	256
8670.672852	249
8675.118164	237
8679.563477	236
8684.008789	243
8688.454102	256
8692.899414	255
8697.344727	241
8701.790039	239
8706.235352	228
8710.680664	235
8715.125977	246
8719.571289	252
8724.016602	255
8728.461914	231
8732.907227	233
8737.352539	229
8741.798828	230
8746.244141	235
8750.689453	227
8755.134766	224
8759.580078	234
8764.025391	223
8768.470703	226
8772.916016	223
8777.361328	218
8781.806641	210
8786.251953	202
8790.697266	211
8795.142578	233
8799.587891	219
8804.033203	211
8808.478516	215
8812.923828	208
8817.369141	196
8821.814453	202
8826.259766	199
8830.705078	197
8835.151367	198
8839.596680	204
8844.041992	207
8848.487305	218
8852.932617	224
8857.377930	204
8861.823242	201
8866.268555	199
8870.713867	194
8875.159180	204
8879.604492	211
8884.049805	196
8888.495117	206
8892.940430	183
8897.385742	183
8901.831055	184
8906.276367	190
8910.721680	187
8915.166992	196
8919.612305	191
8924.057617	178
8928.503906	191
8932.949219	182
8937.394531	184
8941.839844	186
8946.285156	169
8950.730469	170
8955.175781	182
8959.621094	206
8964.066406	193
8968.511719	200
8972.957031	196
8977.402344	181
8981.847656	187
8986.292969	201
8990.738281	199
8995.183594	184
8999.628906	183
9004.074219	183
9008.519531	202
9012.964844	206
9017.410156	199
9021.856445	193
9026.301758	189
9030.747070	186
9035.192383	177
9039.637695	192
9044.083008	192
9048.528320	190
9052.973633	176
9057.418945	187
9061.864258	194
9066.309570	211
9070.754883	196
9075.200195	200
9079.645508	201
9084.090820	199
9088.536133	203
9092.981445	204
9097.426758	200
9101.872070	191
9106.317383	200
9110.762695	201
9115.208984	198
9119.654297	195
9124.099609	191
9128.544922	190
9132.990234	180
9137.435547	190
9141.880859	197
9146.326172	197
9150.771484	188
9155.216797	175
9159.662109	171
9164.107422	189
9168.552734	211
9172.998047	197
9177.443359	199
9181.888672	190
9186.333984	185
9190.779297	196
9195.224609	210
9199.669922	201
9204.115234	207
9208.561523	199
9213.006836	195
9217.452148	183
9221.897461	187
9226.342773	187
9230.788086	192
9235.233398	192
9239.678711	191
9244.124023	198
9248.569336	199
9253.014648	191
9257.459961	175
9261.905273	196
9266.350586	217
9270.795898	193
9275.241211	183
9279.686523	196
9284.131836	196
9288.577148	176
9293.022461	196
9297.467773	191
9301.914063	179
9306.359375	187
9310.804688	197
9315.250000	196
9319.695313	189
9324.140625	203
9328.585938	197
9333.031250	189
9337.476563	191
9341.921875	194
9346.367188	188
9350.812500	193
9355.257813	193
9359.703125	190
9364.148438	182
9368.593750	193
9373.039063	181
9377.484375	185
9381.929688	203
9386.375000	190
9390.820313	201
9395.266602	195
9399.711914	196
9404.157227	202
9408.602539	198
9413.047852	193
9417.493164	177
9421.938477	184
9426.383789	191
9430.829102	194
9435.274414	186
9439.719727	195
9444.165039	226
9448.610352	204
9453.055664	196
9457.500977	193
9461.946289	179
9466.391602	183
9470.836914	199
9475.282227	204
9479.727539	189
9484.172852	181
9488.619141	177
9493.064453	181
9497.509766	195
9501.955078	185
9506.400391	192
9510.845703	212
9515.291016	215
9519.736328	230
9524.181641	220
9528.626953	192
9533.072266	202
9537.517578	217
9541.962891	211
9546.408203	198
9550.853516	203
9555.298828	211
9559.744141	220
9564.189453	218
9568.634766	206
9573.080078	202
9577.525391	205
9581.971680	217
9586.416992	216
9590.862305	206
9595.307617	215
9599.752930	216
9604.198242	211
9608.643555	211
9613.088867	212
9617.534180	213
9621.979492	217
9626.424805	229
9630.870117	236
9635.315430	210
9639.760742	218
9644.206055	211
9648.651367	206
9653.096680	194
9657.541992	207
9661.987305	207
9666.432617	202
9670.877930	207
9675.324219	210
9679.769531	209
9684.214844	210
9688.660156	212
9693.105469	208
9697.550781	209
9701.996094	212
9706.441406	212
9710.886719	197
9715.332031	203
9719.777344	200
9724.222656	211
9728.667969	212
9733.113281	191
9737.558594	201
9742.003906	219
9746.449219	205
9750.894531	203
9755.339844	202
9759.785156	198
9764.230469	196
9768.675781	212
9773.122070	196
9777.567383	201
9782.012695	204
9786.458008	208
9790.903320	209
9795.348633	204
9799.793945	208
9804.239258	209
9808.684570	202
9813.129883	202
9817.575195	210
9822.020508	199
9826.465820	185
9830.911133	185
9835.356445	196
9839.801758	195
9844.247070	176
9848.692383	186
9853.137695	185
9857.583008	187
9862.028320	188
9866.474609	195
9870.919922	191
9875.365234	184
9879.810547	192
9884.255859	199
9888.701172	194
9893.146484	192
9897.591797	189
9902.037109	191
9906.482422	195
9910.927734	180
9915.373047	180
9919.818359	174
9924.263672	185
9928.708984	173
9933.154297	179
9937.599609	170
9942.044922	151
9946.490234	144
9950.935547	156
9955.380859	144
9959.827148	126
9964.272461	127
9968.717773	127
9973.163086	119
9977.608398	118
9982.053711	126
9986.499023	110
9990.944336	107
9995.389648	93
9999.834961	89
10004.280273	87
10008.725586	90
10013.170898	87
10017.616211	79
10022.061523	78
10026.506836	71
10030.952148	59
10035.397461	66
10039.842773	64
10044.288086	60
10048.733398	47
10053.179688	56
10057.625000	57
10062.070313	47
10066.515625	52
10070.960938	48
10075.406250	42
10079.851563	45
10084.296875	37
10088.742188	42
10093.187500	40
10097.632813	42
10102.078125	55
10106.523438	39
10110.968750	34
10115.414063	35
10119.859375	31
10124.304688	31
10128.750000	36
10133.195313	35
10137.640625	33
10142.085938	34
10146.532227	27
10150.977539	25
10155.422852	27
10159.868164	25
10164.313477	20
10168.758789	21
10173.204102	23
10177.649414	24
10182.094727	23
10186.540039	25
10190.985352	25
10195.430664	19
10199.875977	21
10204.321289	23
10208.766602	21
10213.211914	18
10217.657227	17
10222.102539	17
10226.547852	14
10230.993164	13
10235.438477	15
10239.884766	13
10244.330078	11
10248.775391	9
10253.220703	10
10257.666016	8
10262.111328	9
10266.556641	9
10271.001953	8
10275.447266	5
10279.892578	4
10284.337891	2
10288.783203	1
10293.228516	2
10297.673828	0
10302.119141	0
10306.564453	0
10311.009766	0
10315.455078	0
10319.900391	0
10324.345703	0
10328.791016	0
10333.237305	0
10337.682617	0
10342.127930	0
10346.573242	0
10351.018555	0
10355.463867	0
10359.909180	0
10364.354492	0
10368.799805	0
10373.245117	0
10377.690430	0
10382.135742	0
10386.581055	0
10391.026367	0
10395.471680	0
10399.916992	0
10404.362305	0
10408.807617	0
10413.252930	0
10417.698242	0
10422.143555	0
10426.589844	0
10431.035156	0
10435.480469	0
10439.925781	0
10444.371094	0
10448.816406	0
10453.261719	0
10457.707031	0
10462.152344	0
10466.597656	0
10471.042969	0
10475.488281	0
10479.933594	0
10484.378906	0
10488.824219	0
10493.269531	0
10497.714844	0
10502.160156	0
10506.605469	0
10511.050781	0
10515.496094	0
10519.942383	0
10524.387695	0
10528.833008	0
10533.278320	0
10537.723633	0
10542.168945	0
10546.614258	0
10551.059570	0
10555.504883	0
10559.950195	0
10564.395508	0
10568.840820	0
10573.286133	0
10577.731445	0
10582.176758	0
10586.622070	0
10591.067383	0
10595.512695	0
10599.958008	0
10604.403320	0
10608.848633	0
10613.294922	0
10617.740234	0
10622.185547	0
10626.630859	0
10631.076172	0
10635.521484	0
10639.966797	0
10644.412109	0
10648.857422	0
10653.302734	0
10657.748047	0
10662.193359	0
10666.638672	0
10671.083984	0
10675.529297	0
10679.974609	0
10684.419922	0
10688.865234	0
10693.310547	0
10697.755859	0
10702.201172	0
10706.647461	0
10711.092773	0
10715.538086	0
10719.983398	0
10724.428711	0
10728.874023	0
10733.319336	0
10737.764648	0
10742.209961	0
10746.655273	0
10751.100586	0
10755.545898	0
10759.991211	0
10764.436523	0
10768.881836	0
10773.327148	0
10777.772461	0
10782.217773	0
10786.663086	0
10791.108398	0
10795.553711	0
10800.000000	0
10804.445313	0
10808.890625	0
10813.335938	0
10817.781250	0
10822.226563	0
10826.671875	0
10831.117188	0
10835.562500	0
10840.007813	0
10844.453125	0
10848.898438	0
10853.343750	0
10857.789063	0
10862.234375	0
10866.679688	0
10871.125000	0
10875.570313	0
10880.015625	0
10884.460938	0
10888.906250	0
10893.352539	0
10897.797852	0
10902.243164	0
10906.688477	0
10911.133789	0
10915.579102	0
10920.024414	0
10924.469727	0
10928.915039	0
10933.360352	0
10937.805664	0
10942.250977	0
10946.696289	0
10951.141602	0
10955.586914	0
10960.032227	0
10964.477539	0
10968.922852	0
10973.368164	0
10977.813477	0
10982.258789	0
10986.705078	0
10991.150391	0
10995.595703	0
11000.041016	0
11004.486328	0
11008.931641	0
11013.376953	0
11017.822266	0
11022.267578	0
11026.712891	0
11031.158203	0
11035.603516	0
11040.048828	0
11044.494141	0
11048.939453	0
11053.384766	0
11057.830078	0
11062.275391	0
11066.720703	0
11071.166016	0
11075.611328	0
11080.057617	0
11084.502930	0
11088.948242	0
11093.393555	0
11097.838867	0
11102.284180	0
11106.729492	0
11111.174805	0
11115.620117	0
11120.065430	0
11124.510742	0
11128.956055	0
11133.401367	0
11137.846680	0
11142.291992	0
11146.737305	0
11151.182617	0
11155.627930	0
11160.073242	0
11164.518555	0
11168.963867	0
11173.410156	0
11177.855469	0
11182.300781	0
11186.746094	0
11191.191406	0
11195.636719	0
11200.082031	0
11204.527344	0
11208.972656	0
11213.417969	0
11217.863281	0
11222.308594	0
11226.753906	0
11231.199219	0
11235.644531	0
11240.089844	0
11244.535156	0
11248.980469	0
11253.425781	0
11257.871094	0
11262.316406	0
11266.762695	0
11271.208008	0
11275.653320	0
11280.098633	0
11284.543945	0
11288.989258	0
11293.434570	0
11297.879883	0
11302.325195	0
11306.770508	0
11311.215820	0
11315.661133	0
11320.106445	0
11324.551758	0
11328.997070	0
11333.442383	0
11337.887695	0
11342.333008	0
11346.778320	0
11351.223633	0
11355.668945	0
11360.115234	0
11364.560547	0
11369.005859	0
11373.451172	0
11377.896484	0
11382.341797	0
11386.787109	0
11391.232422	0
11395.677734	0
11400.123047	0
11404.568359	0
11409.013672	0
11413.458984	0
11417.904297	0
11422.349609	0
11426.794922	0
11431.240234	0
11435.685547	0
11440.130859	0
11444.576172	0
11449.021484	0
11453.467773	0
11457.913086	0
11462.358398	0
11466.803711	0
11471.249023	0
11475.694336	0
11480.139648	0
11484.584961	0
11489.030273	0
11493.475586	0
11497.920898	0
11502.366211	0
11506.811523	0
11511.256836	0
11515.702148	0
11520.147461	0
11524.592773	0
11529.038086	0
11533.483398	0
11537.928711	0
11542.374023	0
11546.820313	0
11551.265625	0
11555.710938	0
11560.156250	0
11564.601563	0
11569.046875	0
11573.492188	0
11577.937500	0
11582.382813	0
11586.828125	0
11591.273438	0
11595.718750	0
11600.164063	0
11604.609375	0
11609.054688	0
11613.500000	0
11617.945313	0
11622.390625	0
11626.835938	0
11631.281250	0
11635.726563	0
11640.172852	0
11644.618164	0
11649.063477	0
11653.508789	0
11657.954102	0
11662.399414	0
11666.844727	0
11671.290039	0
11675.735352	0
11680.180664	0
11684.625977	0
11689.071289	0
11693.516602	0
11697.961914	0
11702.407227	0
11706.852539	0
11711.297852	0
11715.743164	0
11720.188477	0
11724.633789	0
11729.079102	0
11733.525391	0
11737.970703	0
11742.416016	0
11746.861328	0
11751.306641	0
11755.751953	0
11760.197266	0
11764.642578	0
11769.087891	0
11773.533203	0
11777.978516	0
11782.423828	0
11786.869141	0
11791.314453	0
11795.759766	0
11800.205078	0
11804.650391	0
11809.095703	0
11813.541016	0
11817.986328	0
11822.431641	0
11826.877930	0
11831.323242	0
11835.768555	0
11840.213867	0
11844.659180	0
11849.104492	0
11853.549805	0
11857.995117	0
11862.440430	0
11866.885742	0
11871.331055	0
11875.776367	0
11880.221680	0
11884.666992	0
11889.112305	0
11893.557617	0
11898.002930	0
11902.448242	0
11906.893555	0
11911.338867	0
11915.784180	0
11920.230469	0
11924.675781	0
11929.121094	0
11933.566406	0
11938.011719	0
11942.457031	0
11946.902344	0
11951.347656	0
11955.792969	0
11960.238281	0
11964.683594	0
11969.128906	0
11973.574219	0
11978.019531	0
11982.464844	0
11986.910156	0
11991.355469	0
11995.800781	0
12000.246094	0
12004.691406	0
12009.136719	0
12013.583008	0
12018.028320	0
12022.473633	0
12026.918945	0
12031.364258	0
12035.809570	0
12040.254883	0
12044.700195	0
12049.145508	0
12053.590820	0
12058.036133	0
12062.481445	0
12066.926758	0
12071.372070	0
12075.817383	0
12080.262695	0
12084.708008	0
12089.153320	0
12093.598633	0
12098.043945	0
12102.489258	0
12106.935547	0
12111.380859	0
12115.826172	0
12120.271484	0
12124.716797	0
12129.162109	0
12133.607422	0
12138.052734	0
12142.498047	0
12146.943359	0
12151.388672	0
12155.833984	0
12160.279297	0
12164.724609	0
12169.169922	0
12173.615234	0
12178.060547	0
12182.505859	0
12186.951172	0
12191.396484	0
12195.841797	0
12200.288086	0
12204.733398	0
12209.178711	0
12213.624023	0
12218.069336	0
12222.514648	0
12226.959961	0
12231.405273	0
12235.850586	0
12240.295898	0
12244.741211	0
12249.186523	0
12253.631836	0
12258.077148	0
12262.522461	0
12266.967773	0
12271.413086	0
12275.858398	0
12280.303711	0
12284.749023	0
12289.194336	0
12293.640625	0
12298.085938	0
12302.531250	0
12306.976563	0
12311.421875	0
12315.867188	0
12320.312500	0
12324.757813	0
12329.203125	0
12333.648438	0
12338.093750	0
12342.539063	0
12346.984375	0
12351.429688	0
12355.875000	0
12360.320313	0
12364.765625	0
12369.210938	0
12373.656250	0
12378.101563	0
12382.546875	0
12386.993164	0
12391.438477	0
12395.883789	0
12400.329102	0
12404.774414	0
12409.219727	0
12413.665039	0
12418.110352	0
12422.555664	0
12427.000977	0
12431.446289	0
12435.891602	0
12440.336914	0
12444.782227	0
12449.227539	0
12453.672852	0
12458.118164	0
12462.563477	0
12467.008789	0
12471.454102	0
12475.899414	0
12480.345703	0
12484.791016	0
12489.236328	0
12493.681641	0
12498.126953	0
12502.572266	0
12507.017578	0
12511.462891	0
12515.908203	0
12520.353516	0
12524.798828	0
12529.244141	0
12533.689453	0
12538.134766	0
12542.580078	0
12547.025391	0
12551.470703	0
12555.916016	0
12560.361328	0
12564.806641	0
12569.251953	0
12573.698242	0
12578.143555	0
12582.588867	0
12587.034180	0
12591.479492	0
12595.924805	0
12600.370117	0
12604.815430	0
12609.260742	0
12613.706055	0
12618.151367	0
12622.596680	0
12627.041992	0
12631.487305	0
12635.932617	0
12640.377930	0
12644.823242	0
12649.268555	0
12653.713867	0
12658.159180	0
12662.604492	0
12667.050781	0
12671.496094	0
12675.941406	0
12680.386719	0
12684.832031	0
12689.277344	0
12693.722656	0
12698.167969	0
12702.613281	0
12707.058594	0
12711.503906	0
12715.949219	0
12720.394531	0
12724.839844	0
12729.285156	0
12733.730469	0
12738.175781	0
12742.621094	0
12747.066406	0
12751.511719	0
